
Sat Aug 28 04:22:15 2021
63.92	0.012516	0.498442	0.024418	0.008544	0.114870	0.015904	0.012532	0.502000	0.024454	93
55.09	0.009963	0.367857	0.019400	0.006769	0.177255	0.013040	0.010020	0.344257	0.019473	84
46.60	0.008118	0.253571	0.015732	0.006183	0.154938	0.011891	0.008091	0.227117	0.015626	80
38.16	0.005958	0.152381	0.011467	0.006434	0.120730	0.012217	0.005805	0.130462	0.011116	68
28.56	0.004229	0.080952	0.008038	0.006346	0.095784	0.011903	0.004086	0.063795	0.007680	58
19.81	0.003765	0.050000	0.007003	0.002147	0.072000	0.004169	0.003715	0.040409	0.006804	51
12.89	0.003170	0.027381	0.005682	0.001622	0.054151	0.003149	0.003205	0.022351	0.005607	44
8.00	0.002663	0.014286	0.004489	0.000928	0.032443	0.001804	0.002702	0.013914	0.004526	34
4.99	0.002845	0.009524	0.004381	0.000781	0.025467	0.001516	0.002846	0.007697	0.004156	28
3.48	0.003573	0.008333	0.005002	0.000858	0.024491	0.001659	0.003227	0.005921	0.004177	20
2.39	0.005204	0.008333	0.006407	0.001610	0.024491	0.003022	0.005773	0.005921	0.005846	12
1.56	0.007973	0.008333	0.008149	0.003805	0.016755	0.006202	0.009769	0.006217	0.007598	9
1.10	0.009709	0.007143	0.008230	0.001526	0.015778	0.002782	0.010657	0.004440	0.006269	8
1.00	0.015986	0.010714	0.012830	0.002303	0.008272	0.003603	0.015986	0.007105	0.009837	8
1.00	0.026643	0.017857	0.021383	0.002730	0.009632	0.004255	0.026643	0.013618	0.018023	8
1.00	0.033748	0.022619	0.027085	0.002277	0.009938	0.003706	0.033748	0.016874	0.022499	9
1.00	0.049734	0.033333	0.039914	0.002171	0.008100	0.003425	0.049734	0.029603	0.037115	7
1.00	0.067496	0.045238	0.054170	0.002069	0.006338	0.003119	0.067496	0.037300	0.048048	7
1.00	0.076377	0.051190	0.061297	0.001721	0.006721	0.002741	0.076377	0.042333	0.054473	7
1.00	0.111901	0.075000	0.089808	0.001828	0.008253	0.002993	0.111901	0.060687	0.078695	8
1.00	0.150977	0.101190	0.121169	0.002052	0.009938	0.003402	0.150977	0.084665	0.108491	6
1.00	0.166963	0.111905	0.133999	0.002044	0.008100	0.003264	0.166963	0.092806	0.119300	4
1.00	0.177620	0.119048	0.142552	0.002748	0.008559	0.004160	0.177620	0.096418	0.124988	3
1.00	0.179396	0.120238	0.143977	0.001419	0.007736	0.002398	0.179396	0.096418	0.125425	3
1.00	0.179396	0.120238	0.143977	0.001409	0.007736	0.002384	0.179396	0.096418	0.125425	3
1.00	0.181172	0.121429	0.145403	0.001415	0.007812	0.002397	0.181172	0.097010	0.126360	1
1.00	0.181172	0.121429	0.145403	0.001415	0.007812	0.002397	0.181172	0.097010	0.126360	1
1.00	0.181172	0.121429	0.145403	0.001415	0.007812	0.002397	0.181172	0.097010	0.126360	1
1.00	0.181172	0.121429	0.145403	0.001415	0.007812	0.002397	0.181172	0.097010	0.126360	1
1.00	0.181172	0.121429	0.145403	0.001415	0.007812	0.002397	0.181172	0.097010	0.126360	1
1.00	0.181172	0.121429	0.145403	0.001415	0.007812	0.002397	0.181172	0.097010	0.126360	1
1.00	0.181172	0.121429	0.145403	0.001415	0.007812	0.002397	0.181172	0.097010	0.126360	1
1.00	0.181172	0.121429	0.145403	0.001415	0.007812	0.002397	0.181172	0.097010	0.126360	1
1.00	0.181172	0.121429	0.145403	0.001415	0.007812	0.002397	0.181172	0.097010	0.126360	1
1.00	0.181172	0.121429	0.145403	0.001415	0.007812	0.002397	0.181172	0.097010	0.126360	1
1.00	0.181172	0.121429	0.145403	0.001415	0.007812	0.002397	0.181172	0.097010	0.126360	1
1.00	0.181172	0.121429	0.145403	0.001415	0.007812	0.002397	0.181172	0.097010	0.126360	1
1.00	0.181172	0.121429	0.145403	0.001415	0.007812	0.002397	0.181172	0.097010	0.126360	1
1.00	0.181172	0.121429	0.145403	0.001415	0.007812	0.002397	0.181172	0.097010	0.126360	1
1.00	0.181172	0.121429	0.145403	0.001415	0.007812	0.002397	0.181172	0.097010	0.126360	1
1.00	0.181172	0.121429	0.145403	0.001415	0.007812	0.002397	0.181172	0.097010	0.126360	1
1.00	0.181172	0.121429	0.145403	0.001415	0.007812	0.002397	0.181172	0.097010	0.126360	1
1.00	0.181172	0.121429	0.145403	0.001415	0.007812	0.002397	0.181172	0.097010	0.126360	1
1.00	0.181172	0.121429	0.145403	0.001415	0.007812	0.002397	0.181172	0.097010	0.126360	1
1.00	0.181172	0.121429	0.145403	0.001415	0.007812	0.002397	0.181172	0.097010	0.126360	1
1.00	0.181172	0.121429	0.145403	0.001415	0.007812	0.002397	0.181172	0.097010	0.126360	1
1.00	0.181172	0.121429	0.145403	0.001415	0.007812	0.002397	0.181172	0.097010	0.126360	1
1.00	0.181172	0.121429	0.145403	0.001415	0.007812	0.002397	0.181172	0.097010	0.126360	1
1.00	0.181172	0.121429	0.145403	0.001415	0.007812	0.002397	0.181172	0.097010	0.126360	1
1.00	0.181172	0.121429	0.145403	0.001415	0.007812	0.002397	0.181172	0.097010	0.126360	1
1.00	0.181172	0.121429	0.145403	0.001415	0.007812	0.002397	0.181172	0.097010	0.126360	1
1.00	0.181172	0.121429	0.145403	0.001415	0.007812	0.002397	0.181172	0.097010	0.126360	1
1.00	0.181172	0.121429	0.145403	0.001415	0.007812	0.002397	0.181172	0.097010	0.126360	1
1.00	0.181172	0.121429	0.145403	0.001415	0.007812	0.002397	0.181172	0.097010	0.126360	1
1.00	0.181172	0.121429	0.145403	0.001415	0.007812	0.002397	0.181172	0.097010	0.126360	1
1.00	0.181172	0.121429	0.145403	0.001415	0.007812	0.002397	0.181172	0.097010	0.126360	1
1.00	0.181172	0.121429	0.145403	0.001415	0.007812	0.002397	0.181172	0.097010	0.126360	1
1.00	0.181172	0.121429	0.145403	0.001415	0.007812	0.002397	0.181172	0.097010	0.126360	1
1.00	0.181172	0.121429	0.145403	0.001415	0.007812	0.002397	0.181172	0.097010	0.126360	1
1.00	0.181172	0.121429	0.145403	0.001415	0.007812	0.002397	0.181172	0.097010	0.126360	1
1.00	0.181172	0.121429	0.145403	0.001415	0.007812	0.002397	0.181172	0.097010	0.126360	1
1.00	0.181172	0.121429	0.145403	0.001415	0.007812	0.002397	0.181172	0.097010	0.126360	1
1.00	0.181172	0.121429	0.145403	0.001415	0.007812	0.002397	0.181172	0.097010	0.126360	1
1.00	0.181172	0.121429	0.145403	0.001415	0.007812	0.002397	0.181172	0.097010	0.126360	1
1.00	0.181172	0.121429	0.145403	0.001415	0.007812	0.002397	0.181172	0.097010	0.126360	1
1.00	0.181172	0.121429	0.145403	0.001415	0.007812	0.002397	0.181172	0.097010	0.126360	1
1.00	0.181172	0.121429	0.145403	0.001415	0.007812	0.002397	0.181172	0.097010	0.126360	1
1.00	0.181172	0.121429	0.145403	0.001415	0.007812	0.002397	0.181172	0.097010	0.126360	1
1.00	0.181172	0.121429	0.145403	0.001415	0.007812	0.002397	0.181172	0.097010	0.126360	1
1.00	0.181172	0.121429	0.145403	0.001415	0.007812	0.002397	0.181172	0.097010	0.126360	1
1.00	0.181172	0.121429	0.145403	0.001415	0.007812	0.002397	0.181172	0.097010	0.126360	1
1.00	0.181172	0.121429	0.145403	0.001415	0.007812	0.002397	0.181172	0.097010	0.126360	1
1.00	0.181172	0.121429	0.145403	0.001415	0.007812	0.002397	0.181172	0.097010	0.126360	1
1.00	0.181172	0.121429	0.145403	0.001415	0.007812	0.002397	0.181172	0.097010	0.126360	1
1.00	0.181172	0.121429	0.145403	0.001415	0.007812	0.002397	0.181172	0.097010	0.126360	1
1.00	0.181172	0.121429	0.145403	0.001415	0.007812	0.002397	0.181172	0.097010	0.126360	1
1.00	0.181172	0.121429	0.145403	0.001415	0.007812	0.002397	0.181172	0.097010	0.126360	1
1.00	0.181172	0.121429	0.145403	0.001415	0.007812	0.002397	0.181172	0.097010	0.126360	1
1.00	0.181172	0.121429	0.145403	0.001415	0.007812	0.002397	0.181172	0.097010	0.126360	1
1.00	0.181172	0.121429	0.145403	0.001415	0.007812	0.002397	0.181172	0.097010	0.126360	1
1.00	0.181172	0.121429	0.145403	0.001415	0.007812	0.002397	0.181172	0.097010	0.126360	1
1.00	0.181172	0.121429	0.145403	0.001415	0.007812	0.002397	0.181172	0.097010	0.126360	1
1.00	0.181172	0.121429	0.145403	0.001415	0.007812	0.002397	0.181172	0.097010	0.126360	1
1.00	0.181172	0.121429	0.145403	0.001415	0.007812	0.002397	0.181172	0.097010	0.126360	1
1.00	0.181172	0.121429	0.145403	0.001415	0.007812	0.002397	0.181172	0.097010	0.126360	1
1.00	0.181172	0.121429	0.145403	0.001415	0.007812	0.002397	0.181172	0.097010	0.126360	1
1.00	0.181172	0.121429	0.145403	0.001415	0.007812	0.002397	0.181172	0.097010	0.126360	1
1.00	0.181172	0.121429	0.145403	0.001415	0.007812	0.002397	0.181172	0.097010	0.126360	1
1.00	0.181172	0.121429	0.145403	0.001415	0.007812	0.002397	0.181172	0.097010	0.126360	1
1.00	0.181172	0.121429	0.145403	0.001415	0.007812	0.002397	0.181172	0.097010	0.126360	1
1.00	0.181172	0.121429	0.145403	0.001415	0.007812	0.002397	0.181172	0.097010	0.126360	1
1.00	0.181172	0.121429	0.145403	0.001415	0.007812	0.002397	0.181172	0.097010	0.126360	1
1.00	0.181172	0.121429	0.145403	0.001415	0.007812	0.002397	0.181172	0.097010	0.126360	1
1.00	0.181172	0.121429	0.145403	0.001415	0.007812	0.002397	0.181172	0.097010	0.126360	1
1.00	0.181172	0.121429	0.145403	0.001415	0.007812	0.002397	0.181172	0.097010	0.126360	1
1.00	0.181172	0.121429	0.145403	0.001415	0.007812	0.002397	0.181172	0.097010	0.126360	1
1.00	0.181172	0.121429	0.145403	0.001415	0.007812	0.002397	0.181172	0.097010	0.126360	1
1.00	0.181172	0.121429	0.145403	0.001415	0.007812	0.002397	0.181172	0.097010	0.126360	1
1.00	0.181172	0.121429	0.145403	0.001415	0.007812	0.002397	0.181172	0.097010	0.126360	1
1.00	0.181172	0.121429	0.145403	0.001415	0.007812	0.002397	0.181172	0.097010	0.126360	1
1.00	0.181172	0.121429	0.145403	0.001415	0.007812	0.002397	0.181172	0.097010	0.126360	1
1.00	0.181172	0.121429	0.145403	0.001415	0.007812	0.002397	0.181172	0.097010	0.126360	1
1.00	0.181172	0.121429	0.145403	0.001415	0.007812	0.002397	0.181172	0.097010	0.126360	1
1.00	0.181172	0.121429	0.145403	0.001415	0.007812	0.002397	0.181172	0.097010	0.126360	1
1.00	0.181172	0.121429	0.145403	0.001415	0.007812	0.002397	0.181172	0.097010	0.126360	1
1.00	0.181172	0.121429	0.145403	0.001415	0.007812	0.002397	0.181172	0.097010	0.126360	1
1.00	0.181172	0.121429	0.145403	0.001415	0.007812	0.002397	0.181172	0.097010	0.126360	1
1.00	0.181172	0.121429	0.145403	0.001415	0.007812	0.002397	0.181172	0.097010	0.126360	1
1.00	0.181172	0.121429	0.145403	0.001415	0.007812	0.002397	0.181172	0.097010	0.126360	1
1.00	0.181172	0.121429	0.145403	0.001415	0.007812	0.002397	0.181172	0.097010	0.126360	1
1.00	0.181172	0.121429	0.145403	0.001415	0.007812	0.002397	0.181172	0.097010	0.126360	1
1.00	0.181172	0.121429	0.145403	0.001415	0.007812	0.002397	0.181172	0.097010	0.126360	1
1.00	0.181172	0.121429	0.145403	0.001415	0.007812	0.002397	0.181172	0.097010	0.126360	1
1.00	0.181172	0.121429	0.145403	0.001415	0.007812	0.002397	0.181172	0.097010	0.126360	1
1.00	0.181172	0.121429	0.145403	0.001415	0.007812	0.002397	0.181172	0.097010	0.126360	1
1.00	0.181172	0.121429	0.145403	0.001415	0.007812	0.002397	0.181172	0.097010	0.126360	1
1.00	0.181172	0.121429	0.145403	0.001415	0.007812	0.002397	0.181172	0.097010	0.126360	1
1.00	0.181172	0.121429	0.145403	0.001415	0.007812	0.002397	0.181172	0.097010	0.126360	1
1.00	0.181172	0.121429	0.145403	0.001415	0.007812	0.002397	0.181172	0.097010	0.126360	1
1.00	0.181172	0.121429	0.145403	0.001415	0.007812	0.002397	0.181172	0.097010	0.126360	1
1.00	0.181172	0.121429	0.145403	0.001415	0.007812	0.002397	0.181172	0.097010	0.126360	1
1.00	0.181172	0.121429	0.145403	0.001415	0.007812	0.002397	0.181172	0.097010	0.126360	1
1.00	0.181172	0.121429	0.145403	0.001415	0.007812	0.002397	0.181172	0.097010	0.126360	1
1.00	0.181172	0.121429	0.145403	0.001415	0.007812	0.002397	0.181172	0.097010	0.126360	1
1.00	0.181172	0.121429	0.145403	0.001415	0.007812	0.002397	0.181172	0.097010	0.126360	1
1.00	0.181172	0.121429	0.145403	0.001415	0.007812	0.002397	0.181172	0.097010	0.126360	1
1.00	0.181172	0.121429	0.145403	0.001415	0.007812	0.002397	0.181172	0.097010	0.126360	1
1.00	0.181172	0.121429	0.145403	0.001415	0.007812	0.002397	0.181172	0.097010	0.126360	1
1.00	0.181172	0.121429	0.145403	0.001415	0.007812	0.002397	0.181172	0.097010	0.126360	1
1.00	0.181172	0.121429	0.145403	0.001415	0.007812	0.002397	0.181172	0.097010	0.126360	1
1.00	0.181172	0.121429	0.145403	0.001415	0.007812	0.002397	0.181172	0.097010	0.126360	1
1.00	0.181172	0.121429	0.145403	0.001415	0.007812	0.002397	0.181172	0.097010	0.126360	1
1.00	0.181172	0.121429	0.145403	0.001415	0.007812	0.002397	0.181172	0.097010	0.126360	1
1.00	0.181172	0.121429	0.145403	0.001415	0.007812	0.002397	0.181172	0.097010	0.126360	1
1.00	0.181172	0.121429	0.145403	0.001415	0.007812	0.002397	0.181172	0.097010	0.126360	1
1.00	0.181172	0.121429	0.145403	0.001415	0.007812	0.002397	0.181172	0.097010	0.126360	1
1.00	0.181172	0.121429	0.145403	0.001415	0.007812	0.002397	0.181172	0.097010	0.126360	1
1.00	0.181172	0.121429	0.145403	0.001415	0.007812	0.002397	0.181172	0.097010	0.126360	1
1.00	0.181172	0.121429	0.145403	0.001415	0.007812	0.002397	0.181172	0.097010	0.126360	1
1.00	0.181172	0.121429	0.145403	0.001415	0.007812	0.002397	0.181172	0.097010	0.126360	1
1.00	0.181172	0.121429	0.145403	0.001415	0.007812	0.002397	0.181172	0.097010	0.126360	1
1.00	0.181172	0.121429	0.145403	0.001415	0.007812	0.002397	0.181172	0.097010	0.126360	1
1.00	0.181172	0.121429	0.145403	0.001415	0.007812	0.002397	0.181172	0.097010	0.126360	1
1.00	0.181172	0.121429	0.145403	0.001415	0.007812	0.002397	0.181172	0.097010	0.126360	1
1.00	0.181172	0.121429	0.145403	0.001415	0.007812	0.002397	0.181172	0.097010	0.126360	1
1.00	0.181172	0.121429	0.145403	0.001415	0.007812	0.002397	0.181172	0.097010	0.126360	1
1.00	0.181172	0.121429	0.145403	0.001415	0.007812	0.002397	0.181172	0.097010	0.126360	1
1.00	0.181172	0.121429	0.145403	0.001415	0.007812	0.002397	0.181172	0.097010	0.126360	1
1.00	0.181172	0.121429	0.145403	0.001415	0.007812	0.002397	0.181172	0.097010	0.126360	1
1.00	0.181172	0.121429	0.145403	0.001415	0.007812	0.002397	0.181172	0.097010	0.126360	1
1.00	0.181172	0.121429	0.145403	0.001415	0.007812	0.002397	0.181172	0.097010	0.126360	1
1.00	0.181172	0.121429	0.145403	0.001415	0.007812	0.002397	0.181172	0.097010	0.126360	1
1.00	0.181172	0.121429	0.145403	0.001415	0.007812	0.002397	0.181172	0.097010	0.126360	1
1.00	0.181172	0.121429	0.145403	0.001415	0.007812	0.002397	0.181172	0.097010	0.126360	1
1.00	0.181172	0.121429	0.145403	0.001415	0.007812	0.002397	0.181172	0.097010	0.126360	1
1.00	0.181172	0.121429	0.145403	0.001415	0.007812	0.002397	0.181172	0.097010	0.126360	1
1.00	0.181172	0.121429	0.145403	0.001415	0.007812	0.002397	0.181172	0.097010	0.126360	1
1.00	0.181172	0.121429	0.145403	0.001415	0.007812	0.002397	0.181172	0.097010	0.126360	1
1.00	0.181172	0.121429	0.145403	0.001415	0.007812	0.002397	0.181172	0.097010	0.126360	1
1.00	0.181172	0.121429	0.145403	0.001415	0.007812	0.002397	0.181172	0.097010	0.126360	1
1.00	0.181172	0.121429	0.145403	0.001415	0.007812	0.002397	0.181172	0.097010	0.126360	1
1.00	0.181172	0.121429	0.145403	0.001415	0.007812	0.002397	0.181172	0.097010	0.126360	1
1.00	0.181172	0.121429	0.145403	0.001415	0.007812	0.002397	0.181172	0.097010	0.126360	1
1.00	0.181172	0.121429	0.145403	0.001415	0.007812	0.002397	0.181172	0.097010	0.126360	1
1.00	0.181172	0.121429	0.145403	0.001415	0.007812	0.002397	0.181172	0.097010	0.126360	1
1.00	0.181172	0.121429	0.145403	0.001415	0.007812	0.002397	0.181172	0.097010	0.126360	1
1.00	0.181172	0.121429	0.145403	0.001415	0.007812	0.002397	0.181172	0.097010	0.126360	1
1.00	0.181172	0.121429	0.145403	0.001415	0.007812	0.002397	0.181172	0.097010	0.126360	1
1.00	0.181172	0.121429	0.145403	0.001415	0.007812	0.002397	0.181172	0.097010	0.126360	1
1.00	0.181172	0.121429	0.145403	0.001415	0.007812	0.002397	0.181172	0.097010	0.126360	1
1.00	0.181172	0.121429	0.145403	0.001415	0.007812	0.002397	0.181172	0.097010	0.126360	1
1.00	0.181172	0.121429	0.145403	0.001415	0.007812	0.002397	0.181172	0.097010	0.126360	1
1.00	0.181172	0.121429	0.145403	0.001415	0.007812	0.002397	0.181172	0.097010	0.126360	1
1.00	0.181172	0.121429	0.145403	0.001415	0.007812	0.002397	0.181172	0.097010	0.126360	1
1.00	0.181172	0.121429	0.145403	0.001415	0.007812	0.002397	0.181172	0.097010	0.126360	1
1.00	0.181172	0.121429	0.145403	0.001415	0.007812	0.002397	0.181172	0.097010	0.126360	1
1.00	0.181172	0.121429	0.145403	0.001415	0.007812	0.002397	0.181172	0.097010	0.126360	1
1.00	0.181172	0.121429	0.145403	0.001415	0.007812	0.002397	0.181172	0.097010	0.126360	1
1.00	0.181172	0.121429	0.145403	0.001415	0.007812	0.002397	0.181172	0.097010	0.126360	1
1.00	0.181172	0.121429	0.145403	0.001415	0.007812	0.002397	0.181172	0.097010	0.126360	1
1.00	0.181172	0.121429	0.145403	0.001415	0.007812	0.002397	0.181172	0.097010	0.126360	1
1.00	0.181172	0.121429	0.145403	0.001415	0.007812	0.002397	0.181172	0.097010	0.126360	1
1.00	0.181172	0.121429	0.145403	0.001415	0.007812	0.002397	0.181172	0.097010	0.126360	1
1.00	0.181172	0.121429	0.145403	0.001415	0.007812	0.002397	0.181172	0.097010	0.126360	1
1.00	0.181172	0.121429	0.145403	0.001415	0.007812	0.002397	0.181172	0.097010	0.126360	1
1.00	0.181172	0.121429	0.145403	0.001415	0.007812	0.002397	0.181172	0.097010	0.126360	1
1.00	0.181172	0.121429	0.145403	0.001415	0.007812	0.002397	0.181172	0.097010	0.126360	1
1.00	0.181172	0.121429	0.145403	0.001415	0.007812	0.002397	0.181172	0.097010	0.126360	1
1.00	0.181172	0.121429	0.145403	0.001415	0.007812	0.002397	0.181172	0.097010	0.126360	1
1.00	0.181172	0.121429	0.145403	0.001415	0.007812	0.002397	0.181172	0.097010	0.126360	1
1.00	0.181172	0.121429	0.145403	0.001415	0.007812	0.002397	0.181172	0.097010	0.126360	1
1.00	0.181172	0.121429	0.145403	0.001415	0.007812	0.002397	0.181172	0.097010	0.126360	1
1.00	0.181172	0.121429	0.145403	0.001415	0.007812	0.002397	0.181172	0.097010	0.126360	1
1.00	0.181172	0.121429	0.145403	0.001415	0.007812	0.002397	0.181172	0.097010	0.126360	1
1.00	0.181172	0.121429	0.145403	0.001415	0.007812	0.002397	0.181172	0.097010	0.126360	1
1.00	0.181172	0.121429	0.145403	0.001415	0.007812	0.002397	0.181172	0.097010	0.126360	1
1.00	0.181172	0.121429	0.145403	0.001415	0.007812	0.002397	0.181172	0.097010	0.126360	1
1.00	0.181172	0.121429	0.145403	0.001415	0.007812	0.002397	0.181172	0.097010	0.126360	1
1.00	0.181172	0.121429	0.145403	0.001415	0.007812	0.002397	0.181172	0.097010	0.126360	1
1.00	0.181172	0.121429	0.145403	0.001415	0.007812	0.002397	0.181172	0.097010	0.126360	1
1.00	0.181172	0.121429	0.145403	0.001415	0.007812	0.002397	0.181172	0.097010	0.126360	1
1.00	0.181172	0.121429	0.145403	0.001415	0.007812	0.002397	0.181172	0.097010	0.126360	1
1.00	0.181172	0.121429	0.145403	0.001415	0.007812	0.002397	0.181172	0.097010	0.126360	1
1.00	0.181172	0.121429	0.145403	0.001415	0.007812	0.002397	0.181172	0.097010	0.126360	1
1.00	0.181172	0.121429	0.145403	0.001415	0.007812	0.002397	0.181172	0.097010	0.126360	1
1.00	0.181172	0.121429	0.145403	0.001415	0.007812	0.002397	0.181172	0.097010	0.126360	1

Sat Aug 28 05:01:16 2021
69.30	0.013853	0.598131	0.027078	0.010706	0.114820	0.019586	0.013809	0.514167	0.026896	92
59.68	0.011845	0.473810	0.023113	0.006469	0.172155	0.012469	0.011888	0.403612	0.023095	89
48.70	0.013094	0.427381	0.025410	0.006231	0.150080	0.011965	0.013115	0.365808	0.025322	80
36.81	0.015826	0.390476	0.030418	0.006245	0.112104	0.011830	0.015866	0.334251	0.030295	76
27.09	0.019275	0.350000	0.036538	0.004471	0.089237	0.008515	0.019209	0.303316	0.036130	63
18.73	0.022667	0.284524	0.041989	0.004729	0.081961	0.008942	0.023111	0.242866	0.042205	48
11.48	0.022907	0.176190	0.040542	0.003645	0.048236	0.006778	0.024035	0.140971	0.041069	43
7.25	0.028431	0.138095	0.047154	0.001802	0.035261	0.003429	0.030150	0.107519	0.047094	32
4.51	0.044541	0.134524	0.066923	0.001760	0.033381	0.003344	0.050928	0.105151	0.068621	18
2.85	0.066085	0.126190	0.086743	0.001497	0.018750	0.002773	0.079443	0.099526	0.088358	15
2.11	0.086555	0.122619	0.101478	0.001433	0.011719	0.002553	0.103168	0.097454	0.100229	9
1.72	0.106405	0.122619	0.113938	0.001436	0.011719	0.002558	0.129959	0.097454	0.111383	4
1.50	0.121893	0.122619	0.122255	0.001444	0.011719	0.002570	0.147425	0.097454	0.117341	4
1.29	0.141289	0.122619	0.131294	0.001463	0.011719	0.002601	0.164298	0.097454	0.122341	3
1.14	0.160686	0.122619	0.139095	0.001516	0.011719	0.002684	0.174956	0.097454	0.125180	2
1.04	0.174957	0.121429	0.143359	0.001415	0.007812	0.002397	0.179396	0.097010	0.125925	2
1.00	0.180851	0.121429	0.145299	0.001415	0.007812	0.002397	0.181172	0.097010	0.126360	2
1.00	0.181172	0.121429	0.145403	0.001415	0.007812	0.002397	0.181172	0.097010	0.126360	1
1.00	0.181172	0.121429	0.145403	0.001415	0.007812	0.002397	0.181172	0.097010	0.126360	1
1.00	0.181172	0.121429	0.145403	0.001415	0.007812	0.002397	0.181172	0.097010	0.126360	1
1.00	0.181172	0.121429	0.145403	0.001415	0.007812	0.002397	0.181172	0.097010	0.126360	1
1.00	0.181172	0.121429	0.145403	0.001415	0.007812	0.002397	0.181172	0.097010	0.126360	1
1.00	0.181172	0.121429	0.145403	0.001415	0.007812	0.002397	0.181172	0.097010	0.126360	1
1.00	0.181172	0.121429	0.145403	0.001415	0.007812	0.002397	0.181172	0.097010	0.126360	1
1.00	0.181172	0.121429	0.145403	0.001415	0.007812	0.002397	0.181172	0.097010	0.126360	1
1.00	0.181172	0.121429	0.145403	0.001415	0.007812	0.002397	0.181172	0.097010	0.126360	1
1.00	0.181172	0.121429	0.145403	0.001415	0.007812	0.002397	0.181172	0.097010	0.126360	1
1.00	0.181172	0.121429	0.145403	0.001415	0.007812	0.002397	0.181172	0.097010	0.126360	1
1.00	0.181172	0.121429	0.145403	0.001415	0.007812	0.002397	0.181172	0.097010	0.126360	1
1.00	0.181172	0.121429	0.145403	0.001415	0.007812	0.002397	0.181172	0.097010	0.126360	1
1.00	0.181172	0.121429	0.145403	0.001415	0.007812	0.002397	0.181172	0.097010	0.126360	1
1.00	0.181172	0.121429	0.145403	0.001415	0.007812	0.002397	0.181172	0.097010	0.126360	1
1.00	0.181172	0.121429	0.145403	0.001415	0.007812	0.002397	0.181172	0.097010	0.126360	1
1.00	0.181172	0.121429	0.145403	0.001415	0.007812	0.002397	0.181172	0.097010	0.126360	1
1.00	0.181172	0.121429	0.145403	0.001415	0.007812	0.002397	0.181172	0.097010	0.126360	1
1.00	0.181172	0.121429	0.145403	0.001415	0.007812	0.002397	0.181172	0.097010	0.126360	1
1.00	0.181172	0.121429	0.145403	0.001415	0.007812	0.002397	0.181172	0.097010	0.126360	1
1.00	0.181172	0.121429	0.145403	0.001415	0.007812	0.002397	0.181172	0.097010	0.126360	1
1.00	0.181172	0.121429	0.145403	0.001415	0.007812	0.002397	0.181172	0.097010	0.126360	1
1.00	0.181172	0.121429	0.145403	0.001415	0.007812	0.002397	0.181172	0.097010	0.126360	1
1.00	0.181172	0.121429	0.145403	0.001415	0.007812	0.002397	0.181172	0.097010	0.126360	1
1.00	0.181172	0.121429	0.145403	0.001415	0.007812	0.002397	0.181172	0.097010	0.126360	1
1.00	0.181172	0.121429	0.145403	0.001415	0.007812	0.002397	0.181172	0.097010	0.126360	1
1.00	0.181172	0.121429	0.145403	0.001415	0.007812	0.002397	0.181172	0.097010	0.126360	1
1.00	0.181172	0.121429	0.145403	0.001415	0.007812	0.002397	0.181172	0.097010	0.126360	1
1.00	0.181172	0.121429	0.145403	0.001415	0.007812	0.002397	0.181172	0.097010	0.126360	1
1.00	0.181172	0.121429	0.145403	0.001415	0.007812	0.002397	0.181172	0.097010	0.126360	1
1.00	0.181172	0.121429	0.145403	0.001415	0.007812	0.002397	0.181172	0.097010	0.126360	1
1.00	0.181172	0.121429	0.145403	0.001415	0.007812	0.002397	0.181172	0.097010	0.126360	1
1.00	0.181172	0.121429	0.145403	0.001415	0.007812	0.002397	0.181172	0.097010	0.126360	1
1.00	0.181172	0.121429	0.145403	0.001415	0.007812	0.002397	0.181172	0.097010	0.126360	1
1.00	0.181172	0.121429	0.145403	0.001415	0.007812	0.002397	0.181172	0.097010	0.126360	1
1.00	0.181172	0.121429	0.145403	0.001415	0.007812	0.002397	0.181172	0.097010	0.126360	1
1.00	0.181172	0.121429	0.145403	0.001415	0.007812	0.002397	0.181172	0.097010	0.126360	1
1.00	0.181172	0.121429	0.145403	0.001415	0.007812	0.002397	0.181172	0.097010	0.126360	1
1.00	0.181172	0.121429	0.145403	0.001415	0.007812	0.002397	0.181172	0.097010	0.126360	1
1.00	0.181172	0.121429	0.145403	0.001415	0.007812	0.002397	0.181172	0.097010	0.126360	1
1.00	0.181172	0.121429	0.145403	0.001415	0.007812	0.002397	0.181172	0.097010	0.126360	1
1.00	0.181172	0.121429	0.145403	0.001415	0.007812	0.002397	0.181172	0.097010	0.126360	1
1.00	0.181172	0.121429	0.145403	0.001415	0.007812	0.002397	0.181172	0.097010	0.126360	1
1.00	0.181172	0.121429	0.145403	0.001415	0.007812	0.002397	0.181172	0.097010	0.126360	1
1.00	0.181172	0.121429	0.145403	0.001415	0.007812	0.002397	0.181172	0.097010	0.126360	1
1.00	0.181172	0.121429	0.145403	0.001415	0.007812	0.002397	0.181172	0.097010	0.126360	1
1.00	0.181172	0.121429	0.145403	0.001415	0.007812	0.002397	0.181172	0.097010	0.126360	1
1.00	0.181172	0.121429	0.145403	0.001415	0.007812	0.002397	0.181172	0.097010	0.126360	1
1.00	0.181172	0.121429	0.145403	0.001415	0.007812	0.002397	0.181172	0.097010	0.126360	1
1.00	0.181172	0.121429	0.145403	0.001415	0.007812	0.002397	0.181172	0.097010	0.126360	1
1.00	0.181172	0.121429	0.145403	0.001415	0.007812	0.002397	0.181172	0.097010	0.126360	1
1.00	0.181172	0.121429	0.145403	0.001415	0.007812	0.002397	0.181172	0.097010	0.126360	1
1.00	0.181172	0.121429	0.145403	0.001415	0.007812	0.002397	0.181172	0.097010	0.126360	1
1.00	0.181172	0.121429	0.145403	0.001415	0.007812	0.002397	0.181172	0.097010	0.126360	1
1.00	0.181172	0.121429	0.145403	0.001415	0.007812	0.002397	0.181172	0.097010	0.126360	1
1.00	0.181172	0.121429	0.145403	0.001415	0.007812	0.002397	0.181172	0.097010	0.126360	1
1.00	0.181172	0.121429	0.145403	0.001415	0.007812	0.002397	0.181172	0.097010	0.126360	1
1.00	0.181172	0.121429	0.145403	0.001415	0.007812	0.002397	0.181172	0.097010	0.126360	1
1.00	0.181172	0.121429	0.145403	0.001415	0.007812	0.002397	0.181172	0.097010	0.126360	1
1.00	0.181172	0.121429	0.145403	0.001415	0.007812	0.002397	0.181172	0.097010	0.126360	1
1.00	0.181172	0.121429	0.145403	0.001415	0.007812	0.002397	0.181172	0.097010	0.126360	1
1.00	0.181172	0.121429	0.145403	0.001415	0.007812	0.002397	0.181172	0.097010	0.126360	1
1.00	0.181172	0.121429	0.145403	0.001415	0.007812	0.002397	0.181172	0.097010	0.126360	1
1.00	0.181172	0.121429	0.145403	0.001415	0.007812	0.002397	0.181172	0.097010	0.126360	1
1.00	0.181172	0.121429	0.145403	0.001415	0.007812	0.002397	0.181172	0.097010	0.126360	1
1.00	0.181172	0.121429	0.145403	0.001415	0.007812	0.002397	0.181172	0.097010	0.126360	1
1.00	0.181172	0.121429	0.145403	0.001415	0.007812	0.002397	0.181172	0.097010	0.126360	1
1.00	0.181172	0.121429	0.145403	0.001415	0.007812	0.002397	0.181172	0.097010	0.126360	1
1.00	0.181172	0.121429	0.145403	0.001415	0.007812	0.002397	0.181172	0.097010	0.126360	1
1.00	0.181172	0.121429	0.145403	0.001415	0.007812	0.002397	0.181172	0.097010	0.126360	1
1.00	0.181172	0.121429	0.145403	0.001415	0.007812	0.002397	0.181172	0.097010	0.126360	1
1.00	0.181172	0.121429	0.145403	0.001415	0.007812	0.002397	0.181172	0.097010	0.126360	1
1.00	0.181172	0.121429	0.145403	0.001415	0.007812	0.002397	0.181172	0.097010	0.126360	1
1.00	0.181172	0.121429	0.145403	0.001415	0.007812	0.002397	0.181172	0.097010	0.126360	1
1.00	0.181172	0.121429	0.145403	0.001415	0.007812	0.002397	0.181172	0.097010	0.126360	1
1.00	0.181172	0.121429	0.145403	0.001415	0.007812	0.002397	0.181172	0.097010	0.126360	1
1.00	0.181172	0.121429	0.145403	0.001415	0.007812	0.002397	0.181172	0.097010	0.126360	1
1.00	0.181172	0.121429	0.145403	0.001415	0.007812	0.002397	0.181172	0.097010	0.126360	1
1.00	0.181172	0.121429	0.145403	0.001415	0.007812	0.002397	0.181172	0.097010	0.126360	1
1.00	0.181172	0.121429	0.145403	0.001415	0.007812	0.002397	0.181172	0.097010	0.126360	1
1.00	0.181172	0.121429	0.145403	0.001415	0.007812	0.002397	0.181172	0.097010	0.126360	1
1.00	0.181172	0.121429	0.145403	0.001415	0.007812	0.002397	0.181172	0.097010	0.126360	1
1.00	0.181172	0.121429	0.145403	0.001415	0.007812	0.002397	0.181172	0.097010	0.126360	1
1.00	0.181172	0.121429	0.145403	0.001415	0.007812	0.002397	0.181172	0.097010	0.126360	1
1.00	0.181172	0.121429	0.145403	0.001415	0.007812	0.002397	0.181172	0.097010	0.126360	1
1.00	0.181172	0.121429	0.145403	0.001415	0.007812	0.002397	0.181172	0.097010	0.126360	1
1.00	0.181172	0.121429	0.145403	0.001415	0.007812	0.002397	0.181172	0.097010	0.126360	1
1.00	0.181172	0.121429	0.145403	0.001415	0.007812	0.002397	0.181172	0.097010	0.126360	1
1.00	0.181172	0.121429	0.145403	0.001415	0.007812	0.002397	0.181172	0.097010	0.126360	1
1.00	0.181172	0.121429	0.145403	0.001415	0.007812	0.002397	0.181172	0.097010	0.126360	1
1.00	0.181172	0.121429	0.145403	0.001415	0.007812	0.002397	0.181172	0.097010	0.126360	1
1.00	0.181172	0.121429	0.145403	0.001415	0.007812	0.002397	0.181172	0.097010	0.126360	1
1.00	0.181172	0.121429	0.145403	0.001415	0.007812	0.002397	0.181172	0.097010	0.126360	1
1.00	0.181172	0.121429	0.145403	0.001415	0.007812	0.002397	0.181172	0.097010	0.126360	1
1.00	0.181172	0.121429	0.145403	0.001415	0.007812	0.002397	0.181172	0.097010	0.126360	1
1.00	0.181172	0.121429	0.145403	0.001415	0.007812	0.002397	0.181172	0.097010	0.126360	1
1.00	0.181172	0.121429	0.145403	0.001415	0.007812	0.002397	0.181172	0.097010	0.126360	1
1.00	0.181172	0.121429	0.145403	0.001415	0.007812	0.002397	0.181172	0.097010	0.126360	1
1.00	0.181172	0.121429	0.145403	0.001415	0.007812	0.002397	0.181172	0.097010	0.126360	1
1.00	0.181172	0.121429	0.145403	0.001415	0.007812	0.002397	0.181172	0.097010	0.126360	1
1.00	0.181172	0.121429	0.145403	0.001415	0.007812	0.002397	0.181172	0.097010	0.126360	1
1.00	0.181172	0.121429	0.145403	0.001415	0.007812	0.002397	0.181172	0.097010	0.126360	1
1.00	0.181172	0.121429	0.145403	0.001415	0.007812	0.002397	0.181172	0.097010	0.126360	1
1.00	0.181172	0.121429	0.145403	0.001415	0.007812	0.002397	0.181172	0.097010	0.126360	1
1.00	0.181172	0.121429	0.145403	0.001415	0.007812	0.002397	0.181172	0.097010	0.126360	1
1.00	0.181172	0.121429	0.145403	0.001415	0.007812	0.002397	0.181172	0.097010	0.126360	1
1.00	0.181172	0.121429	0.145403	0.001415	0.007812	0.002397	0.181172	0.097010	0.126360	1
1.00	0.181172	0.121429	0.145403	0.001415	0.007812	0.002397	0.181172	0.097010	0.126360	1
1.00	0.181172	0.121429	0.145403	0.001415	0.007812	0.002397	0.181172	0.097010	0.126360	1
1.00	0.181172	0.121429	0.145403	0.001415	0.007812	0.002397	0.181172	0.097010	0.126360	1
1.00	0.181172	0.121429	0.145403	0.001415	0.007812	0.002397	0.181172	0.097010	0.126360	1
1.00	0.181172	0.121429	0.145403	0.001415	0.007812	0.002397	0.181172	0.097010	0.126360	1
1.00	0.181172	0.121429	0.145403	0.001415	0.007812	0.002397	0.181172	0.097010	0.126360	1
1.00	0.181172	0.121429	0.145403	0.001415	0.007812	0.002397	0.181172	0.097010	0.126360	1
1.00	0.181172	0.121429	0.145403	0.001415	0.007812	0.002397	0.181172	0.097010	0.126360	1
1.00	0.181172	0.121429	0.145403	0.001415	0.007812	0.002397	0.181172	0.097010	0.126360	1
1.00	0.181172	0.121429	0.145403	0.001415	0.007812	0.002397	0.181172	0.097010	0.126360	1
1.00	0.181172	0.121429	0.145403	0.001415	0.007812	0.002397	0.181172	0.097010	0.126360	1
1.00	0.181172	0.121429	0.145403	0.001415	0.007812	0.002397	0.181172	0.097010	0.126360	1
1.00	0.181172	0.121429	0.145403	0.001415	0.007812	0.002397	0.181172	0.097010	0.126360	1
1.00	0.181172	0.121429	0.145403	0.001415	0.007812	0.002397	0.181172	0.097010	0.126360	1
1.00	0.181172	0.121429	0.145403	0.001415	0.007812	0.002397	0.181172	0.097010	0.126360	1
1.00	0.181172	0.121429	0.145403	0.001415	0.007812	0.002397	0.181172	0.097010	0.126360	1
1.00	0.181172	0.121429	0.145403	0.001415	0.007812	0.002397	0.181172	0.097010	0.126360	1
1.00	0.181172	0.121429	0.145403	0.001415	0.007812	0.002397	0.181172	0.097010	0.126360	1
1.00	0.181172	0.121429	0.145403	0.001415	0.007812	0.002397	0.181172	0.097010	0.126360	1
1.00	0.181172	0.121429	0.145403	0.001415	0.007812	0.002397	0.181172	0.097010	0.126360	1
1.00	0.181172	0.121429	0.145403	0.001415	0.007812	0.002397	0.181172	0.097010	0.126360	1
1.00	0.181172	0.121429	0.145403	0.001415	0.007812	0.002397	0.181172	0.097010	0.126360	1
1.00	0.181172	0.121429	0.145403	0.001415	0.007812	0.002397	0.181172	0.097010	0.126360	1
1.00	0.181172	0.121429	0.145403	0.001415	0.007812	0.002397	0.181172	0.097010	0.126360	1
1.00	0.181172	0.121429	0.145403	0.001415	0.007812	0.002397	0.181172	0.097010	0.126360	1
1.00	0.181172	0.121429	0.145403	0.001415	0.007812	0.002397	0.181172	0.097010	0.126360	1
1.00	0.181172	0.121429	0.145403	0.001415	0.007812	0.002397	0.181172	0.097010	0.126360	1
1.00	0.181172	0.121429	0.145403	0.001415	0.007812	0.002397	0.181172	0.097010	0.126360	1
1.00	0.181172	0.121429	0.145403	0.001415	0.007812	0.002397	0.181172	0.097010	0.126360	1
1.00	0.181172	0.121429	0.145403	0.001415	0.007812	0.002397	0.181172	0.097010	0.126360	1
1.00	0.181172	0.121429	0.145403	0.001415	0.007812	0.002397	0.181172	0.097010	0.126360	1
1.00	0.181172	0.121429	0.145403	0.001415	0.007812	0.002397	0.181172	0.097010	0.126360	1
1.00	0.181172	0.121429	0.145403	0.001415	0.007812	0.002397	0.181172	0.097010	0.126360	1
1.00	0.181172	0.121429	0.145403	0.001415	0.007812	0.002397	0.181172	0.097010	0.126360	1
1.00	0.181172	0.121429	0.145403	0.001415	0.007812	0.002397	0.181172	0.097010	0.126360	1
1.00	0.181172	0.121429	0.145403	0.001415	0.007812	0.002397	0.181172	0.097010	0.126360	1
1.00	0.181172	0.121429	0.145403	0.001415	0.007812	0.002397	0.181172	0.097010	0.126360	1
1.00	0.181172	0.121429	0.145403	0.001415	0.007812	0.002397	0.181172	0.097010	0.126360	1
1.00	0.181172	0.121429	0.145403	0.001415	0.007812	0.002397	0.181172	0.097010	0.126360	1
1.00	0.181172	0.121429	0.145403	0.001415	0.007812	0.002397	0.181172	0.097010	0.126360	1
1.00	0.181172	0.121429	0.145403	0.001415	0.007812	0.002397	0.181172	0.097010	0.126360	1
1.00	0.181172	0.121429	0.145403	0.001415	0.007812	0.002397	0.181172	0.097010	0.126360	1
1.00	0.181172	0.121429	0.145403	0.001415	0.007812	0.002397	0.181172	0.097010	0.126360	1
1.00	0.181172	0.121429	0.145403	0.001415	0.007812	0.002397	0.181172	0.097010	0.126360	1
1.00	0.181172	0.121429	0.145403	0.001415	0.007812	0.002397	0.181172	0.097010	0.126360	1
1.00	0.181172	0.121429	0.145403	0.001415	0.007812	0.002397	0.181172	0.097010	0.126360	1
1.00	0.181172	0.121429	0.145403	0.001415	0.007812	0.002397	0.181172	0.097010	0.126360	1
1.00	0.181172	0.121429	0.145403	0.001415	0.007812	0.002397	0.181172	0.097010	0.126360	1
1.00	0.181172	0.121429	0.145403	0.001415	0.007812	0.002397	0.181172	0.097010	0.126360	1
1.00	0.181172	0.121429	0.145403	0.001415	0.007812	0.002397	0.181172	0.097010	0.126360	1
1.00	0.181172	0.121429	0.145403	0.001415	0.007812	0.002397	0.181172	0.097010	0.126360	1
1.00	0.181172	0.121429	0.145403	0.001415	0.007812	0.002397	0.181172	0.097010	0.126360	1
1.00	0.181172	0.121429	0.145403	0.001415	0.007812	0.002397	0.181172	0.097010	0.126360	1

Sat Aug 28 05:33:33 2021
62.55	0.006715	0.261682	0.013093	0.010289	0.092518	0.018518	0.006676	0.274500	0.013035	96
51.70	0.004501	0.155952	0.008749	0.010118	0.151860	0.018971	0.004475	0.149408	0.008689	92
42.16	0.003876	0.109524	0.007488	0.009928	0.102092	0.018096	0.003893	0.109532	0.007519	82
33.16	0.004232	0.094048	0.008099	0.005645	0.087254	0.010605	0.004265	0.096803	0.008170	68
25.16	0.005013	0.084524	0.009464	0.002997	0.082988	0.005785	0.005073	0.088218	0.009594	57
19.41	0.004576	0.059524	0.008498	0.000904	0.064695	0.001783	0.004622	0.069716	0.008669	43
15.05	0.004248	0.042857	0.007730	0.000610	0.045490	0.001204	0.004258	0.054618	0.007900	36
10.71	0.004314	0.030952	0.007572	0.000504	0.040340	0.000996	0.004286	0.039520	0.007734	27
6.88	0.004130	0.019048	0.006788	0.000418	0.028471	0.000825	0.004147	0.022647	0.007011	23
4.48	0.003569	0.010714	0.005354	0.000553	0.019782	0.001076	0.003404	0.012433	0.005345	16
3.31	0.001075	0.002381	0.001481	0.000184	0.008113	0.000360	0.001036	0.002664	0.001492	11
2.86	0.000622	0.001190	0.000817	0.000015	0.007812	0.000029	0.000592	0.000888	0.000710	6
2.53	0.000702	0.001190	0.000883	0.000017	0.007812	0.000033	0.000888	0.000888	0.000888	4
1.91	0.000000	0.000000	0.000000	0.000000	0.000000	0.000000	0.000000	0.000000	0.000000	3
1.34	0.000000	0.000000	0.000000	0.000000	0.000000	0.000000	0.000000	0.000000	0.000000	3
1.04	0.000000	0.000000	0.000000	0.000000	0.000000	0.000000	0.000000	0.000000	0.000000	3
1.00	0.000000	0.000000	0.000000	0.000000	0.000000	0.000000	0.000000	0.000000	0.000000	3
1.00	0.000000	0.000000	0.000000	0.000000	0.000000	0.000000	0.000000	0.000000	0.000000	3
1.00	0.000000	0.000000	0.000000	0.000000	0.000000	0.000000	0.000000	0.000000	0.000000	3
1.00	0.000000	0.000000	0.000000	0.000000	0.000000	0.000000	0.000000	0.000000	0.000000	3
1.00	0.000000	0.000000	0.000000	0.000000	0.000000	0.000000	0.000000	0.000000	0.000000	7
1.00	0.026643	0.017857	0.021383	0.006392	0.001120	0.001906	0.026643	0.012197	0.016733	7
1.00	0.103020	0.069048	0.082680	0.009766	0.004384	0.006052	0.103020	0.052161	0.069256	5
1.00	0.166963	0.111905	0.133999	0.001511	0.007200	0.002498	0.166963	0.085909	0.113446	3
1.00	0.179396	0.120238	0.143977	0.001404	0.007736	0.002377	0.179396	0.096566	0.125550	2
1.00	0.181172	0.121429	0.145403	0.001415	0.007812	0.002397	0.181172	0.097010	0.126360	1
1.00	0.181172	0.121429	0.145403	0.001415	0.007812	0.002397	0.181172	0.097010	0.126360	1
1.00	0.181172	0.121429	0.145403	0.001415	0.007812	0.002397	0.181172	0.097010	0.126360	1
1.00	0.181172	0.121429	0.145403	0.001415	0.007812	0.002397	0.181172	0.097010	0.126360	1
1.00	0.181172	0.121429	0.145403	0.001415	0.007812	0.002397	0.181172	0.097010	0.126360	1
1.00	0.181172	0.121429	0.145403	0.001415	0.007812	0.002397	0.181172	0.097010	0.126360	1
1.00	0.181172	0.121429	0.145403	0.001415	0.007812	0.002397	0.181172	0.097010	0.126360	1
1.00	0.181172	0.121429	0.145403	0.001415	0.007812	0.002397	0.181172	0.097010	0.126360	1
1.00	0.181172	0.121429	0.145403	0.001415	0.007812	0.002397	0.181172	0.097010	0.126360	1
1.00	0.181172	0.121429	0.145403	0.001415	0.007812	0.002397	0.181172	0.097010	0.126360	1
1.00	0.181172	0.121429	0.145403	0.001415	0.007812	0.002397	0.181172	0.097010	0.126360	1
1.00	0.181172	0.121429	0.145403	0.001415	0.007812	0.002397	0.181172	0.097010	0.126360	1
1.00	0.181172	0.121429	0.145403	0.001415	0.007812	0.002397	0.181172	0.097010	0.126360	1
1.00	0.181172	0.121429	0.145403	0.001415	0.007812	0.002397	0.181172	0.097010	0.126360	1
1.00	0.181172	0.121429	0.145403	0.001415	0.007812	0.002397	0.181172	0.097010	0.126360	1
1.00	0.181172	0.121429	0.145403	0.001415	0.007812	0.002397	0.181172	0.097010	0.126360	1
1.00	0.181172	0.121429	0.145403	0.001415	0.007812	0.002397	0.181172	0.097010	0.126360	1
1.00	0.181172	0.121429	0.145403	0.001415	0.007812	0.002397	0.181172	0.097010	0.126360	1
1.00	0.181172	0.121429	0.145403	0.001415	0.007812	0.002397	0.181172	0.097010	0.126360	1
1.00	0.181172	0.121429	0.145403	0.001415	0.007812	0.002397	0.181172	0.097010	0.126360	1
1.00	0.181172	0.121429	0.145403	0.001415	0.007812	0.002397	0.181172	0.097010	0.126360	1
1.00	0.181172	0.121429	0.145403	0.001415	0.007812	0.002397	0.181172	0.097010	0.126360	1
1.00	0.181172	0.121429	0.145403	0.001415	0.007812	0.002397	0.181172	0.097010	0.126360	1
1.00	0.181172	0.121429	0.145403	0.001415	0.007812	0.002397	0.181172	0.097010	0.126360	1
1.00	0.181172	0.121429	0.145403	0.001415	0.007812	0.002397	0.181172	0.097010	0.126360	1
1.00	0.181172	0.121429	0.145403	0.001415	0.007812	0.002397	0.181172	0.097010	0.126360	1
1.00	0.181172	0.121429	0.145403	0.001415	0.007812	0.002397	0.181172	0.097010	0.126360	1
1.00	0.181172	0.121429	0.145403	0.001415	0.007812	0.002397	0.181172	0.097010	0.126360	1
1.00	0.181172	0.121429	0.145403	0.001415	0.007812	0.002397	0.181172	0.097010	0.126360	1
1.00	0.181172	0.121429	0.145403	0.001415	0.007812	0.002397	0.181172	0.097010	0.126360	1
1.00	0.181172	0.121429	0.145403	0.001415	0.007812	0.002397	0.181172	0.097010	0.126360	1
1.00	0.181172	0.121429	0.145403	0.001415	0.007812	0.002397	0.181172	0.097010	0.126360	1
1.00	0.181172	0.121429	0.145403	0.001415	0.007812	0.002397	0.181172	0.097010	0.126360	1
1.00	0.181172	0.121429	0.145403	0.001415	0.007812	0.002397	0.181172	0.097010	0.126360	1
1.00	0.181172	0.121429	0.145403	0.001415	0.007812	0.002397	0.181172	0.097010	0.126360	1
1.00	0.181172	0.121429	0.145403	0.001415	0.007812	0.002397	0.181172	0.097010	0.126360	1
1.00	0.181172	0.121429	0.145403	0.001415	0.007812	0.002397	0.181172	0.097010	0.126360	1
1.00	0.181172	0.121429	0.145403	0.001415	0.007812	0.002397	0.181172	0.097010	0.126360	1
1.00	0.181172	0.121429	0.145403	0.001415	0.007812	0.002397	0.181172	0.097010	0.126360	1
1.00	0.181172	0.121429	0.145403	0.001415	0.007812	0.002397	0.181172	0.097010	0.126360	1
1.00	0.181172	0.121429	0.145403	0.001415	0.007812	0.002397	0.181172	0.097010	0.126360	1
1.00	0.181172	0.121429	0.145403	0.001415	0.007812	0.002397	0.181172	0.097010	0.126360	1
1.00	0.181172	0.121429	0.145403	0.001415	0.007812	0.002397	0.181172	0.097010	0.126360	1
1.00	0.181172	0.121429	0.145403	0.001415	0.007812	0.002397	0.181172	0.097010	0.126360	1
1.00	0.181172	0.121429	0.145403	0.001415	0.007812	0.002397	0.181172	0.097010	0.126360	1
1.00	0.181172	0.121429	0.145403	0.001415	0.007812	0.002397	0.181172	0.097010	0.126360	1
1.00	0.181172	0.121429	0.145403	0.001415	0.007812	0.002397	0.181172	0.097010	0.126360	1
1.00	0.181172	0.121429	0.145403	0.001415	0.007812	0.002397	0.181172	0.097010	0.126360	1
1.00	0.181172	0.121429	0.145403	0.001415	0.007812	0.002397	0.181172	0.097010	0.126360	1
1.00	0.181172	0.121429	0.145403	0.001415	0.007812	0.002397	0.181172	0.097010	0.126360	1
1.00	0.181172	0.121429	0.145403	0.001415	0.007812	0.002397	0.181172	0.097010	0.126360	1
1.00	0.181172	0.121429	0.145403	0.001415	0.007812	0.002397	0.181172	0.097010	0.126360	1
1.00	0.181172	0.121429	0.145403	0.001415	0.007812	0.002397	0.181172	0.097010	0.126360	1
1.00	0.181172	0.121429	0.145403	0.001415	0.007812	0.002397	0.181172	0.097010	0.126360	1
1.00	0.181172	0.121429	0.145403	0.001415	0.007812	0.002397	0.181172	0.097010	0.126360	1
1.00	0.181172	0.121429	0.145403	0.001415	0.007812	0.002397	0.181172	0.097010	0.126360	1
1.00	0.181172	0.121429	0.145403	0.001415	0.007812	0.002397	0.181172	0.097010	0.126360	1
1.00	0.181172	0.121429	0.145403	0.001415	0.007812	0.002397	0.181172	0.097010	0.126360	1
1.00	0.181172	0.121429	0.145403	0.001415	0.007812	0.002397	0.181172	0.097010	0.126360	1
1.00	0.181172	0.121429	0.145403	0.001415	0.007812	0.002397	0.181172	0.097010	0.126360	1
1.00	0.181172	0.121429	0.145403	0.001415	0.007812	0.002397	0.181172	0.097010	0.126360	1
1.00	0.181172	0.121429	0.145403	0.001415	0.007812	0.002397	0.181172	0.097010	0.126360	1
1.00	0.181172	0.121429	0.145403	0.001415	0.007812	0.002397	0.181172	0.097010	0.126360	1
1.00	0.181172	0.121429	0.145403	0.001415	0.007812	0.002397	0.181172	0.097010	0.126360	1
1.00	0.181172	0.121429	0.145403	0.001415	0.007812	0.002397	0.181172	0.097010	0.126360	1
1.00	0.181172	0.121429	0.145403	0.001415	0.007812	0.002397	0.181172	0.097010	0.126360	1
1.00	0.181172	0.121429	0.145403	0.001415	0.007812	0.002397	0.181172	0.097010	0.126360	1
1.00	0.181172	0.121429	0.145403	0.001415	0.007812	0.002397	0.181172	0.097010	0.126360	1
1.00	0.181172	0.121429	0.145403	0.001415	0.007812	0.002397	0.181172	0.097010	0.126360	1
1.00	0.181172	0.121429	0.145403	0.001415	0.007812	0.002397	0.181172	0.097010	0.126360	1
1.00	0.181172	0.121429	0.145403	0.001415	0.007812	0.002397	0.181172	0.097010	0.126360	1
1.00	0.181172	0.121429	0.145403	0.001415	0.007812	0.002397	0.181172	0.097010	0.126360	1
1.00	0.181172	0.121429	0.145403	0.001415	0.007812	0.002397	0.181172	0.097010	0.126360	1
1.00	0.181172	0.121429	0.145403	0.001415	0.007812	0.002397	0.181172	0.097010	0.126360	1
1.00	0.181172	0.121429	0.145403	0.001415	0.007812	0.002397	0.181172	0.097010	0.126360	1
1.00	0.181172	0.121429	0.145403	0.001415	0.007812	0.002397	0.181172	0.097010	0.126360	1
1.00	0.181172	0.121429	0.145403	0.001415	0.007812	0.002397	0.181172	0.097010	0.126360	1
1.00	0.181172	0.121429	0.145403	0.001415	0.007812	0.002397	0.181172	0.097010	0.126360	1
1.00	0.181172	0.121429	0.145403	0.001415	0.007812	0.002397	0.181172	0.097010	0.126360	1
1.00	0.181172	0.121429	0.145403	0.001415	0.007812	0.002397	0.181172	0.097010	0.126360	1
1.00	0.181172	0.121429	0.145403	0.001415	0.007812	0.002397	0.181172	0.097010	0.126360	1
1.00	0.181172	0.121429	0.145403	0.001415	0.007812	0.002397	0.181172	0.097010	0.126360	1
1.00	0.181172	0.121429	0.145403	0.001415	0.007812	0.002397	0.181172	0.097010	0.126360	1
1.00	0.181172	0.121429	0.145403	0.001415	0.007812	0.002397	0.181172	0.097010	0.126360	1
1.00	0.181172	0.121429	0.145403	0.001415	0.007812	0.002397	0.181172	0.097010	0.126360	1
1.00	0.181172	0.121429	0.145403	0.001415	0.007812	0.002397	0.181172	0.097010	0.126360	1
1.00	0.181172	0.121429	0.145403	0.001415	0.007812	0.002397	0.181172	0.097010	0.126360	1
1.00	0.181172	0.121429	0.145403	0.001415	0.007812	0.002397	0.181172	0.097010	0.126360	1
1.00	0.181172	0.121429	0.145403	0.001415	0.007812	0.002397	0.181172	0.097010	0.126360	1
1.00	0.181172	0.121429	0.145403	0.001415	0.007812	0.002397	0.181172	0.097010	0.126360	1
1.00	0.181172	0.121429	0.145403	0.001415	0.007812	0.002397	0.181172	0.097010	0.126360	1
1.00	0.181172	0.121429	0.145403	0.001415	0.007812	0.002397	0.181172	0.097010	0.126360	1
1.00	0.181172	0.121429	0.145403	0.001415	0.007812	0.002397	0.181172	0.097010	0.126360	1
1.00	0.181172	0.121429	0.145403	0.001415	0.007812	0.002397	0.181172	0.097010	0.126360	1
1.00	0.181172	0.121429	0.145403	0.001415	0.007812	0.002397	0.181172	0.097010	0.126360	1
1.00	0.181172	0.121429	0.145403	0.001415	0.007812	0.002397	0.181172	0.097010	0.126360	1
1.00	0.181172	0.121429	0.145403	0.001415	0.007812	0.002397	0.181172	0.097010	0.126360	1
1.00	0.181172	0.121429	0.145403	0.001415	0.007812	0.002397	0.181172	0.097010	0.126360	1
1.00	0.181172	0.121429	0.145403	0.001415	0.007812	0.002397	0.181172	0.097010	0.126360	1
1.00	0.181172	0.121429	0.145403	0.001415	0.007812	0.002397	0.181172	0.097010	0.126360	1
1.00	0.181172	0.121429	0.145403	0.001415	0.007812	0.002397	0.181172	0.097010	0.126360	1
1.00	0.181172	0.121429	0.145403	0.001415	0.007812	0.002397	0.181172	0.097010	0.126360	1
1.00	0.181172	0.121429	0.145403	0.001415	0.007812	0.002397	0.181172	0.097010	0.126360	1
1.00	0.181172	0.121429	0.145403	0.001415	0.007812	0.002397	0.181172	0.097010	0.126360	1
1.00	0.181172	0.121429	0.145403	0.001415	0.007812	0.002397	0.181172	0.097010	0.126360	1
1.00	0.181172	0.121429	0.145403	0.001415	0.007812	0.002397	0.181172	0.097010	0.126360	1
1.00	0.181172	0.121429	0.145403	0.001415	0.007812	0.002397	0.181172	0.097010	0.126360	1
1.00	0.181172	0.121429	0.145403	0.001415	0.007812	0.002397	0.181172	0.097010	0.126360	1
1.00	0.181172	0.121429	0.145403	0.001415	0.007812	0.002397	0.181172	0.097010	0.126360	1
1.00	0.181172	0.121429	0.145403	0.001415	0.007812	0.002397	0.181172	0.097010	0.126360	1
1.00	0.181172	0.121429	0.145403	0.001415	0.007812	0.002397	0.181172	0.097010	0.126360	1
1.00	0.181172	0.121429	0.145403	0.001415	0.007812	0.002397	0.181172	0.097010	0.126360	1
1.00	0.181172	0.121429	0.145403	0.001415	0.007812	0.002397	0.181172	0.097010	0.126360	1
1.00	0.181172	0.121429	0.145403	0.001415	0.007812	0.002397	0.181172	0.097010	0.126360	1
1.00	0.181172	0.121429	0.145403	0.001415	0.007812	0.002397	0.181172	0.097010	0.126360	1
1.00	0.181172	0.121429	0.145403	0.001415	0.007812	0.002397	0.181172	0.097010	0.126360	1
1.00	0.181172	0.121429	0.145403	0.001415	0.007812	0.002397	0.181172	0.097010	0.126360	1
1.00	0.181172	0.121429	0.145403	0.001415	0.007812	0.002397	0.181172	0.097010	0.126360	1
1.00	0.181172	0.121429	0.145403	0.001415	0.007812	0.002397	0.181172	0.097010	0.126360	1
1.00	0.181172	0.121429	0.145403	0.001415	0.007812	0.002397	0.181172	0.097010	0.126360	1
1.00	0.181172	0.121429	0.145403	0.001415	0.007812	0.002397	0.181172	0.097010	0.126360	1
1.00	0.181172	0.121429	0.145403	0.001415	0.007812	0.002397	0.181172	0.097010	0.126360	1
1.00	0.181172	0.121429	0.145403	0.001415	0.007812	0.002397	0.181172	0.097010	0.126360	1
1.00	0.181172	0.121429	0.145403	0.001415	0.007812	0.002397	0.181172	0.097010	0.126360	1
1.00	0.181172	0.121429	0.145403	0.001415	0.007812	0.002397	0.181172	0.097010	0.126360	1
1.00	0.181172	0.121429	0.145403	0.001415	0.007812	0.002397	0.181172	0.097010	0.126360	1
1.00	0.181172	0.121429	0.145403	0.001415	0.007812	0.002397	0.181172	0.097010	0.126360	1
1.00	0.181172	0.121429	0.145403	0.001415	0.007812	0.002397	0.181172	0.097010	0.126360	1
1.00	0.181172	0.121429	0.145403	0.001415	0.007812	0.002397	0.181172	0.097010	0.126360	1
1.00	0.181172	0.121429	0.145403	0.001415	0.007812	0.002397	0.181172	0.097010	0.126360	1
1.00	0.181172	0.121429	0.145403	0.001415	0.007812	0.002397	0.181172	0.097010	0.126360	1
1.00	0.181172	0.121429	0.145403	0.001415	0.007812	0.002397	0.181172	0.097010	0.126360	1
1.00	0.181172	0.121429	0.145403	0.001415	0.007812	0.002397	0.181172	0.097010	0.126360	1
1.00	0.181172	0.121429	0.145403	0.001415	0.007812	0.002397	0.181172	0.097010	0.126360	1
1.00	0.181172	0.121429	0.145403	0.001415	0.007812	0.002397	0.181172	0.097010	0.126360	1
1.00	0.181172	0.121429	0.145403	0.001415	0.007812	0.002397	0.181172	0.097010	0.126360	1
1.00	0.181172	0.121429	0.145403	0.001415	0.007812	0.002397	0.181172	0.097010	0.126360	1
1.00	0.181172	0.121429	0.145403	0.001415	0.007812	0.002397	0.181172	0.097010	0.126360	1
1.00	0.181172	0.121429	0.145403	0.001415	0.007812	0.002397	0.181172	0.097010	0.126360	1
1.00	0.181172	0.121429	0.145403	0.001415	0.007812	0.002397	0.181172	0.097010	0.126360	1
1.00	0.181172	0.121429	0.145403	0.001415	0.007812	0.002397	0.181172	0.097010	0.126360	1
1.00	0.181172	0.121429	0.145403	0.001415	0.007812	0.002397	0.181172	0.097010	0.126360	1
1.00	0.181172	0.121429	0.145403	0.001415	0.007812	0.002397	0.181172	0.097010	0.126360	1
1.00	0.181172	0.121429	0.145403	0.001415	0.007812	0.002397	0.181172	0.097010	0.126360	1

Sat Aug 28 06:04:23 2021
58.18	0.009367	0.339564	0.018232	0.006769	0.118679	0.012808	0.009367	0.268833	0.018103	92
47.05	0.007815	0.246429	0.015150	0.005875	0.144689	0.011291	0.007858	0.200178	0.015123	87
36.60	0.008542	0.209524	0.016415	0.006503	0.111572	0.012289	0.008586	0.170219	0.016347	77
27.61	0.008556	0.158333	0.016234	0.005370	0.092099	0.010148	0.008712	0.126584	0.016302	70
21.21	0.009127	0.129762	0.017055	0.003382	0.080823	0.006492	0.009383	0.108230	0.017268	49
15.23	0.009216	0.094048	0.016787	0.003358	0.047685	0.006274	0.009645	0.074719	0.017085	38
10.60	0.009888	0.070238	0.017335	0.003240	0.033296	0.005905	0.010209	0.053641	0.017154	30
7.32	0.010672	0.052381	0.017731	0.002775	0.020615	0.004892	0.010905	0.040557	0.017189	23
4.75	0.010097	0.032143	0.015367	0.003066	0.016740	0.005183	0.009659	0.025163	0.013960	15
3.29	0.007008	0.015476	0.009647	0.006699	0.011472	0.008459	0.006868	0.012137	0.008772	11
2.34	0.003802	0.005952	0.004640	0.000112	0.005580	0.000219	0.003404	0.004440	0.003854	7
1.43	0.001244	0.001190	0.001217	0.000043	0.001116	0.000083	0.000888	0.000888	0.000888	6
1.05	0.001692	0.001190	0.001398	0.000094	0.001116	0.000174	0.000888	0.000888	0.000888	7
1.00	0.000000	0.000000	0.000000	0.000000	0.000000	0.000000	0.000000	0.000000	0.000000	7
1.00	0.000000	0.000000	0.000000	0.000000	0.000000	0.000000	0.000000	0.000000	0.000000	7
1.00	0.001776	0.001190	0.001426	0.000112	0.001116	0.000203	0.001776	0.000888	0.001184	7
1.00	0.012433	0.008333	0.009979	0.010163	0.001518	0.002641	0.012433	0.004796	0.006922	8
1.00	0.014210	0.009524	0.011404	0.004514	0.000526	0.000942	0.014210	0.006572	0.008987	8
1.00	0.051510	0.034524	0.041340	0.003981	0.002163	0.002803	0.051510	0.024038	0.032779	7
1.00	0.106572	0.071429	0.085531	0.001573	0.004596	0.002344	0.106572	0.055565	0.073046	7
1.00	0.170515	0.114286	0.136850	0.001506	0.007353	0.002500	0.170515	0.090201	0.117988	7
1.00	0.179396	0.120238	0.143977	0.001417	0.007736	0.002395	0.179396	0.095234	0.124419	3
1.00	0.181172	0.121429	0.145403	0.001418	0.007812	0.002400	0.181172	0.097010	0.126360	2
1.00	0.181172	0.121429	0.145403	0.001415	0.007812	0.002397	0.181172	0.097010	0.126360	1
1.00	0.181172	0.121429	0.145403	0.001415	0.007812	0.002397	0.181172	0.097010	0.126360	1
1.00	0.181172	0.121429	0.145403	0.001415	0.007812	0.002397	0.181172	0.097010	0.126360	1
1.00	0.181172	0.121429	0.145403	0.001415	0.007812	0.002397	0.181172	0.097010	0.126360	1
1.00	0.181172	0.121429	0.145403	0.001415	0.007812	0.002397	0.181172	0.097010	0.126360	1
1.00	0.181172	0.121429	0.145403	0.001415	0.007812	0.002397	0.181172	0.097010	0.126360	1
1.00	0.181172	0.121429	0.145403	0.001415	0.007812	0.002397	0.181172	0.097010	0.126360	1
1.00	0.181172	0.121429	0.145403	0.001415	0.007812	0.002397	0.181172	0.097010	0.126360	1
1.00	0.181172	0.121429	0.145403	0.001415	0.007812	0.002397	0.181172	0.097010	0.126360	1
1.00	0.181172	0.121429	0.145403	0.001415	0.007812	0.002397	0.181172	0.097010	0.126360	1
1.00	0.181172	0.121429	0.145403	0.001415	0.007812	0.002397	0.181172	0.097010	0.126360	1
1.00	0.181172	0.121429	0.145403	0.001415	0.007812	0.002397	0.181172	0.097010	0.126360	1
1.00	0.181172	0.121429	0.145403	0.001415	0.007812	0.002397	0.181172	0.097010	0.126360	1
1.00	0.181172	0.121429	0.145403	0.001415	0.007812	0.002397	0.181172	0.097010	0.126360	1
1.00	0.181172	0.121429	0.145403	0.001415	0.007812	0.002397	0.181172	0.097010	0.126360	1
1.00	0.181172	0.121429	0.145403	0.001415	0.007812	0.002397	0.181172	0.097010	0.126360	1
1.00	0.181172	0.121429	0.145403	0.001415	0.007812	0.002397	0.181172	0.097010	0.126360	1
1.00	0.181172	0.121429	0.145403	0.001415	0.007812	0.002397	0.181172	0.097010	0.126360	1
1.00	0.181172	0.121429	0.145403	0.001415	0.007812	0.002397	0.181172	0.097010	0.126360	1
1.00	0.181172	0.121429	0.145403	0.001415	0.007812	0.002397	0.181172	0.097010	0.126360	1
1.00	0.181172	0.121429	0.145403	0.001415	0.007812	0.002397	0.181172	0.097010	0.126360	1
1.00	0.181172	0.121429	0.145403	0.001415	0.007812	0.002397	0.181172	0.097010	0.126360	1
1.00	0.181172	0.121429	0.145403	0.001415	0.007812	0.002397	0.181172	0.097010	0.126360	1
1.00	0.181172	0.121429	0.145403	0.001415	0.007812	0.002397	0.181172	0.097010	0.126360	1
1.00	0.181172	0.121429	0.145403	0.001415	0.007812	0.002397	0.181172	0.097010	0.126360	1
1.00	0.181172	0.121429	0.145403	0.001415	0.007812	0.002397	0.181172	0.097010	0.126360	1
1.00	0.181172	0.121429	0.145403	0.001415	0.007812	0.002397	0.181172	0.097010	0.126360	1
1.00	0.181172	0.121429	0.145403	0.001415	0.007812	0.002397	0.181172	0.097010	0.126360	1
1.00	0.181172	0.121429	0.145403	0.001415	0.007812	0.002397	0.181172	0.097010	0.126360	1
1.00	0.181172	0.121429	0.145403	0.001415	0.007812	0.002397	0.181172	0.097010	0.126360	1
1.00	0.181172	0.121429	0.145403	0.001415	0.007812	0.002397	0.181172	0.097010	0.126360	1
1.00	0.181172	0.121429	0.145403	0.001415	0.007812	0.002397	0.181172	0.097010	0.126360	1
1.00	0.181172	0.121429	0.145403	0.001415	0.007812	0.002397	0.181172	0.097010	0.126360	1
1.00	0.181172	0.121429	0.145403	0.001415	0.007812	0.002397	0.181172	0.097010	0.126360	1
1.00	0.181172	0.121429	0.145403	0.001415	0.007812	0.002397	0.181172	0.097010	0.126360	1
1.00	0.181172	0.121429	0.145403	0.001415	0.007812	0.002397	0.181172	0.097010	0.126360	1
1.00	0.181172	0.121429	0.145403	0.001415	0.007812	0.002397	0.181172	0.097010	0.126360	1
1.00	0.181172	0.121429	0.145403	0.001415	0.007812	0.002397	0.181172	0.097010	0.126360	1
1.00	0.181172	0.121429	0.145403	0.001415	0.007812	0.002397	0.181172	0.097010	0.126360	1
1.00	0.181172	0.121429	0.145403	0.001415	0.007812	0.002397	0.181172	0.097010	0.126360	1
1.00	0.181172	0.121429	0.145403	0.001415	0.007812	0.002397	0.181172	0.097010	0.126360	1
1.00	0.181172	0.121429	0.145403	0.001415	0.007812	0.002397	0.181172	0.097010	0.126360	1
1.00	0.181172	0.121429	0.145403	0.001415	0.007812	0.002397	0.181172	0.097010	0.126360	1
1.00	0.181172	0.121429	0.145403	0.001415	0.007812	0.002397	0.181172	0.097010	0.126360	1
1.00	0.181172	0.121429	0.145403	0.001415	0.007812	0.002397	0.181172	0.097010	0.126360	1
1.00	0.181172	0.121429	0.145403	0.001415	0.007812	0.002397	0.181172	0.097010	0.126360	1
1.00	0.181172	0.121429	0.145403	0.001415	0.007812	0.002397	0.181172	0.097010	0.126360	1
1.00	0.181172	0.121429	0.145403	0.001415	0.007812	0.002397	0.181172	0.097010	0.126360	1
1.00	0.181172	0.121429	0.145403	0.001415	0.007812	0.002397	0.181172	0.097010	0.126360	1
1.00	0.181172	0.121429	0.145403	0.001415	0.007812	0.002397	0.181172	0.097010	0.126360	1
1.00	0.181172	0.121429	0.145403	0.001415	0.007812	0.002397	0.181172	0.097010	0.126360	1
1.00	0.181172	0.121429	0.145403	0.001415	0.007812	0.002397	0.181172	0.097010	0.126360	1
1.00	0.181172	0.121429	0.145403	0.001415	0.007812	0.002397	0.181172	0.097010	0.126360	1
1.00	0.181172	0.121429	0.145403	0.001415	0.007812	0.002397	0.181172	0.097010	0.126360	1
1.00	0.181172	0.121429	0.145403	0.001415	0.007812	0.002397	0.181172	0.097010	0.126360	1
1.00	0.181172	0.121429	0.145403	0.001415	0.007812	0.002397	0.181172	0.097010	0.126360	1
1.00	0.181172	0.121429	0.145403	0.001415	0.007812	0.002397	0.181172	0.097010	0.126360	1
1.00	0.181172	0.121429	0.145403	0.001415	0.007812	0.002397	0.181172	0.097010	0.126360	1
1.00	0.181172	0.121429	0.145403	0.001415	0.007812	0.002397	0.181172	0.097010	0.126360	1
1.00	0.181172	0.121429	0.145403	0.001415	0.007812	0.002397	0.181172	0.097010	0.126360	1
1.00	0.181172	0.121429	0.145403	0.001415	0.007812	0.002397	0.181172	0.097010	0.126360	1
1.00	0.181172	0.121429	0.145403	0.001415	0.007812	0.002397	0.181172	0.097010	0.126360	1
1.00	0.181172	0.121429	0.145403	0.001415	0.007812	0.002397	0.181172	0.097010	0.126360	1
1.00	0.181172	0.121429	0.145403	0.001415	0.007812	0.002397	0.181172	0.097010	0.126360	1
1.00	0.181172	0.121429	0.145403	0.001415	0.007812	0.002397	0.181172	0.097010	0.126360	1
1.00	0.181172	0.121429	0.145403	0.001415	0.007812	0.002397	0.181172	0.097010	0.126360	1
1.00	0.181172	0.121429	0.145403	0.001415	0.007812	0.002397	0.181172	0.097010	0.126360	1
1.00	0.181172	0.121429	0.145403	0.001415	0.007812	0.002397	0.181172	0.097010	0.126360	1
1.00	0.181172	0.121429	0.145403	0.001415	0.007812	0.002397	0.181172	0.097010	0.126360	1
1.00	0.181172	0.121429	0.145403	0.001415	0.007812	0.002397	0.181172	0.097010	0.126360	1
1.00	0.181172	0.121429	0.145403	0.001415	0.007812	0.002397	0.181172	0.097010	0.126360	1
1.00	0.181172	0.121429	0.145403	0.001415	0.007812	0.002397	0.181172	0.097010	0.126360	1
1.00	0.181172	0.121429	0.145403	0.001415	0.007812	0.002397	0.181172	0.097010	0.126360	1
1.00	0.181172	0.121429	0.145403	0.001415	0.007812	0.002397	0.181172	0.097010	0.126360	1
1.00	0.181172	0.121429	0.145403	0.001415	0.007812	0.002397	0.181172	0.097010	0.126360	1
1.00	0.181172	0.121429	0.145403	0.001415	0.007812	0.002397	0.181172	0.097010	0.126360	1
1.00	0.181172	0.121429	0.145403	0.001415	0.007812	0.002397	0.181172	0.097010	0.126360	1
1.00	0.181172	0.121429	0.145403	0.001415	0.007812	0.002397	0.181172	0.097010	0.126360	1
1.00	0.181172	0.121429	0.145403	0.001415	0.007812	0.002397	0.181172	0.097010	0.126360	1
1.00	0.181172	0.121429	0.145403	0.001415	0.007812	0.002397	0.181172	0.097010	0.126360	1
1.00	0.181172	0.121429	0.145403	0.001415	0.007812	0.002397	0.181172	0.097010	0.126360	1
1.00	0.181172	0.121429	0.145403	0.001415	0.007812	0.002397	0.181172	0.097010	0.126360	1
1.00	0.181172	0.121429	0.145403	0.001415	0.007812	0.002397	0.181172	0.097010	0.126360	1
1.00	0.181172	0.121429	0.145403	0.001415	0.007812	0.002397	0.181172	0.097010	0.126360	1
1.00	0.181172	0.121429	0.145403	0.001415	0.007812	0.002397	0.181172	0.097010	0.126360	1
1.00	0.181172	0.121429	0.145403	0.001415	0.007812	0.002397	0.181172	0.097010	0.126360	1
1.00	0.181172	0.121429	0.145403	0.001415	0.007812	0.002397	0.181172	0.097010	0.126360	1
1.00	0.181172	0.121429	0.145403	0.001415	0.007812	0.002397	0.181172	0.097010	0.126360	1
1.00	0.181172	0.121429	0.145403	0.001415	0.007812	0.002397	0.181172	0.097010	0.126360	1
1.00	0.181172	0.121429	0.145403	0.001415	0.007812	0.002397	0.181172	0.097010	0.126360	1
1.00	0.181172	0.121429	0.145403	0.001415	0.007812	0.002397	0.181172	0.097010	0.126360	1
1.00	0.181172	0.121429	0.145403	0.001415	0.007812	0.002397	0.181172	0.097010	0.126360	1
1.00	0.181172	0.121429	0.145403	0.001415	0.007812	0.002397	0.181172	0.097010	0.126360	1
1.00	0.181172	0.121429	0.145403	0.001415	0.007812	0.002397	0.181172	0.097010	0.126360	1
1.00	0.181172	0.121429	0.145403	0.001415	0.007812	0.002397	0.181172	0.097010	0.126360	1
1.00	0.181172	0.121429	0.145403	0.001415	0.007812	0.002397	0.181172	0.097010	0.126360	1
1.00	0.181172	0.121429	0.145403	0.001415	0.007812	0.002397	0.181172	0.097010	0.126360	1
1.00	0.181172	0.121429	0.145403	0.001415	0.007812	0.002397	0.181172	0.097010	0.126360	1
1.00	0.181172	0.121429	0.145403	0.001415	0.007812	0.002397	0.181172	0.097010	0.126360	1
1.00	0.181172	0.121429	0.145403	0.001415	0.007812	0.002397	0.181172	0.097010	0.126360	1
1.00	0.181172	0.121429	0.145403	0.001415	0.007812	0.002397	0.181172	0.097010	0.126360	1
1.00	0.181172	0.121429	0.145403	0.001415	0.007812	0.002397	0.181172	0.097010	0.126360	1
1.00	0.181172	0.121429	0.145403	0.001415	0.007812	0.002397	0.181172	0.097010	0.126360	1
1.00	0.181172	0.121429	0.145403	0.001415	0.007812	0.002397	0.181172	0.097010	0.126360	1
1.00	0.181172	0.121429	0.145403	0.001415	0.007812	0.002397	0.181172	0.097010	0.126360	1
1.00	0.181172	0.121429	0.145403	0.001415	0.007812	0.002397	0.181172	0.097010	0.126360	1
1.00	0.181172	0.121429	0.145403	0.001415	0.007812	0.002397	0.181172	0.097010	0.126360	1
1.00	0.181172	0.121429	0.145403	0.001415	0.007812	0.002397	0.181172	0.097010	0.126360	1
1.00	0.181172	0.121429	0.145403	0.001415	0.007812	0.002397	0.181172	0.097010	0.126360	1
1.00	0.181172	0.121429	0.145403	0.001415	0.007812	0.002397	0.181172	0.097010	0.126360	1
1.00	0.181172	0.121429	0.145403	0.001415	0.007812	0.002397	0.181172	0.097010	0.126360	1
1.00	0.181172	0.121429	0.145403	0.001415	0.007812	0.002397	0.181172	0.097010	0.126360	1
1.00	0.181172	0.121429	0.145403	0.001415	0.007812	0.002397	0.181172	0.097010	0.126360	1
1.00	0.181172	0.121429	0.145403	0.001415	0.007812	0.002397	0.181172	0.097010	0.126360	1
1.00	0.181172	0.121429	0.145403	0.001415	0.007812	0.002397	0.181172	0.097010	0.126360	1
1.00	0.181172	0.121429	0.145403	0.001415	0.007812	0.002397	0.181172	0.097010	0.126360	1
1.00	0.181172	0.121429	0.145403	0.001415	0.007812	0.002397	0.181172	0.097010	0.126360	1
1.00	0.181172	0.121429	0.145403	0.001415	0.007812	0.002397	0.181172	0.097010	0.126360	1
1.00	0.181172	0.121429	0.145403	0.001415	0.007812	0.002397	0.181172	0.097010	0.126360	1
1.00	0.181172	0.121429	0.145403	0.001415	0.007812	0.002397	0.181172	0.097010	0.126360	1
1.00	0.181172	0.121429	0.145403	0.001415	0.007812	0.002397	0.181172	0.097010	0.126360	1
1.00	0.181172	0.121429	0.145403	0.001415	0.007812	0.002397	0.181172	0.097010	0.126360	1
1.00	0.181172	0.121429	0.145403	0.001415	0.007812	0.002397	0.181172	0.097010	0.126360	1
1.00	0.181172	0.121429	0.145403	0.001415	0.007812	0.002397	0.181172	0.097010	0.126360	1
1.00	0.181172	0.121429	0.145403	0.001415	0.007812	0.002397	0.181172	0.097010	0.126360	1
1.00	0.181172	0.121429	0.145403	0.001415	0.007812	0.002397	0.181172	0.097010	0.126360	1
1.00	0.181172	0.121429	0.145403	0.001415	0.007812	0.002397	0.181172	0.097010	0.126360	1
1.00	0.181172	0.121429	0.145403	0.001415	0.007812	0.002397	0.181172	0.097010	0.126360	1
1.00	0.181172	0.121429	0.145403	0.001415	0.007812	0.002397	0.181172	0.097010	0.126360	1
1.00	0.181172	0.121429	0.145403	0.001415	0.007812	0.002397	0.181172	0.097010	0.126360	1
1.00	0.181172	0.121429	0.145403	0.001415	0.007812	0.002397	0.181172	0.097010	0.126360	1
1.00	0.181172	0.121429	0.145403	0.001415	0.007812	0.002397	0.181172	0.097010	0.126360	1
1.00	0.181172	0.121429	0.145403	0.001415	0.007812	0.002397	0.181172	0.097010	0.126360	1
1.00	0.181172	0.121429	0.145403	0.001415	0.007812	0.002397	0.181172	0.097010	0.126360	1
1.00	0.181172	0.121429	0.145403	0.001415	0.007812	0.002397	0.181172	0.097010	0.126360	1
1.00	0.181172	0.121429	0.145403	0.001415	0.007812	0.002397	0.181172	0.097010	0.126360	1
1.00	0.181172	0.121429	0.145403	0.001415	0.007812	0.002397	0.181172	0.097010	0.126360	1
1.00	0.181172	0.121429	0.145403	0.001415	0.007812	0.002397	0.181172	0.097010	0.126360	1
1.00	0.181172	0.121429	0.145403	0.001415	0.007812	0.002397	0.181172	0.097010	0.126360	1
1.00	0.181172	0.121429	0.145403	0.001415	0.007812	0.002397	0.181172	0.097010	0.126360	1
1.00	0.181172	0.121429	0.145403	0.001415	0.007812	0.002397	0.181172	0.097010	0.126360	1
1.00	0.181172	0.121429	0.145403	0.001415	0.007812	0.002397	0.181172	0.097010	0.126360	1
1.00	0.181172	0.121429	0.145403	0.001415	0.007812	0.002397	0.181172	0.097010	0.126360	1
1.00	0.181172	0.121429	0.145403	0.001415	0.007812	0.002397	0.181172	0.097010	0.126360	1
1.00	0.181172	0.121429	0.145403	0.001415	0.007812	0.002397	0.181172	0.097010	0.126360	1
1.00	0.181172	0.121429	0.145403	0.001415	0.007812	0.002397	0.181172	0.097010	0.126360	1
1.00	0.181172	0.121429	0.145403	0.001415	0.007812	0.002397	0.181172	0.097010	0.126360	1
1.00	0.181172	0.121429	0.145403	0.001415	0.007812	0.002397	0.181172	0.097010	0.126360	1
1.00	0.181172	0.121429	0.145403	0.001415	0.007812	0.002397	0.181172	0.097010	0.126360	1
1.00	0.181172	0.121429	0.145403	0.001415	0.007812	0.002397	0.181172	0.097010	0.126360	1
1.00	0.181172	0.121429	0.145403	0.001415	0.007812	0.002397	0.181172	0.097010	0.126360	1
1.00	0.181172	0.121429	0.145403	0.001415	0.007812	0.002397	0.181172	0.097010	0.126360	1
1.00	0.181172	0.121429	0.145403	0.001415	0.007812	0.002397	0.181172	0.097010	0.126360	1
1.00	0.181172	0.121429	0.145403	0.001415	0.007812	0.002397	0.181172	0.097010	0.126360	1
1.00	0.181172	0.121429	0.145403	0.001415	0.007812	0.002397	0.181172	0.097010	0.126360	1
1.00	0.181172	0.121429	0.145403	0.001415	0.007812	0.002397	0.181172	0.097010	0.126360	1
1.00	0.181172	0.121429	0.145403	0.001415	0.007812	0.002397	0.181172	0.097010	0.126360	1
1.00	0.181172	0.121429	0.145403	0.001415	0.007812	0.002397	0.181172	0.097010	0.126360	1
1.00	0.181172	0.121429	0.145403	0.001415	0.007812	0.002397	0.181172	0.097010	0.126360	1
1.00	0.181172	0.121429	0.145403	0.001415	0.007812	0.002397	0.181172	0.097010	0.126360	1
1.00	0.181172	0.121429	0.145403	0.001415	0.007812	0.002397	0.181172	0.097010	0.126360	1
1.00	0.181172	0.121429	0.145403	0.001415	0.007812	0.002397	0.181172	0.097010	0.126360	1
1.00	0.181172	0.121429	0.145403	0.001415	0.007812	0.002397	0.181172	0.097010	0.126360	1
1.00	0.181172	0.121429	0.145403	0.001415	0.007812	0.002397	0.181172	0.097010	0.126360	1
1.00	0.181172	0.121429	0.145403	0.001415	0.007812	0.002397	0.181172	0.097010	0.126360	1
1.00	0.181172	0.121429	0.145403	0.001415	0.007812	0.002397	0.181172	0.097010	0.126360	1
1.00	0.181172	0.121429	0.145403	0.001415	0.007812	0.002397	0.181172	0.097010	0.126360	1
1.00	0.181172	0.121429	0.145403	0.001415	0.007812	0.002397	0.181172	0.097010	0.126360	1
1.00	0.181172	0.121429	0.145403	0.001415	0.007812	0.002397	0.181172	0.097010	0.126360	1
1.00	0.181172	0.121429	0.145403	0.001415	0.007812	0.002397	0.181172	0.097010	0.126360	1
1.00	0.181172	0.121429	0.145403	0.001415	0.007812	0.002397	0.181172	0.097010	0.126360	1
1.00	0.181172	0.121429	0.145403	0.001415	0.007812	0.002397	0.181172	0.097010	0.126360	1
1.00	0.181172	0.121429	0.145403	0.001415	0.007812	0.002397	0.181172	0.097010	0.126360	1
1.00	0.181172	0.121429	0.145403	0.001415	0.007812	0.002397	0.181172	0.097010	0.126360	1
1.00	0.181172	0.121429	0.145403	0.001415	0.007812	0.002397	0.181172	0.097010	0.126360	1
1.00	0.181172	0.121429	0.145403	0.001415	0.007812	0.002397	0.181172	0.097010	0.126360	1
1.00	0.181172	0.121429	0.145403	0.001415	0.007812	0.002397	0.181172	0.097010	0.126360	1
1.00	0.181172	0.121429	0.145403	0.001415	0.007812	0.002397	0.181172	0.097010	0.126360	1
1.00	0.181172	0.121429	0.145403	0.001415	0.007812	0.002397	0.181172	0.097010	0.126360	1
1.00	0.181172	0.121429	0.145403	0.001415	0.007812	0.002397	0.181172	0.097010	0.126360	1
