Fri Aug 27 18:50:01 2021
63.92	0.012516	0.498442	0.024418	0.008544	0.114870	0.015904	0.012532	0.502000	0.024454	93
55.05	0.010098	0.372619	0.019664	0.006716	0.176667	0.012940	0.010154	0.348905	0.019735	86
46.52	0.008477	0.264286	0.016427	0.005982	0.154572	0.011519	0.008469	0.236886	0.016354	79
37.68	0.006788	0.171429	0.013059	0.006953	0.124778	0.013172	0.006643	0.148224	0.012717	69
27.58	0.004958	0.091667	0.009407	0.007134	0.097142	0.013293	0.004741	0.077117	0.008933	57
19.00	0.003459	0.044048	0.006414	0.001679	0.069180	0.003278	0.003539	0.038040	0.006475	50
12.43	0.003143	0.026190	0.005613	0.001090	0.053555	0.002137	0.003079	0.024719	0.005476	43
8.07	0.002202	0.011905	0.003717	0.000196	0.031250	0.000390	0.002278	0.012137	0.003836	33
5.21	0.003065	0.010714	0.004767	0.000194	0.027344	0.000385	0.003138	0.010361	0.004817	24
3.53	0.004527	0.010714	0.006365	0.000257	0.027344	0.000509	0.004559	0.010361	0.006332	17
2.36	0.006787	0.010714	0.008310	0.000387	0.027344	0.000763	0.006069	0.010361	0.007654	13
1.55	0.006865	0.007143	0.007001	0.000291	0.017578	0.000573	0.007105	0.006217	0.006631	8
1.12	0.006319	0.004762	0.005431	0.000279	0.007161	0.000537	0.006217	0.004737	0.005377	7
1.00	0.008850	0.005952	0.007117	0.000255	0.009766	0.000498	0.008881	0.005329	0.006661	8
1.00	0.007105	0.004762	0.005702	0.000162	0.007161	0.000317	0.007105	0.004737	0.005684	7
1.00	0.008881	0.005952	0.007128	0.000172	0.008138	0.000336	0.008881	0.006513	0.007515	7
1.00	0.010657	0.007143	0.008553	0.000185	0.009115	0.000362	0.010657	0.008289	0.009325	8
1.00	0.010657	0.007143	0.008553	0.000174	0.009115	0.000342	0.010657	0.008289	0.009325	8
1.00	0.010657	0.007143	0.008553	0.000172	0.009115	0.000337	0.010657	0.008289	0.009325	8
1.00	0.010657	0.007143	0.008553	0.000175	0.009115	0.000343	0.010657	0.008289	0.009325	7
1.00	0.008881	0.005952	0.007128	0.000093	0.004883	0.000183	0.008881	0.008881	0.008881	8
1.00	0.014210	0.009524	0.011404	0.000142	0.007812	0.000279	0.014210	0.014210	0.014210	7
1.00	0.014210	0.009524	0.011404	0.000133	0.007812	0.000262	0.014210	0.014210	0.014210	6
1.00	0.015986	0.010714	0.012830	0.000840	0.007889	0.001519	0.015986	0.015098	0.015529	4
1.00	0.015986	0.010714	0.012830	0.000575	0.006989	0.001062	0.015986	0.014210	0.015045	4
1.00	0.035524	0.023810	0.028510	0.001392	0.007832	0.002364	0.035524	0.027531	0.031021	3
1.00	0.076377	0.051190	0.061297	0.001657	0.009593	0.002826	0.076377	0.051806	0.061736	3
1.00	0.111901	0.075000	0.089808	0.001494	0.008425	0.002539	0.111901	0.066015	0.083041	3
1.00	0.134991	0.090476	0.108339	0.001410	0.007621	0.002379	0.134991	0.077265	0.098278	2
1.00	0.172291	0.115476	0.138275	0.001790	0.008330	0.002947	0.172291	0.094050	0.121678	2
1.00	0.179396	0.120238	0.143977	0.001409	0.007736	0.002384	0.179396	0.096418	0.125425	2
1.00	0.181172	0.121429	0.145403	0.001415	0.007812	0.002397	0.181172	0.097010	0.126360	1
1.00	0.181172	0.121429	0.145403	0.001415	0.007812	0.002397	0.181172	0.097010	0.126360	1
1.00	0.181172	0.121429	0.145403	0.001415	0.007812	0.002397	0.181172	0.097010	0.126360	1
1.00	0.181172	0.121429	0.145403	0.001415	0.007812	0.002397	0.181172	0.097010	0.126360	1
1.00	0.181172	0.121429	0.145403	0.001415	0.007812	0.002397	0.181172	0.097010	0.126360	1
1.00	0.181172	0.121429	0.145403	0.001415	0.007812	0.002397	0.181172	0.097010	0.126360	1
1.00	0.181172	0.121429	0.145403	0.001415	0.007812	0.002397	0.181172	0.097010	0.126360	1
1.00	0.181172	0.121429	0.145403	0.001415	0.007812	0.002397	0.181172	0.097010	0.126360	1
1.00	0.181172	0.121429	0.145403	0.001415	0.007812	0.002397	0.181172	0.097010	0.126360	1
1.00	0.181172	0.121429	0.145403	0.001415	0.007812	0.002397	0.181172	0.097010	0.126360	1
1.00	0.181172	0.121429	0.145403	0.001415	0.007812	0.002397	0.181172	0.097010	0.126360	1
1.00	0.181172	0.121429	0.145403	0.001415	0.007812	0.002397	0.181172	0.097010	0.126360	1
1.00	0.181172	0.121429	0.145403	0.001415	0.007812	0.002397	0.181172	0.097010	0.126360	1
1.00	0.181172	0.121429	0.145403	0.001415	0.007812	0.002397	0.181172	0.097010	0.126360	1
1.00	0.181172	0.121429	0.145403	0.001415	0.007812	0.002397	0.181172	0.097010	0.126360	1
1.00	0.181172	0.121429	0.145403	0.001415	0.007812	0.002397	0.181172	0.097010	0.126360	1
1.00	0.181172	0.121429	0.145403	0.001415	0.007812	0.002397	0.181172	0.097010	0.126360	1
1.00	0.181172	0.121429	0.145403	0.001415	0.007812	0.002397	0.181172	0.097010	0.126360	1
1.00	0.181172	0.121429	0.145403	0.001415	0.007812	0.002397	0.181172	0.097010	0.126360	1
1.00	0.181172	0.121429	0.145403	0.001415	0.007812	0.002397	0.181172	0.097010	0.126360	1
1.00	0.181172	0.121429	0.145403	0.001415	0.007812	0.002397	0.181172	0.097010	0.126360	1
1.00	0.181172	0.121429	0.145403	0.001415	0.007812	0.002397	0.181172	0.097010	0.126360	1
1.00	0.181172	0.121429	0.145403	0.001415	0.007812	0.002397	0.181172	0.097010	0.126360	1
1.00	0.181172	0.121429	0.145403	0.001415	0.007812	0.002397	0.181172	0.097010	0.126360	1
1.00	0.181172	0.121429	0.145403	0.001415	0.007812	0.002397	0.181172	0.097010	0.126360	1
1.00	0.181172	0.121429	0.145403	0.001415	0.007812	0.002397	0.181172	0.097010	0.126360	1
1.00	0.181172	0.121429	0.145403	0.001415	0.007812	0.002397	0.181172	0.097010	0.126360	1
1.00	0.181172	0.121429	0.145403	0.001415	0.007812	0.002397	0.181172	0.097010	0.126360	1
1.00	0.181172	0.121429	0.145403	0.001415	0.007812	0.002397	0.181172	0.097010	0.126360	1
1.00	0.181172	0.121429	0.145403	0.001415	0.007812	0.002397	0.181172	0.097010	0.126360	1
1.00	0.181172	0.121429	0.145403	0.001415	0.007812	0.002397	0.181172	0.097010	0.126360	1
1.00	0.181172	0.121429	0.145403	0.001415	0.007812	0.002397	0.181172	0.097010	0.126360	1
1.00	0.181172	0.121429	0.145403	0.001415	0.007812	0.002397	0.181172	0.097010	0.126360	1
1.00	0.181172	0.121429	0.145403	0.001415	0.007812	0.002397	0.181172	0.097010	0.126360	1
1.00	0.181172	0.121429	0.145403	0.001415	0.007812	0.002397	0.181172	0.097010	0.126360	1
1.00	0.181172	0.121429	0.145403	0.001415	0.007812	0.002397	0.181172	0.097010	0.126360	1
1.00	0.181172	0.121429	0.145403	0.001415	0.007812	0.002397	0.181172	0.097010	0.126360	1
1.00	0.181172	0.121429	0.145403	0.001415	0.007812	0.002397	0.181172	0.097010	0.126360	1
1.00	0.181172	0.121429	0.145403	0.001415	0.007812	0.002397	0.181172	0.097010	0.126360	1
1.00	0.181172	0.121429	0.145403	0.001415	0.007812	0.002397	0.181172	0.097010	0.126360	1
1.00	0.181172	0.121429	0.145403	0.001415	0.007812	0.002397	0.181172	0.097010	0.126360	1
1.00	0.181172	0.121429	0.145403	0.001415	0.007812	0.002397	0.181172	0.097010	0.126360	1
1.00	0.181172	0.121429	0.145403	0.001415	0.007812	0.002397	0.181172	0.097010	0.126360	1
1.00	0.181172	0.121429	0.145403	0.001415	0.007812	0.002397	0.181172	0.097010	0.126360	1
1.00	0.181172	0.121429	0.145403	0.001415	0.007812	0.002397	0.181172	0.097010	0.126360	1

Fri Aug 27 19:03:03 2021
69.30	0.013853	0.598131	0.027078	0.010706	0.114820	0.019586	0.013809	0.514167	0.026896	92
59.64	0.011705	0.467857	0.022839	0.007931	0.170728	0.015157	0.011731	0.399615	0.022792	90
48.65	0.012997	0.423810	0.025221	0.006309	0.149321	0.012107	0.013002	0.363973	0.025107	80
36.99	0.015656	0.388095	0.030097	0.006755	0.119311	0.012787	0.015666	0.332771	0.029924	76
26.89	0.019289	0.347619	0.036550	0.005035	0.096495	0.009570	0.019213	0.301243	0.036123	65
18.19	0.021387	0.260714	0.039531	0.004770	0.080597	0.009008	0.021659	0.217111	0.039389	49
11.24	0.022275	0.167857	0.039331	0.003655	0.046838	0.006781	0.023458	0.131498	0.039813	42
7.18	0.028684	0.138095	0.047502	0.002059	0.035261	0.003890	0.030055	0.107519	0.046978	32
4.67	0.043015	0.134524	0.065186	0.001757	0.032528	0.003333	0.049302	0.105447	0.067190	21
3.03	0.060926	0.123810	0.081665	0.001504	0.019531	0.002793	0.079248	0.098046	0.087651	14
2.00	0.091637	0.122619	0.104888	0.001437	0.011719	0.002559	0.120189	0.097454	0.107634	10
1.56	0.117580	0.122619	0.120047	0.001458	0.011719	0.002594	0.139136	0.097454	0.114623	5
1.33	0.136546	0.121429	0.128544	0.001482	0.011642	0.002629	0.157194	0.096566	0.119637	3
1.13	0.160377	0.121429	0.138211	0.001547	0.011642	0.002731	0.171403	0.096566	0.123535	3
1.02	0.177083	0.121429	0.144068	0.001670	0.011642	0.002921	0.180284	0.096862	0.126018	2
1.00	0.179078	0.120238	0.143875	0.001443	0.007736	0.002432	0.179396	0.096418	0.125425	2
1.00	0.181172	0.121429	0.145403	0.001446	0.007812	0.002441	0.181172	0.097010	0.126360	2
1.00	0.181172	0.121429	0.145403	0.001436	0.007812	0.002426	0.181172	0.097010	0.126360	2
1.00	0.181172	0.121429	0.145403	0.001423	0.007812	0.002407	0.181172	0.097010	0.126360	2
1.00	0.181172	0.121429	0.145403	0.001418	0.007812	0.002400	0.181172	0.097010	0.126360	2
1.00	0.181172	0.121429	0.145403	0.001415	0.007812	0.002397	0.181172	0.097010	0.126360	1
1.00	0.181172	0.121429	0.145403	0.001415	0.007812	0.002397	0.181172	0.097010	0.126360	1
1.00	0.181172	0.121429	0.145403	0.001415	0.007812	0.002397	0.181172	0.097010	0.126360	1
1.00	0.181172	0.121429	0.145403	0.001415	0.007812	0.002397	0.181172	0.097010	0.126360	1
1.00	0.181172	0.121429	0.145403	0.001415	0.007812	0.002397	0.181172	0.097010	0.126360	1
1.00	0.181172	0.121429	0.145403	0.001415	0.007812	0.002397	0.181172	0.097010	0.126360	1
1.00	0.181172	0.121429	0.145403	0.001415	0.007812	0.002397	0.181172	0.097010	0.126360	1
1.00	0.181172	0.121429	0.145403	0.001415	0.007812	0.002397	0.181172	0.097010	0.126360	1
1.00	0.181172	0.121429	0.145403	0.001415	0.007812	0.002397	0.181172	0.097010	0.126360	1
1.00	0.181172	0.121429	0.145403	0.001415	0.007812	0.002397	0.181172	0.097010	0.126360	1
1.00	0.182948	0.122619	0.146828	0.009230	0.007845	0.008481	0.182948	0.098786	0.128297	2
1.00	0.182948	0.122619	0.146828	0.009230	0.007845	0.008481	0.182948	0.098786	0.128297	2
1.00	0.195382	0.130952	0.156807	0.009248	0.008069	0.008618	0.195382	0.111220	0.141750	2
1.00	0.253996	0.170238	0.203849	0.007438	0.009036	0.008159	0.253996	0.170278	0.203878	2
1.00	0.337478	0.226190	0.270848	0.007007	0.010051	0.008257	0.337478	0.257904	0.292373	2
1.00	0.433393	0.290476	0.347826	0.006493	0.010621	0.008059	0.433393	0.365956	0.396830	2
1.00	0.460036	0.308333	0.369209	0.006127	0.009318	0.007393	0.460036	0.418354	0.438206	2
1.00	0.438721	0.294048	0.352103	0.005584	0.008042	0.006591	0.438721	0.410894	0.424352	2
1.00	0.433393	0.290476	0.347826	0.003398	0.007812	0.004736	0.433393	0.408526	0.420592	2
1.00	0.433393	0.290476	0.347826	0.003386	0.007812	0.004724	0.433393	0.408526	0.420592	1
1.00	0.433393	0.290476	0.347826	0.003386	0.007812	0.004724	0.433393	0.408526	0.420592	1
1.00	0.433393	0.290476	0.347826	0.003386	0.007812	0.004724	0.433393	0.408526	0.420592	1
1.00	0.433393	0.290476	0.347826	0.003386	0.007812	0.004724	0.433393	0.408526	0.420592	1
1.00	0.433393	0.290476	0.347826	0.003386	0.007812	0.004724	0.433393	0.408526	0.420592	1
1.00	0.433393	0.290476	0.347826	0.003386	0.007812	0.004724	0.433393	0.408526	0.420592	1
1.00	0.433393	0.290476	0.347826	0.003386	0.007812	0.004724	0.433393	0.408526	0.420592	1
1.00	0.433393	0.290476	0.347826	0.003386	0.007812	0.004724	0.433393	0.408526	0.420592	1
1.00	0.433393	0.290476	0.347826	0.003386	0.007812	0.004724	0.433393	0.408526	0.420592	1
1.00	0.433393	0.290476	0.347826	0.003386	0.007812	0.004724	0.433393	0.408526	0.420592	1
1.00	0.433393	0.290476	0.347826	0.003386	0.007812	0.004724	0.433393	0.408526	0.420592	1
1.00	0.433393	0.290476	0.347826	0.003386	0.007812	0.004724	0.433393	0.408526	0.420592	1
1.00	0.433393	0.290476	0.347826	0.003386	0.007812	0.004724	0.433393	0.408526	0.420592	1
1.00	0.433393	0.290476	0.347826	0.003386	0.007812	0.004724	0.433393	0.408526	0.420592	1
1.00	0.433393	0.290476	0.347826	0.003386	0.007812	0.004724	0.433393	0.408526	0.420592	1
1.00	0.433393	0.290476	0.347826	0.003386	0.007812	0.004724	0.433393	0.408526	0.420592	1
1.00	0.433393	0.290476	0.347826	0.003386	0.007812	0.004724	0.433393	0.408526	0.420592	1
1.00	0.433393	0.290476	0.347826	0.003386	0.007812	0.004724	0.433393	0.408526	0.420592	1
1.00	0.433393	0.290476	0.347826	0.003386	0.007812	0.004724	0.433393	0.408526	0.420592	1
1.00	0.433393	0.290476	0.347826	0.003386	0.007812	0.004724	0.433393	0.408526	0.420592	1
1.00	0.433393	0.290476	0.347826	0.003386	0.007812	0.004724	0.433393	0.408526	0.420592	1
1.00	0.433393	0.290476	0.347826	0.003386	0.007812	0.004724	0.433393	0.408526	0.420592	1
1.00	0.433393	0.290476	0.347826	0.003386	0.007812	0.004724	0.433393	0.408526	0.420592	1
1.00	0.433393	0.290476	0.347826	0.003386	0.007812	0.004724	0.433393	0.408526	0.420592	1
1.00	0.433393	0.290476	0.347826	0.003386	0.007812	0.004724	0.433393	0.408526	0.420592	1
1.00	0.433393	0.290476	0.347826	0.003386	0.007812	0.004724	0.433393	0.408526	0.420592	1
1.00	0.433393	0.290476	0.347826	0.003386	0.007812	0.004724	0.433393	0.408526	0.420592	1
1.00	0.433393	0.290476	0.347826	0.003386	0.007812	0.004724	0.433393	0.408526	0.420592	1
1.00	0.433393	0.290476	0.347826	0.003386	0.007812	0.004724	0.433393	0.408526	0.420592	1
1.00	0.433393	0.290476	0.347826	0.003386	0.007812	0.004724	0.433393	0.408526	0.420592	1
1.00	0.433393	0.290476	0.347826	0.003386	0.007812	0.004724	0.433393	0.408526	0.420592	1
1.00	0.433393	0.290476	0.347826	0.003386	0.007812	0.004724	0.433393	0.408526	0.420592	1
1.00	0.433393	0.290476	0.347826	0.003386	0.007812	0.004724	0.433393	0.408526	0.420592	1
1.00	0.433393	0.290476	0.347826	0.003386	0.007812	0.004724	0.433393	0.408526	0.420592	1
1.00	0.433393	0.290476	0.347826	0.003386	0.007812	0.004724	0.433393	0.408526	0.420592	1
1.00	0.433393	0.290476	0.347826	0.003386	0.007812	0.004724	0.433393	0.408526	0.420592	1
1.00	0.433393	0.290476	0.347826	0.003386	0.007812	0.004724	0.433393	0.408526	0.420592	1
1.00	0.433393	0.290476	0.347826	0.003386	0.007812	0.004724	0.433393	0.408526	0.420592	1
1.00	0.433393	0.290476	0.347826	0.003386	0.007812	0.004724	0.433393	0.408526	0.420592	1
1.00	0.433393	0.290476	0.347826	0.003386	0.007812	0.004724	0.433393	0.408526	0.420592	1
1.00	0.433393	0.290476	0.347826	0.003386	0.007812	0.004724	0.433393	0.408526	0.420592	1
1.00	0.433393	0.290476	0.347826	0.003386	0.007812	0.004724	0.433393	0.408526	0.420592	1
1.00	0.433393	0.290476	0.347826	0.003386	0.007812	0.004724	0.433393	0.408526	0.420592	1
1.00	0.433393	0.290476	0.347826	0.003386	0.007812	0.004724	0.433393	0.408526	0.420592	1
1.00	0.433393	0.290476	0.347826	0.003386	0.007812	0.004724	0.433393	0.408526	0.420592	1
1.00	0.433393	0.290476	0.347826	0.003386	0.007812	0.004724	0.433393	0.408526	0.420592	1
1.00	0.433393	0.290476	0.347826	0.003386	0.007812	0.004724	0.433393	0.408526	0.420592	1
1.00	0.433393	0.290476	0.347826	0.003386	0.007812	0.004724	0.433393	0.408526	0.420592	1
1.00	0.433393	0.290476	0.347826	0.003386	0.007812	0.004724	0.433393	0.408526	0.420592	1
1.00	0.433393	0.290476	0.347826	0.003386	0.007812	0.004724	0.433393	0.408526	0.420592	1
1.00	0.433393	0.290476	0.347826	0.003386	0.007812	0.004724	0.433393	0.408526	0.420592	1
1.00	0.433393	0.290476	0.347826	0.003386	0.007812	0.004724	0.433393	0.408526	0.420592	1
1.00	0.433393	0.290476	0.347826	0.003386	0.007812	0.004724	0.433393	0.408526	0.420592	1
1.00	0.433393	0.290476	0.347826	0.003386	0.007812	0.004724	0.433393	0.408526	0.420592	1
1.00	0.433393	0.290476	0.347826	0.003386	0.007812	0.004724	0.433393	0.408526	0.420592	1
1.00	0.433393	0.290476	0.347826	0.003386	0.007812	0.004724	0.433393	0.408526	0.420592	1
1.00	0.433393	0.290476	0.347826	0.003386	0.007812	0.004724	0.433393	0.408526	0.420592	1
1.00	0.433393	0.290476	0.347826	0.003386	0.007812	0.004724	0.433393	0.408526	0.420592	1
1.00	0.433393	0.290476	0.347826	0.003386	0.007812	0.004724	0.433393	0.408526	0.420592	1
1.00	0.433393	0.290476	0.347826	0.003386	0.007812	0.004724	0.433393	0.408526	0.420592	1
1.00	0.433393	0.290476	0.347826	0.003386	0.007812	0.004724	0.433393	0.408526	0.420592	1
1.00	0.433393	0.290476	0.347826	0.003386	0.007812	0.004724	0.433393	0.408526	0.420592	1
1.00	0.433393	0.290476	0.347826	0.003386	0.007812	0.004724	0.433393	0.408526	0.420592	1
1.00	0.433393	0.290476	0.347826	0.003386	0.007812	0.004724	0.433393	0.408526	0.420592	1
1.00	0.433393	0.290476	0.347826	0.003386	0.007812	0.004724	0.433393	0.408526	0.420592	1
1.00	0.433393	0.290476	0.347826	0.003386	0.007812	0.004724	0.433393	0.408526	0.420592	1
1.00	0.433393	0.290476	0.347826	0.003386	0.007812	0.004724	0.433393	0.408526	0.420592	1
1.00	0.433393	0.290476	0.347826	0.003386	0.007812	0.004724	0.433393	0.408526	0.420592	1
1.00	0.433393	0.290476	0.347826	0.003386	0.007812	0.004724	0.433393	0.408526	0.420592	1
1.00	0.433393	0.290476	0.347826	0.003386	0.007812	0.004724	0.433393	0.408526	0.420592	1
1.00	0.433393	0.290476	0.347826	0.003386	0.007812	0.004724	0.433393	0.408526	0.420592	1
1.00	0.433393	0.290476	0.347826	0.003386	0.007812	0.004724	0.433393	0.408526	0.420592	1
1.00	0.433393	0.290476	0.347826	0.003386	0.007812	0.004724	0.433393	0.408526	0.420592	1
1.00	0.433393	0.290476	0.347826	0.003386	0.007812	0.004724	0.433393	0.408526	0.420592	1
1.00	0.433393	0.290476	0.347826	0.003386	0.007812	0.004724	0.433393	0.408526	0.420592	1
1.00	0.433393	0.290476	0.347826	0.003386	0.007812	0.004724	0.433393	0.408526	0.420592	1
1.00	0.433393	0.290476	0.347826	0.003386	0.007812	0.004724	0.433393	0.408526	0.420592	1
1.00	0.433393	0.290476	0.347826	0.003386	0.007812	0.004724	0.433393	0.408526	0.420592	1
1.00	0.433393	0.290476	0.347826	0.003386	0.007812	0.004724	0.433393	0.408526	0.420592	1
1.00	0.433393	0.290476	0.347826	0.003386	0.007812	0.004724	0.433393	0.408526	0.420592	1
1.00	0.433393	0.290476	0.347826	0.003386	0.007812	0.004724	0.433393	0.408526	0.420592	1
1.00	0.433393	0.290476	0.347826	0.003386	0.007812	0.004724	0.433393	0.408526	0.420592	1
1.00	0.433393	0.290476	0.347826	0.003386	0.007812	0.004724	0.433393	0.408526	0.420592	1
1.00	0.433393	0.290476	0.347826	0.003386	0.007812	0.004724	0.433393	0.408526	0.420592	1
1.00	0.433393	0.290476	0.347826	0.003386	0.007812	0.004724	0.433393	0.408526	0.420592	1
1.00	0.433393	0.290476	0.347826	0.003386	0.007812	0.004724	0.433393	0.408526	0.420592	1
1.00	0.433393	0.290476	0.347826	0.003386	0.007812	0.004724	0.433393	0.408526	0.420592	1
1.00	0.433393	0.290476	0.347826	0.003386	0.007812	0.004724	0.433393	0.408526	0.420592	1
1.00	0.433393	0.290476	0.347826	0.003386	0.007812	0.004724	0.433393	0.408526	0.420592	1
1.00	0.433393	0.290476	0.347826	0.003386	0.007812	0.004724	0.433393	0.408526	0.420592	1
1.00	0.433393	0.290476	0.347826	0.003386	0.007812	0.004724	0.433393	0.408526	0.420592	1
1.00	0.433393	0.290476	0.347826	0.003386	0.007812	0.004724	0.433393	0.408526	0.420592	1
1.00	0.433393	0.290476	0.347826	0.003386	0.007812	0.004724	0.433393	0.408526	0.420592	1
1.00	0.433393	0.290476	0.347826	0.003386	0.007812	0.004724	0.433393	0.408526	0.420592	1
1.00	0.433393	0.290476	0.347826	0.003386	0.007812	0.004724	0.433393	0.408526	0.420592	1
1.00	0.433393	0.290476	0.347826	0.003386	0.007812	0.004724	0.433393	0.408526	0.420592	1
1.00	0.433393	0.290476	0.347826	0.003386	0.007812	0.004724	0.433393	0.408526	0.420592	1
1.00	0.433393	0.290476	0.347826	0.003386	0.007812	0.004724	0.433393	0.408526	0.420592	1
1.00	0.433393	0.290476	0.347826	0.003386	0.007812	0.004724	0.433393	0.408526	0.420592	1
1.00	0.433393	0.290476	0.347826	0.003386	0.007812	0.004724	0.433393	0.408526	0.420592	1
1.00	0.433393	0.290476	0.347826	0.003386	0.007812	0.004724	0.433393	0.408526	0.420592	1
1.00	0.433393	0.290476	0.347826	0.003386	0.007812	0.004724	0.433393	0.408526	0.420592	1
1.00	0.433393	0.290476	0.347826	0.003386	0.007812	0.004724	0.433393	0.408526	0.420592	1
1.00	0.433393	0.290476	0.347826	0.003386	0.007812	0.004724	0.433393	0.408526	0.420592	1
1.00	0.433393	0.290476	0.347826	0.003386	0.007812	0.004724	0.433393	0.408526	0.420592	1
1.00	0.433393	0.290476	0.347826	0.003386	0.007812	0.004724	0.433393	0.408526	0.420592	1
1.00	0.433393	0.290476	0.347826	0.003386	0.007812	0.004724	0.433393	0.408526	0.420592	1
1.00	0.433393	0.290476	0.347826	0.003386	0.007812	0.004724	0.433393	0.408526	0.420592	1
1.00	0.433393	0.290476	0.347826	0.003386	0.007812	0.004724	0.433393	0.408526	0.420592	1
1.00	0.433393	0.290476	0.347826	0.003386	0.007812	0.004724	0.433393	0.408526	0.420592	1
1.00	0.433393	0.290476	0.347826	0.003386	0.007812	0.004724	0.433393	0.408526	0.420592	1
1.00	0.433393	0.290476	0.347826	0.003386	0.007812	0.004724	0.433393	0.408526	0.420592	1
1.00	0.433393	0.290476	0.347826	0.003386	0.007812	0.004724	0.433393	0.408526	0.420592	1
1.00	0.433393	0.290476	0.347826	0.003386	0.007812	0.004724	0.433393	0.408526	0.420592	1
1.00	0.433393	0.290476	0.347826	0.003386	0.007812	0.004724	0.433393	0.408526	0.420592	1
1.00	0.433393	0.290476	0.347826	0.003386	0.007812	0.004724	0.433393	0.408526	0.420592	1
1.00	0.433393	0.290476	0.347826	0.003386	0.007812	0.004724	0.433393	0.408526	0.420592	1

Fri Aug 27 19:27:37 2021
62.55	0.006715	0.261682	0.013093	0.010289	0.092518	0.018518	0.006676	0.274500	0.013035	96
51.90	0.004826	0.167857	0.009382	0.010130	0.151402	0.018989	0.004800	0.157697	0.009317	91
42.27	0.003908	0.110714	0.007550	0.008102	0.102213	0.015014	0.003923	0.109828	0.007575	82
33.24	0.004222	0.094048	0.008081	0.003771	0.086991	0.007229	0.004260	0.097099	0.008163	70
25.10	0.005096	0.085714	0.009619	0.004314	0.082460	0.008200	0.005127	0.091178	0.009709	58
19.22	0.004713	0.060714	0.008746	0.005034	0.067178	0.009366	0.004794	0.071492	0.008986	46
14.68	0.004840	0.047619	0.008787	0.008496	0.046468	0.014365	0.004894	0.060835	0.009060	35
10.51	0.005069	0.035714	0.008878	0.000546	0.041541	0.001078	0.005048	0.046625	0.009110	27
6.93	0.004611	0.021429	0.007589	0.000428	0.029072	0.000844	0.004527	0.026199	0.007720	22
4.68	0.003416	0.010714	0.005180	0.000453	0.019106	0.000885	0.003392	0.012433	0.005330	14
3.46	0.001027	0.002381	0.001435	0.000116	0.008113	0.000228	0.001036	0.002664	0.001492	11
2.92	0.000608	0.001190	0.000805	0.000015	0.007812	0.000029	0.000592	0.000888	0.000710	6
2.61	0.000680	0.001190	0.000866	0.000016	0.007812	0.000032	0.000888	0.000888	0.000888	5
1.97	0.000902	0.001190	0.001026	0.000023	0.007812	0.000046	0.000888	0.000888	0.000888	3
1.35	0.000000	0.000000	0.000000	0.000000	0.000000	0.000000	0.000000	0.000000	0.000000	3
1.04	0.000000	0.000000	0.000000	0.000000	0.000000	0.000000	0.000000	0.000000	0.000000	3
1.00	0.005329	0.003571	0.004277	0.003348	0.000230	0.000430	0.005329	0.002664	0.003552	5
1.00	0.010657	0.007143	0.008553	0.002467	0.000460	0.000775	0.010657	0.004796	0.006615	5
1.00	0.044405	0.029762	0.035638	0.001760	0.001915	0.001834	0.044405	0.020782	0.028313	5
1.00	0.120782	0.080952	0.096935	0.001563	0.005208	0.002404	0.120782	0.062226	0.082136	5
1.00	0.168739	0.113095	0.135424	0.001436	0.007276	0.002398	0.168739	0.087981	0.115658	4
1.00	0.181172	0.121429	0.145403	0.001418	0.007812	0.002400	0.181172	0.097010	0.126360	2
1.00	0.181172	0.121429	0.145403	0.001415	0.007812	0.002397	0.181172	0.097010	0.126360	1
1.00	0.181172	0.121429	0.145403	0.001415	0.007812	0.002397	0.181172	0.097010	0.126360	1
1.00	0.181172	0.121429	0.145403	0.001415	0.007812	0.002397	0.181172	0.097010	0.126360	1
1.00	0.181172	0.121429	0.145403	0.001415	0.007812	0.002397	0.181172	0.097010	0.126360	1
1.00	0.181172	0.121429	0.145403	0.001415	0.007812	0.002397	0.181172	0.097010	0.126360	1
1.00	0.181172	0.121429	0.145403	0.001415	0.007812	0.002397	0.181172	0.097010	0.126360	1
1.00	0.181172	0.121429	0.145403	0.001415	0.007812	0.002397	0.181172	0.097010	0.126360	1
1.00	0.181172	0.121429	0.145403	0.001415	0.007812	0.002397	0.181172	0.097010	0.126360	1
1.00	0.181172	0.121429	0.145403	0.001415	0.007812	0.002397	0.181172	0.097010	0.126360	1
1.00	0.181172	0.121429	0.145403	0.001415	0.007812	0.002397	0.181172	0.097010	0.126360	1
1.00	0.181172	0.121429	0.145403	0.001415	0.007812	0.002397	0.181172	0.097010	0.126360	1
1.00	0.181172	0.121429	0.145403	0.001415	0.007812	0.002397	0.181172	0.097010	0.126360	1
1.00	0.181172	0.121429	0.145403	0.001415	0.007812	0.002397	0.181172	0.097010	0.126360	1
1.00	0.181172	0.121429	0.145403	0.001415	0.007812	0.002397	0.181172	0.097010	0.126360	1
1.00	0.181172	0.121429	0.145403	0.001415	0.007812	0.002397	0.181172	0.097010	0.126360	1
1.00	0.181172	0.121429	0.145403	0.001415	0.007812	0.002397	0.181172	0.097010	0.126360	1
1.00	0.181172	0.121429	0.145403	0.001415	0.007812	0.002397	0.181172	0.097010	0.126360	1
1.00	0.181172	0.121429	0.145403	0.001415	0.007812	0.002397	0.181172	0.097010	0.126360	1
1.00	0.181172	0.121429	0.145403	0.001415	0.007812	0.002397	0.181172	0.097010	0.126360	1
1.00	0.181172	0.121429	0.145403	0.001415	0.007812	0.002397	0.181172	0.097010	0.126360	1
1.00	0.181172	0.121429	0.145403	0.001415	0.007812	0.002397	0.181172	0.097010	0.126360	1
1.00	0.181172	0.121429	0.145403	0.001415	0.007812	0.002397	0.181172	0.097010	0.126360	1
1.00	0.181172	0.121429	0.145403	0.001415	0.007812	0.002397	0.181172	0.097010	0.126360	1
1.00	0.181172	0.121429	0.145403	0.001415	0.007812	0.002397	0.181172	0.097010	0.126360	1
1.00	0.181172	0.121429	0.145403	0.001415	0.007812	0.002397	0.181172	0.097010	0.126360	1
1.00	0.181172	0.121429	0.145403	0.001415	0.007812	0.002397	0.181172	0.097010	0.126360	1
1.00	0.181172	0.121429	0.145403	0.001415	0.007812	0.002397	0.181172	0.097010	0.126360	1
1.00	0.181172	0.121429	0.145403	0.001415	0.007812	0.002397	0.181172	0.097010	0.126360	1
1.00	0.181172	0.121429	0.145403	0.001415	0.007812	0.002397	0.181172	0.097010	0.126360	1
1.00	0.181172	0.121429	0.145403	0.001415	0.007812	0.002397	0.181172	0.097010	0.126360	1
1.00	0.181172	0.121429	0.145403	0.001415	0.007812	0.002397	0.181172	0.097010	0.126360	1
1.00	0.181172	0.121429	0.145403	0.001415	0.007812	0.002397	0.181172	0.097010	0.126360	1
1.00	0.181172	0.121429	0.145403	0.001415	0.007812	0.002397	0.181172	0.097010	0.126360	1
1.00	0.181172	0.121429	0.145403	0.001415	0.007812	0.002397	0.181172	0.097010	0.126360	1
1.00	0.181172	0.121429	0.145403	0.001415	0.007812	0.002397	0.181172	0.097010	0.126360	1
1.00	0.181172	0.121429	0.145403	0.001415	0.007812	0.002397	0.181172	0.097010	0.126360	1
1.00	0.181172	0.121429	0.145403	0.001415	0.007812	0.002397	0.181172	0.097010	0.126360	1
1.00	0.181172	0.121429	0.145403	0.001415	0.007812	0.002397	0.181172	0.097010	0.126360	1
1.00	0.181172	0.121429	0.145403	0.001415	0.007812	0.002397	0.181172	0.097010	0.126360	1
1.00	0.181172	0.121429	0.145403	0.001415	0.007812	0.002397	0.181172	0.097010	0.126360	1
1.00	0.181172	0.121429	0.145403	0.001415	0.007812	0.002397	0.181172	0.097010	0.126360	1
1.00	0.181172	0.121429	0.145403	0.001415	0.007812	0.002397	0.181172	0.097010	0.126360	1
1.00	0.181172	0.121429	0.145403	0.001415	0.007812	0.002397	0.181172	0.097010	0.126360	1
1.00	0.181172	0.121429	0.145403	0.001415	0.007812	0.002397	0.181172	0.097010	0.126360	1
1.00	0.181172	0.121429	0.145403	0.001415	0.007812	0.002397	0.181172	0.097010	0.126360	1
1.00	0.181172	0.121429	0.145403	0.001415	0.007812	0.002397	0.181172	0.097010	0.126360	1
1.00	0.181172	0.121429	0.145403	0.001415	0.007812	0.002397	0.181172	0.097010	0.126360	1
1.00	0.181172	0.121429	0.145403	0.001415	0.007812	0.002397	0.181172	0.097010	0.126360	1
1.00	0.181172	0.121429	0.145403	0.001415	0.007812	0.002397	0.181172	0.097010	0.126360	1
1.00	0.181172	0.121429	0.145403	0.001415	0.007812	0.002397	0.181172	0.097010	0.126360	1
1.00	0.181172	0.121429	0.145403	0.001415	0.007812	0.002397	0.181172	0.097010	0.126360	1
1.00	0.181172	0.121429	0.145403	0.001415	0.007812	0.002397	0.181172	0.097010	0.126360	1
1.00	0.181172	0.121429	0.145403	0.001415	0.007812	0.002397	0.181172	0.097010	0.126360	1
1.00	0.181172	0.121429	0.145403	0.001415	0.007812	0.002397	0.181172	0.097010	0.126360	1
1.00	0.181172	0.121429	0.145403	0.001415	0.007812	0.002397	0.181172	0.097010	0.126360	1
1.00	0.181172	0.121429	0.145403	0.001415	0.007812	0.002397	0.181172	0.097010	0.126360	1
1.00	0.181172	0.121429	0.145403	0.001415	0.007812	0.002397	0.181172	0.097010	0.126360	1
1.00	0.181172	0.121429	0.145403	0.001415	0.007812	0.002397	0.181172	0.097010	0.126360	1
1.00	0.181172	0.121429	0.145403	0.001415	0.007812	0.002397	0.181172	0.097010	0.126360	1
1.00	0.181172	0.121429	0.145403	0.001415	0.007812	0.002397	0.181172	0.097010	0.126360	1
1.00	0.181172	0.121429	0.145403	0.001415	0.007812	0.002397	0.181172	0.097010	0.126360	1
1.00	0.181172	0.121429	0.145403	0.001415	0.007812	0.002397	0.181172	0.097010	0.126360	1
1.00	0.181172	0.121429	0.145403	0.001415	0.007812	0.002397	0.181172	0.097010	0.126360	1
1.00	0.181172	0.121429	0.145403	0.001415	0.007812	0.002397	0.181172	0.097010	0.126360	1
1.00	0.181172	0.121429	0.145403	0.001415	0.007812	0.002397	0.181172	0.097010	0.126360	1
1.00	0.181172	0.121429	0.145403	0.001415	0.007812	0.002397	0.181172	0.097010	0.126360	1
1.00	0.181172	0.121429	0.145403	0.001415	0.007812	0.002397	0.181172	0.097010	0.126360	1

Fri Aug 27 19:43:50 2021
58.18	0.009367	0.339564	0.018232	0.006769	0.118679	0.012808	0.009367	0.268833	0.018103	92
47.26	0.007630	0.241667	0.014793	0.005720	0.144651	0.011005	0.007667	0.193961	0.014750	87
36.84	0.007762	0.191667	0.014920	0.006272	0.115942	0.011901	0.007779	0.155654	0.014817	77
27.58	0.007278	0.134524	0.013809	0.004857	0.095315	0.009243	0.007391	0.108082	0.013837	69
20.74	0.007365	0.102381	0.013741	0.003572	0.071316	0.006803	0.007502	0.076850	0.013670	50
14.87	0.007645	0.076190	0.013896	0.003613	0.046327	0.006704	0.007875	0.055417	0.013790	39
10.41	0.008705	0.060714	0.015226	0.002917	0.040679	0.005443	0.009037	0.044701	0.015034	32
7.63	0.010244	0.052381	0.017137	0.003739	0.021024	0.006349	0.010561	0.039964	0.016707	23
5.12	0.012132	0.041667	0.018792	0.002951	0.019369	0.005122	0.012116	0.031083	0.017436	15
3.44	0.010336	0.023810	0.014414	0.001138	0.011089	0.002064	0.009651	0.017762	0.012506	10
2.54	0.007692	0.013095	0.009692	0.001756	0.008821	0.002929	0.008141	0.009769	0.008881	7
1.72	0.006211	0.007143	0.006645	0.000123	0.006696	0.000242	0.006217	0.005329	0.005738	5
1.19	0.004491	0.003571	0.003979	0.000096	0.003348	0.000186	0.004440	0.002664	0.003330	5
1.02	0.005245	0.003571	0.004249	0.000116	0.003348	0.000224	0.004440	0.002664	0.003330	5
1.00	0.003552	0.002381	0.002851	0.000072	0.002232	0.000140	0.003552	0.001776	0.002368	6
1.00	0.005329	0.003571	0.004277	0.000100	0.003348	0.000194	0.005329	0.002664	0.003552	7
1.00	0.005329	0.003571	0.004277	0.000095	0.003348	0.000184	0.005329	0.002664	0.003552	7
1.00	0.007105	0.004762	0.005702	0.000119	0.004464	0.000232	0.007105	0.003552	0.004737	7
1.00	0.010657	0.007143	0.008553	0.003239	0.004560	0.003787	0.010657	0.005329	0.007105	7
1.00	0.015986	0.010714	0.012830	0.004991	0.004702	0.004843	0.015986	0.008348	0.010968	6
1.00	0.015986	0.010714	0.012830	0.003656	0.004702	0.004114	0.015986	0.008348	0.010968	6
1.00	0.019538	0.013095	0.015681	0.003475	0.005866	0.004365	0.019538	0.010124	0.013337	6
1.00	0.019538	0.013095	0.015681	0.003731	0.005866	0.004561	0.019538	0.010124	0.013337	7
1.00	0.019538	0.013095	0.015681	0.004004	0.004798	0.004365	0.019538	0.010124	0.013337	7
1.00	0.026643	0.017857	0.021383	0.009511	0.005104	0.006643	0.026643	0.012789	0.017282	8
1.00	0.040853	0.027381	0.032787	0.005976	0.005775	0.005874	0.040853	0.020782	0.027549	7
1.00	0.083481	0.055952	0.066999	0.003153	0.007729	0.004478	0.083481	0.044464	0.058024	7
1.00	0.174067	0.116667	0.139701	0.001556	0.007506	0.002578	0.174067	0.092866	0.121116	5
1.00	0.181172	0.121429	0.145403	0.001452	0.007812	0.002448	0.181172	0.097010	0.126360	3
1.00	0.181172	0.121429	0.145403	0.001415	0.007812	0.002397	0.181172	0.097010	0.126360	1
1.00	0.181172	0.121429	0.145403	0.001415	0.007812	0.002397	0.181172	0.097010	0.126360	1
1.00	0.181172	0.121429	0.145403	0.001415	0.007812	0.002397	0.181172	0.097010	0.126360	1
1.00	0.181172	0.121429	0.145403	0.001415	0.007812	0.002397	0.181172	0.097010	0.126360	1
1.00	0.181172	0.121429	0.145403	0.001415	0.007812	0.002397	0.181172	0.097010	0.126360	1
1.00	0.181172	0.121429	0.145403	0.001415	0.007812	0.002397	0.181172	0.097010	0.126360	1
1.00	0.181172	0.121429	0.145403	0.001415	0.007812	0.002397	0.181172	0.097010	0.126360	1
1.00	0.181172	0.121429	0.145403	0.001415	0.007812	0.002397	0.181172	0.097010	0.126360	1
1.00	0.181172	0.121429	0.145403	0.001415	0.007812	0.002397	0.181172	0.097010	0.126360	1
1.00	0.181172	0.121429	0.145403	0.001415	0.007812	0.002397	0.181172	0.097010	0.126360	1
1.00	0.181172	0.121429	0.145403	0.001415	0.007812	0.002397	0.181172	0.097010	0.126360	1
1.00	0.181172	0.121429	0.145403	0.001415	0.007812	0.002397	0.181172	0.097010	0.126360	1
1.00	0.181172	0.121429	0.145403	0.001415	0.007812	0.002397	0.181172	0.097010	0.126360	1
1.00	0.181172	0.121429	0.145403	0.001415	0.007812	0.002397	0.181172	0.097010	0.126360	1
1.00	0.181172	0.121429	0.145403	0.001415	0.007812	0.002397	0.181172	0.097010	0.126360	1
1.00	0.181172	0.121429	0.145403	0.001415	0.007812	0.002397	0.181172	0.097010	0.126360	1
1.00	0.181172	0.121429	0.145403	0.001415	0.007812	0.002397	0.181172	0.097010	0.126360	1
1.00	0.181172	0.121429	0.145403	0.001415	0.007812	0.002397	0.181172	0.097010	0.126360	1
1.00	0.181172	0.121429	0.145403	0.001415	0.007812	0.002397	0.181172	0.097010	0.126360	1
1.00	0.181172	0.121429	0.145403	0.001415	0.007812	0.002397	0.181172	0.097010	0.126360	1
1.00	0.181172	0.121429	0.145403	0.001415	0.007812	0.002397	0.181172	0.097010	0.126360	1
1.00	0.181172	0.121429	0.145403	0.001415	0.007812	0.002397	0.181172	0.097010	0.126360	1
1.00	0.181172	0.121429	0.145403	0.001415	0.007812	0.002397	0.181172	0.097010	0.126360	1
1.00	0.181172	0.121429	0.145403	0.001415	0.007812	0.002397	0.181172	0.097010	0.126360	1
1.00	0.181172	0.121429	0.145403	0.001415	0.007812	0.002397	0.181172	0.097010	0.126360	1
1.00	0.181172	0.121429	0.145403	0.001415	0.007812	0.002397	0.181172	0.097010	0.126360	1
1.00	0.181172	0.121429	0.145403	0.001415	0.007812	0.002397	0.181172	0.097010	0.126360	1
1.00	0.181172	0.121429	0.145403	0.001415	0.007812	0.002397	0.181172	0.097010	0.126360	1
1.00	0.181172	0.121429	0.145403	0.001415	0.007812	0.002397	0.181172	0.097010	0.126360	1
1.00	0.181172	0.121429	0.145403	0.001415	0.007812	0.002397	0.181172	0.097010	0.126360	1
1.00	0.181172	0.121429	0.145403	0.001415	0.007812	0.002397	0.181172	0.097010	0.126360	1
1.00	0.181172	0.121429	0.145403	0.001415	0.007812	0.002397	0.181172	0.097010	0.126360	1
1.00	0.181172	0.121429	0.145403	0.001415	0.007812	0.002397	0.181172	0.097010	0.126360	1
1.00	0.181172	0.121429	0.145403	0.001415	0.007812	0.002397	0.181172	0.097010	0.126360	1
1.00	0.181172	0.121429	0.145403	0.001415	0.007812	0.002397	0.181172	0.097010	0.126360	1
1.00	0.181172	0.121429	0.145403	0.001415	0.007812	0.002397	0.181172	0.097010	0.126360	1
