Sat Aug  7 14:52:44 2021
2998.15	0.000911	0.522488	0.001818	0.000608	0.042675	0.001199	0.000911	0.515451	0.001819	4784
1.00	0.379880	0.070716	0.119237	0.000065	0.000170	0.000094	0.379880	0.102836	0.161857	1
1.00	0.379880	0.070716	0.119237	0.000065	0.000170	0.000094	0.379880	0.102836	0.161857	1
1.00	0.379880	0.070716	0.119237	0.000065	0.000170	0.000094	0.379880	0.102836	0.161857	1
1.00	0.379880	0.070716	0.119237	0.000065	0.000170	0.000094	0.379880	0.102836	0.161857	1
1.00	0.379880	0.070716	0.119237	0.000065	0.000170	0.000094	0.379880	0.102836	0.161857	1
1.00	0.379880	0.070716	0.119237	0.000065	0.000170	0.000094	0.379880	0.102836	0.161857	1
1.00	0.379880	0.070716	0.119237	0.000065	0.000170	0.000094	0.379880	0.102836	0.161857	1
1.00	0.379880	0.070716	0.119237	0.000065	0.000170	0.000094	0.379880	0.102836	0.161857	1
1.00	0.379880	0.070716	0.119237	0.000065	0.000170	0.000094	0.379880	0.102836	0.161857	1
1.00	0.379880	0.070716	0.119237	0.000065	0.000170	0.000094	0.379880	0.102836	0.161857	1
1.00	0.379880	0.070716	0.119237	0.000065	0.000170	0.000094	0.379880	0.102836	0.161857	1
1.00	0.379880	0.070716	0.119237	0.000065	0.000170	0.000094	0.379880	0.102836	0.161857	1
1.00	0.379880	0.070716	0.119237	0.000065	0.000170	0.000094	0.379880	0.102836	0.161857	1
1.00	0.379880	0.070716	0.119237	0.000065	0.000170	0.000094	0.379880	0.102836	0.161857	1
1.00	0.379880	0.070716	0.119237	0.000065	0.000170	0.000094	0.379880	0.102836	0.161857	1
1.00	0.379880	0.070716	0.119237	0.000065	0.000170	0.000094	0.379880	0.102836	0.161857	1
1.00	0.379880	0.070716	0.119237	0.000065	0.000170	0.000094	0.379880	0.102836	0.161857	1
1.00	0.379880	0.070716	0.119237	0.000065	0.000170	0.000094	0.379880	0.102836	0.161857	1
1.00	0.379880	0.070716	0.119237	0.000065	0.000170	0.000094	0.379880	0.102836	0.161857	1
1.00	0.379880	0.070716	0.119237	0.000065	0.000170	0.000094	0.379880	0.102836	0.161857	1
1.00	0.379880	0.070716	0.119237	0.000065	0.000170	0.000094	0.379880	0.102836	0.161857	1
1.00	0.379880	0.070716	0.119237	0.000065	0.000170	0.000094	0.379880	0.102836	0.161857	1
1.00	0.379880	0.070716	0.119237	0.000065	0.000170	0.000094	0.379880	0.102836	0.161857	1
1.00	0.379880	0.070716	0.119237	0.000065	0.000170	0.000094	0.379880	0.102836	0.161857	1
1.00	0.515212	0.096245	0.162192	0.000665	0.000469	0.000550	0.515015	0.127132	0.203925	9
1.40	0.575909	0.150564	0.238718	0.004079	0.001561	0.002258	0.555490	0.180107	0.272017	57
1.64	0.546650	0.166496	0.255249	0.005830	0.002288	0.003287	0.519407	0.193245	0.281689	96
1.75	0.534094	0.174415	0.262958	0.007759	0.003184	0.004515	0.506027	0.201298	0.288021	135
1.81	0.518436	0.174229	0.260809	0.008293	0.003282	0.004703	0.487480	0.200996	0.284633	165
1.76	0.520798	0.170316	0.256687	0.008330	0.003161	0.004583	0.488734	0.197129	0.280941	163
1.87	0.511093	0.178142	0.264198	0.008809	0.003561	0.005071	0.487397	0.205367	0.288973	192

Sat Aug  7 19:15:30 2021
2991.09	0.000970	0.555024	0.001936	0.000786	0.039765	0.001542	0.000970	0.574068	0.001936	4775
1.00	0.379880	0.070716	0.119237	0.000065	0.000170	0.000094	0.379880	0.102836	0.161857	1
1.00	0.379880	0.070716	0.119237	0.000065	0.000170	0.000094	0.379880	0.102836	0.161857	1
1.00	0.379880	0.070716	0.119237	0.000065	0.000170	0.000094	0.379880	0.102836	0.161857	1
1.00	0.379880	0.070716	0.119237	0.000065	0.000170	0.000094	0.379880	0.102836	0.161857	1
1.00	0.379880	0.070716	0.119237	0.000065	0.000170	0.000094	0.379880	0.102836	0.161857	1
1.00	0.379880	0.070716	0.119237	0.000065	0.000170	0.000094	0.379880	0.102836	0.161857	1
1.00	0.379880	0.070716	0.119237	0.000065	0.000170	0.000094	0.379880	0.102836	0.161857	1
1.00	0.379880	0.070716	0.119237	0.000065	0.000170	0.000094	0.379880	0.102836	0.161857	1
1.00	0.379880	0.070716	0.119237	0.000065	0.000170	0.000094	0.379880	0.102836	0.161857	1
1.00	0.379880	0.070716	0.119237	0.000065	0.000170	0.000094	0.379880	0.102836	0.161857	1
1.00	0.379880	0.070716	0.119237	0.000065	0.000170	0.000094	0.379880	0.102836	0.161857	1
1.00	0.379880	0.070716	0.119237	0.000065	0.000170	0.000094	0.379880	0.102836	0.161857	1
1.00	0.379880	0.070716	0.119237	0.000065	0.000170	0.000094	0.379880	0.102836	0.161857	1
1.00	0.379880	0.070716	0.119237	0.000065	0.000170	0.000094	0.379880	0.102836	0.161857	1
1.00	0.379880	0.070716	0.119237	0.000065	0.000170	0.000094	0.379880	0.102836	0.161857	1
1.00	0.379880	0.070716	0.119237	0.000065	0.000170	0.000094	0.379880	0.102836	0.161857	1
1.00	0.379880	0.070716	0.119237	0.000065	0.000170	0.000094	0.379880	0.102836	0.161857	1
1.00	0.379880	0.070716	0.119237	0.000065	0.000170	0.000094	0.379880	0.102836	0.161857	1
1.00	0.379880	0.070716	0.119237	0.000065	0.000170	0.000094	0.379880	0.102836	0.161857	1
1.00	0.379880	0.070716	0.119237	0.000065	0.000170	0.000094	0.379880	0.102836	0.161857	1
1.00	0.379880	0.070716	0.119237	0.000065	0.000170	0.000094	0.379880	0.102836	0.161857	1
1.00	0.379880	0.070716	0.119237	0.000065	0.000170	0.000094	0.379880	0.102836	0.161857	1
1.05	0.442537	0.086462	0.144661	0.000681	0.000373	0.000482	0.426435	0.114203	0.180159	9
1.46	0.559891	0.152427	0.239619	0.003290	0.001480	0.002041	0.513001	0.176377	0.262502	43
1.72	0.538551	0.172459	0.261256	0.005404	0.002436	0.003359	0.501272	0.196063	0.281876	102
1.87	0.519164	0.180471	0.267837	0.008426	0.003591	0.005036	0.486476	0.204348	0.287802	168
1.88	0.514385	0.179912	0.266584	0.009502	0.004135	0.005762	0.483279	0.205052	0.287935	195
1.93	0.502727	0.180378	0.265496	0.009235	0.004151	0.005727	0.471253	0.205824	0.286511	201
1.96	0.499489	0.182055	0.266849	0.009787	0.004504	0.006169	0.469970	0.206956	0.287367	217
