
Wed Sep  1 21:01:50 2021
44.74	0.016987	0.550725	0.032958	0.014105	0.066455	0.023271	0.016846	0.550833	0.032691	89
40.11	0.016199	0.434854	0.031234	0.016706	0.345620	0.031872	0.015880	0.414551	0.030588	89
36.01	0.017777	0.428433	0.034137	0.017092	0.321303	0.032458	0.017391	0.410350	0.033368	89
32.03	0.019759	0.423505	0.037757	0.017567	0.307181	0.033234	0.019352	0.408128	0.036952	89
28.25	0.022050	0.416934	0.041884	0.018055	0.273578	0.033875	0.021700	0.403795	0.041187	89
24.78	0.024833	0.411857	0.046842	0.018767	0.252099	0.034933	0.024776	0.400095	0.046663	89
21.58	0.028187	0.407153	0.052725	0.019440	0.224026	0.035776	0.028646	0.397473	0.053441	89
18.70	0.032318	0.404390	0.059853	0.020230	0.193142	0.036624	0.033674	0.397547	0.062090	89
16.10	0.037262	0.401404	0.068193	0.021103	0.181195	0.037803	0.040140	0.396893	0.072907	89
13.75	0.042961	0.395430	0.077502	0.021912	0.158638	0.038505	0.048573	0.393124	0.086463	89
11.65	0.049667	0.387068	0.088037	0.022920	0.128912	0.038920	0.059490	0.387789	0.103155	89
9.79	0.058213	0.381319	0.101007	0.024230	0.112379	0.039865	0.073462	0.384311	0.123347	89
8.15	0.068192	0.371911	0.115252	0.025467	0.099333	0.040540	0.089454	0.378175	0.144685	89
6.73	0.080407	0.362129	0.131595	0.026433	0.093759	0.041239	0.107341	0.370151	0.166421	89
5.49	0.095617	0.351527	0.150341	0.027816	0.082387	0.041590	0.128616	0.361356	0.189710	89
4.45	0.113578	0.338087	0.170034	0.029280	0.072906	0.041780	0.150443	0.349083	0.210267	89
3.58	0.135116	0.323751	0.190660	0.029701	0.061835	0.040128	0.175625	0.335604	0.230583	88
2.89	0.160365	0.310685	0.211540	0.031280	0.052007	0.039064	0.202757	0.322931	0.249108	88
2.34	0.190177	0.298066	0.232201	0.033827	0.046037	0.038998	0.229040	0.311189	0.263869	85
1.93	0.223656	0.288584	0.252005	0.033135	0.037191	0.035046	0.256836	0.302668	0.277875	82
1.64	0.257092	0.281490	0.268739	0.034120	0.034662	0.034389	0.282790	0.295658	0.289081	77
1.42	0.289041	0.274322	0.281489	0.035013	0.031272	0.033037	0.303459	0.289113	0.296112	74
1.27	0.317959	0.271261	0.292760	0.035979	0.029134	0.032197	0.323691	0.287895	0.304745	68
1.18	0.341456	0.268872	0.300848	0.038240	0.027983	0.032317	0.338966	0.287030	0.310844	59
1.12	0.360280	0.268872	0.307936	0.035794	0.025851	0.030021	0.352871	0.288806	0.317640	52
1.07	0.373414	0.268050	0.312079	0.035962	0.025379	0.029758	0.362832	0.289085	0.321787	44
1.05	0.379515	0.266706	0.313265	0.035763	0.024852	0.029326	0.368489	0.289075	0.323987	40
1.03	0.378200	0.261405	0.309139	0.035647	0.024104	0.028761	0.369036	0.284139	0.321070	37
1.02	0.371149	0.254536	0.301975	0.036454	0.023667	0.028701	0.362797	0.276840	0.314043	36
1.02	0.361333	0.246024	0.292733	0.035436	0.022855	0.027788	0.354476	0.267961	0.305206	34
1.01	0.350928	0.237288	0.283131	0.033698	0.021970	0.026599	0.346145	0.259082	0.296351	30
1.01	0.335993	0.226387	0.270509	0.031486	0.021314	0.025420	0.332645	0.246069	0.282881	29
1.00	0.322107	0.216382	0.258866	0.030728	0.020786	0.024797	0.320261	0.234518	0.270763	25
1.00	0.307504	0.206227	0.246883	0.030907	0.020321	0.024520	0.306426	0.223305	0.258344	24
1.00	0.295487	0.198014	0.237124	0.031291	0.020030	0.024425	0.294823	0.213757	0.247829	21
1.00	0.284026	0.190249	0.227866	0.031758	0.019591	0.024233	0.283610	0.205500	0.238318	18
1.00	0.272494	0.182483	0.218585	0.033604	0.019230	0.024462	0.272230	0.196621	0.228329	15
1.00	0.263046	0.176137	0.210992	0.042898	0.018852	0.026193	0.262858	0.190076	0.220619	13
1.00	0.254434	0.170313	0.204043	0.043456	0.018471	0.025924	0.254491	0.183657	0.213348	10
1.00	0.246403	0.164937	0.197603	0.032417	0.018179	0.023295	0.246458	0.178106	0.206780	6
1.00	0.237729	0.159113	0.190634	0.032776	0.017793	0.023065	0.237755	0.171896	0.199531	6
1.00	0.230168	0.154036	0.184559	0.034255	0.017498	0.023163	0.230168	0.166336	0.193114	5
1.00	0.226487	0.151572	0.181607	0.039509	0.017313	0.024076	0.226487	0.163807	0.190114	5
1.00	0.223921	0.149854	0.179549	0.039432	0.017178	0.023931	0.223921	0.162282	0.188182	5
1.00	0.224702	0.150377	0.180175	0.039416	0.017190	0.023939	0.224702	0.163230	0.189096	5
1.00	0.226487	0.151572	0.181607	0.039183	0.017319	0.024021	0.226487	0.164383	0.190501	5
1.00	0.224032	0.149929	0.179639	0.028070	0.017342	0.021439	0.224032	0.162310	0.188241	4
1.00	0.221578	0.148286	0.177670	0.028257	0.017295	0.021457	0.221578	0.160270	0.186002	4
1.00	0.223028	0.149257	0.178833	0.027892	0.017431	0.021454	0.223028	0.161079	0.187058	4
1.00	0.228383	0.152841	0.183128	0.027627	0.017798	0.021649	0.228383	0.164249	0.191078	4
1.00	0.229834	0.153812	0.184291	0.027271	0.017957	0.021655	0.229834	0.165300	0.192297	4
1.00	0.237420	0.158889	0.190374	0.026859	0.018289	0.021761	0.237420	0.170953	0.198777	4
1.00	0.253487	0.169641	0.203256	0.026864	0.018673	0.022032	0.253487	0.183783	0.213079	4
1.00	0.278032	0.186067	0.222938	0.026612	0.019055	0.022208	0.278032	0.204455	0.235634	4
1.00	0.319647	0.213918	0.256307	0.026712	0.019778	0.022728	0.319647	0.239758	0.273998	4
1.00	0.400312	0.267901	0.320988	0.026681	0.020828	0.023394	0.400312	0.308913	0.348723	4
1.00	0.524043	0.350706	0.420200	0.027138	0.022173	0.024405	0.524043	0.416749	0.464278	4
1.00	0.593551	0.397222	0.475935	0.027482	0.022321	0.024634	0.593551	0.479538	0.530488	4
1.00	0.653241	0.437169	0.523797	0.028711	0.020716	0.024067	0.653241	0.536773	0.589308	4
1.00	0.664956	0.445009	0.533190	0.027430	0.018308	0.021960	0.664956	0.552908	0.603778	4
1.00	0.667522	0.446726	0.535248	0.023748	0.018063	0.020519	0.667522	0.555623	0.606454	4
1.00	0.681691	0.456208	0.546609	0.024041	0.018001	0.020587	0.681691	0.568212	0.619800	4
1.00	0.688832	0.460987	0.552335	0.024420	0.017919	0.020671	0.688832	0.575808	0.627269	4
1.00	0.692960	0.463750	0.555645	0.024665	0.017683	0.020598	0.692960	0.580559	0.631799	3
1.00	0.697423	0.466736	0.559223	0.024947	0.017395	0.020497	0.697423	0.585821	0.636769	3
1.00	0.698092	0.467184	0.559760	0.025059	0.017382	0.020526	0.698092	0.586361	0.637367	3
1.00	0.698315	0.467334	0.559939	0.025028	0.017553	0.020634	0.698315	0.585747	0.637097	3
1.00	0.698873	0.467707	0.560386	0.024709	0.017666	0.020602	0.698873	0.585710	0.637307	3
1.00	0.699431	0.468080	0.560834	0.024508	0.017724	0.020571	0.699431	0.585989	0.637704	3
1.00	0.697534	0.466811	0.559313	0.024269	0.017983	0.020658	0.697534	0.582939	0.635109	3
1.00	0.695638	0.465542	0.557792	0.023884	0.018354	0.020757	0.695638	0.579350	0.632191	3
1.00	0.689501	0.461435	0.552872	0.023504	0.018638	0.020790	0.689501	0.571550	0.625009	4
1.00	0.692291	0.463302	0.555108	0.023622	0.018698	0.020874	0.692291	0.573828	0.627517	3
1.00	0.695972	0.465766	0.558060	0.023798	0.018767	0.020985	0.695972	0.577137	0.631009	3
1.00	0.695972	0.465766	0.558060	0.023757	0.018928	0.021069	0.695972	0.575910	0.630275	3
1.00	0.699096	0.467856	0.560565	0.023791	0.019112	0.021196	0.699096	0.577723	0.632641	4
1.00	0.703001	0.470470	0.563697	0.023815	0.019358	0.021356	0.703001	0.579992	0.635600	4
1.00	0.704452	0.471440	0.564860	0.025227	0.019611	0.022068	0.704452	0.579731	0.636035	4
1.00	0.712708	0.476966	0.571480	0.028930	0.020157	0.023760	0.712708	0.585496	0.642869	4
1.00	0.723195	0.483984	0.579889	0.029787	0.022021	0.025322	0.723195	0.590290	0.650018	4
1.00	0.720183	0.481968	0.577474	0.028947	0.023595	0.025998	0.720183	0.584776	0.645455	4
1.00	0.698126	0.467259	0.559825	0.039850	0.024547	0.030380	0.698092	0.564275	0.624091	5
1.00	0.695783	0.465691	0.557946	0.040041	0.024321	0.030261	0.695749	0.563392	0.622614	5
1.00	0.692994	0.463824	0.555710	0.040204	0.024137	0.030165	0.692960	0.562295	0.620827	5
1.00	0.688867	0.461062	0.552400	0.040328	0.023824	0.029953	0.688832	0.560240	0.617917	5
1.00	0.695002	0.465168	0.557320	0.040683	0.023609	0.029879	0.694968	0.566655	0.624287	5
1.00	0.697233	0.466662	0.559109	0.040817	0.023330	0.029690	0.697200	0.569975	0.627200	5
1.00	0.707720	0.473680	0.567518	0.041127	0.023000	0.029502	0.707687	0.580379	0.637742	5
1.00	0.710397	0.475472	0.569665	0.041182	0.022550	0.029142	0.710365	0.582536	0.640131	5
1.00	0.703481	0.470843	0.564119	0.040806	0.022563	0.029058	0.703448	0.575730	0.633213	5
1.00	0.690317	0.462032	0.553563	0.040232	0.022489	0.028851	0.690282	0.563420	0.620433	5
1.00	0.669679	0.448219	0.537013	0.039667	0.022761	0.028924	0.669642	0.543951	0.600288	5
1.00	0.626060	0.419025	0.502035	0.038733	0.023260	0.029066	0.626018	0.502670	0.557604	5
1.00	0.570393	0.381767	0.457396	0.037774	0.022944	0.028548	0.570345	0.451627	0.504090	5
1.00	0.538487	0.360412	0.431811	0.037614	0.022515	0.028168	0.538436	0.421931	0.473117	5
1.00	0.535921	0.358695	0.429754	0.037760	0.022177	0.027943	0.535870	0.420295	0.471097	5
1.00	0.539603	0.361159	0.432706	0.037864	0.022135	0.027937	0.539551	0.423846	0.474751	5
1.00	0.540942	0.362055	0.433779	0.037771	0.022302	0.028045	0.540890	0.424609	0.475747	5
1.00	0.530455	0.355036	0.425370	0.037307	0.022808	0.028309	0.530403	0.413377	0.464635	5
1.00	0.534248	0.357575	0.428412	0.037263	0.023224	0.028614	0.534196	0.416185	0.467864	5
1.00	0.512995	0.343388	0.411396	0.036940	0.023217	0.028513	0.512886	0.396567	0.447288	5
1.00	0.486893	0.325917	0.390464	0.036753	0.023309	0.028526	0.486779	0.372362	0.421952	5
1.00	0.469716	0.314418	0.376688	0.036439	0.023183	0.028338	0.469597	0.356129	0.405067	5
1.00	0.462800	0.309789	0.371142	0.036400	0.023311	0.028421	0.462680	0.350151	0.398626	5
1.00	0.455661	0.305010	0.365417	0.036292	0.023286	0.028369	0.455539	0.344414	0.392258	5
1.00	0.459342	0.307474	0.368369	0.036420	0.023454	0.028533	0.459221	0.348877	0.396515	5
1.00	0.466377	0.312253	0.374061	0.033952	0.023512	0.027783	0.466250	0.355850	0.403637	5
1.00	0.463931	0.310685	0.372149	0.034840	0.023585	0.028129	0.463740	0.353842	0.401405	5
1.00	0.466444	0.312402	0.374190	0.035089	0.023560	0.028191	0.466250	0.356873	0.404294	5
1.00	0.461659	0.309266	0.370400	0.035740	0.023605	0.028432	0.461397	0.352438	0.399623	5
1.00	0.457869	0.306727	0.367360	0.035956	0.023482	0.028410	0.457603	0.348793	0.395857	5
1.00	0.453472	0.303815	0.363856	0.034658	0.023381	0.027924	0.453252	0.345111	0.391858	5
1.00	0.455589	0.305234	0.365555	0.034580	0.023498	0.027982	0.455372	0.346580	0.393597	5
1.00	0.457372	0.306429	0.366986	0.034620	0.023523	0.028012	0.457157	0.348328	0.395391	5
1.00	0.456035	0.305533	0.365913	0.034578	0.023468	0.027960	0.455818	0.347501	0.394357	5
1.00	0.456490	0.305906	0.366327	0.035313	0.023478	0.028204	0.456153	0.348040	0.394829	5
1.00	0.459053	0.307623	0.368383	0.035240	0.023546	0.028230	0.458719	0.350086	0.397107	5
1.00	0.463844	0.310834	0.372228	0.035192	0.023602	0.028255	0.463517	0.353953	0.401393	5
1.00	0.465352	0.311879	0.373463	0.035389	0.023647	0.028350	0.464967	0.355199	0.402738	5
1.00	0.467246	0.313149	0.374983	0.034553	0.023663	0.028090	0.466864	0.356947	0.404573	5
1.00	0.482732	0.323527	0.387411	0.034629	0.023881	0.028268	0.482372	0.370484	0.419089	5
1.00	0.493427	0.330695	0.395994	0.033938	0.024002	0.028118	0.493083	0.379977	0.429203	5
1.00	0.493316	0.330620	0.395905	0.034030	0.024059	0.028189	0.492971	0.379624	0.428936	5
1.00	0.466266	0.312701	0.374346	0.033825	0.023756	0.027910	0.465655	0.355580	0.403241	5
1.00	0.445248	0.298738	0.357567	0.033826	0.023550	0.027767	0.444457	0.337311	0.383541	6
1.00	0.432210	0.290152	0.347212	0.033901	0.023457	0.027728	0.431310	0.325670	0.371119	6
1.00	0.420585	0.282536	0.338008	0.034506	0.023402	0.027889	0.419279	0.315313	0.359939	6
1.00	0.409903	0.275666	0.329643	0.038687	0.023407	0.029167	0.408141	0.306006	0.349770	6
1.01	0.399202	0.268946	0.321378	0.039249	0.023489	0.029389	0.396333	0.296560	0.339263	6
1.01	0.387611	0.261629	0.312397	0.039262	0.023478	0.029385	0.383781	0.285846	0.327652	6
1.01	0.387318	0.261779	0.312408	0.039259	0.023586	0.029468	0.382945	0.285548	0.327151	6
1.01	0.385804	0.260957	0.311331	0.039291	0.023674	0.029546	0.381011	0.283800	0.325298	6
1.01	0.383199	0.259539	0.309473	0.039171	0.023714	0.029543	0.377850	0.281346	0.322534	6
1.01	0.371957	0.252147	0.300552	0.038226	0.023640	0.029213	0.366079	0.271652	0.311875	6
1.01	0.369173	0.250728	0.298635	0.040126	0.023860	0.029926	0.362323	0.269039	0.308790	6
1.02	0.366831	0.249384	0.296915	0.039504	0.023900	0.029782	0.359255	0.266864	0.306243	6
1.02	0.365709	0.249085	0.296336	0.039544	0.024058	0.029915	0.357098	0.265767	0.304736	6
1.02	0.366878	0.250429	0.297670	0.039683	0.024240	0.030096	0.357042	0.266827	0.305411	6
1.02	0.371326	0.253715	0.301455	0.039757	0.024462	0.030288	0.361151	0.270006	0.308998	6
1.02	0.377729	0.258344	0.306833	0.039631	0.024674	0.030413	0.367344	0.275101	0.314600	6
1.02	0.385774	0.264019	0.313489	0.039657	0.024952	0.030631	0.375153	0.281452	0.321617	6
1.02	0.387533	0.265512	0.315123	0.040090	0.025066	0.030846	0.376548	0.282921	0.323088	6
1.02	0.389349	0.266930	0.316722	0.039931	0.025214	0.030910	0.378017	0.284148	0.324429	6
1.03	0.394645	0.270738	0.321155	0.039718	0.025397	0.030983	0.383335	0.288555	0.329260	6
1.03	0.399587	0.274397	0.325365	0.039442	0.025584	0.031037	0.388244	0.292813	0.333843	6
1.03	0.409279	0.281266	0.333407	0.039387	0.025849	0.031213	0.397765	0.301311	0.342884	6
1.03	0.424180	0.291570	0.345591	0.039320	0.026192	0.031441	0.413087	0.314247	0.356951	6
1.03	0.434419	0.298738	0.354024	0.039257	0.026429	0.031590	0.423463	0.322717	0.366289	6
1.03	0.448605	0.308594	0.365655	0.039310	0.026712	0.031809	0.437911	0.334999	0.379604	6
1.03	0.461964	0.317853	0.376592	0.039086	0.026876	0.031851	0.451709	0.346900	0.392427	6
1.03	0.475524	0.327111	0.387596	0.039041	0.027078	0.031977	0.465599	0.358857	0.405318	6
1.03	0.484099	0.333010	0.394586	0.038963	0.027193	0.032031	0.474413	0.366797	0.413721	6
1.03	0.492999	0.339132	0.401840	0.038946	0.027257	0.032070	0.483562	0.375081	0.422469	6
1.03	0.509989	0.350706	0.415609	0.039052	0.027526	0.032291	0.501190	0.389985	0.438649	6
1.03	0.517931	0.355858	0.421863	0.039109	0.027627	0.032380	0.509093	0.396391	0.445728	6
1.03	0.524834	0.360561	0.427459	0.040175	0.027670	0.032770	0.516233	0.402806	0.452520	6
1.03	0.533580	0.366609	0.434609	0.040174	0.027743	0.032821	0.525215	0.410681	0.460940	7
1.03	0.542590	0.372881	0.442006	0.040966	0.027953	0.033231	0.534419	0.418110	0.469163	7
1.03	0.546215	0.375495	0.445044	0.042247	0.028081	0.033738	0.537989	0.421568	0.472716	7
1.03	0.552492	0.379975	0.450274	0.042568	0.028222	0.033941	0.544572	0.427407	0.478928	7
1.03	0.552169	0.380124	0.450272	0.042312	0.028347	0.033949	0.544033	0.427165	0.478568	7
1.03	0.549187	0.378481	0.448128	0.042174	0.028431	0.033965	0.540797	0.424581	0.475694	7
1.03	0.543920	0.375420	0.444229	0.042262	0.028498	0.034041	0.535275	0.421010	0.471316	7
1.03	0.542981	0.375420	0.443915	0.043044	0.028831	0.034532	0.533787	0.420146	0.470197	7
1.03	0.536462	0.371313	0.438865	0.043267	0.028934	0.034678	0.526647	0.413926	0.463532	7
1.04	0.531926	0.368849	0.435626	0.043358	0.029114	0.034837	0.521682	0.410151	0.459242	7
1.04	0.523856	0.363996	0.429534	0.043392	0.029324	0.034998	0.513091	0.403169	0.451536	7
1.04	0.514209	0.358023	0.422132	0.043430	0.029517	0.035147	0.502622	0.394066	0.441773	7
1.04	0.504014	0.351602	0.414233	0.043028	0.029586	0.035063	0.491948	0.384973	0.431936	7
1.04	0.494814	0.345554	0.406929	0.042690	0.029575	0.034942	0.482186	0.376875	0.423076	7
1.04	0.486334	0.340103	0.400281	0.042400	0.029576	0.034845	0.473316	0.369214	0.414834	7
1.05	0.475541	0.333159	0.391816	0.041960	0.029657	0.034752	0.461880	0.360093	0.404685	7
1.05	0.461506	0.323602	0.380442	0.041986	0.029648	0.034755	0.446781	0.347235	0.390768	7
1.05	0.447114	0.314045	0.368947	0.041596	0.029628	0.034607	0.431385	0.334116	0.376571	7
1.05	0.435590	0.306503	0.359819	0.041870	0.029830	0.034839	0.418889	0.324196	0.365509	7
1.05	0.426195	0.300306	0.352343	0.041938	0.030142	0.035075	0.408345	0.315391	0.355899	7
1.05	0.413924	0.292093	0.342497	0.041625	0.030285	0.035061	0.395124	0.304388	0.343872	7
1.06	0.405617	0.286866	0.336059	0.041018	0.030512	0.034994	0.386255	0.297480	0.336104	7
1.06	0.403098	0.285597	0.334324	0.040578	0.030904	0.035086	0.383224	0.295649	0.333788	7
1.06	0.400589	0.284178	0.332489	0.040392	0.031254	0.035241	0.380100	0.292999	0.330914	7
1.06	0.398339	0.282909	0.330845	0.040405	0.031554	0.035435	0.377310	0.291195	0.328706	7
1.06	0.397879	0.282909	0.330686	0.040425	0.031952	0.035693	0.376195	0.290870	0.328075	7
1.06	0.398700	0.284029	0.331735	0.040147	0.032323	0.035813	0.376864	0.291744	0.328886	7
1.06	0.401509	0.286120	0.334133	0.040007	0.032529	0.035883	0.379635	0.294003	0.331376	7
1.07	0.406132	0.289778	0.338228	0.039919	0.032931	0.036090	0.384191	0.297908	0.335592	7
1.07	0.410382	0.293362	0.342143	0.039537	0.033167	0.036073	0.388765	0.301664	0.339721	7
1.07	0.416423	0.297991	0.347391	0.039430	0.033411	0.036172	0.395013	0.307367	0.345722	7
1.07	0.420729	0.301575	0.351324	0.039256	0.033786	0.036316	0.399141	0.311570	0.349960	7
1.07	0.427458	0.307101	0.357419	0.039183	0.034317	0.036589	0.405872	0.318134	0.356687	7
1.07	0.436585	0.313821	0.365161	0.039107	0.034491	0.036654	0.415728	0.326539	0.365775	7
1.08	0.444975	0.320317	0.372493	0.038954	0.034766	0.036741	0.424709	0.335288	0.374738	7
1.08	0.452332	0.325917	0.378857	0.038912	0.034968	0.036835	0.432482	0.342410	0.382211	7
1.08	0.460567	0.332263	0.386033	0.038895	0.035210	0.036961	0.441221	0.349606	0.390107	8
1.08	0.468356	0.338162	0.392750	0.038806	0.035388	0.037018	0.449701	0.357267	0.398190	8
1.08	0.480984	0.347495	0.403485	0.038844	0.035616	0.037160	0.463256	0.369465	0.411079	8
1.08	0.492414	0.356231	0.413396	0.038782	0.035807	0.037235	0.475455	0.380222	0.422539	8
1.08	0.503715	0.364444	0.422909	0.038789	0.035982	0.037333	0.487672	0.390533	0.433730	8
1.08	0.513452	0.371911	0.431367	0.038718	0.036204	0.037419	0.498550	0.399998	0.443869	8
1.08	0.520915	0.377511	0.437768	0.038650	0.036318	0.037448	0.506731	0.407101	0.451485	8
1.08	0.530484	0.384604	0.445916	0.038691	0.036582	0.037607	0.517052	0.416194	0.461173	8
1.08	0.536545	0.389159	0.451119	0.038666	0.036673	0.037643	0.523746	0.422191	0.467517	8
1.08	0.541397	0.393041	0.455442	0.038690	0.036778	0.037710	0.529045	0.427026	0.472593	8
1.09	0.543952	0.395505	0.458000	0.038601	0.036980	0.037773	0.532281	0.429871	0.475626	8
1.09	0.545837	0.396998	0.459670	0.038681	0.037052	0.037849	0.534178	0.431935	0.477646	8
1.09	0.546630	0.397820	0.460501	0.038687	0.037092	0.037873	0.535014	0.432828	0.478526	8
1.09	0.545669	0.397446	0.459910	0.038521	0.037085	0.037789	0.534456	0.432270	0.477962	8
1.09	0.543881	0.396550	0.458675	0.038502	0.037206	0.037843	0.532560	0.430856	0.476340	8
1.09	0.543249	0.396252	0.458251	0.038520	0.037201	0.037849	0.532002	0.430671	0.476003	9
1.09	0.540789	0.394982	0.456526	0.038529	0.037289	0.037899	0.529361	0.429127	0.474003	9
1.09	0.537400	0.392668	0.453773	0.038524	0.037327	0.037916	0.525847	0.425743	0.470530	9
1.09	0.534089	0.390727	0.451296	0.038383	0.037306	0.037837	0.522537	0.422861	0.467444	9
1.10	0.529190	0.387815	0.447604	0.038192	0.037336	0.037760	0.517628	0.419012	0.463128	9
1.10	0.526868	0.386545	0.445928	0.038098	0.037337	0.037714	0.515322	0.417468	0.461263	9
1.10	0.526102	0.386769	0.445802	0.038061	0.037472	0.037764	0.514709	0.417487	0.461028	9
1.10	0.521699	0.384156	0.442485	0.037856	0.037503	0.037678	0.510171	0.413433	0.456736	9
1.10	0.521316	0.384380	0.442496	0.037863	0.037629	0.037746	0.509874	0.413005	0.456356	9
1.10	0.521080	0.384828	0.442707	0.040563	0.037756	0.039109	0.509800	0.413167	0.456425	9
1.11	0.519778	0.384604	0.442089	0.040448	0.037870	0.039116	0.508535	0.412275	0.455373	9
1.11	0.517623	0.383783	0.440767	0.040361	0.037923	0.039104	0.506248	0.410750	0.453526	9
1.11	0.517311	0.383783	0.440653	0.040411	0.038071	0.039206	0.505857	0.410303	0.453097	9
1.11	0.515837	0.383036	0.439626	0.040395	0.038119	0.039224	0.504277	0.408946	0.451636	9
1.11	0.516022	0.383559	0.440038	0.040363	0.038214	0.039259	0.504630	0.409522	0.452129	9
1.11	0.515906	0.383857	0.440192	0.042063	0.038358	0.040125	0.504593	0.409820	0.452295	9
1.11	0.515902	0.383932	0.440240	0.042072	0.038386	0.040145	0.504705	0.409783	0.452317	9
1.11	0.513787	0.382588	0.438586	0.053258	0.038543	0.044721	0.502436	0.408407	0.450568	10
1.11	0.510966	0.380945	0.436479	0.048616	0.038632	0.043053	0.499591	0.406027	0.447975	10
1.12	0.508302	0.379452	0.434526	0.047986	0.039088	0.043082	0.496783	0.403963	0.445590	10
1.12	0.507491	0.379377	0.434181	0.047448	0.039778	0.043276	0.495891	0.403944	0.445220	10
1.12	0.508434	0.380348	0.435161	0.048274	0.040034	0.043769	0.497025	0.405311	0.446507	10
1.12	0.508380	0.380497	0.435239	0.049706	0.040420	0.044585	0.496783	0.405385	0.446454	10
1.12	0.508224	0.380647	0.435280	0.049945	0.040467	0.044709	0.496672	0.405552	0.446511	10
1.12	0.509073	0.381244	0.435982	0.050170	0.040526	0.044835	0.497341	0.406389	0.447288	10
1.12	0.510702	0.383036	0.437751	0.049983	0.040959	0.045023	0.498977	0.408546	0.449256	10
1.12	0.512481	0.384753	0.439526	0.050362	0.041746	0.045651	0.500818	0.410424	0.451138	10
1.12	0.513626	0.385575	0.440483	0.050189	0.041195	0.045249	0.502176	0.411428	0.452295	10
1.12	0.516542	0.388188	0.443260	0.050251	0.041336	0.045360	0.505430	0.414627	0.455547	10
1.12	0.518647	0.390428	0.445495	0.051517	0.043153	0.046965	0.507066	0.417267	0.457805	10
1.13	0.520625	0.392966	0.447877	0.051334	0.043781	0.047258	0.509409	0.420112	0.460471	10
1.13	0.523485	0.396102	0.450971	0.051231	0.044961	0.047892	0.512366	0.424213	0.464141	10
1.13	0.526730	0.399462	0.454352	0.051113	0.045408	0.048092	0.515545	0.428322	0.467903	11
1.13	0.529661	0.402001	0.457085	0.051240	0.045642	0.048279	0.518669	0.431874	0.471309	11
1.14	0.530336	0.403345	0.458204	0.051237	0.045789	0.048360	0.519599	0.433529	0.472678	11
1.14	0.527862	0.402449	0.456702	0.051037	0.046673	0.048757	0.516587	0.432134	0.470601	11
1.14	0.526012	0.401628	0.455481	0.050964	0.047061	0.048935	0.514225	0.430628	0.468728	11
1.14	0.523256	0.399836	0.453295	0.050964	0.047273	0.049049	0.511269	0.428489	0.466233	11
1.14	0.519415	0.397521	0.450366	0.050717	0.047408	0.049007	0.507196	0.425142	0.462559	11
1.14	0.517362	0.396028	0.448636	0.050615	0.047352	0.048929	0.505021	0.423153	0.460476	11
1.14	0.516022	0.394385	0.447078	0.050705	0.047282	0.048934	0.503477	0.420772	0.458424	11
1.14	0.513856	0.393190	0.445497	0.050454	0.047418	0.048889	0.501134	0.419043	0.456427	11
1.14	0.512302	0.391772	0.444003	0.050492	0.047496	0.048948	0.499442	0.416821	0.454407	11
1.14	0.511617	0.391324	0.443457	0.050316	0.047608	0.048925	0.498550	0.415938	0.453512	11
1.14	0.509316	0.389830	0.441634	0.050241	0.047804	0.048992	0.495928	0.413223	0.450814	11
1.15	0.507160	0.388711	0.440105	0.049981	0.047304	0.048605	0.493789	0.411075	0.448652	11
1.15	0.502819	0.386172	0.436843	0.049796	0.046974	0.048344	0.489736	0.406882	0.444481	11

Wed Sep  1 21:58:51 2021
45.44	0.014526	0.478261	0.028196	0.014471	0.051566	0.022599	0.014490	0.520833	0.028195	89
39.97	0.019106	0.511013	0.036835	0.016987	0.324243	0.032283	0.019017	0.534079	0.036726	89
34.83	0.021290	0.496229	0.040829	0.017224	0.248806	0.032218	0.021389	0.527833	0.041112	89
30.00	0.023729	0.476443	0.045206	0.017414	0.224088	0.032317	0.024280	0.514199	0.046371	89
25.49	0.026794	0.457030	0.050621	0.017447	0.190657	0.031969	0.028527	0.502494	0.053988	89
21.39	0.030410	0.435377	0.056849	0.017558	0.166755	0.031771	0.034197	0.487162	0.063907	89
17.83	0.034526	0.412006	0.063713	0.017585	0.141968	0.031294	0.042098	0.468346	0.077251	89
14.72	0.040172	0.395729	0.072939	0.018025	0.124067	0.031476	0.053757	0.454734	0.096148	89
12.03	0.046837	0.377137	0.083326	0.018292	0.110896	0.031404	0.066558	0.438032	0.115558	89
9.76	0.054472	0.355708	0.094477	0.018235	0.084142	0.029974	0.079734	0.417225	0.133882	89
7.92	0.063877	0.338460	0.107472	0.018651	0.074671	0.029846	0.093734	0.399141	0.151815	89
6.37	0.074049	0.315762	0.119965	0.019238	0.065137	0.029703	0.106098	0.374661	0.165367	89
5.14	0.086332	0.296797	0.133757	0.019515	0.057954	0.029198	0.118551	0.353202	0.177518	89
4.15	0.101826	0.283058	0.149774	0.019503	0.039033	0.026010	0.132886	0.338763	0.190891	89
3.41	0.118021	0.269245	0.164107	0.020155	0.034974	0.025573	0.146739	0.323571	0.201911	89
2.84	0.135129	0.257000	0.177126	0.022576	0.033531	0.026984	0.159483	0.309216	0.210432	89
2.42	0.150502	0.244232	0.186238	0.023468	0.031341	0.026839	0.167595	0.293224	0.213285	89
2.10	0.166278	0.234152	0.194463	0.028504	0.027436	0.027960	0.179683	0.280620	0.219085	86
1.85	0.180654	0.223251	0.199706	0.021332	0.021996	0.021659	0.189182	0.267330	0.221567	83
1.64	0.193724	0.212499	0.202678	0.021286	0.019802	0.020517	0.199658	0.255171	0.224027	81
1.47	0.199924	0.196670	0.198284	0.021303	0.017387	0.019147	0.203662	0.234908	0.218172	76
1.33	0.201093	0.178601	0.189181	0.021856	0.015794	0.018337	0.202878	0.212167	0.207418	72
1.22	0.199945	0.163892	0.180132	0.023407	0.014083	0.017585	0.197900	0.194604	0.196238	66
1.16	0.193492	0.150078	0.169043	0.022463	0.013106	0.016554	0.190250	0.176939	0.183353	57
1.11	0.184594	0.137236	0.157430	0.023961	0.012721	0.016618	0.180331	0.160305	0.169729	50
1.07	0.176110	0.126484	0.147228	0.029962	0.012408	0.017548	0.172748	0.145950	0.158222	40
1.05	0.166649	0.117001	0.137480	0.018571	0.012109	0.014659	0.164879	0.134138	0.147929	34
1.03	0.159091	0.109759	0.129899	0.017817	0.011874	0.014251	0.157701	0.125287	0.139638	26
1.02	0.154359	0.105354	0.125233	0.017361	0.011749	0.014014	0.153449	0.119789	0.134546	18
1.01	0.148287	0.100500	0.119804	0.016737	0.011621	0.013718	0.147942	0.113671	0.128562	15
1.01	0.144757	0.097514	0.116529	0.017001	0.011552	0.013757	0.144818	0.109952	0.124999	10
1.00	0.141301	0.094900	0.113543	0.017443	0.011491	0.013855	0.141415	0.106661	0.121603	7
1.00	0.139628	0.093631	0.112094	0.017370	0.011475	0.013820	0.139741	0.105043	0.119933	6
1.00	0.137935	0.092362	0.110639	0.017046	0.011441	0.013692	0.138012	0.103481	0.118278	5
1.00	0.135623	0.090794	0.108771	0.016451	0.011383	0.013456	0.135669	0.101491	0.116117	4
1.00	0.133661	0.089450	0.107175	0.016188	0.011349	0.013343	0.133661	0.099623	0.114158	4
1.00	0.132768	0.088852	0.106459	0.016066	0.011342	0.013297	0.132768	0.098879	0.113344	4
1.00	0.131875	0.088255	0.105743	0.015079	0.011307	0.012924	0.131875	0.098377	0.112689	4
1.00	0.131541	0.088031	0.105475	0.017281	0.011301	0.013666	0.131541	0.098116	0.112396	4
1.00	0.131987	0.088330	0.105833	0.017492	0.011300	0.013730	0.131987	0.098414	0.112754	4
1.00	0.131987	0.088330	0.105833	0.017354	0.011300	0.013687	0.131987	0.098470	0.112791	4
1.00	0.132099	0.088404	0.105922	0.017381	0.011293	0.013690	0.132099	0.098637	0.112941	4
1.00	0.132210	0.088479	0.106012	0.017406	0.011286	0.013693	0.132210	0.098749	0.113055	4
1.00	0.133326	0.089226	0.106906	0.017535	0.011313	0.013753	0.133326	0.099641	0.114048	4
1.00	0.134665	0.090122	0.107980	0.017564	0.011327	0.013773	0.134665	0.100720	0.115245	4
1.00	0.137677	0.092138	0.110395	0.017924	0.011371	0.013914	0.137677	0.103323	0.118051	3
1.00	0.138458	0.092660	0.111022	0.006635	0.011367	0.008379	0.138458	0.103881	0.118703	2
1.00	0.141582	0.094751	0.113527	0.006708	0.011396	0.008445	0.141582	0.106531	0.121580	2
1.00	0.148388	0.099306	0.118984	0.007097	0.011480	0.008772	0.148388	0.112369	0.127891	2
1.00	0.157090	0.105130	0.125962	0.007289	0.011597	0.008951	0.157090	0.119352	0.135645	2
1.00	0.177731	0.118943	0.142512	0.007785	0.011797	0.009380	0.177731	0.137045	0.154758	2
1.00	0.220016	0.147241	0.176418	0.008283	0.012237	0.009879	0.220016	0.173286	0.193875	2
1.00	0.288073	0.192787	0.230989	0.008969	0.012982	0.010609	0.288073	0.234337	0.258442	2
1.00	0.449180	0.300605	0.360172	0.009870	0.014254	0.011664	0.449180	0.377885	0.410460	2
1.00	0.604931	0.404838	0.485060	0.010523	0.013731	0.011915	0.604931	0.517429	0.557769	2
1.00	0.653576	0.437393	0.524065	0.010294	0.011740	0.010970	0.653576	0.565311	0.606248	2
1.00	0.656811	0.439558	0.526660	0.007986	0.011233	0.009335	0.656811	0.569341	0.609956	2
1.00	0.657704	0.440155	0.527375	0.008335	0.011240	0.009572	0.657704	0.570084	0.610768	2
1.00	0.657815	0.440230	0.527465	0.007394	0.011234	0.008919	0.657815	0.570140	0.610848	2
1.00	0.657927	0.440305	0.527554	0.007393	0.011236	0.008918	0.657927	0.570196	0.610928	2
1.00	0.657927	0.440305	0.527554	0.007393	0.011236	0.008918	0.657927	0.570196	0.610928	2
1.00	0.657927	0.440305	0.527554	0.007393	0.011236	0.008918	0.657927	0.570196	0.610928	2
1.00	0.657704	0.440155	0.527375	0.007394	0.011232	0.008918	0.657704	0.570084	0.610768	2
1.00	0.657592	0.440081	0.527286	0.008149	0.011238	0.009447	0.657592	0.569973	0.610656	2
1.00	0.655584	0.438737	0.525675	0.009190	0.011308	0.010140	0.655584	0.568128	0.608731	2
1.00	0.655696	0.438811	0.525765	0.010021	0.011463	0.010693	0.655696	0.567673	0.608517	2
1.00	0.655473	0.438662	0.525586	0.010551	0.011717	0.011103	0.655473	0.566910	0.607983	2
1.00	0.654245	0.437841	0.524602	0.010902	0.012081	0.011461	0.654245	0.565255	0.606503	2
1.00	0.655249	0.438513	0.525407	0.010703	0.011841	0.011243	0.655249	0.566669	0.607748	2
1.00	0.632154	0.423057	0.506889	0.010838	0.013384	0.011977	0.632154	0.542393	0.583844	2
1.00	0.503626	0.337042	0.403829	0.010226	0.014661	0.012048	0.503626	0.426278	0.461735	2
1.00	0.377217	0.252445	0.302469	0.009660	0.013949	0.011415	0.377217	0.314119	0.342789	2
1.00	0.240321	0.160830	0.192700	0.008727	0.012520	0.010285	0.240321	0.191928	0.213416	2
1.00	0.192235	0.128649	0.154142	0.008424	0.012060	0.009919	0.192235	0.149355	0.168103	2
1.00	0.158429	0.106026	0.127035	0.007951	0.011644	0.009449	0.158429	0.120746	0.137045	2
1.00	0.147161	0.098484	0.118000	0.007624	0.011484	0.009164	0.147161	0.111495	0.126869	2
1.00	0.140578	0.094079	0.112721	0.007398	0.011387	0.008969	0.140578	0.106056	0.120901	2
1.00	0.137342	0.091914	0.110127	0.007396	0.011332	0.008951	0.137342	0.103230	0.117868	2
1.00	0.135223	0.090495	0.108427	0.007272	0.011312	0.008853	0.135223	0.101668	0.116069	2
1.00	0.134107	0.089748	0.107533	0.007310	0.011317	0.008883	0.134107	0.100850	0.115125	2
1.00	0.132545	0.088703	0.106280	0.007179	0.011290	0.008777	0.132545	0.099399	0.113604	2
1.00	0.130425	0.087284	0.104580	0.007042	0.011270	0.008668	0.130425	0.097782	0.111769	2
1.00	0.128752	0.086164	0.103239	0.006744	0.011258	0.008435	0.128752	0.096350	0.110219	2
1.00	0.128305	0.085866	0.102881	0.007040	0.011266	0.008665	0.128305	0.095959	0.109800	2
1.00	0.127413	0.085268	0.102165	0.006457	0.011251	0.008205	0.127413	0.095411	0.109114	2
1.00	0.127190	0.085119	0.101986	0.006363	0.011247	0.008128	0.127190	0.095188	0.108886	2

Wed Sep  1 22:18:29 2021
43.45	0.014499	0.456522	0.028106	0.016284	0.058435	0.025470	0.014467	0.488750	0.028102	89
38.10	0.019841	0.505861	0.038185	0.017815	0.333467	0.033823	0.020059	0.537268	0.038673	89
33.10	0.021888	0.484805	0.041886	0.018419	0.275383	0.034528	0.022516	0.520105	0.043163	89
28.42	0.024538	0.466662	0.046625	0.019179	0.252583	0.035651	0.025956	0.504719	0.049373	89
24.03	0.027919	0.448891	0.052568	0.019999	0.219241	0.036654	0.030949	0.489979	0.058220	89
20.12	0.031720	0.427014	0.059053	0.021079	0.198028	0.038101	0.037141	0.470259	0.068844	89
16.61	0.036527	0.406033	0.067025	0.022065	0.166738	0.038973	0.046114	0.449578	0.083648	89
13.58	0.041922	0.381020	0.075534	0.023269	0.138645	0.039850	0.056721	0.424118	0.100059	89
10.91	0.049229	0.359516	0.086599	0.024892	0.125391	0.041538	0.071365	0.402655	0.121242	89
8.69	0.058086	0.337938	0.099133	0.026587	0.106229	0.042529	0.089354	0.379719	0.144665	89
6.84	0.068801	0.314791	0.112922	0.028393	0.095268	0.043747	0.108821	0.354578	0.166533	89
5.30	0.081392	0.288584	0.126973	0.031992	0.074766	0.044810	0.131408	0.324529	0.187069	89
4.09	0.097334	0.266333	0.142566	0.033802	0.063030	0.044005	0.155369	0.299323	0.204558	89
3.16	0.116509	0.246771	0.158285	0.036315	0.047042	0.040988	0.176025	0.278766	0.215790	89
2.46	0.139220	0.229448	0.173293	0.036461	0.039393	0.037870	0.196039	0.258135	0.222842	88
1.96	0.166201	0.217576	0.188450	0.032759	0.035331	0.033996	0.216054	0.244859	0.229556	85
1.61	0.192539	0.207720	0.199842	0.033807	0.025414	0.029016	0.232818	0.234371	0.233592	85
1.38	0.218742	0.201822	0.209942	0.035703	0.023951	0.028670	0.246936	0.227630	0.236890	82
1.23	0.237636	0.195177	0.214324	0.033963	0.022105	0.026780	0.256397	0.220341	0.237006	81
1.13	0.255338	0.193758	0.220326	0.037060	0.021445	0.027169	0.265919	0.219207	0.240314	77
1.07	0.267262	0.192190	0.223593	0.035580	0.020507	0.026018	0.271537	0.217608	0.241599	67
1.04	0.273592	0.191145	0.225055	0.036226	0.019809	0.025612	0.274829	0.216585	0.242255	63
1.02	0.267923	0.183603	0.217890	0.033824	0.019247	0.024533	0.267675	0.207529	0.233796	57
1.01	0.255788	0.173225	0.206562	0.031325	0.018580	0.023325	0.255322	0.194197	0.220603	50
1.01	0.247949	0.167028	0.199598	0.031795	0.018424	0.023330	0.247391	0.186582	0.212726	45
1.00	0.239902	0.160980	0.192672	0.029276	0.018099	0.022369	0.239596	0.178716	0.204726	36
1.00	0.226913	0.152094	0.182119	0.029884	0.017609	0.022161	0.226710	0.167894	0.192919	32
1.00	0.214517	0.143657	0.172078	0.025882	0.016789	0.020367	0.214437	0.158029	0.181962	28
1.00	0.203123	0.135967	0.162895	0.025270	0.016332	0.019841	0.203113	0.148537	0.171590	23
1.00	0.193620	0.129620	0.155284	0.025812	0.015998	0.019753	0.193574	0.140773	0.163004	19
1.00	0.184962	0.123796	0.148320	0.024804	0.015605	0.019158	0.184927	0.134163	0.155507	15
1.00	0.178046	0.119167	0.142774	0.025113	0.015215	0.018949	0.178010	0.128882	0.149513	12
1.00	0.171687	0.114911	0.137675	0.025199	0.014787	0.018638	0.171650	0.124614	0.144398	6
1.00	0.167689	0.112223	0.134461	0.024496	0.014505	0.018221	0.167689	0.121844	0.141137	6
1.00	0.164900	0.110356	0.132224	0.023639	0.014229	0.017765	0.164900	0.120440	0.139206	5
1.00	0.159099	0.106474	0.127572	0.022036	0.013759	0.016940	0.159099	0.116795	0.134703	5
1.00	0.155751	0.104234	0.124888	0.022229	0.013473	0.016777	0.155751	0.114666	0.132087	4
1.00	0.152851	0.102292	0.122562	0.019320	0.013217	0.015696	0.152851	0.112685	0.129730	4
1.00	0.148499	0.099380	0.119073	0.019629	0.012850	0.015532	0.148499	0.109636	0.126142	4
1.00	0.145933	0.097663	0.117016	0.019849	0.012606	0.015419	0.145933	0.108185	0.124256	4
1.00	0.143702	0.096170	0.115226	0.020763	0.012376	0.015508	0.143702	0.106930	0.122619	4
1.00	0.143144	0.095796	0.114779	0.021333	0.012257	0.015569	0.143144	0.106679	0.122250	4
1.00	0.142028	0.095050	0.113884	0.021675	0.012093	0.015524	0.142028	0.106177	0.121514	4
1.00	0.142586	0.095423	0.114332	0.021973	0.012021	0.015540	0.142586	0.106902	0.122192	4
1.00	0.144594	0.096767	0.115942	0.021742	0.012012	0.015475	0.144594	0.108595	0.124035	4
1.00	0.147272	0.098559	0.118089	0.021984	0.012022	0.015544	0.147272	0.111040	0.126615	4
1.00	0.151623	0.101471	0.121578	0.021676	0.012061	0.015499	0.151623	0.114852	0.130700	4
1.00	0.156309	0.104607	0.125335	0.021187	0.012068	0.015378	0.156309	0.118850	0.135030	4
1.00	0.167913	0.112372	0.134639	0.021020	0.012181	0.015424	0.167913	0.129328	0.146116	4
1.00	0.205623	0.137609	0.164877	0.020909	0.012628	0.015746	0.205623	0.163636	0.182242	4
1.00	0.284726	0.190547	0.228306	0.021261	0.013512	0.016523	0.284726	0.234966	0.257464	4
1.00	0.398750	0.266856	0.319735	0.021491	0.014457	0.017286	0.398750	0.336532	0.365009	4
1.00	0.593886	0.397446	0.476203	0.021807	0.014313	0.017283	0.593886	0.510356	0.548961	4
1.00	0.654357	0.437915	0.524691	0.020465	0.011582	0.014792	0.654357	0.567171	0.607652	4
1.00	0.658262	0.440529	0.527822	0.018657	0.011351	0.014115	0.658262	0.570466	0.611227	4
1.00	0.658820	0.440902	0.528270	0.018645	0.011333	0.014097	0.658820	0.570791	0.611654	4
1.00	0.658485	0.440678	0.528001	0.018640	0.011300	0.014070	0.658485	0.570512	0.611350	4
1.00	0.658262	0.440529	0.527822	0.018635	0.011278	0.014052	0.658262	0.570345	0.611158	4
1.00	0.658150	0.440454	0.527733	0.018633	0.011267	0.014043	0.658150	0.570308	0.611088	4
1.00	0.658039	0.440379	0.527644	0.018631	0.011256	0.014034	0.658039	0.570252	0.611008	4
1.00	0.658039	0.440379	0.527644	0.018631	0.011256	0.014034	0.658039	0.570252	0.611008	4
1.00	0.658039	0.440379	0.527644	0.018631	0.011256	0.014034	0.658039	0.570252	0.611008	4
1.00	0.658039	0.440379	0.527644	0.018631	0.011256	0.014034	0.658039	0.570252	0.611008	4
1.00	0.658039	0.440379	0.527644	0.018631	0.011256	0.014034	0.658039	0.570252	0.611008	4
1.00	0.658039	0.440379	0.527644	0.018633	0.011256	0.014034	0.658039	0.570252	0.611008	4
1.00	0.658150	0.440454	0.527733	0.024254	0.011264	0.015384	0.658150	0.570308	0.611088	4
1.00	0.658150	0.440454	0.527733	0.024256	0.011264	0.015384	0.658150	0.570308	0.611088	4
1.00	0.657815	0.440230	0.527465	0.024264	0.011258	0.015380	0.657815	0.570177	0.610869	4
1.00	0.657704	0.440155	0.527375	0.025274	0.011289	0.015607	0.657704	0.570066	0.610757	4
1.00	0.657034	0.439707	0.526838	0.025642	0.011309	0.015696	0.657034	0.569638	0.610223	4
1.00	0.654803	0.438214	0.525049	0.027275	0.011947	0.016616	0.654803	0.566734	0.607594	4

Wed Sep  1 22:34:47 2021
46.01	0.012173	0.405797	0.023636	0.019012	0.058965	0.028753	0.012152	0.370417	0.023531	89
39.50	0.013254	0.350332	0.025542	0.016566	0.302513	0.031413	0.013338	0.316133	0.025597	89
34.43	0.014269	0.328754	0.027351	0.016870	0.250489	0.031611	0.014486	0.300022	0.027638	89
29.70	0.015636	0.310759	0.029775	0.017306	0.226439	0.032154	0.016127	0.285780	0.030531	89
25.31	0.017493	0.296274	0.033036	0.017988	0.211133	0.033152	0.018550	0.274484	0.034752	89
21.32	0.019660	0.280445	0.036744	0.018801	0.192312	0.034253	0.021818	0.261841	0.040280	89
17.78	0.022414	0.266706	0.041352	0.019713	0.160222	0.035106	0.026607	0.251285	0.048119	89
14.70	0.025634	0.252147	0.046537	0.020606	0.146413	0.036127	0.032896	0.239384	0.057844	89
12.04	0.029750	0.239677	0.052930	0.021674	0.101643	0.035729	0.041173	0.228744	0.069786	89
9.82	0.034659	0.227806	0.060165	0.022574	0.085202	0.035692	0.050150	0.218872	0.081602	89
7.94	0.040593	0.215710	0.068328	0.022897	0.072096	0.034755	0.060937	0.209035	0.094365	89
6.37	0.047975	0.204360	0.077707	0.023944	0.062161	0.034571	0.073455	0.200032	0.107452	89
5.06	0.057302	0.194206	0.088493	0.025817	0.052915	0.034703	0.088329	0.191906	0.120976	89
4.02	0.068972	0.185694	0.100584	0.026996	0.049662	0.034978	0.106691	0.185128	0.135368	89
3.20	0.082900	0.177257	0.112967	0.028725	0.047536	0.035810	0.127790	0.177811	0.148707	89
2.57	0.098736	0.169790	0.124863	0.031256	0.045565	0.037078	0.146597	0.171949	0.158265	89
2.09	0.115167	0.161129	0.134325	0.033175	0.040454	0.036455	0.157568	0.164251	0.160840	88
1.75	0.132154	0.154484	0.142449	0.035361	0.037482	0.036390	0.166024	0.158366	0.162105	86
1.50	0.147392	0.147689	0.147540	0.037334	0.035599	0.036446	0.173562	0.152732	0.162482	85
1.33	0.160930	0.143134	0.151512	0.035412	0.031876	0.033551	0.179615	0.148650	0.162672	77
1.21	0.172328	0.139401	0.154126	0.036069	0.030659	0.033145	0.184538	0.145684	0.162825	70
1.14	0.178473	0.135817	0.154251	0.036471	0.018443	0.024498	0.185059	0.142514	0.161023	64
1.09	0.183301	0.133428	0.154438	0.037277	0.016670	0.023038	0.186013	0.140976	0.160393	55
1.05	0.183974	0.129769	0.152189	0.039092	0.015630	0.022331	0.184746	0.137783	0.157845	49
1.03	0.180710	0.125065	0.147825	0.038320	0.014495	0.021034	0.180095	0.132986	0.152996	43
1.02	0.177261	0.121183	0.143953	0.037706	0.014107	0.020533	0.176378	0.129415	0.149291	40
1.01	0.173420	0.117599	0.140156	0.041189	0.013817	0.020693	0.172488	0.126022	0.145638	37
1.01	0.169287	0.114164	0.136366	0.041566	0.013570	0.020460	0.168610	0.122507	0.141908	31
1.00	0.166222	0.111625	0.133560	0.037204	0.013304	0.019599	0.165663	0.120322	0.139398	23
1.00	0.162677	0.109087	0.130598	0.037389	0.012996	0.019288	0.162297	0.118822	0.137198	20
1.00	0.157068	0.105279	0.126062	0.036687	0.012662	0.018827	0.156756	0.115428	0.132954	15
1.00	0.154429	0.103487	0.123927	0.036636	0.012442	0.018576	0.154134	0.113987	0.131055	11
1.00	0.151823	0.101695	0.121803	0.036682	0.012245	0.018361	0.151512	0.112778	0.129307	9
1.00	0.149928	0.100426	0.120283	0.035903	0.012079	0.018077	0.149615	0.111960	0.128077	9
1.00	0.146855	0.098335	0.117794	0.021665	0.011825	0.015300	0.146714	0.110575	0.126107	6
1.00	0.146012	0.097738	0.117095	0.022136	0.011786	0.015382	0.145933	0.109933	0.125401	6
1.00	0.144451	0.096692	0.115842	0.022802	0.011670	0.015438	0.144371	0.109134	0.124304	5
1.00	0.141917	0.094975	0.113795	0.020967	0.011562	0.014905	0.141917	0.107405	0.122272	4
1.00	0.141917	0.094975	0.113795	0.024225	0.011544	0.015637	0.141917	0.107507	0.122338	4
1.00	0.141024	0.094378	0.113079	0.018495	0.011514	0.014192	0.141024	0.106875	0.121597	4
1.00	0.140578	0.094079	0.112721	0.019114	0.011500	0.014360	0.140578	0.106596	0.121251	3
1.00	0.140466	0.094004	0.112632	0.019325	0.011512	0.014429	0.140466	0.106280	0.121005	3
1.00	0.141024	0.094378	0.113079	0.018532	0.011522	0.014209	0.141024	0.106707	0.121489	3
1.00	0.141805	0.094900	0.113705	0.018489	0.011535	0.014207	0.141805	0.107219	0.122110	3
1.00	0.144483	0.096692	0.115853	0.018222	0.011575	0.014157	0.144483	0.109506	0.124586	3
1.00	0.147384	0.098634	0.118179	0.017219	0.011596	0.013859	0.147384	0.112239	0.127433	3
1.00	0.154747	0.103562	0.124083	0.018030	0.011690	0.014183	0.154747	0.118422	0.134169	3
1.00	0.168359	0.112671	0.134997	0.017559	0.011840	0.014143	0.168359	0.130509	0.147037	3
1.00	0.188888	0.126409	0.151458	0.020125	0.012082	0.015099	0.188888	0.147917	0.165911	3
1.00	0.233069	0.155977	0.186885	0.008956	0.012718	0.010510	0.233069	0.187636	0.207900	2
1.00	0.305478	0.204435	0.244945	0.009127	0.013351	0.010842	0.305478	0.251514	0.275882	2
1.00	0.431775	0.288957	0.346216	0.009590	0.014061	0.011403	0.431775	0.364993	0.395585	2
1.00	0.570122	0.381543	0.457148	0.009885	0.012992	0.011228	0.570122	0.489252	0.526600	2
1.00	0.642084	0.429702	0.514851	0.009580	0.011480	0.010444	0.642084	0.556343	0.596146	2
1.00	0.656030	0.439035	0.526033	0.008342	0.011236	0.009575	0.656030	0.568690	0.609246	2
1.00	0.657592	0.440081	0.527286	0.007403	0.011230	0.008923	0.657592	0.570010	0.610677	2
1.00	0.657815	0.440230	0.527465	0.007401	0.011234	0.008923	0.657815	0.570159	0.610859	2
1.00	0.657927	0.440305	0.527554	0.007401	0.011236	0.008924	0.657927	0.570196	0.610928	2
1.00	0.657927	0.440305	0.527554	0.007398	0.011236	0.008922	0.657927	0.570196	0.610928	2
1.00	0.657927	0.440305	0.527554	0.007396	0.011236	0.008920	0.657927	0.570196	0.610928	2
1.00	0.657927	0.440305	0.527554	0.007396	0.011236	0.008920	0.657927	0.570196	0.610928	2
1.00	0.657927	0.440305	0.527554	0.007395	0.011236	0.008919	0.657927	0.570196	0.610928	2
1.00	0.657927	0.440305	0.527554	0.007396	0.011236	0.008920	0.657927	0.570196	0.610928	2
1.00	0.657927	0.440305	0.527554	0.007398	0.011236	0.008922	0.657927	0.570196	0.610928	2
1.00	0.657815	0.440230	0.527465	0.007401	0.011234	0.008923	0.657815	0.570159	0.610859	2
1.00	0.657704	0.440155	0.527375	0.007403	0.011232	0.008924	0.657704	0.570122	0.610789	2
1.00	0.657481	0.440006	0.527196	0.007402	0.011228	0.008922	0.657481	0.569898	0.610565	2
1.00	0.656923	0.439633	0.526749	0.007402	0.011219	0.008919	0.656923	0.569341	0.610004	2
1.00	0.655584	0.438737	0.525675	0.008464	0.011236	0.009655	0.655584	0.568374	0.608872	2
1.00	0.650229	0.435153	0.521381	0.009604	0.011418	0.010433	0.650229	0.563316	0.603660	2
1.00	0.641080	0.429030	0.514045	0.009884	0.011704	0.010717	0.641080	0.554818	0.594838	2
1.00	0.633270	0.423803	0.507783	0.009998	0.011956	0.010890	0.633270	0.547101	0.587040	2
1.00	0.639630	0.428059	0.512882	0.010056	0.011848	0.010879	0.639630	0.553591	0.593508	2
1.00	0.643200	0.430449	0.515745	0.010029	0.011756	0.010824	0.643200	0.556380	0.596648	2
1.00	0.642865	0.430225	0.515477	0.009975	0.011726	0.010780	0.642865	0.556175	0.596386	2
1.00	0.637064	0.426342	0.510825	0.010081	0.011941	0.010932	0.637064	0.550913	0.590864	2
1.00	0.635613	0.425371	0.509662	0.010224	0.012125	0.011094	0.635613	0.548775	0.589010	2
1.00	0.603816	0.404092	0.484165	0.010135	0.012836	0.011326	0.603816	0.518985	0.558196	2
1.00	0.543568	0.363772	0.435856	0.010080	0.013913	0.011690	0.543568	0.464132	0.500719	2
1.00	0.532188	0.356156	0.426731	0.010037	0.013976	0.011684	0.532188	0.453858	0.489912	2
1.00	0.510209	0.341447	0.409107	0.009974	0.014107	0.011686	0.510209	0.434566	0.469359	2
1.00	0.520808	0.348540	0.417606	0.009989	0.013998	0.011659	0.520808	0.443445	0.479023	2
1.00	0.518799	0.347196	0.415996	0.009994	0.014036	0.011675	0.518799	0.441809	0.477219	2
1.00	0.458329	0.306727	0.367508	0.009862	0.014217	0.011646	0.458329	0.389092	0.420882	2
1.00	0.427312	0.285970	0.342637	0.009764	0.014122	0.011545	0.427312	0.361023	0.391381	2
1.00	0.415486	0.278056	0.333154	0.009726	0.014064	0.011500	0.415486	0.350480	0.380224	2
1.00	0.403771	0.270216	0.323761	0.009722	0.014089	0.011505	0.403771	0.340593	0.369501	2
1.00	0.392837	0.262899	0.314994	0.009697	0.014031	0.011468	0.392837	0.330896	0.359216	2
1.00	0.343970	0.230195	0.275810	0.009554	0.013663	0.011245	0.343970	0.287067	0.312953	2
1.00	0.305143	0.204211	0.244677	0.009450	0.013426	0.011093	0.305143	0.252536	0.276359	2
1.00	0.240656	0.161054	0.192968	0.009412	0.012783	0.010841	0.240656	0.194684	0.215242	2
1.00	0.208859	0.139775	0.167472	0.009544	0.012401	0.010786	0.208859	0.166341	0.185191	2
1.00	0.185429	0.124095	0.148685	0.009724	0.012057	0.010766	0.185429	0.145282	0.162919	2
1.00	0.172598	0.115508	0.138397	0.009889	0.011886	0.010796	0.172598	0.134544	0.151214	2
1.00	0.164342	0.109983	0.131777	0.010153	0.011785	0.010908	0.164342	0.127013	0.143286	2
1.00	0.162222	0.108564	0.130077	0.010232	0.011757	0.010941	0.162222	0.125060	0.141238	2
1.00	0.161665	0.108191	0.129630	0.010243	0.011747	0.010943	0.161665	0.124503	0.140671	2
1.00	0.163338	0.109311	0.130972	0.010211	0.011776	0.010938	0.163338	0.126065	0.142301	2
1.00	0.170479	0.114089	0.136697	0.021261	0.011888	0.015249	0.170479	0.132536	0.149132	3
1.00	0.179070	0.119839	0.143586	0.021145	0.011994	0.015306	0.179070	0.139444	0.156792	3
1.00	0.184202	0.123273	0.147701	0.021093	0.012050	0.015338	0.184202	0.144055	0.161673	3
1.00	0.193797	0.129695	0.155395	0.021029	0.012194	0.015436	0.193797	0.152702	0.170812	3
1.00	0.198929	0.133129	0.159510	0.018775	0.012263	0.014836	0.198929	0.157481	0.175795	3
1.00	0.203169	0.135967	0.162909	0.018760	0.012328	0.014879	0.203169	0.160990	0.179636	3
1.00	0.208301	0.139401	0.167025	0.017815	0.012413	0.014632	0.208301	0.165508	0.184455	3
1.00	0.216892	0.145150	0.173913	0.029494	0.012551	0.017609	0.216892	0.173253	0.192632	4
1.00	0.232065	0.155305	0.186080	0.029753	0.012769	0.017869	0.232065	0.186576	0.206849	4
1.00	0.254602	0.170388	0.204151	0.029624	0.013066	0.018134	0.254602	0.206994	0.228343	4
1.00	0.307152	0.205555	0.246287	0.029897	0.013624	0.018718	0.307152	0.253844	0.277965	4
1.00	0.368850	0.246845	0.295759	0.030044	0.014155	0.019243	0.368850	0.308833	0.336184	4
1.00	0.487895	0.326514	0.391215	0.030383	0.014805	0.019909	0.487895	0.413954	0.447893	4
1.00	0.589535	0.394534	0.472714	0.019696	0.014578	0.016755	0.589535	0.503665	0.543227	3
1.00	0.642307	0.429851	0.515030	0.018740	0.013558	0.015733	0.642307	0.551564	0.593487	3
1.00	0.653130	0.437094	0.523707	0.018425	0.012599	0.014965	0.653130	0.563074	0.604768	3
1.00	0.656477	0.439334	0.526391	0.018291	0.012086	0.014555	0.656477	0.567648	0.608840	3
1.00	0.657146	0.439782	0.526928	0.018225	0.011790	0.014317	0.657146	0.568532	0.609636	3
1.00	0.656811	0.439558	0.526660	0.017515	0.011535	0.013909	0.656811	0.568829	0.609662	3
1.00	0.657369	0.439931	0.527107	0.017704	0.011510	0.013951	0.657369	0.569424	0.610244	3
1.00	0.657034	0.439707	0.526838	0.017329	0.011448	0.013788	0.657034	0.569108	0.609919	3
1.00	0.657258	0.439857	0.527017	0.018106	0.011545	0.014099	0.657258	0.569117	0.610020	3
1.00	0.657592	0.440081	0.527286	0.029345	0.011638	0.016666	0.657592	0.569173	0.610196	4
1.00	0.657369	0.439931	0.527107	0.029682	0.011558	0.016637	0.657369	0.569099	0.610058	4
1.00	0.658039	0.440379	0.527644	0.030064	0.011967	0.017119	0.658039	0.569145	0.610372	4
1.00	0.656515	0.439409	0.526457	0.030885	0.012687	0.017986	0.656477	0.565529	0.607618	4
1.00	0.649375	0.434630	0.520732	0.031808	0.013856	0.019303	0.649336	0.556231	0.599188	4
1.00	0.626882	0.419622	0.502728	0.031671	0.014858	0.020227	0.626799	0.534592	0.577035	4
1.00	0.579699	0.388039	0.464889	0.042552	0.015544	0.022770	0.579605	0.491997	0.532220	5
1.00	0.519130	0.347495	0.416316	0.042174	0.015705	0.022887	0.519023	0.437588	0.474839	5
1.00	0.465254	0.311431	0.373110	0.041814	0.015843	0.022980	0.465134	0.388283	0.423249	5
1.00	0.424094	0.283880	0.340102	0.041838	0.015976	0.023123	0.423965	0.349552	0.383179	5
1.00	0.392750	0.262899	0.314966	0.041667	0.016059	0.023183	0.392614	0.319930	0.352565	5
1.00	0.367265	0.245949	0.294607	0.037389	0.016080	0.022489	0.367065	0.295645	0.327506	5
1.00	0.356227	0.238557	0.285753	0.037136	0.016125	0.022486	0.356019	0.284888	0.316506	5
1.00	0.337793	0.226238	0.270983	0.036709	0.016187	0.022467	0.337499	0.266888	0.298069	5
1.00	0.328726	0.220190	0.263727	0.035372	0.016244	0.022263	0.328461	0.258130	0.289079	5
1.00	0.316505	0.212051	0.253957	0.034386	0.016217	0.022040	0.316300	0.246130	0.276838	5
1.00	0.307118	0.205854	0.246491	0.033914	0.016251	0.021973	0.306817	0.236827	0.267317	5
1.00	0.300334	0.201374	0.241094	0.034609	0.016350	0.022208	0.299788	0.230003	0.260299	5
1.00	0.295513	0.198163	0.237240	0.034198	0.016469	0.022232	0.294879	0.224508	0.254926	5
1.00	0.291101	0.195401	0.233838	0.034273	0.016616	0.022381	0.290305	0.220324	0.250519	5
1.00	0.293830	0.197342	0.236109	0.034063	0.016792	0.022495	0.292926	0.221942	0.252541	5
1.00	0.296058	0.199059	0.238057	0.034283	0.016955	0.022689	0.294823	0.223476	0.254239	5
1.01	0.302620	0.203539	0.243382	0.034344	0.017041	0.022779	0.301406	0.229194	0.260386	5
1.01	0.304772	0.205032	0.245146	0.034406	0.017113	0.022857	0.303581	0.230803	0.262236	5
1.01	0.306933	0.206600	0.246965	0.034724	0.017181	0.022988	0.305534	0.232383	0.263985	5
1.01	0.306738	0.206675	0.246955	0.034625	0.017202	0.022985	0.305088	0.232104	0.263638	5
1.01	0.307505	0.207422	0.247737	0.035227	0.017342	0.023242	0.305199	0.232346	0.263836	5
1.01	0.311920	0.210632	0.251460	0.035414	0.017454	0.023383	0.309327	0.236288	0.267919	5
1.01	0.319929	0.216232	0.258053	0.035475	0.017546	0.023479	0.317137	0.243587	0.275538	5
1.01	0.335321	0.226760	0.270557	0.035449	0.017717	0.023626	0.332608	0.257988	0.290584	5
1.01	0.358564	0.242291	0.289177	0.035714	0.017912	0.023858	0.356354	0.278601	0.312717	5
1.01	0.377392	0.254760	0.304181	0.035648	0.017906	0.023838	0.375600	0.295522	0.330784	5
1.01	0.406309	0.274098	0.327359	0.035519	0.018040	0.023927	0.404887	0.322104	0.358782	5
1.01	0.437666	0.295154	0.352553	0.035770	0.018299	0.024212	0.436628	0.350415	0.388800	5
1.01	0.467545	0.315165	0.376522	0.036318	0.018556	0.024562	0.466864	0.377052	0.417179	5
1.01	0.493409	0.332562	0.397324	0.036303	0.018649	0.024640	0.492971	0.400314	0.441837	5
1.01	0.517176	0.348466	0.416380	0.036191	0.018759	0.024710	0.517014	0.421317	0.464286	6
1.01	0.536969	0.361681	0.432230	0.036229	0.018776	0.024734	0.536985	0.439048	0.483103	6
1.01	0.552599	0.372209	0.444811	0.036516	0.018815	0.024834	0.552661	0.453087	0.497945	6
1.01	0.562195	0.378631	0.452505	0.036566	0.018808	0.024840	0.562367	0.461324	0.506859	6
1.01	0.571365	0.384679	0.459795	0.036437	0.018727	0.024739	0.571684	0.469906	0.515822	6
1.01	0.576706	0.388188	0.464031	0.036874	0.018693	0.024809	0.576946	0.474899	0.520972	6
1.01	0.582187	0.391921	0.468473	0.037177	0.018678	0.024864	0.582524	0.480161	0.526413	6
1.01	0.584184	0.393265	0.470079	0.037134	0.018607	0.024792	0.584533	0.482430	0.528596	6
1.01	0.581586	0.391473	0.467958	0.037087	0.018651	0.024820	0.581967	0.479863	0.526006	6
1.01	0.575280	0.387143	0.462822	0.037248	0.018710	0.024909	0.575589	0.473988	0.519870	6
1.01	0.568623	0.382663	0.457467	0.037179	0.018715	0.024897	0.568894	0.467721	0.513370	6
1.01	0.557910	0.375495	0.448878	0.037238	0.018751	0.024943	0.558072	0.458675	0.503515	6
1.01	0.549257	0.369671	0.441915	0.037078	0.018638	0.024807	0.549481	0.451701	0.495817	6
1.01	0.543095	0.365564	0.436987	0.037111	0.018558	0.024743	0.543289	0.446811	0.490350	6
1.01	0.539596	0.363249	0.434201	0.037047	0.018465	0.024646	0.539775	0.444263	0.487384	6
1.01	0.529888	0.356754	0.426417	0.036943	0.018437	0.024598	0.530012	0.435152	0.477920	6
1.01	0.517631	0.348540	0.416581	0.036967	0.018378	0.024551	0.517628	0.424162	0.466257	6
1.01	0.504324	0.339655	0.405925	0.036672	0.018443	0.024543	0.504240	0.411471	0.453156	6
1.01	0.497783	0.335250	0.400660	0.036696	0.018484	0.024585	0.497657	0.405595	0.446935	6
1.01	0.494235	0.332860	0.397805	0.036804	0.018516	0.024637	0.494087	0.402276	0.443480	6
1.01	0.492407	0.331666	0.396359	0.036702	0.018625	0.024711	0.492190	0.400017	0.441342	6
1.01	0.487867	0.328754	0.392809	0.036663	0.018714	0.024780	0.487560	0.395396	0.436668	6
1.01	0.483992	0.326215	0.389741	0.036395	0.018781	0.024776	0.483711	0.391826	0.432947	6
1.01	0.481559	0.324647	0.387833	0.036488	0.018987	0.024977	0.481275	0.389269	0.430410	6
1.01	0.481289	0.324573	0.387692	0.036741	0.019219	0.025237	0.480940	0.388004	0.429502	6
1.01	0.482125	0.325245	0.388443	0.036844	0.019438	0.025450	0.481684	0.387772	0.429656	6
1.01	0.477703	0.322333	0.384931	0.036817	0.019613	0.025592	0.477240	0.382965	0.424936	6
1.01	0.478270	0.322930	0.385541	0.036700	0.019988	0.025881	0.477742	0.382407	0.424791	6
1.01	0.474707	0.320914	0.382946	0.036660	0.020348	0.026170	0.473967	0.378158	0.420677	6
1.01	0.476831	0.322706	0.384913	0.036965	0.020922	0.026720	0.475715	0.377945	0.421231	6
1.01	0.479982	0.324946	0.387533	0.036912	0.021205	0.026936	0.478765	0.380195	0.423824	6
1.01	0.485066	0.328604	0.391792	0.036964	0.021516	0.027200	0.483636	0.384211	0.428228	6
1.01	0.492125	0.333607	0.397650	0.037125	0.021900	0.027549	0.490442	0.389529	0.434199	6
1.01	0.493671	0.334876	0.399057	0.036909	0.022193	0.027719	0.491893	0.390087	0.435114	6
1.01	0.498131	0.338236	0.402899	0.037028	0.022468	0.027966	0.496039	0.393518	0.438871	6
1.02	0.500604	0.340103	0.405033	0.037017	0.022649	0.028103	0.498382	0.395191	0.440829	6
1.02	0.505160	0.343538	0.408960	0.037108	0.022942	0.028354	0.502640	0.398855	0.444773	6
1.02	0.510034	0.347271	0.413202	0.037184	0.023165	0.028546	0.507252	0.402899	0.449093	6
1.02	0.513253	0.349884	0.416108	0.037233	0.023286	0.028653	0.510209	0.406060	0.452215	7
1.02	0.515910	0.352274	0.418671	0.037015	0.023447	0.028709	0.512868	0.408347	0.454678	7
1.02	0.516925	0.353468	0.419848	0.036992	0.023497	0.028739	0.513760	0.409472	0.455726	7
1.02	0.520192	0.355858	0.422611	0.037083	0.023557	0.028812	0.516921	0.412466	0.458824	7
1.02	0.519459	0.355783	0.422317	0.042898	0.023949	0.030738	0.515676	0.411666	0.457838	7
1.03	0.517350	0.355111	0.421146	0.042795	0.024121	0.030852	0.513137	0.409826	0.455699	7
1.03	0.518703	0.357202	0.423063	0.044563	0.024430	0.031559	0.514160	0.411899	0.457383	7
1.03	0.520264	0.359441	0.425152	0.044544	0.024607	0.031701	0.515053	0.413864	0.458947	7
1.04	0.521051	0.361308	0.426720	0.044554	0.024844	0.031900	0.515164	0.415240	0.459837	7
1.04	0.523303	0.363847	0.429245	0.043747	0.025133	0.031925	0.517130	0.417658	0.462101	7
1.04	0.523107	0.365116	0.430060	0.042560	0.025346	0.031771	0.516590	0.418141	0.462181	7
1.05	0.525822	0.367953	0.432945	0.043378	0.025599	0.032197	0.518961	0.421414	0.465128	7
1.05	0.529149	0.371388	0.436450	0.043479	0.025739	0.032336	0.522271	0.425523	0.468960	7
1.05	0.535904	0.376689	0.442408	0.043582	0.025899	0.032490	0.529021	0.431520	0.475322	7
1.05	0.541777	0.381020	0.447396	0.043647	0.025954	0.032552	0.535065	0.437145	0.481174	7
1.05	0.549284	0.386545	0.453765	0.043580	0.025922	0.032507	0.542778	0.444676	0.488854	8
1.05	0.556946	0.392145	0.460238	0.043627	0.025797	0.032423	0.550755	0.452561	0.496853	8
1.05	0.564328	0.397596	0.466512	0.043790	0.025729	0.032414	0.558277	0.460129	0.504473	8
1.05	0.569780	0.401777	0.471253	0.043686	0.025655	0.032326	0.563837	0.465977	0.510257	8
1.06	0.575476	0.406481	0.476436	0.044153	0.025906	0.032653	0.569686	0.471434	0.515924	8
1.06	0.581828	0.411185	0.481844	0.043395	0.026005	0.032521	0.576332	0.477552	0.522313	8
1.06	0.590645	0.417681	0.489328	0.042844	0.026079	0.032422	0.585451	0.485780	0.530979	8
1.06	0.597404	0.422683	0.495081	0.042392	0.026166	0.032359	0.592581	0.492131	0.537705	8
1.06	0.600991	0.425670	0.498361	0.041829	0.026098	0.032142	0.596791	0.496649	0.542134	8
1.06	0.604257	0.428209	0.501224	0.042354	0.026359	0.032495	0.600138	0.499801	0.545393	8
1.06	0.606485	0.430150	0.503320	0.041979	0.026540	0.032520	0.602525	0.501757	0.547544	8
1.06	0.608906	0.431867	0.505329	0.042083	0.026616	0.032608	0.604980	0.503533	0.549614	8
1.06	0.611626	0.433659	0.507493	0.041606	0.026570	0.032430	0.608029	0.505904	0.552285	8
1.06	0.612604	0.434033	0.508085	0.041061	0.026738	0.032386	0.609089	0.506077	0.552825	8
1.06	0.613335	0.434779	0.508848	0.041248	0.027395	0.032923	0.610038	0.505361	0.552787	8
1.06	0.611907	0.433585	0.507538	0.041180	0.027721	0.033136	0.608252	0.503074	0.550686	8
1.06	0.607587	0.430523	0.503955	0.041008	0.027858	0.033178	0.603660	0.498630	0.546141	8
1.06	0.604173	0.428059	0.501093	0.040858	0.027961	0.033201	0.599922	0.494743	0.542280	8
1.06	0.603457	0.427462	0.500437	0.040897	0.028000	0.033241	0.599141	0.493869	0.541436	8
1.06	0.601814	0.426118	0.498951	0.040908	0.027984	0.033234	0.597412	0.491973	0.539589	8
1.06	0.602110	0.426193	0.499104	0.040446	0.027878	0.033006	0.597876	0.492038	0.539818	8
1.06	0.602680	0.426417	0.499453	0.040462	0.027903	0.033029	0.598434	0.492465	0.540303	8
1.06	0.604941	0.427835	0.501203	0.040493	0.027923	0.033053	0.600982	0.494529	0.542584	8
1.06	0.608911	0.430598	0.504461	0.040781	0.028003	0.033205	0.605166	0.498174	0.546482	8
1.06	0.613459	0.433585	0.508071	0.040790	0.028168	0.033324	0.609833	0.501465	0.550365	8
1.06	0.614409	0.434257	0.508859	0.040694	0.028212	0.033322	0.610949	0.502246	0.551290	8
1.06	0.616889	0.435825	0.510785	0.040708	0.028249	0.033353	0.613571	0.504217	0.553545	8
1.06	0.617669	0.436422	0.511463	0.040779	0.028276	0.033396	0.614426	0.504887	0.554296	8
1.06	0.616758	0.435825	0.510741	0.040758	0.028161	0.033308	0.613859	0.504664	0.553931	8
1.06	0.615490	0.434929	0.509691	0.040700	0.028087	0.033237	0.612762	0.503706	0.552908	8
1.06	0.615393	0.434630	0.509452	0.040780	0.028027	0.033222	0.612706	0.503697	0.552879	8
1.06	0.616320	0.435377	0.510283	0.040524	0.028063	0.033162	0.613924	0.504701	0.553980	8
1.06	0.616994	0.435899	0.510873	0.040526	0.028214	0.033267	0.614816	0.504868	0.554444	8
1.06	0.618157	0.436721	0.511835	0.040310	0.028299	0.033254	0.616256	0.505928	0.555668	8
1.06	0.619073	0.437691	0.512816	0.040513	0.028535	0.033485	0.617384	0.506941	0.556738	8
1.06	0.619434	0.438363	0.513401	0.040330	0.028567	0.033444	0.617913	0.507815	0.557480	8
1.06	0.618490	0.438065	0.512872	0.040312	0.028645	0.033491	0.616964	0.507425	0.556859	8
1.06	0.614769	0.435750	0.510006	0.040153	0.028650	0.033440	0.613115	0.504264	0.553387	8
1.06	0.613768	0.436049	0.509866	0.039965	0.028888	0.033536	0.612353	0.503715	0.552747	8
1.06	0.614343	0.436870	0.510625	0.040154	0.029179	0.033798	0.613075	0.504459	0.553489	9
1.06	0.614361	0.437617	0.511141	0.039783	0.029255	0.033716	0.613453	0.505259	0.554124	9
1.07	0.615079	0.438587	0.512052	0.039729	0.029382	0.033781	0.614401	0.506068	0.554997	9
1.07	0.616117	0.439558	0.513073	0.039400	0.029510	0.033746	0.615586	0.506886	0.555972	9
1.07	0.618659	0.441649	0.515379	0.039303	0.029639	0.033794	0.618393	0.509149	0.558479	9
1.07	0.618849	0.442246	0.515851	0.039530	0.030008	0.034117	0.618877	0.508963	0.558564	9
1.07	0.618869	0.442769	0.516213	0.039301	0.030084	0.034080	0.619193	0.509372	0.558939	9
1.07	0.619291	0.443441	0.516817	0.039189	0.030204	0.034115	0.619974	0.509874	0.559560	9
1.07	0.621447	0.445681	0.519089	0.038940	0.030315	0.034090	0.622681	0.512375	0.562168	9
1.07	0.621945	0.446502	0.519819	0.038865	0.030366	0.034094	0.623499	0.513221	0.563011	9
1.07	0.623130	0.447771	0.521093	0.038783	0.030400	0.034083	0.624955	0.514523	0.564388	10
1.07	0.623507	0.448369	0.521630	0.049933	0.030447	0.037828	0.625681	0.515285	0.565142	11
1.08	0.623561	0.448966	0.522052	0.049961	0.030477	0.037859	0.625943	0.515880	0.565607	11
1.08	0.626853	0.451430	0.524872	0.044395	0.030501	0.036159	0.629439	0.518985	0.568900	11
1.08	0.628563	0.452848	0.526430	0.044343	0.030440	0.036099	0.631335	0.520808	0.570770	11
1.08	0.630005	0.454640	0.528146	0.044284	0.030414	0.036061	0.633301	0.523411	0.573136	11
1.08	0.629561	0.454790	0.528091	0.044204	0.030306	0.035959	0.633152	0.523839	0.573331	11
1.08	0.631030	0.456134	0.529514	0.044290	0.030299	0.035982	0.634881	0.525475	0.575020	11
1.08	0.633481	0.458000	0.531635	0.044313	0.030287	0.035982	0.637764	0.528264	0.577872	11
1.08	0.635068	0.459195	0.532998	0.044352	0.030244	0.035964	0.639437	0.530031	0.579616	11
1.08	0.637546	0.460987	0.535078	0.044349	0.030253	0.035970	0.641910	0.532151	0.581900	11
1.08	0.636926	0.461062	0.534910	0.042305	0.030367	0.035356	0.641568	0.532002	0.581670	11
1.08	0.636626	0.460464	0.534402	0.042273	0.030362	0.035341	0.641122	0.531221	0.581020	11
1.08	0.634796	0.459046	0.532802	0.042334	0.030340	0.035347	0.639082	0.529343	0.579059	11
1.08	0.632518	0.457776	0.531144	0.042240	0.030418	0.035367	0.636808	0.526972	0.576707	11
1.08	0.628298	0.455238	0.527947	0.042165	0.030555	0.035433	0.633109	0.522974	0.572796	11
1.08	0.623238	0.452177	0.524102	0.041996	0.030682	0.035458	0.628014	0.518456	0.568000	11
1.09	0.617233	0.448742	0.519671	0.041714	0.030807	0.035440	0.622051	0.513156	0.562380	11
1.09	0.613848	0.447473	0.517620	0.041502	0.030947	0.035455	0.619803	0.511427	0.560423	11
1.09	0.607741	0.444337	0.513349	0.041090	0.031006	0.035343	0.614654	0.506648	0.555449	11
1.09	0.604511	0.442246	0.510802	0.041006	0.031071	0.035354	0.611500	0.503617	0.552340	11
1.10	0.600285	0.440230	0.507947	0.042710	0.031201	0.036059	0.608043	0.500223	0.548888	11
1.10	0.597153	0.438513	0.505683	0.042619	0.031244	0.036056	0.605087	0.497536	0.546066	11
1.10	0.596913	0.438961	0.505894	0.042426	0.031362	0.036065	0.605182	0.497601	0.546144	11
1.10	0.597038	0.439409	0.506237	0.042252	0.031497	0.036091	0.605628	0.497629	0.546342	11
1.10	0.599878	0.441499	0.508645	0.042231	0.031596	0.036148	0.608521	0.499842	0.548853	11
1.10	0.604122	0.444262	0.512004	0.042354	0.031595	0.036192	0.612724	0.503542	0.552794	11
1.10	0.608541	0.446875	0.515326	0.042461	0.031591	0.036228	0.616887	0.507057	0.556606	11
1.10	0.612407	0.448891	0.518053	0.042397	0.031532	0.036166	0.620323	0.509558	0.559511	11
1.09	0.615620	0.450833	0.520495	0.042389	0.031553	0.036177	0.623299	0.511994	0.562190	11
1.09	0.620176	0.453521	0.523914	0.042455	0.031505	0.036169	0.627704	0.515973	0.566381	11
1.09	0.624603	0.455686	0.526938	0.042659	0.031452	0.036208	0.631778	0.519395	0.570101	11
1.09	0.631725	0.459419	0.531967	0.042856	0.031423	0.036259	0.638240	0.524564	0.575845	11
1.08	0.640144	0.464347	0.538255	0.041330	0.031418	0.035699	0.646552	0.531249	0.583256	11
1.08	0.647922	0.468006	0.543460	0.041866	0.031319	0.035832	0.653642	0.536939	0.589571	11
1.08	0.654229	0.471291	0.547893	0.042201	0.031206	0.035880	0.659233	0.541783	0.594765	11
1.08	0.657537	0.473232	0.550365	0.042390	0.031118	0.035890	0.662562	0.545037	0.598081	12
