
Wed Sep  1 15:44:44 2021
44.74	0.016987	0.550725	0.032958	0.014105	0.066455	0.023271	0.016846	0.550833	0.032691	89
39.72	0.016301	0.433361	0.031421	0.016662	0.344897	0.031789	0.015973	0.414722	0.030761	89
35.25	0.018119	0.427462	0.034764	0.017140	0.320397	0.032540	0.017666	0.413742	0.033885	89
30.99	0.020324	0.421489	0.038779	0.017684	0.306191	0.033437	0.019807	0.412585	0.037799	89
27.05	0.023014	0.416561	0.043618	0.018270	0.271663	0.034238	0.022493	0.413134	0.042663	89
23.44	0.026361	0.413574	0.049564	0.018977	0.229789	0.035059	0.026157	0.415737	0.049218	89
20.13	0.030334	0.408572	0.056476	0.019759	0.205475	0.036051	0.030977	0.415848	0.057660	89
17.18	0.035459	0.407601	0.065242	0.020746	0.189927	0.037407	0.037377	0.418796	0.068629	89
14.51	0.041525	0.403345	0.075298	0.021869	0.149146	0.038145	0.045898	0.417691	0.082707	89
12.17	0.049016	0.399164	0.087311	0.022712	0.124922	0.038435	0.058152	0.418177	0.102105	89
10.11	0.058292	0.394236	0.101566	0.023814	0.110350	0.039174	0.075559	0.418058	0.127986	89
8.29	0.070676	0.392145	0.119766	0.025192	0.095584	0.039875	0.100528	0.420345	0.162252	89
6.75	0.085718	0.386993	0.140349	0.026162	0.081953	0.039663	0.130707	0.419480	0.199311	89
5.44	0.105662	0.384828	0.165801	0.027060	0.069037	0.038880	0.166754	0.422018	0.239051	89
4.37	0.130210	0.380647	0.194043	0.028027	0.062662	0.038731	0.204787	0.421479	0.275645	89
3.50	0.160929	0.377287	0.225621	0.029454	0.053773	0.038060	0.246433	0.422492	0.311294	88
2.83	0.200442	0.379303	0.262282	0.031252	0.050400	0.038581	0.294815	0.429884	0.349762	88
2.31	0.248371	0.384231	0.301712	0.032646	0.038282	0.035240	0.348472	0.441056	0.389336	87
1.92	0.304371	0.390503	0.342098	0.034113	0.032901	0.033496	0.403502	0.453775	0.427164	83
1.62	0.368863	0.400508	0.384034	0.035151	0.030249	0.032516	0.459970	0.469441	0.464657	82
1.42	0.431743	0.410886	0.421057	0.036637	0.028176	0.031854	0.508378	0.486353	0.497122	76
1.28	0.487992	0.418726	0.450713	0.037468	0.026172	0.030818	0.550008	0.500969	0.524344	70
1.18	0.538998	0.426715	0.476329	0.037348	0.023436	0.028800	0.583767	0.515110	0.547294	66
1.12	0.578984	0.433211	0.495601	0.040162	0.022519	0.028857	0.609664	0.526667	0.565134	58
1.08	0.607549	0.438662	0.509474	0.041584	0.021308	0.028178	0.628691	0.538493	0.580107	51
1.05	0.628744	0.441947	0.519051	0.035769	0.019349	0.025113	0.642817	0.547399	0.591283	42
1.03	0.644187	0.444337	0.525916	0.032700	0.017355	0.022676	0.652719	0.554688	0.599724	37
1.02	0.658780	0.449041	0.534056	0.032938	0.016687	0.022152	0.663532	0.563400	0.609380	36
1.01	0.668065	0.451729	0.538999	0.033704	0.016172	0.021857	0.670274	0.568643	0.615290	28
1.01	0.672989	0.452998	0.541503	0.032953	0.015633	0.021205	0.674030	0.572381	0.619061	22
1.00	0.678119	0.455387	0.544870	0.033267	0.015394	0.021048	0.678809	0.576714	0.623610	17
1.00	0.678655	0.455088	0.544829	0.033042	0.015066	0.020696	0.679255	0.577565	0.624296	16
1.00	0.679853	0.455536	0.545536	0.031592	0.014817	0.020173	0.680427	0.578871	0.625554	13
1.00	0.679674	0.455163	0.545211	0.033615	0.014585	0.020343	0.680074	0.579280	0.625643	11
1.00	0.679451	0.455014	0.545032	0.033647	0.014417	0.020185	0.679851	0.579782	0.625841	9
1.00	0.678934	0.454566	0.544544	0.027679	0.014198	0.018769	0.679181	0.579726	0.625525	8
1.00	0.677707	0.453745	0.543560	0.026841	0.013968	0.018374	0.677954	0.579280	0.624745	6
1.00	0.677002	0.453222	0.542958	0.028648	0.013846	0.018669	0.677229	0.579149	0.624361	6
1.00	0.675627	0.452251	0.541820	0.023037	0.013654	0.017146	0.675778	0.578452	0.623339	6
1.00	0.675667	0.452177	0.541779	0.023524	0.013588	0.017226	0.675667	0.578731	0.623453	4
1.00	0.675667	0.452177	0.541779	0.023736	0.013570	0.017268	0.675667	0.578898	0.623551	3
1.00	0.675220	0.451878	0.541421	0.022470	0.013517	0.016880	0.675220	0.578824	0.623317	3
1.00	0.675667	0.452177	0.541779	0.021416	0.013525	0.016579	0.675667	0.579438	0.623863	3
1.00	0.676671	0.452848	0.542584	0.021460	0.013624	0.016667	0.676671	0.580274	0.624776	3
1.00	0.677340	0.453297	0.543120	0.015775	0.013718	0.014674	0.677340	0.580888	0.625417	3
1.00	0.677675	0.453521	0.543389	0.015676	0.013787	0.014671	0.677675	0.581000	0.625625	3
1.00	0.678344	0.453968	0.543926	0.015571	0.013890	0.014682	0.678344	0.581424	0.626156	3
1.00	0.679460	0.454715	0.544820	0.015594	0.014009	0.014759	0.679460	0.581926	0.626922	2
1.00	0.679906	0.455014	0.545178	0.015505	0.014089	0.014763	0.679906	0.582121	0.627225	2
1.00	0.680241	0.455238	0.545446	0.015448	0.014195	0.014795	0.680241	0.582009	0.627303	2
1.00	0.680799	0.455611	0.545894	0.015433	0.014305	0.014848	0.680799	0.582363	0.627745	2
1.00	0.680799	0.455611	0.545894	0.015268	0.014369	0.014805	0.680799	0.582000	0.627535	2
1.00	0.681468	0.456059	0.546431	0.015249	0.014462	0.014845	0.681468	0.582223	0.627949	2
1.00	0.681691	0.456208	0.546609	0.015145	0.014521	0.014826	0.681691	0.582139	0.627995	2
1.00	0.682026	0.456432	0.546878	0.015127	0.014572	0.014844	0.682026	0.582223	0.628185	2
1.00	0.682472	0.456731	0.547236	0.015162	0.014616	0.014884	0.682472	0.582502	0.628537	2
1.00	0.682919	0.457030	0.547593	0.015182	0.014660	0.014916	0.682919	0.582753	0.628872	2
1.00	0.683030	0.457104	0.547683	0.015197	0.014662	0.014925	0.683030	0.582865	0.628985	2
1.00	0.682696	0.456880	0.547415	0.015172	0.014629	0.014895	0.682696	0.582642	0.628713	2
1.00	0.682584	0.456806	0.547325	0.015192	0.014618	0.014899	0.682584	0.582586	0.628633	2
1.00	0.682472	0.456731	0.547236	0.015213	0.014589	0.014894	0.682472	0.582642	0.628618	2
1.00	0.682138	0.456507	0.546967	0.015217	0.014556	0.014879	0.682138	0.582446	0.628362	2
1.00	0.681915	0.456358	0.546788	0.015215	0.014534	0.014866	0.681915	0.582335	0.628203	2
1.00	0.681915	0.456358	0.546788	0.015268	0.014524	0.014887	0.681915	0.582335	0.628203	2
1.00	0.681803	0.456283	0.546699	0.015275	0.014513	0.014884	0.681803	0.582279	0.628123	2
1.00	0.681691	0.456208	0.546609	0.015282	0.014502	0.014882	0.681691	0.582223	0.628043	2
1.00	0.682026	0.456432	0.546878	0.015332	0.014526	0.014918	0.682026	0.582474	0.628331	2
1.00	0.682138	0.456507	0.546967	0.015340	0.014537	0.014928	0.682138	0.582530	0.628411	2
1.00	0.682361	0.456656	0.547146	0.015357	0.014559	0.014948	0.682361	0.582642	0.628571	2
1.00	0.682696	0.456880	0.547415	0.015352	0.014592	0.014962	0.682696	0.582809	0.628810	2
1.00	0.682919	0.457030	0.547593	0.015344	0.014642	0.014985	0.682919	0.582753	0.628872	2
1.00	0.683365	0.457328	0.547951	0.015294	0.014713	0.014998	0.683365	0.582893	0.629143	2
1.00	0.683923	0.457702	0.548399	0.015263	0.014805	0.015030	0.683923	0.583116	0.629509	2
1.00	0.684369	0.458000	0.548756	0.015253	0.014885	0.015067	0.684369	0.583199	0.629747	2
1.00	0.685039	0.458448	0.549293	0.015247	0.014970	0.015107	0.685039	0.583553	0.630236	2
1.00	0.686377	0.459344	0.550367	0.015312	0.015138	0.015225	0.686377	0.584306	0.631242	2
1.00	0.686712	0.459568	0.550635	0.015240	0.015217	0.015228	0.686712	0.584362	0.631416	2
1.00	0.687493	0.460091	0.551261	0.015214	0.015358	0.015286	0.687493	0.584501	0.631827	2
1.00	0.687716	0.460240	0.551440	0.015179	0.015443	0.015310	0.687716	0.584334	0.631824	2
1.00	0.688832	0.460987	0.552335	0.015196	0.015626	0.015408	0.688832	0.584929	0.632643	2
1.00	0.688832	0.460987	0.552335	0.015091	0.015745	0.015411	0.688832	0.584482	0.632381	2
1.00	0.689501	0.461435	0.552872	0.015004	0.015920	0.015449	0.689501	0.584371	0.632598	2
1.00	0.690171	0.461883	0.553408	0.014951	0.016105	0.015506	0.690171	0.584538	0.632978	3
1.00	0.690282	0.461958	0.553498	0.014908	0.016180	0.015518	0.690282	0.584390	0.632937	3
1.00	0.689948	0.461734	0.553230	0.014855	0.016247	0.015520	0.689948	0.583636	0.632355	3
1.00	0.688943	0.461062	0.552424	0.014744	0.016266	0.015468	0.688943	0.582744	0.631409	3
1.00	0.689167	0.461211	0.552603	0.014751	0.016334	0.015502	0.689167	0.582744	0.631503	3
1.00	0.689055	0.461136	0.552514	0.014737	0.016377	0.015514	0.689055	0.582651	0.631402	3
1.00	0.688943	0.461062	0.552424	0.014713	0.016403	0.015512	0.688943	0.582558	0.631300	3
1.00	0.689278	0.461286	0.552693	0.014712	0.016509	0.015558	0.689278	0.582632	0.631484	3
1.00	0.689055	0.461136	0.552514	0.014671	0.016541	0.015550	0.689055	0.582242	0.631161	3
1.00	0.689055	0.461136	0.552514	0.014654	0.016614	0.015572	0.689055	0.582074	0.631063	3
1.00	0.688497	0.460763	0.552067	0.018328	0.016659	0.017454	0.688497	0.581554	0.630523	3
1.00	0.686712	0.459568	0.550635	0.018146	0.016674	0.017379	0.686712	0.579657	0.628660	3
1.00	0.685820	0.458971	0.549919	0.019868	0.016805	0.018208	0.685820	0.578486	0.627596	3
1.00	0.685373	0.458672	0.549562	0.019778	0.016888	0.018219	0.685373	0.577760	0.626983	3
1.00	0.683588	0.457478	0.548130	0.021497	0.016994	0.018982	0.683588	0.575641	0.624987	3
1.00	0.682919	0.457030	0.547593	0.021412	0.017083	0.019004	0.682919	0.574692	0.624149	3
1.00	0.681915	0.456358	0.546788	0.021321	0.017148	0.019008	0.681915	0.573298	0.622907	3
1.00	0.680576	0.455462	0.545715	0.022176	0.017207	0.019378	0.680576	0.571922	0.621536	3
1.00	0.679125	0.454491	0.544552	0.022104	0.017237	0.019369	0.679125	0.570527	0.620107	3
1.00	0.677786	0.453595	0.543478	0.022029	0.017250	0.019349	0.677786	0.569370	0.618866	3
1.00	0.676484	0.452774	0.542470	0.021934	0.017266	0.019322	0.676503	0.568236	0.617661	4
1.00	0.675033	0.451803	0.541307	0.022158	0.017268	0.019410	0.675053	0.566897	0.616266	4
1.00	0.674512	0.451505	0.540925	0.021566	0.017306	0.019203	0.674607	0.566432	0.615805	4
1.00	0.673321	0.450758	0.540006	0.021774	0.017333	0.019301	0.673491	0.565373	0.614714	5
1.00	0.673098	0.450609	0.539827	0.022159	0.017383	0.019483	0.673268	0.565038	0.614423	5
1.00	0.671797	0.449787	0.538819	0.022634	0.017417	0.019686	0.672041	0.563718	0.613131	5
1.00	0.671350	0.449489	0.538462	0.023852	0.017462	0.020163	0.671594	0.563104	0.612583	5
1.00	0.671274	0.449638	0.538544	0.026770	0.017623	0.021254	0.671762	0.562806	0.612476	5
1.00	0.671422	0.449787	0.538699	0.027232	0.017669	0.021432	0.671929	0.562788	0.612535	5
1.00	0.671532	0.450011	0.538895	0.039298	0.017785	0.024488	0.672041	0.562797	0.612587	6
1.00	0.671642	0.450235	0.539091	0.039071	0.017799	0.024457	0.672208	0.563132	0.612854	6
1.00	0.672193	0.451057	0.539857	0.039544	0.017894	0.024639	0.673101	0.564192	0.613853	6
1.00	0.673002	0.452102	0.540866	0.040078	0.017986	0.024830	0.674272	0.565386	0.615047	6
1.01	0.673623	0.453072	0.541762	0.040873	0.018118	0.025106	0.675109	0.566334	0.615956	6
1.01	0.673834	0.453968	0.542470	0.041349	0.018186	0.025262	0.675667	0.567245	0.616727	6
1.01	0.674377	0.454939	0.543339	0.041619	0.018304	0.025425	0.676503	0.568305	0.617702	6
1.01	0.675251	0.456134	0.544474	0.041994	0.018442	0.025629	0.677675	0.569402	0.618838	6
1.01	0.675890	0.457776	0.545851	0.042465	0.018665	0.025931	0.678791	0.571038	0.620270	6
1.02	0.676035	0.459792	0.547329	0.036708	0.018928	0.024977	0.679906	0.573102	0.621952	6
1.02	0.677014	0.462480	0.549552	0.040804	0.019294	0.026200	0.681691	0.575724	0.624243	6
1.02	0.677346	0.464123	0.550820	0.038772	0.019543	0.025987	0.682919	0.577249	0.625653	7
1.03	0.675905	0.464347	0.550500	0.038417	0.019671	0.026020	0.682249	0.577137	0.625307	7
1.03	0.675558	0.465168	0.550962	0.038251	0.019869	0.026153	0.682528	0.577565	0.625675	7
1.03	0.676251	0.467110	0.552553	0.038261	0.020208	0.026448	0.683811	0.579425	0.627305	7
1.03	0.676011	0.468155	0.553203	0.038116	0.020491	0.026653	0.684202	0.579852	0.627720	7
1.04	0.675591	0.469126	0.553739	0.039928	0.020812	0.027362	0.684369	0.580447	0.628139	7
1.04	0.673102	0.468603	0.552538	0.039594	0.021001	0.027445	0.682528	0.579127	0.626591	7
1.04	0.671201	0.467931	0.551430	0.039366	0.021320	0.027660	0.680910	0.577258	0.624815	7
1.04	0.669591	0.467259	0.550420	0.053311	0.021755	0.030901	0.679348	0.574674	0.622642	8
1.04	0.666845	0.465691	0.548404	0.052974	0.022052	0.031141	0.676727	0.571364	0.619598	8
1.04	0.666382	0.465467	0.548092	0.054039	0.022323	0.031595	0.676392	0.570434	0.618911	8
1.05	0.664603	0.464870	0.547076	0.053968	0.022538	0.031797	0.674923	0.568863	0.617371	9
1.05	0.663327	0.464720	0.546540	0.055015	0.022680	0.032119	0.673844	0.567989	0.616405	10
1.05	0.663190	0.465318	0.546907	0.055383	0.022931	0.032433	0.674105	0.568249	0.616667	10
1.05	0.661851	0.465168	0.546347	0.057015	0.023169	0.032949	0.672877	0.567561	0.615748	10
1.05	0.659565	0.464646	0.545208	0.056359	0.023445	0.033114	0.671111	0.566464	0.614363	10
1.05	0.658971	0.464571	0.544953	0.056706	0.023655	0.033384	0.670497	0.565702	0.613658	10
1.06	0.657864	0.465019	0.544882	0.057448	0.023865	0.033721	0.669586	0.565757	0.613308	10
1.06	0.657751	0.466363	0.545764	0.055178	0.024293	0.033734	0.670032	0.566669	0.614031	10
1.06	0.654553	0.465318	0.543947	0.053379	0.024409	0.033500	0.667438	0.564883	0.611893	10
1.07	0.653066	0.466064	0.543941	0.054605	0.024647	0.033964	0.666695	0.565590	0.611995	10
1.07	0.651698	0.467035	0.544126	0.054767	0.024957	0.034289	0.666137	0.566538	0.612314	10
1.07	0.649008	0.466512	0.542832	0.054531	0.025116	0.034391	0.663626	0.565553	0.610677	10
1.08	0.647406	0.466811	0.542473	0.055019	0.025352	0.034710	0.662381	0.565296	0.610000	10
1.08	0.647302	0.468379	0.543493	0.055255	0.025797	0.035173	0.662697	0.566784	0.610999	10
1.08	0.644540	0.467632	0.542016	0.055096	0.025977	0.035307	0.660186	0.565529	0.609202	10
1.09	0.643143	0.468155	0.541872	0.055508	0.026391	0.035773	0.659015	0.565296	0.608568	10
1.09	0.640082	0.467408	0.540284	0.055742	0.026658	0.036067	0.656216	0.563656	0.606425	10
1.09	0.636188	0.465990	0.537948	0.054700	0.026920	0.036083	0.652293	0.560997	0.603210	10
1.10	0.634551	0.465691	0.537163	0.054371	0.027381	0.036421	0.650229	0.559881	0.601682	10
1.10	0.632242	0.464422	0.535491	0.054635	0.027672	0.036737	0.647663	0.557464	0.599188	10
1.10	0.631478	0.464944	0.535564	0.054793	0.027887	0.036962	0.647105	0.557557	0.599003	10
1.10	0.629510	0.465094	0.534954	0.054859	0.028305	0.037342	0.645348	0.556995	0.597925	10
1.11	0.626534	0.465094	0.533876	0.054803	0.028714	0.037684	0.642837	0.556103	0.596333	10
1.11	0.624473	0.464870	0.532979	0.054701	0.029120	0.038007	0.640662	0.555443	0.595016	10
1.12	0.623225	0.465243	0.532769	0.054832	0.029399	0.038276	0.639323	0.555396	0.594412	10
1.12	0.622642	0.465691	0.532849	0.054345	0.029772	0.038469	0.638319	0.555238	0.593887	10
1.12	0.623006	0.466662	0.533618	0.054322	0.030267	0.038875	0.638486	0.555796	0.594278	10
1.12	0.621700	0.465915	0.532650	0.053978	0.030547	0.039015	0.636812	0.554327	0.592714	10
1.12	0.621095	0.466064	0.532526	0.054044	0.031119	0.039496	0.635288	0.553583	0.591628	10
1.12	0.620909	0.466064	0.532458	0.053652	0.031390	0.039607	0.634562	0.553230	0.591112	10
1.12	0.621256	0.466139	0.532634	0.053481	0.031505	0.039652	0.634674	0.552877	0.590958	10
1.12	0.621791	0.466587	0.533123	0.053323	0.031886	0.039908	0.634339	0.552347	0.590510	10
1.12	0.622114	0.466736	0.533339	0.053218	0.032327	0.040221	0.633893	0.551529	0.589849	10
1.12	0.623197	0.467782	0.534420	0.053269	0.032595	0.040443	0.634442	0.551789	0.590236	10
1.12	0.622176	0.466736	0.533362	0.053088	0.032801	0.040549	0.632824	0.549725	0.588355	11
1.12	0.622176	0.466736	0.533362	0.052936	0.032988	0.040646	0.632489	0.549557	0.588114	11
1.12	0.621950	0.466288	0.532986	0.053065	0.033277	0.040903	0.631634	0.548646	0.587222	11
1.12	0.621974	0.466214	0.532946	0.052990	0.033499	0.041048	0.630760	0.547698	0.586302	11
1.12	0.621570	0.465168	0.532115	0.052932	0.033832	0.041280	0.629365	0.545652	0.584527	11
1.12	0.620576	0.463451	0.530626	0.052886	0.034248	0.041574	0.627152	0.542640	0.581843	11
1.12	0.617547	0.460912	0.527855	0.052594	0.034393	0.041589	0.623694	0.538791	0.578142	11
1.11	0.615677	0.459195	0.526046	0.052317	0.034520	0.041595	0.621230	0.536392	0.575702	11
1.11	0.612971	0.456582	0.523343	0.063277	0.035080	0.045137	0.617492	0.531929	0.571526	12
1.11	0.610447	0.453745	0.520558	0.062960	0.035208	0.045161	0.614313	0.527736	0.567743	12
1.11	0.607821	0.451430	0.518081	0.062843	0.035386	0.045277	0.611021	0.524240	0.564314	12
1.11	0.604829	0.448891	0.515322	0.062530	0.035410	0.045215	0.607553	0.520605	0.560729	12
1.11	0.603261	0.447547	0.513867	0.062603	0.035830	0.045575	0.605043	0.518178	0.558252	12
1.11	0.602014	0.446353	0.512627	0.062731	0.036175	0.045888	0.602923	0.515910	0.556033	12
1.11	0.600181	0.444635	0.510830	0.062641	0.036234	0.045911	0.600469	0.513121	0.553369	12
1.11	0.599254	0.444038	0.510100	0.062620	0.036347	0.045996	0.599232	0.511754	0.552049	12
1.11	0.598550	0.443739	0.509648	0.062678	0.036632	0.046240	0.598116	0.511308	0.551316	12
1.11	0.597362	0.442993	0.508725	0.062634	0.036816	0.046374	0.596452	0.509671	0.549657	13
1.11	0.595873	0.442022	0.507545	0.062664	0.037143	0.046641	0.594360	0.507998	0.547796	14
1.11	0.594423	0.440902	0.506280	0.062728	0.037350	0.046821	0.592352	0.506194	0.545894	14
1.11	0.593722	0.440603	0.505829	0.062650	0.037433	0.046865	0.591571	0.505394	0.545098	14
1.11	0.592514	0.439707	0.504800	0.062585	0.037549	0.046937	0.589935	0.503777	0.543462	14
1.11	0.591769	0.439110	0.504136	0.062520	0.037702	0.047038	0.588875	0.502521	0.542282	14
1.11	0.591631	0.439185	0.504135	0.062408	0.037836	0.047110	0.588261	0.502205	0.541838	14
1.11	0.590493	0.438737	0.503427	0.062339	0.037849	0.047101	0.586978	0.501480	0.540871	14
1.11	0.589599	0.438513	0.502955	0.062229	0.037989	0.047177	0.585918	0.500867	0.540064	14
1.11	0.589435	0.438214	0.502698	0.062212	0.038073	0.047237	0.585472	0.500495	0.539658	14
1.11	0.589020	0.438214	0.502547	0.062242	0.038280	0.047405	0.584858	0.500290	0.539279	14
1.11	0.588530	0.438289	0.502418	0.062257	0.038421	0.047518	0.584282	0.500160	0.538958	14
1.11	0.588023	0.438438	0.502331	0.062116	0.038521	0.047552	0.583882	0.500104	0.538756	14
1.11	0.587298	0.437766	0.501626	0.062041	0.038626	0.047610	0.582934	0.499007	0.537715	14
1.11	0.585012	0.435974	0.499615	0.061771	0.038597	0.047509	0.580572	0.496552	0.535285	14
1.11	0.582273	0.434107	0.497391	0.061702	0.038617	0.047503	0.577615	0.493931	0.532505	14
1.11	0.580603	0.432689	0.495850	0.061625	0.038620	0.047483	0.575774	0.491643	0.530393	14
1.11	0.578879	0.430971	0.494094	0.061439	0.038642	0.047444	0.573431	0.489338	0.528057	14
1.11	0.577220	0.429478	0.492508	0.066970	0.038937	0.049243	0.571367	0.487199	0.525937	14
1.11	0.575599	0.428358	0.491181	0.068714	0.039230	0.049945	0.569573	0.485321	0.524083	14
1.11	0.573420	0.426865	0.489406	0.068667	0.039289	0.049981	0.567118	0.483517	0.521992	14
1.11	0.571973	0.425745	0.488143	0.068527	0.039270	0.049928	0.565501	0.482141	0.520505	14
1.11	0.571658	0.425297	0.487734	0.068600	0.039378	0.050035	0.564776	0.481193	0.519645	14
1.11	0.571773	0.425297	0.487776	0.068488	0.039381	0.050008	0.564887	0.481137	0.519660	14
1.11	0.571070	0.425073	0.487373	0.068482	0.039406	0.050026	0.564078	0.480561	0.518981	14
1.11	0.571357	0.425371	0.487673	0.068392	0.039468	0.050052	0.564413	0.480672	0.519188	14
1.11	0.572546	0.426342	0.488744	0.066537	0.039593	0.049645	0.565622	0.481565	0.520220	15
1.11	0.573519	0.427238	0.489688	0.066507	0.039669	0.049697	0.566626	0.482420	0.521144	15
1.11	0.574091	0.427835	0.490288	0.068364	0.039819	0.050326	0.566998	0.482811	0.521529	15
1.11	0.574219	0.428059	0.490482	0.068243	0.039846	0.050315	0.567165	0.482904	0.521654	15
1.11	0.574521	0.427985	0.490543	0.068138	0.039877	0.050310	0.567212	0.482513	0.521445	16
1.11	0.575238	0.428433	0.491099	0.067928	0.039989	0.050342	0.567946	0.482718	0.521875	16
1.11	0.575727	0.428582	0.491375	0.067809	0.040117	0.050411	0.568281	0.482513	0.521897	16
1.11	0.575682	0.428806	0.491506	0.067788	0.040253	0.050512	0.567965	0.482653	0.521845	16
1.11	0.575697	0.428731	0.491462	0.067692	0.040320	0.050538	0.568020	0.482671	0.521879	16
1.11	0.575353	0.428433	0.491141	0.067657	0.040400	0.050590	0.567425	0.481927	0.521193	16
1.11	0.574922	0.428283	0.490886	0.067538	0.040469	0.050612	0.566979	0.481667	0.520853	16
1.11	0.574161	0.428059	0.490461	0.067435	0.040578	0.050667	0.566310	0.481165	0.520277	16
1.11	0.572988	0.427313	0.489543	0.067347	0.040721	0.050754	0.564841	0.479752	0.518831	16
1.12	0.571043	0.426417	0.488245	0.064151	0.040825	0.049897	0.562888	0.478357	0.517192	16
1.12	0.569386	0.425222	0.486856	0.064098	0.040879	0.049920	0.560936	0.476516	0.515291	16
1.12	0.568486	0.424550	0.486087	0.064076	0.040995	0.050000	0.559764	0.475494	0.514199	16
1.12	0.567303	0.423878	0.485214	0.065202	0.041225	0.050512	0.558332	0.474322	0.512910	16
1.12	0.566507	0.423579	0.484727	0.065131	0.041225	0.050491	0.557607	0.473969	0.512397	16
1.12	0.566254	0.423729	0.484732	0.064276	0.041238	0.050242	0.557477	0.474136	0.512440	16
1.12	0.566643	0.424401	0.485314	0.064272	0.041291	0.050280	0.557979	0.474694	0.512978	16
1.12	0.567118	0.425222	0.486025	0.064306	0.041369	0.050348	0.558425	0.475754	0.513785	16
1.12	0.567320	0.425670	0.486392	0.063695	0.041379	0.050167	0.558704	0.476014	0.514055	16
1.12	0.566740	0.425446	0.486032	0.063155	0.041404	0.050017	0.558016	0.475828	0.513655	16
1.12	0.566402	0.425446	0.485908	0.063499	0.041644	0.050300	0.557514	0.475754	0.513399	16
1.12	0.567057	0.426193	0.486636	0.063131	0.041636	0.050178	0.558314	0.476721	0.514301	16
1.12	0.567758	0.427313	0.487624	0.063994	0.042380	0.050991	0.559076	0.478023	0.515382	16
1.13	0.568245	0.428358	0.488484	0.063373	0.042650	0.050986	0.559634	0.479380	0.516408	16
1.13	0.568931	0.430150	0.489902	0.062726	0.042750	0.050846	0.560787	0.481686	0.518235	16
1.13	0.569698	0.431793	0.491250	0.062572	0.042812	0.050839	0.562182	0.483880	0.520100	17
1.14	0.570151	0.433286	0.492385	0.056460	0.043053	0.048854	0.562963	0.485647	0.521454	17
1.14	0.571134	0.434630	0.493619	0.056561	0.043286	0.049041	0.564246	0.487357	0.522991	17
1.14	0.571443	0.435377	0.494215	0.056635	0.043592	0.049265	0.564525	0.488250	0.523624	17
1.14	0.572462	0.437094	0.495703	0.054948	0.044149	0.048960	0.565640	0.490184	0.525216	17
1.14	0.573117	0.438065	0.496572	0.054593	0.044230	0.048868	0.566458	0.491337	0.526230	17
1.14	0.573435	0.439035	0.497315	0.054810	0.044920	0.049375	0.566905	0.492424	0.527046	17
1.15	0.573515	0.439782	0.497824	0.054641	0.045249	0.049503	0.567202	0.492945	0.527473	17
1.15	0.573554	0.440454	0.498268	0.054608	0.045802	0.049819	0.567407	0.493726	0.528008	18
1.15	0.572982	0.440529	0.498100	0.054431	0.046092	0.049916	0.566793	0.493726	0.527743	18
1.15	0.571982	0.441126	0.498103	0.053943	0.046176	0.049758	0.565938	0.493986	0.527520	18
1.15	0.570158	0.440529	0.497030	0.053697	0.046136	0.049630	0.564115	0.493150	0.526251	18
1.16	0.569375	0.440603	0.496780	0.055545	0.046936	0.050879	0.563279	0.492871	0.525728	18
1.16	0.567958	0.439931	0.495814	0.055478	0.047189	0.050999	0.561865	0.491997	0.524615	18
1.16	0.566638	0.439035	0.494741	0.055300	0.047247	0.050957	0.560452	0.490695	0.523259	18
1.16	0.564794	0.437691	0.493185	0.055023	0.047285	0.050862	0.558649	0.488910	0.521458	18
1.16	0.563524	0.436497	0.491943	0.054942	0.047326	0.050850	0.557031	0.487367	0.519875	18
1.16	0.562355	0.435675	0.490976	0.054789	0.047393	0.050823	0.555469	0.485898	0.518359	18
1.16	0.561133	0.434854	0.489988	0.054708	0.047518	0.050860	0.553981	0.484391	0.516854	18
1.16	0.559911	0.434033	0.489001	0.054554	0.047505	0.050786	0.552680	0.483257	0.515642	19
1.16	0.559268	0.433659	0.488519	0.054482	0.047584	0.050800	0.551787	0.482346	0.514735	19
1.16	0.557985	0.432539	0.487319	0.054388	0.047596	0.050766	0.550355	0.480784	0.513223	19
1.16	0.557473	0.431643	0.486555	0.054342	0.047633	0.050766	0.549490	0.479482	0.512105	19
1.16	0.557186	0.431046	0.486066	0.054319	0.047641	0.050761	0.548988	0.478422	0.511282	19
1.16	0.556918	0.430673	0.485726	0.054295	0.047694	0.050781	0.548356	0.477679	0.510583	19
1.16	0.556682	0.430449	0.485494	0.054198	0.047769	0.050781	0.548226	0.477344	0.510336	19
1.16	0.556521	0.430449	0.485433	0.054181	0.047828	0.050807	0.547929	0.477018	0.510021	19
1.16	0.555523	0.429926	0.484721	0.054141	0.047878	0.050817	0.546757	0.476182	0.509035	19
1.16	0.555084	0.430001	0.484601	0.054121	0.047958	0.050853	0.546143	0.476144	0.508747	19
1.16	0.553757	0.429179	0.483574	0.053976	0.047955	0.050788	0.544749	0.474973	0.507474	19
1.16	0.554346	0.429553	0.484035	0.054023	0.047978	0.050822	0.545214	0.475308	0.507866	19
1.16	0.554625	0.430225	0.484568	0.054062	0.048104	0.050909	0.545269	0.475810	0.508177	19
1.16	0.554850	0.430523	0.484843	0.054024	0.048151	0.050919	0.545623	0.475958	0.508415	19
1.16	0.555128	0.430822	0.485139	0.055149	0.048431	0.051572	0.546032	0.476293	0.508784	19
1.16	0.555160	0.430971	0.485246	0.055226	0.048468	0.051627	0.545855	0.476275	0.508697	19
1.16	0.555331	0.430897	0.485264	0.055264	0.048498	0.051661	0.546023	0.476107	0.508674	19
1.16	0.554871	0.430374	0.484757	0.055249	0.048539	0.051677	0.545465	0.475568	0.508124	19
1.16	0.554303	0.429478	0.483971	0.055278	0.048514	0.051675	0.544702	0.474359	0.507103	19
1.16	0.554623	0.429478	0.484094	0.055325	0.048581	0.051734	0.544767	0.474173	0.507025	19
1.16	0.554570	0.429478	0.484073	0.055306	0.048567	0.051718	0.544656	0.474118	0.506945	19
1.16	0.554655	0.429254	0.483963	0.055319	0.048562	0.051720	0.544544	0.473839	0.506737	19
1.16	0.553551	0.428358	0.482973	0.055224	0.048583	0.051691	0.543382	0.472556	0.505500	19
1.16	0.553175	0.427985	0.482593	0.055196	0.048601	0.051689	0.542880	0.471961	0.504942	19
1.16	0.552619	0.427761	0.482239	0.055102	0.048600	0.051647	0.542313	0.471570	0.504474	19
1.16	0.552599	0.427910	0.482326	0.055117	0.048612	0.051661	0.542276	0.471719	0.504542	19
1.16	0.551541	0.427462	0.481639	0.054921	0.048601	0.051568	0.541309	0.471235	0.503847	19
1.16	0.550794	0.427089	0.481117	0.054686	0.048608	0.051468	0.540528	0.470752	0.503233	19
1.16	0.550380	0.427014	0.480912	0.054618	0.048668	0.051472	0.540026	0.470436	0.502834	19
1.16	0.549615	0.426790	0.480477	0.054589	0.048908	0.051593	0.539115	0.469859	0.502110	19
1.16	0.549063	0.426566	0.480124	0.054566	0.049132	0.051707	0.538538	0.469413	0.501605	19
1.16	0.548179	0.426043	0.479456	0.054459	0.049172	0.051681	0.537590	0.468707	0.500790	19
1.16	0.548012	0.426118	0.479439	0.054401	0.049220	0.051681	0.537348	0.468576	0.500611	19
1.16	0.546536	0.425297	0.478354	0.065476	0.051085	0.057392	0.535767	0.467386	0.499246	20
1.16	0.545245	0.424251	0.477198	0.065395	0.051067	0.057350	0.534261	0.465899	0.497744	20
1.16	0.544504	0.423878	0.476678	0.065291	0.051067	0.057310	0.533517	0.465378	0.497124	20
1.16	0.543572	0.423355	0.475991	0.065184	0.051078	0.057275	0.532495	0.464774	0.496335	20
1.16	0.542778	0.422534	0.475167	0.065197	0.051089	0.057288	0.531472	0.463416	0.495116	20
1.16	0.541719	0.421265	0.473958	0.065211	0.051057	0.057273	0.530245	0.461520	0.493501	20
1.16	0.541062	0.420593	0.473282	0.065211	0.051052	0.057269	0.529519	0.460627	0.492677	20
1.16	0.540006	0.419772	0.472358	0.065139	0.051078	0.057258	0.528236	0.459641	0.491557	20
1.16	0.539023	0.418726	0.471320	0.065115	0.051051	0.057232	0.527065	0.458135	0.490189	20
1.16	0.538358	0.418129	0.470687	0.065117	0.051036	0.057223	0.526284	0.457243	0.489340	20
1.16	0.538277	0.417905	0.470514	0.065077	0.050807	0.057064	0.526172	0.456964	0.489132	20
1.16	0.537389	0.417457	0.469891	0.065030	0.050767	0.057021	0.525280	0.456666	0.488576	20
1.16	0.537537	0.417532	0.469995	0.065034	0.050763	0.057019	0.525503	0.456834	0.488768	20

Wed Sep  1 16:54:31 2021
45.44	0.014526	0.478261	0.028196	0.014471	0.051566	0.022599	0.014490	0.520833	0.028195	89
39.98	0.019302	0.516389	0.037212	0.017468	0.318206	0.033118	0.019239	0.533093	0.037137	89
34.94	0.021581	0.504667	0.041392	0.017955	0.268504	0.033660	0.021769	0.525801	0.041807	89
30.17	0.024143	0.487419	0.046006	0.018389	0.233825	0.034096	0.024967	0.513427	0.047618	89
25.73	0.027222	0.468678	0.051456	0.018740	0.202925	0.034311	0.029386	0.499993	0.055509	89
21.70	0.030676	0.445531	0.057400	0.019087	0.181307	0.034539	0.035055	0.480505	0.065342	89
18.11	0.035063	0.424998	0.064782	0.019606	0.159134	0.034910	0.043159	0.463651	0.078968	89
15.02	0.040280	0.404988	0.073272	0.020260	0.144305	0.035532	0.053622	0.445415	0.095721	89
12.34	0.046641	0.385276	0.083209	0.020929	0.118459	0.035573	0.064634	0.427814	0.112301	89
10.07	0.054379	0.366460	0.094705	0.021299	0.097541	0.034964	0.077486	0.410688	0.130374	89
8.21	0.063674	0.349884	0.107740	0.021760	0.083961	0.034562	0.090273	0.395496	0.146994	89
6.68	0.074917	0.335026	0.122452	0.022614	0.076552	0.034914	0.104220	0.380974	0.163667	89
5.45	0.088136	0.321287	0.138327	0.023673	0.070573	0.035453	0.119572	0.367158	0.180395	89
4.48	0.101977	0.305458	0.152906	0.024126	0.065455	0.035257	0.132292	0.351668	0.192259	89
3.73	0.117065	0.292466	0.167204	0.026128	0.047621	0.033743	0.144291	0.337638	0.202180	89
3.16	0.131305	0.277757	0.178315	0.026922	0.045398	0.033800	0.155075	0.321327	0.209192	89
2.72	0.145613	0.265437	0.188060	0.028809	0.042126	0.034217	0.164985	0.308431	0.214976	89
2.38	0.157303	0.250877	0.193365	0.030490	0.038237	0.033927	0.172035	0.290989	0.216232	88
2.13	0.167243	0.238259	0.196533	0.031190	0.035509	0.033210	0.176621	0.276992	0.215702	86
1.92	0.174805	0.224520	0.196568	0.029694	0.030607	0.030144	0.181011	0.260945	0.213750	83
1.75	0.180802	0.211379	0.194899	0.031206	0.027119	0.029019	0.184357	0.245052	0.210415	77
1.60	0.187948	0.201449	0.194464	0.034213	0.023383	0.027780	0.189827	0.234044	0.209629	71
1.46	0.193298	0.189502	0.191381	0.034938	0.020987	0.026222	0.194211	0.219911	0.206264	64
1.33	0.198892	0.176958	0.187285	0.040090	0.018715	0.025518	0.201375	0.205909	0.203617	59
1.22	0.201734	0.165086	0.181579	0.038114	0.016548	0.023077	0.203579	0.191331	0.197265	50
1.15	0.202984	0.156425	0.176689	0.035439	0.014936	0.021015	0.203373	0.181485	0.191807	38
1.10	0.203829	0.150228	0.172971	0.032199	0.014167	0.019677	0.201154	0.173746	0.186448	32
1.07	0.201437	0.144404	0.168218	0.031042	0.013878	0.019181	0.198009	0.166453	0.180865	21
1.05	0.196166	0.137535	0.161700	0.033590	0.013586	0.019347	0.192258	0.157788	0.173326	16
1.03	0.191618	0.132457	0.156638	0.036347	0.013172	0.019337	0.188389	0.151577	0.167990	11
1.02	0.187664	0.128351	0.152441	0.036368	0.012986	0.019138	0.184908	0.146138	0.163253	9
1.01	0.185527	0.125961	0.150049	0.027273	0.012673	0.017305	0.183291	0.143153	0.160754	7
1.01	0.183565	0.124095	0.148082	0.027066	0.012538	0.017137	0.181803	0.140755	0.158667	6
1.01	0.181818	0.122452	0.146344	0.026186	0.012344	0.016778	0.180520	0.139202	0.157191	6
1.00	0.180787	0.121407	0.145263	0.026024	0.012245	0.016654	0.179962	0.137993	0.156208	6
1.00	0.182871	0.122601	0.146791	0.029332	0.012223	0.017256	0.182305	0.139406	0.157996	5
1.00	0.186337	0.124841	0.149513	0.029535	0.012213	0.017280	0.186043	0.142205	0.161197	5
1.00	0.194246	0.130068	0.155807	0.029572	0.012304	0.017378	0.194076	0.149067	0.168619	5
1.00	0.204239	0.136713	0.163789	0.029891	0.012353	0.017481	0.204173	0.158187	0.178262	5
1.00	0.224230	0.150078	0.179809	0.030094	0.012517	0.017680	0.224199	0.176299	0.197385	5
1.00	0.263945	0.176659	0.211656	0.030435	0.013008	0.018226	0.263918	0.211676	0.234928	5
1.00	0.329987	0.220862	0.264615	0.031183	0.013675	0.019012	0.329968	0.270458	0.297264	5
1.00	0.439250	0.293960	0.352210	0.020273	0.014253	0.016738	0.439250	0.368928	0.401030	4
1.00	0.563762	0.377287	0.452049	0.020851	0.013774	0.016589	0.563762	0.480942	0.519069	4
1.00	0.630816	0.422161	0.505815	0.020667	0.012031	0.015209	0.630816	0.544224	0.584329	4
1.00	0.652237	0.436497	0.522992	0.019582	0.011457	0.014456	0.652237	0.564521	0.605217	4
1.00	0.656811	0.439558	0.526660	0.019221	0.011404	0.014315	0.656811	0.568742	0.609612	4
1.00	0.658931	0.440977	0.528359	0.019010	0.011416	0.014265	0.658931	0.570438	0.611499	4
1.00	0.659489	0.441350	0.528807	0.018649	0.011418	0.014163	0.659489	0.570847	0.611975	4
1.00	0.659935	0.441649	0.529164	0.018647	0.011452	0.014190	0.659935	0.571293	0.612423	4
1.00	0.660270	0.441873	0.529433	0.018647	0.011467	0.014201	0.660270	0.571572	0.612728	3
1.00	0.660382	0.441947	0.529522	0.018647	0.011478	0.014210	0.660382	0.571628	0.612808	3
1.00	0.660382	0.441947	0.529522	0.018647	0.011478	0.014210	0.660382	0.571628	0.612808	3
1.00	0.660939	0.442321	0.529970	0.018652	0.011533	0.014253	0.660939	0.571963	0.613240	3
1.00	0.661609	0.442769	0.530506	0.018657	0.011599	0.014305	0.661609	0.572465	0.613817	3
1.00	0.662093	0.443142	0.530930	0.029896	0.011652	0.016768	0.662111	0.572892	0.614279	4
1.00	0.662316	0.443291	0.531109	0.029376	0.011692	0.016726	0.662334	0.572892	0.614375	4
1.00	0.662577	0.443515	0.531353	0.029423	0.011740	0.016783	0.662613	0.572985	0.614548	4
1.00	0.663284	0.444038	0.531956	0.029121	0.011832	0.016827	0.663338	0.573329	0.615058	4
1.00	0.663618	0.444262	0.532224	0.028760	0.011911	0.016845	0.663673	0.573506	0.615304	4
1.00	0.663953	0.444486	0.532493	0.029100	0.011998	0.016990	0.664008	0.573497	0.615442	4
1.00	0.663841	0.444411	0.532403	0.029235	0.012095	0.017111	0.663896	0.573102	0.615167	4
1.00	0.663841	0.444411	0.532403	0.029274	0.012227	0.017250	0.663896	0.572721	0.614947	4
1.00	0.662503	0.443515	0.531330	0.029531	0.012381	0.017447	0.662557	0.571066	0.613419	4
1.00	0.658265	0.440678	0.527931	0.029812	0.012570	0.017683	0.658318	0.566845	0.609167	4

Wed Sep  1 17:09:14 2021
43.45	0.014499	0.456522	0.028106	0.016284	0.058435	0.025470	0.014467	0.488750	0.028102	89
37.76	0.019729	0.498619	0.037956	0.017694	0.331058	0.033592	0.020023	0.531234	0.038591	89
32.68	0.021600	0.472336	0.041310	0.018222	0.282955	0.034239	0.022532	0.508000	0.043150	89
27.93	0.023878	0.446353	0.045331	0.018746	0.251803	0.034894	0.026187	0.484432	0.049687	89
23.74	0.026603	0.422683	0.050056	0.019516	0.233305	0.036020	0.031418	0.461997	0.058834	89
20.02	0.029796	0.399238	0.055454	0.020226	0.201473	0.036762	0.038592	0.439453	0.070953	89
16.70	0.033925	0.379079	0.062276	0.021576	0.174951	0.038415	0.048799	0.420356	0.087446	89
13.79	0.038410	0.354364	0.069308	0.022150	0.154411	0.038743	0.060784	0.396182	0.105397	89
11.25	0.044650	0.336295	0.078833	0.024441	0.131544	0.041223	0.077407	0.377969	0.128499	89
9.10	0.051874	0.316061	0.089120	0.025905	0.118842	0.042538	0.094820	0.356893	0.149832	89
7.29	0.060814	0.296498	0.100928	0.027518	0.102046	0.043347	0.115796	0.337127	0.172383	89
5.78	0.071795	0.277832	0.114104	0.029840	0.075278	0.042739	0.135455	0.317918	0.189970	89
4.56	0.085890	0.262301	0.129407	0.033192	0.065197	0.043989	0.157423	0.302177	0.207004	89
3.61	0.102227	0.247069	0.144618	0.033037	0.055242	0.041347	0.177543	0.286455	0.219217	89
2.88	0.120749	0.233032	0.159072	0.034766	0.044015	0.038847	0.194631	0.271263	0.226645	88
2.33	0.141815	0.220712	0.172679	0.036429	0.033831	0.035082	0.209768	0.257317	0.231123	87
1.92	0.164900	0.211454	0.185298	0.040582	0.026988	0.032418	0.224656	0.247220	0.235398	86
1.63	0.186203	0.202942	0.194212	0.044193	0.023691	0.030846	0.234857	0.237049	0.235948	85
1.43	0.200982	0.192563	0.196683	0.047540	0.019780	0.027936	0.236309	0.224962	0.230496	84
1.30	0.211651	0.184201	0.196974	0.052883	0.019059	0.028019	0.236271	0.214428	0.224820	82
1.21	0.219034	0.176659	0.195578	0.053929	0.018269	0.027292	0.235124	0.205270	0.219185	76
1.15	0.220449	0.169193	0.191450	0.045896	0.017048	0.024861	0.230523	0.196670	0.212255	70
1.10	0.217761	0.160756	0.184966	0.024191	0.016555	0.019658	0.223544	0.186545	0.203375	61
1.07	0.212799	0.152692	0.177803	0.019873	0.015397	0.017351	0.215870	0.177256	0.194667	52
1.05	0.205275	0.144702	0.169747	0.019703	0.014737	0.016862	0.206522	0.168191	0.185396	48
1.04	0.198693	0.138431	0.163176	0.020565	0.014361	0.016912	0.198874	0.160809	0.177827	41
1.03	0.192329	0.132532	0.156927	0.021651	0.013997	0.017002	0.191690	0.153613	0.170552	33
1.02	0.185655	0.126783	0.150672	0.018571	0.013479	0.015621	0.184522	0.147272	0.163806	26
1.01	0.179310	0.121780	0.145049	0.018797	0.013008	0.015376	0.178069	0.141740	0.157841	18
1.01	0.174283	0.117897	0.140649	0.019017	0.012716	0.015241	0.173305	0.137073	0.153074	9
1.01	0.170062	0.114687	0.136990	0.018323	0.012365	0.014766	0.169177	0.133279	0.149098	7
1.01	0.167665	0.112895	0.134934	0.018491	0.012229	0.014721	0.166834	0.131225	0.146902	7
1.00	0.166278	0.111775	0.133685	0.018456	0.012082	0.014603	0.165551	0.129700	0.145449	7
1.00	0.166166	0.111476	0.133435	0.019469	0.012047	0.014884	0.165737	0.129393	0.145327	5
1.00	0.168931	0.113268	0.135610	0.019536	0.012074	0.014924	0.168526	0.131773	0.147901	5
1.00	0.171365	0.114836	0.137518	0.020096	0.012096	0.015102	0.171092	0.133763	0.150142	5
1.00	0.176418	0.118196	0.141554	0.020039	0.012130	0.015112	0.176224	0.138588	0.155157	5
1.00	0.181757	0.121705	0.145790	0.020867	0.012142	0.015351	0.181747	0.143330	0.160269	5
1.00	0.191682	0.128351	0.153750	0.021011	0.012278	0.015499	0.191677	0.151884	0.169476	5
1.00	0.206916	0.138505	0.165936	0.021188	0.012471	0.015701	0.206962	0.165495	0.183920	4
1.00	0.228469	0.152916	0.183209	0.021362	0.012740	0.015961	0.228495	0.185131	0.204540	3
1.00	0.259036	0.173374	0.207720	0.021609	0.013197	0.016386	0.259065	0.213135	0.233867	3
1.00	0.293396	0.196371	0.235273	0.010516	0.013660	0.011884	0.293429	0.243241	0.265988	2
1.00	0.324855	0.217427	0.260500	0.010612	0.013972	0.012063	0.324891	0.271505	0.295809	2
1.00	0.356760	0.238781	0.286085	0.010715	0.014300	0.012250	0.356800	0.300439	0.326203	2
1.00	0.383423	0.256627	0.307465	0.010727	0.014522	0.012340	0.383465	0.323627	0.351014	2
1.00	0.400156	0.267826	0.320884	0.010779	0.014712	0.012442	0.400201	0.338168	0.366579	2
1.00	0.399375	0.267304	0.320258	0.010816	0.014747	0.012479	0.399420	0.337610	0.365923	2
1.00	0.385431	0.257971	0.309075	0.010803	0.014613	0.012423	0.385474	0.325300	0.352840	2
1.00	0.357876	0.239528	0.286979	0.010784	0.014351	0.012315	0.357916	0.301304	0.327179	2
1.00	0.330210	0.221011	0.264794	0.010756	0.014072	0.012193	0.330247	0.276423	0.300947	2
1.00	0.299866	0.200702	0.240462	0.010766	0.013762	0.012081	0.299900	0.249368	0.272309	2
1.00	0.269299	0.180243	0.215950	0.010722	0.013337	0.011887	0.269329	0.222154	0.243478	2
1.00	0.242610	0.162398	0.194561	0.010710	0.012922	0.011712	0.242664	0.198390	0.218305	3
1.00	0.216062	0.144628	0.173271	0.010763	0.012573	0.011598	0.216111	0.174644	0.193177	3
1.00	0.194980	0.130516	0.156365	0.010704	0.012309	0.011451	0.195024	0.155584	0.173086	3
1.00	0.180368	0.120735	0.144646	0.010592	0.012067	0.011282	0.180408	0.142289	0.159097	3
1.00	0.171537	0.114836	0.137573	0.010609	0.011933	0.011232	0.171594	0.134088	0.150540	3
1.00	0.165960	0.111103	0.133101	0.010762	0.011854	0.011282	0.166016	0.129142	0.145276	3
1.00	0.161164	0.107892	0.129254	0.010820	0.011780	0.011280	0.161218	0.124865	0.140732	3
1.00	0.159251	0.106623	0.127728	0.022165	0.011757	0.015364	0.159322	0.123173	0.138935	4
1.00	0.158787	0.106324	0.127365	0.022197	0.011749	0.015365	0.158875	0.122727	0.138481	4
1.00	0.159661	0.106922	0.128074	0.022180	0.011773	0.015382	0.159768	0.123619	0.139388	4
1.00	0.161333	0.108042	0.129416	0.022104	0.011802	0.015388	0.161441	0.125107	0.140971	4
1.00	0.166239	0.111327	0.133351	0.022066	0.011878	0.015443	0.166351	0.129402	0.145569	4
1.00	0.171591	0.114911	0.137644	0.021977	0.011970	0.015499	0.171706	0.134033	0.150548	4
1.00	0.176457	0.118196	0.141567	0.019087	0.012054	0.014776	0.176615	0.138588	0.155308	4
1.00	0.185487	0.124244	0.148811	0.019676	0.012185	0.015050	0.185652	0.146770	0.163937	4
1.00	0.193714	0.129769	0.155421	0.018299	0.012326	0.014730	0.193908	0.154264	0.171829	4
1.00	0.201850	0.135220	0.161949	0.018312	0.012449	0.014822	0.202053	0.161516	0.179524	4
1.00	0.211101	0.141417	0.169372	0.018435	0.012599	0.014969	0.211313	0.169828	0.188313	4
1.00	0.219906	0.147316	0.176436	0.018416	0.012726	0.015051	0.220127	0.178158	0.196932	4
1.00	0.231584	0.155156	0.185818	0.018474	0.012918	0.015204	0.231842	0.188590	0.207991	4
1.00	0.239470	0.160457	0.192158	0.019005	0.012998	0.015438	0.239763	0.195675	0.215487	4
1.00	0.248190	0.166356	0.199195	0.018977	0.013116	0.015512	0.248577	0.203299	0.223670	5
1.00	0.253814	0.170164	0.203737	0.019958	0.013217	0.015903	0.254268	0.208059	0.228854	6
1.00	0.264172	0.177107	0.212051	0.019930	0.013370	0.016004	0.264644	0.217301	0.238647	6
1.00	0.270571	0.181438	0.217216	0.019946	0.013472	0.016082	0.271115	0.222786	0.244586	6
1.00	0.276664	0.185545	0.222123	0.020109	0.013570	0.016205	0.277251	0.228569	0.250567	6
1.00	0.279323	0.187411	0.224317	0.031348	0.013624	0.018993	0.279947	0.231191	0.253244	7
1.00	0.281949	0.189278	0.226501	0.030990	0.013690	0.018991	0.282736	0.233739	0.255913	7
1.00	0.284667	0.191294	0.228822	0.041348	0.013743	0.020630	0.285651	0.236193	0.258578	8
1.00	0.287095	0.193011	0.230834	0.041106	0.013814	0.020679	0.288217	0.238332	0.260911	8
1.01	0.288662	0.194281	0.232249	0.041109	0.013871	0.020743	0.290030	0.240024	0.262668	8
1.01	0.287805	0.193833	0.231651	0.040959	0.013886	0.020740	0.289265	0.239373	0.261965	8
1.01	0.287059	0.193609	0.231249	0.040429	0.013880	0.020665	0.288923	0.238890	0.261535	8
1.01	0.288336	0.194729	0.232463	0.036390	0.013918	0.020135	0.290597	0.240173	0.262989	8
1.01	0.294079	0.198761	0.237202	0.036417	0.014013	0.020238	0.296616	0.245398	0.268587	8
1.01	0.301974	0.204435	0.243811	0.032775	0.014160	0.019776	0.305021	0.252296	0.276165	8
1.01	0.305100	0.206824	0.246529	0.033783	0.014229	0.020024	0.308443	0.255365	0.279405	8
1.01	0.309875	0.210408	0.250634	0.033331	0.014298	0.020012	0.313798	0.260069	0.284418	8
1.02	0.312617	0.212574	0.253067	0.034166	0.014388	0.020249	0.316881	0.262765	0.287297	9
1.02	0.315080	0.214814	0.255461	0.035629	0.014492	0.020603	0.320055	0.265713	0.290363	9
1.02	0.316935	0.216456	0.257232	0.034794	0.014711	0.020679	0.322296	0.267554	0.292385	9
1.02	0.318996	0.218174	0.259123	0.034069	0.014764	0.020601	0.324702	0.269878	0.294763	9
1.02	0.320523	0.219816	0.260785	0.035609	0.014874	0.020983	0.326705	0.271756	0.296708	9
1.03	0.323517	0.222280	0.263510	0.035825	0.014991	0.021137	0.330076	0.274824	0.299927	9
1.03	0.325637	0.224296	0.265629	0.035299	0.015091	0.021143	0.332888	0.277335	0.302583	9
1.03	0.328718	0.226910	0.268487	0.036250	0.015279	0.021497	0.336444	0.280273	0.305800	9
1.03	0.332901	0.230195	0.272182	0.035642	0.015533	0.021637	0.341241	0.284456	0.310272	9
1.04	0.338974	0.234824	0.277447	0.036159	0.015754	0.021946	0.347683	0.289895	0.316170	9
1.04	0.343293	0.238483	0.281447	0.035807	0.015922	0.022042	0.352951	0.294265	0.320947	9
1.04	0.346203	0.241021	0.284192	0.035660	0.016036	0.022124	0.356464	0.297557	0.324357	9
1.04	0.349524	0.243933	0.287335	0.036259	0.016317	0.022506	0.360319	0.300941	0.327964	9
1.04	0.353017	0.246845	0.290535	0.036697	0.016667	0.022923	0.364201	0.304260	0.331543	9
1.05	0.354945	0.248936	0.292636	0.036047	0.016815	0.022932	0.366795	0.306603	0.334009	9
1.05	0.356855	0.251101	0.294780	0.036090	0.016979	0.023094	0.369298	0.308807	0.336354	9
1.06	0.359772	0.254013	0.297781	0.035799	0.017136	0.023178	0.373139	0.312126	0.339916	9
1.06	0.361776	0.256104	0.299904	0.035559	0.017242	0.023224	0.376010	0.314692	0.342629	9
1.06	0.364392	0.258717	0.302594	0.035518	0.017434	0.023388	0.379385	0.317351	0.345606	9
1.06	0.368123	0.262301	0.306331	0.035420	0.017593	0.023509	0.383917	0.321981	0.350232	9
1.07	0.370165	0.264392	0.308463	0.034831	0.017691	0.023465	0.386646	0.324473	0.352842	9
1.07	0.372537	0.266781	0.310912	0.034894	0.017824	0.023595	0.389405	0.327253	0.355634	9
1.07	0.371818	0.267154	0.310914	0.034987	0.017912	0.023694	0.389485	0.327309	0.355700	9
1.08	0.371813	0.267901	0.311418	0.034877	0.018013	0.023756	0.390136	0.327987	0.356372	9
1.08	0.373231	0.269842	0.313226	0.034726	0.018318	0.023985	0.392123	0.329958	0.358365	9
1.08	0.374729	0.271485	0.314860	0.034924	0.018438	0.024135	0.393816	0.331483	0.359971	9
1.09	0.376311	0.273277	0.316623	0.035193	0.018883	0.024578	0.395707	0.333445	0.361918	9
1.09	0.377320	0.274770	0.317982	0.035579	0.019034	0.024800	0.397434	0.334914	0.363505	9
1.09	0.377160	0.275442	0.318374	0.035550	0.019135	0.024879	0.397967	0.335397	0.364013	9
1.10	0.378857	0.277757	0.320524	0.035573	0.019418	0.025123	0.400811	0.337638	0.366523	9
1.10	0.381755	0.280594	0.323450	0.035375	0.019552	0.025185	0.404429	0.340892	0.369952	9
1.10	0.383110	0.282162	0.324977	0.035526	0.019680	0.025329	0.406114	0.342594	0.371659	9
1.10	0.383247	0.283208	0.325719	0.035573	0.019828	0.025463	0.406550	0.343300	0.372258	9
1.11	0.383872	0.284701	0.326931	0.035613	0.019969	0.025589	0.407752	0.344992	0.373756	9
1.11	0.385704	0.286866	0.329023	0.035642	0.020092	0.025698	0.409957	0.347335	0.376057	9
1.12	0.386768	0.288957	0.330783	0.035598	0.020305	0.025859	0.411617	0.349223	0.377862	9
1.12	0.386499	0.289853	0.331271	0.035608	0.020422	0.025957	0.411980	0.350004	0.378471	11
1.13	0.387794	0.292242	0.333305	0.035850	0.020730	0.026270	0.413716	0.351919	0.380324	11
1.13	0.389941	0.295229	0.336039	0.035926	0.020973	0.026485	0.416377	0.354894	0.383185	11
1.14	0.389478	0.296274	0.336542	0.035729	0.021153	0.026574	0.416569	0.355805	0.383797	11
1.14	0.388813	0.297394	0.337014	0.035810	0.021437	0.026819	0.416490	0.356149	0.383963	11
1.15	0.388182	0.298215	0.337303	0.035658	0.021735	0.027008	0.416721	0.356655	0.384355	11
1.15	0.388674	0.299783	0.338490	0.035476	0.021897	0.027080	0.417904	0.357975	0.385625	11
1.16	0.390336	0.302173	0.340642	0.035522	0.022060	0.027218	0.420414	0.360551	0.388188	11
1.16	0.393290	0.305458	0.343854	0.035613	0.022489	0.027569	0.424261	0.363898	0.391768	11
1.17	0.395518	0.308370	0.346549	0.035687	0.022731	0.027773	0.427613	0.367003	0.394997	11
1.17	0.397766	0.311133	0.349156	0.035823	0.022941	0.027970	0.430316	0.369923	0.397840	11
1.17	0.399315	0.313597	0.351303	0.035928	0.023183	0.028181	0.432501	0.372210	0.400097	11
1.18	0.401213	0.316135	0.353629	0.035801	0.023333	0.028253	0.435378	0.375092	0.402993	11
1.18	0.402002	0.317927	0.355055	0.035774	0.023536	0.028393	0.436859	0.376394	0.404378	11
1.19	0.403200	0.319869	0.356732	0.035599	0.023618	0.028397	0.439101	0.378625	0.406627	11
1.19	0.405983	0.323229	0.359910	0.035642	0.023835	0.028566	0.442719	0.382236	0.410260	11
1.19	0.407799	0.325618	0.362104	0.035697	0.024021	0.028718	0.445545	0.384644	0.412861	11
1.20	0.408816	0.327559	0.363704	0.035642	0.024217	0.028839	0.447341	0.386383	0.414633	11
1.20	0.409500	0.329575	0.365216	0.035558	0.024398	0.028939	0.449098	0.388512	0.416614	11
1.21	0.409545	0.330620	0.365875	0.035498	0.024477	0.028975	0.449959	0.389609	0.417615	12
1.21	0.410446	0.332114	0.367148	0.035401	0.024574	0.029010	0.451690	0.391264	0.419311	12
1.21	0.411115	0.333607	0.368328	0.035368	0.024689	0.029079	0.452905	0.392886	0.420766	12
1.22	0.411538	0.335026	0.369361	0.035232	0.024821	0.029124	0.454176	0.394234	0.422087	12
1.22	0.411969	0.337191	0.370848	0.038915	0.025101	0.030518	0.455690	0.396056	0.423786	13
1.23	0.411797	0.338311	0.371454	0.038950	0.025385	0.030738	0.456236	0.397069	0.424602	13
1.23	0.412053	0.339506	0.372278	0.038892	0.025444	0.030763	0.457443	0.398520	0.425954	13
1.23	0.412525	0.340850	0.373278	0.038830	0.025517	0.030796	0.458557	0.399844	0.427192	13
1.24	0.413625	0.342716	0.374847	0.038859	0.025656	0.030906	0.460514	0.401796	0.429156	13
1.24	0.414875	0.344434	0.376387	0.038823	0.025758	0.030969	0.462633	0.403609	0.431110	13
1.24	0.415531	0.346002	0.377592	0.038942	0.025966	0.031157	0.463830	0.405091	0.432475	13
1.25	0.416749	0.348167	0.379383	0.038936	0.026073	0.031232	0.465962	0.407453	0.434747	14
1.25	0.419421	0.351527	0.382484	0.038918	0.026228	0.031337	0.469746	0.411544	0.438723	14
1.26	0.421342	0.354364	0.384962	0.038995	0.026764	0.031742	0.472685	0.414798	0.441854	14
1.26	0.423343	0.356679	0.387162	0.044657	0.026910	0.033583	0.475240	0.417624	0.444573	14
1.26	0.425792	0.359441	0.389813	0.044805	0.027264	0.033900	0.478500	0.420925	0.447869	14
1.26	0.427107	0.360935	0.391243	0.043849	0.027473	0.033781	0.480351	0.422784	0.449733	14
1.26	0.429882	0.363921	0.394161	0.045552	0.027734	0.034477	0.483882	0.426671	0.453479	14
1.27	0.432506	0.366983	0.397059	0.046673	0.027912	0.034933	0.487799	0.430492	0.457357	14
1.27	0.434118	0.368999	0.398918	0.047466	0.028051	0.035263	0.490173	0.432835	0.459723	14
1.27	0.437051	0.372209	0.402032	0.047444	0.028149	0.035334	0.494333	0.436480	0.463608	15
1.28	0.439860	0.375719	0.405267	0.047367	0.028411	0.035518	0.498707	0.440738	0.467934	15
1.28	0.442226	0.378631	0.407965	0.047391	0.028514	0.035606	0.502008	0.444401	0.471451	15
1.28	0.443671	0.380796	0.409836	0.058580	0.028624	0.038457	0.504237	0.447116	0.473961	16
1.28	0.446067	0.383185	0.412242	0.059279	0.028994	0.038941	0.507273	0.449840	0.476834	16
1.28	0.447590	0.384828	0.413843	0.059753	0.029073	0.039115	0.509589	0.451830	0.478974	16
1.29	0.448515	0.386695	0.415317	0.060166	0.029352	0.039455	0.510933	0.454098	0.480842	16
1.29	0.448312	0.387591	0.415746	0.059489	0.029423	0.039372	0.511197	0.454991	0.481459	16
1.29	0.447654	0.387591	0.415463	0.059745	0.029570	0.039560	0.510609	0.454879	0.481136	16
1.30	0.445706	0.386769	0.414151	0.058599	0.029608	0.039339	0.508856	0.453410	0.479536	16
1.30	0.444225	0.386247	0.413212	0.058093	0.029835	0.039423	0.507001	0.452332	0.478109	16
1.30	0.442960	0.386172	0.412621	0.058173	0.029992	0.039579	0.506006	0.451755	0.477344	16
1.30	0.441642	0.385649	0.411751	0.058663	0.030198	0.039871	0.505252	0.450668	0.476401	16
1.31	0.441978	0.386471	0.412365	0.057809	0.030376	0.039826	0.506081	0.451449	0.477206	16
1.31	0.441991	0.387143	0.412753	0.057662	0.030485	0.039884	0.506686	0.451765	0.477652	16
1.31	0.442588	0.387665	0.413310	0.057771	0.030572	0.039984	0.507422	0.452378	0.478322	16
1.31	0.443261	0.388487	0.414070	0.055540	0.030767	0.039598	0.508406	0.453308	0.479279	16
1.31	0.445079	0.389980	0.415712	0.055671	0.030894	0.039737	0.510452	0.455056	0.481165	16
1.31	0.445798	0.390876	0.416534	0.057896	0.031751	0.041011	0.511493	0.456023	0.482168	16
1.31	0.447830	0.392892	0.418566	0.058512	0.031911	0.041299	0.514224	0.458645	0.484847	16
1.31	0.449455	0.394385	0.420123	0.058287	0.032056	0.041363	0.516240	0.460449	0.486751	16
1.31	0.450455	0.395430	0.421153	0.058736	0.032262	0.041648	0.517203	0.461564	0.487802	16
1.31	0.450834	0.395729	0.421488	0.058370	0.032323	0.041606	0.517479	0.461732	0.488019	16
1.31	0.452488	0.397148	0.423016	0.058305	0.032463	0.041705	0.519801	0.463387	0.489975	16
1.31	0.453517	0.398118	0.424016	0.058357	0.032549	0.041790	0.521055	0.464484	0.491146	16
1.31	0.455356	0.400209	0.426005	0.058501	0.032818	0.042048	0.523223	0.467050	0.493543	16
1.31	0.457618	0.402300	0.428180	0.058529	0.032798	0.042039	0.526084	0.469867	0.496389	16
1.31	0.461212	0.405286	0.431444	0.058363	0.032926	0.042101	0.530129	0.473790	0.500379	16
1.31	0.462721	0.406854	0.432993	0.057999	0.033034	0.042093	0.531982	0.475780	0.502314	16
1.31	0.463516	0.407900	0.433933	0.058167	0.033173	0.042251	0.532776	0.476970	0.503331	16
1.32	0.464852	0.409318	0.435321	0.058483	0.033357	0.042483	0.534249	0.478523	0.504853	17
1.32	0.465570	0.409916	0.435974	0.058304	0.033471	0.042528	0.534912	0.479648	0.505775	17
1.32	0.465662	0.410588	0.436394	0.058379	0.033572	0.042629	0.534852	0.480327	0.506125	18
1.32	0.464745	0.410438	0.435907	0.058285	0.033663	0.042678	0.533621	0.480048	0.505419	18
1.32	0.463316	0.410214	0.435151	0.058217	0.033657	0.042654	0.532169	0.479992	0.504735	18
1.33	0.463203	0.410737	0.435395	0.058249	0.033734	0.042725	0.532147	0.480187	0.504833	18
1.33	0.464075	0.411857	0.436410	0.058290	0.033805	0.042793	0.533406	0.481489	0.506119	18
1.33	0.464292	0.412604	0.436924	0.058090	0.033691	0.042647	0.534134	0.482381	0.506940	18
1.33	0.464845	0.414172	0.438048	0.057625	0.034190	0.042917	0.535050	0.484185	0.508348	18
1.34	0.463722	0.414694	0.437840	0.057471	0.034298	0.042959	0.534397	0.484566	0.508263	18
1.34	0.464535	0.416636	0.439284	0.058235	0.034658	0.043454	0.535770	0.486788	0.510106	18
1.34	0.464736	0.418204	0.440244	0.058353	0.034878	0.043660	0.537038	0.488573	0.511661	18
1.35	0.463721	0.418502	0.439953	0.057823	0.035156	0.043726	0.535961	0.488499	0.511131	18
1.35	0.462097	0.418278	0.439097	0.057827	0.035411	0.043925	0.534855	0.487867	0.510281	18
1.36	0.461102	0.418204	0.438606	0.058328	0.035626	0.044235	0.533878	0.487458	0.509613	18
1.36	0.459386	0.418054	0.437747	0.058580	0.035999	0.044594	0.532089	0.486454	0.508249	18
1.36	0.457054	0.416785	0.435992	0.058547	0.036005	0.044589	0.529752	0.484557	0.506147	18
1.37	0.454479	0.415590	0.434165	0.058245	0.036083	0.044561	0.527260	0.482707	0.504001	18
1.37	0.451006	0.413425	0.431398	0.058165	0.036096	0.044547	0.523464	0.479731	0.500644	18
1.37	0.449159	0.412604	0.430106	0.058703	0.037051	0.045429	0.521543	0.478179	0.498921	18
1.38	0.447021	0.411708	0.428638	0.058694	0.037243	0.045570	0.519335	0.476487	0.496989	18
1.38	0.444822	0.410214	0.426818	0.058606	0.037220	0.045526	0.516923	0.474702	0.494914	18
1.38	0.443114	0.408870	0.425304	0.058521	0.037263	0.045533	0.514851	0.472768	0.492913	18
1.38	0.441414	0.407302	0.423673	0.058616	0.037358	0.045632	0.512595	0.470202	0.490484	18
1.38	0.440505	0.406332	0.422729	0.058737	0.037394	0.045696	0.511296	0.468640	0.489039	18
1.38	0.439196	0.404764	0.421278	0.058880	0.037407	0.045749	0.509764	0.466808	0.487341	18
1.38	0.438730	0.404465	0.420901	0.058918	0.037554	0.045870	0.509345	0.466306	0.486876	18
1.38	0.438183	0.404092	0.420447	0.058787	0.037404	0.045719	0.508611	0.465832	0.486282	18
1.38	0.437980	0.404166	0.420395	0.058758	0.037474	0.045762	0.508425	0.465692	0.486122	18
1.38	0.437556	0.403644	0.419916	0.058879	0.037354	0.045709	0.507639	0.465190	0.485488	18
1.38	0.437313	0.403420	0.419683	0.058849	0.037349	0.045696	0.507360	0.464911	0.485209	18
1.38	0.437247	0.403196	0.419532	0.059000	0.037407	0.045785	0.507066	0.464521	0.484862	18
1.38	0.437389	0.403196	0.419597	0.059119	0.037469	0.045867	0.507113	0.464409	0.484823	18
1.38	0.437308	0.403121	0.419519	0.059141	0.037502	0.045899	0.507247	0.464270	0.484808	18
1.38	0.437155	0.402524	0.419125	0.059215	0.037566	0.045969	0.506801	0.463247	0.484046	18
1.37	0.436861	0.401926	0.418666	0.059286	0.037593	0.046011	0.506128	0.462540	0.483353	18
1.37	0.436708	0.401329	0.418272	0.059338	0.037616	0.046043	0.505208	0.461759	0.482508	18
1.37	0.435854	0.400284	0.417312	0.059493	0.037670	0.046131	0.503878	0.460346	0.481130	18
1.37	0.435076	0.399537	0.416550	0.059446	0.037659	0.046108	0.502856	0.459444	0.480171	18
1.37	0.435072	0.399761	0.416670	0.059460	0.037763	0.046190	0.502922	0.459351	0.480150	18
1.37	0.436272	0.401254	0.418031	0.059911	0.038052	0.046542	0.504516	0.460876	0.481710	18
1.38	0.438012	0.403345	0.419964	0.059616	0.038926	0.047099	0.506929	0.463368	0.484171	18
1.38	0.438537	0.404614	0.420893	0.059664	0.039131	0.047263	0.508294	0.464781	0.485565	18
1.38	0.440256	0.406332	0.422614	0.060036	0.039511	0.047658	0.510250	0.466845	0.487584	18
1.38	0.441968	0.408572	0.424614	0.059337	0.039552	0.047466	0.512714	0.469541	0.490179	18
1.38	0.442132	0.409318	0.425093	0.059626	0.039805	0.047740	0.513041	0.470322	0.490754	18
1.39	0.441366	0.409169	0.424658	0.059514	0.039912	0.047781	0.512296	0.469876	0.490170	18
1.39	0.440190	0.408572	0.423792	0.059520	0.039985	0.047835	0.510978	0.469058	0.489121	18
1.39	0.437962	0.406929	0.421876	0.059532	0.040022	0.047865	0.508091	0.466696	0.486515	18
1.39	0.436047	0.406257	0.420625	0.059124	0.040309	0.047936	0.506325	0.465525	0.485069	18
1.39	0.436215	0.407228	0.421223	0.058740	0.040508	0.047949	0.506960	0.466529	0.485905	18
1.40	0.435953	0.407601	0.421300	0.058582	0.040628	0.047980	0.506788	0.466920	0.486037	18
1.40	0.434876	0.407601	0.420797	0.058229	0.040673	0.047893	0.506056	0.466734	0.485600	18
1.40	0.435930	0.409468	0.422285	0.058499	0.041008	0.048217	0.507714	0.468900	0.487536	18
1.40	0.437217	0.411036	0.423722	0.058423	0.041189	0.048315	0.509493	0.470648	0.489301	18
1.41	0.438641	0.412604	0.425224	0.058444	0.041268	0.048376	0.510976	0.472638	0.491059	18
1.40	0.440623	0.414172	0.426988	0.058459	0.041356	0.048442	0.513032	0.474636	0.493088	18
1.40	0.443260	0.416188	0.429298	0.058297	0.041298	0.048346	0.515651	0.477463	0.495823	19
1.40	0.444383	0.417308	0.430420	0.058328	0.041386	0.048418	0.517018	0.478616	0.497076	19
1.41	0.446208	0.419921	0.432665	0.058539	0.041692	0.048700	0.519351	0.482167	0.500069	19
1.41	0.447608	0.421340	0.434077	0.058666	0.041943	0.048915	0.520847	0.483878	0.501682	19
1.41	0.448254	0.421713	0.434579	0.058671	0.041931	0.048908	0.521394	0.484510	0.502276	19
1.41	0.448093	0.421862	0.434582	0.058958	0.042028	0.049073	0.521208	0.484659	0.502269	19
1.40	0.448424	0.421638	0.434619	0.059046	0.042065	0.049130	0.520851	0.484194	0.501854	19
1.40	0.446597	0.419921	0.432848	0.058942	0.041983	0.049038	0.518186	0.482074	0.499478	19
1.41	0.443783	0.417308	0.430138	0.062602	0.042279	0.050471	0.514642	0.478672	0.496005	19
1.40	0.441574	0.414769	0.427752	0.062803	0.042277	0.050535	0.511099	0.475213	0.492503	19
1.40	0.438027	0.411110	0.424142	0.062980	0.042180	0.050523	0.506032	0.470341	0.487534	19
1.40	0.434579	0.408198	0.420976	0.063805	0.042374	0.050927	0.501338	0.466520	0.483303	19
1.40	0.431137	0.405062	0.417693	0.064266	0.042679	0.051294	0.497181	0.462987	0.479475	19
1.40	0.429003	0.403121	0.415659	0.064744	0.043080	0.051736	0.494064	0.460421	0.476649	19
1.41	0.426395	0.401180	0.413403	0.064558	0.043476	0.051960	0.490758	0.457827	0.473721	19
1.41	0.424478	0.400358	0.412065	0.064626	0.043611	0.052078	0.488576	0.456525	0.472007	19
1.41	0.422017	0.399014	0.410193	0.063941	0.043658	0.051888	0.485644	0.454368	0.469486	19
1.42	0.420332	0.398865	0.409317	0.064529	0.044544	0.052705	0.484140	0.453977	0.468574	19
1.42	0.420796	0.400060	0.410166	0.064168	0.044630	0.052645	0.485382	0.455372	0.469898	19
1.42	0.422147	0.401628	0.411632	0.064121	0.044750	0.052712	0.487541	0.457306	0.471940	19
1.42	0.425128	0.404241	0.414421	0.065324	0.045602	0.053710	0.491397	0.460504	0.475449	19
1.42	0.428695	0.407377	0.417764	0.065217	0.046093	0.054013	0.495835	0.463982	0.479380	19
1.42	0.431383	0.410737	0.420807	0.065713	0.046829	0.054687	0.498788	0.467468	0.482621	19
1.42	0.433760	0.412902	0.423074	0.065871	0.047227	0.055012	0.502066	0.469913	0.485458	19
1.42	0.435580	0.414993	0.425037	0.065952	0.047558	0.055265	0.504271	0.472461	0.487848	20
1.42	0.438371	0.417980	0.427933	0.065941	0.047869	0.055470	0.507898	0.476319	0.491602	20
1.43	0.439953	0.420145	0.429821	0.065982	0.048013	0.055581	0.510260	0.478876	0.494070	20
1.43	0.440409	0.421041	0.430507	0.066167	0.048076	0.055689	0.511355	0.479880	0.495118	20
1.43	0.440864	0.421937	0.431193	0.066126	0.048161	0.055732	0.512140	0.481163	0.496169	20
1.43	0.440642	0.422086	0.431165	0.066223	0.048165	0.055769	0.512093	0.481312	0.496226	20
1.43	0.439435	0.420667	0.429847	0.066320	0.048084	0.055749	0.510215	0.479564	0.494415	20
1.43	0.437832	0.419100	0.428261	0.066242	0.048139	0.055758	0.508151	0.477584	0.492393	20
1.43	0.436084	0.416710	0.426177	0.066004	0.048007	0.055585	0.505794	0.474711	0.489760	20
1.43	0.434837	0.415292	0.424840	0.065890	0.048102	0.055608	0.504044	0.472758	0.487900	20
1.43	0.433339	0.414022	0.423460	0.065586	0.048307	0.055636	0.501707	0.471252	0.486003	20
1.43	0.432473	0.412678	0.422344	0.065284	0.048208	0.055461	0.500251	0.469607	0.484445	20
1.42	0.431784	0.411409	0.421350	0.065149	0.048232	0.055428	0.498896	0.468138	0.483028	20
1.42	0.430901	0.410438	0.420421	0.065124	0.048400	0.055530	0.497448	0.466855	0.481666	20
1.42	0.430834	0.410214	0.420272	0.065138	0.048692	0.055727	0.496927	0.466603	0.481288	20
1.42	0.430801	0.410214	0.420256	0.065062	0.048778	0.055755	0.496645	0.466492	0.481096	20
1.42	0.431205	0.410438	0.420565	0.065192	0.049461	0.056247	0.496673	0.466771	0.481258	20
1.42	0.431900	0.411036	0.421210	0.065458	0.049977	0.056680	0.497428	0.467366	0.481928	20
1.42	0.433349	0.412156	0.422487	0.065316	0.050095	0.056702	0.499053	0.468612	0.483354	20
1.42	0.435787	0.414246	0.424744	0.065091	0.050055	0.056591	0.501736	0.471466	0.486130	20
1.42	0.438315	0.416486	0.427122	0.064698	0.050228	0.056552	0.504484	0.474292	0.488923	20
1.42	0.439780	0.417681	0.428446	0.064511	0.050374	0.056573	0.506020	0.475910	0.490503	20
1.42	0.440311	0.418054	0.428894	0.064362	0.050622	0.056671	0.506389	0.476552	0.491018	20
1.42	0.440946	0.419249	0.429824	0.067613	0.050964	0.058120	0.507165	0.477872	0.492083	20

Wed Sep  1 18:16:43 2021
46.01	0.012173	0.405797	0.023636	0.019012	0.058965	0.028753	0.012152	0.370417	0.023531	89
39.60	0.013471	0.356978	0.025963	0.016602	0.302179	0.031475	0.013639	0.322240	0.026171	89
34.60	0.014780	0.342194	0.028337	0.016993	0.265787	0.031944	0.015247	0.311564	0.029071	89
29.93	0.016483	0.330172	0.031399	0.017469	0.233091	0.032502	0.017490	0.303611	0.033075	89
25.61	0.018513	0.317255	0.034984	0.017825	0.213392	0.032901	0.020433	0.294825	0.038217	89
21.73	0.020997	0.305309	0.039291	0.018308	0.189478	0.033390	0.024550	0.286465	0.045225	89
18.28	0.024053	0.294184	0.044470	0.018874	0.162996	0.033831	0.030383	0.278103	0.054781	89
15.29	0.027668	0.283058	0.050409	0.019514	0.149571	0.034523	0.037954	0.269090	0.066525	89
12.70	0.031896	0.271112	0.057078	0.019997	0.127265	0.034564	0.047101	0.259463	0.079729	89
10.48	0.037268	0.261331	0.065233	0.020801	0.112639	0.035117	0.058686	0.251203	0.095145	89
8.59	0.043479	0.249907	0.074071	0.020755	0.089484	0.033694	0.071332	0.241785	0.110163	89
7.00	0.051101	0.239304	0.084218	0.020766	0.066987	0.031704	0.087268	0.232320	0.126876	89
5.66	0.060976	0.231091	0.096491	0.021920	0.060881	0.032234	0.107542	0.224826	0.145491	89
4.57	0.072297	0.221086	0.108962	0.022396	0.055578	0.031927	0.129132	0.215175	0.161403	89
3.70	0.086105	0.213022	0.122638	0.023957	0.052686	0.032937	0.146258	0.207310	0.171513	89
3.01	0.101538	0.204584	0.135717	0.024567	0.050381	0.033029	0.159376	0.198399	0.176759	89
2.48	0.118135	0.195774	0.147353	0.026068	0.047994	0.033785	0.168038	0.189901	0.178302	88
2.08	0.136430	0.189726	0.158723	0.028173	0.046618	0.035121	0.175531	0.183873	0.179605	87
1.78	0.153740	0.182931	0.167070	0.028112	0.029917	0.028986	0.182002	0.177439	0.179691	83
1.55	0.169658	0.175763	0.172657	0.027591	0.028479	0.028028	0.185508	0.170564	0.177723	78
1.38	0.181884	0.168073	0.174706	0.028119	0.026023	0.027030	0.186998	0.163182	0.174280	72
1.26	0.191649	0.162100	0.175640	0.026868	0.021949	0.024160	0.187754	0.157696	0.171418	65
1.19	0.196578	0.156126	0.174032	0.026317	0.020467	0.023027	0.187299	0.152481	0.168106	59
1.14	0.198133	0.150526	0.171079	0.028450	0.018675	0.022549	0.185980	0.147990	0.164824	52
1.10	0.197728	0.145524	0.167656	0.028171	0.017652	0.021704	0.184798	0.143328	0.161442	44
1.08	0.194194	0.139849	0.162601	0.023093	0.016994	0.019579	0.182656	0.138689	0.157664	39
1.06	0.190330	0.134623	0.157701	0.022494	0.016409	0.018975	0.180142	0.134226	0.153831	29
1.04	0.187988	0.131113	0.154482	0.022532	0.016040	0.018740	0.179070	0.131232	0.151463	22
1.03	0.184529	0.127529	0.150823	0.022773	0.015654	0.018554	0.177219	0.128257	0.148814	19
1.03	0.181067	0.124393	0.147473	0.022520	0.015303	0.018223	0.174969	0.125709	0.146304	16
1.02	0.179255	0.122452	0.145506	0.022856	0.015104	0.018188	0.174002	0.124324	0.145027	14
1.02	0.176780	0.120287	0.143162	0.022463	0.014860	0.017887	0.172329	0.122613	0.143281	9
1.01	0.174659	0.118569	0.141250	0.022429	0.014662	0.017732	0.170739	0.121312	0.141843	7
1.01	0.173678	0.117748	0.140346	0.022371	0.014553	0.017634	0.169791	0.120903	0.141236	7
1.01	0.173213	0.117225	0.139823	0.022371	0.014472	0.017575	0.169809	0.120633	0.141058	7
1.01	0.172223	0.116479	0.138969	0.022168	0.014386	0.017449	0.168917	0.119982	0.140305	6
1.01	0.171545	0.115956	0.138377	0.021473	0.014314	0.017178	0.168694	0.119443	0.139859	6
1.01	0.173145	0.117076	0.139694	0.021632	0.014404	0.017293	0.169977	0.120438	0.140982	6
1.01	0.175594	0.118719	0.141661	0.021809	0.014509	0.017426	0.172208	0.122223	0.142972	6
1.01	0.177243	0.119913	0.143048	0.021434	0.014631	0.017391	0.173770	0.123022	0.144058	6
1.01	0.178969	0.121108	0.144460	0.021126	0.014717	0.017348	0.175388	0.124203	0.145423	6
1.01	0.181959	0.123199	0.146921	0.020776	0.014891	0.017348	0.178289	0.125960	0.147624	6
1.01	0.185936	0.125961	0.150182	0.020685	0.015089	0.017449	0.182249	0.128387	0.150648	6
1.01	0.190696	0.129471	0.154229	0.020868	0.015396	0.017719	0.186098	0.131437	0.154063	6
1.02	0.193899	0.131935	0.157025	0.020507	0.015603	0.017722	0.188665	0.133315	0.156232	6
1.02	0.199365	0.135892	0.161620	0.020293	0.015929	0.017848	0.193852	0.137173	0.160660	6
1.02	0.203957	0.139327	0.165558	0.020180	0.016186	0.017964	0.197888	0.140487	0.164319	6
1.02	0.208115	0.142462	0.169141	0.019676	0.016422	0.017902	0.201960	0.143118	0.167522	6
1.02	0.212171	0.145524	0.172638	0.019666	0.016668	0.018043	0.205419	0.146065	0.170731	6
1.03	0.216867	0.149182	0.176767	0.019567	0.016963	0.018172	0.209324	0.149282	0.174277	6
1.03	0.222690	0.154036	0.182107	0.019587	0.017379	0.018417	0.214065	0.153931	0.179085	6
1.04	0.227341	0.158068	0.186479	0.019638	0.017784	0.018665	0.217245	0.157594	0.182673	6
1.04	0.228755	0.159785	0.188148	0.019288	0.018050	0.018648	0.217412	0.158161	0.183113	6
1.05	0.230728	0.162025	0.190368	0.019225	0.018314	0.018758	0.218007	0.160002	0.184554	6
1.05	0.232332	0.163966	0.192252	0.019156	0.018507	0.018826	0.218733	0.161797	0.186005	6
1.06	0.231977	0.164340	0.192387	0.019072	0.018603	0.018834	0.217450	0.162001	0.185674	6
1.06	0.231675	0.164489	0.192385	0.019081	0.018635	0.018856	0.216650	0.162271	0.185558	6
1.06	0.231512	0.164788	0.192532	0.019173	0.018711	0.018939	0.215107	0.162661	0.185243	6
1.06	0.230269	0.164041	0.191593	0.019157	0.018679	0.018915	0.213396	0.162178	0.184294	6
1.07	0.229415	0.163518	0.190941	0.019161	0.018638	0.018896	0.212131	0.161713	0.183522	6
1.06	0.228883	0.163070	0.190451	0.019261	0.018600	0.018925	0.211369	0.161453	0.183069	6
1.06	0.228383	0.162697	0.190024	0.019430	0.018592	0.019002	0.210458	0.161202	0.182566	7
1.06	0.226844	0.161652	0.188778	0.019510	0.018529	0.019007	0.208784	0.160160	0.181268	7
1.06	0.226030	0.161054	0.188089	0.019613	0.018453	0.019015	0.207966	0.159761	0.180704	8
1.07	0.225746	0.161054	0.187990	0.019629	0.018438	0.019015	0.207352	0.159900	0.180561	8
1.07	0.226859	0.161950	0.188987	0.019753	0.018482	0.019096	0.207892	0.160964	0.181442	8
1.07	0.228921	0.163593	0.190820	0.019888	0.018574	0.019208	0.209751	0.162739	0.183279	8
1.07	0.230986	0.165086	0.192554	0.019963	0.018629	0.019273	0.211871	0.164394	0.185137	8
1.07	0.234582	0.167849	0.195682	0.020141	0.018796	0.019446	0.214828	0.167295	0.188105	8
1.07	0.238770	0.171060	0.199321	0.020156	0.018919	0.019518	0.219049	0.171395	0.192314	8
1.07	0.244093	0.175091	0.203913	0.020324	0.019080	0.019683	0.224516	0.176357	0.197543	8
1.07	0.249221	0.179123	0.208437	0.022468	0.019428	0.020838	0.229871	0.180903	0.202468	8
1.08	0.255985	0.184425	0.214391	0.022422	0.019642	0.020940	0.236918	0.187328	0.209225	8
1.08	0.263860	0.190473	0.221239	0.022379	0.019926	0.021081	0.244728	0.194524	0.216757	8
1.08	0.269849	0.195401	0.226668	0.023969	0.020341	0.022007	0.250139	0.199771	0.222136	8
1.08	0.275486	0.199955	0.231721	0.023456	0.020555	0.021910	0.256201	0.205089	0.227814	8
1.09	0.282972	0.205854	0.238330	0.023194	0.020853	0.021962	0.263398	0.211787	0.234790	8
1.09	0.287980	0.210184	0.243008	0.023122	0.021002	0.022011	0.268753	0.217161	0.240218	8
1.09	0.294322	0.215560	0.248858	0.023108	0.021192	0.022108	0.275596	0.223818	0.247023	8
1.10	0.301270	0.221459	0.255272	0.023669	0.021553	0.022561	0.282736	0.231098	0.254323	8
1.10	0.306695	0.226088	0.260294	0.023699	0.021760	0.022688	0.287924	0.236602	0.259753	8
1.11	0.312109	0.230942	0.265459	0.023416	0.021985	0.022678	0.293280	0.242357	0.265398	8
1.11	0.317282	0.235645	0.270437	0.023436	0.022245	0.022825	0.298524	0.247927	0.270883	8
1.11	0.323046	0.240723	0.275874	0.023227	0.022414	0.022813	0.304716	0.253896	0.276994	8
1.12	0.328805	0.245800	0.281307	0.023143	0.022607	0.022872	0.311447	0.260237	0.283548	8
1.12	0.333333	0.249832	0.285605	0.023798	0.022959	0.023371	0.316226	0.265108	0.288420	8
1.12	0.336608	0.253267	0.289050	0.023488	0.023059	0.023272	0.320205	0.269302	0.292556	9
1.13	0.340648	0.257299	0.293164	0.024026	0.023418	0.023719	0.324333	0.274248	0.297195	9
1.13	0.345238	0.262003	0.297916	0.023787	0.023593	0.023690	0.329410	0.280133	0.302780	10
1.14	0.349579	0.266706	0.302571	0.023730	0.023811	0.023770	0.335025	0.285907	0.308523	10
1.14	0.354386	0.271485	0.307445	0.023729	0.024022	0.023875	0.340083	0.291783	0.314087	10
1.15	0.358397	0.275816	0.311730	0.023533	0.024237	0.023880	0.344676	0.296580	0.318825	10
1.16	0.360599	0.278802	0.314469	0.023879	0.024522	0.024196	0.347726	0.299955	0.322079	10
1.16	0.363295	0.281864	0.317440	0.023680	0.024658	0.024159	0.350943	0.303637	0.325581	10
1.16	0.365523	0.284029	0.319664	0.023840	0.024901	0.024359	0.353751	0.306129	0.328221	10
1.16	0.366120	0.285149	0.320601	0.023637	0.024991	0.024295	0.354643	0.307319	0.329289	10
1.17	0.365306	0.285224	0.320335	0.023604	0.025026	0.024294	0.353797	0.307356	0.328946	10
1.17	0.365139	0.285448	0.320412	0.023424	0.025033	0.024202	0.353788	0.307505	0.329027	10
1.17	0.366288	0.286866	0.321749	0.023419	0.025078	0.024221	0.355443	0.309178	0.330700	10
1.17	0.368938	0.289106	0.324180	0.023469	0.025135	0.024273	0.358455	0.312135	0.333695	10
1.17	0.372430	0.292093	0.327405	0.023849	0.025380	0.024591	0.362379	0.315947	0.337574	10
1.17	0.375891	0.295229	0.330713	0.023779	0.025448	0.024585	0.366367	0.320168	0.341713	11
1.18	0.378999	0.298066	0.333696	0.024122	0.025663	0.024868	0.369919	0.323868	0.345365	11
1.18	0.382398	0.301053	0.336884	0.024295	0.025897	0.025070	0.373898	0.327569	0.349204	11
1.18	0.385643	0.304039	0.340013	0.024308	0.025968	0.025111	0.377710	0.331790	0.353264	11
1.18	0.389667	0.307474	0.343725	0.024198	0.026006	0.025070	0.382712	0.336160	0.357929	11
1.18	0.394612	0.311730	0.348309	0.024108	0.026105	0.025067	0.388607	0.341273	0.363405	11
1.18	0.398944	0.315837	0.352559	0.024143	0.026205	0.025132	0.393646	0.345959	0.368265	11
1.18	0.402957	0.319495	0.356405	0.024125	0.026260	0.025148	0.398750	0.350673	0.373170	12
1.19	0.409309	0.325021	0.362327	0.023944	0.026395	0.025110	0.406518	0.357786	0.380598	12
1.19	0.415085	0.329948	0.367653	0.024204	0.026629	0.025359	0.413491	0.364015	0.387179	12
1.19	0.420880	0.335026	0.373077	0.024245	0.026743	0.025433	0.420705	0.370514	0.394018	13
1.19	0.425368	0.338535	0.377016	0.024052	0.026617	0.025269	0.426442	0.375544	0.399378	13
1.19	0.428786	0.341447	0.380165	0.024072	0.026876	0.025397	0.430942	0.379337	0.403496	13
1.19	0.431286	0.343986	0.382721	0.023850	0.026796	0.025238	0.434592	0.382526	0.406900	13
1.19	0.433689	0.346226	0.385053	0.023872	0.026857	0.025277	0.437744	0.385483	0.409955	13
1.19	0.436525	0.348914	0.387833	0.023875	0.026918	0.025305	0.441615	0.388663	0.413450	13
1.20	0.438454	0.351602	0.390254	0.024018	0.027382	0.025590	0.444805	0.391312	0.416347	13
1.20	0.440835	0.354663	0.393082	0.023675	0.027516	0.025451	0.448727	0.394697	0.419981	13
1.20	0.443374	0.357500	0.395833	0.023340	0.027601	0.025292	0.452294	0.397876	0.423344	13
1.21	0.444106	0.359217	0.397177	0.023177	0.027795	0.025277	0.454588	0.400006	0.425554	13
1.21	0.444567	0.360785	0.398318	0.022844	0.027825	0.025089	0.456626	0.401744	0.427431	13
1.22	0.444750	0.362129	0.399210	0.022843	0.028050	0.025180	0.458077	0.403213	0.428898	13
1.22	0.445846	0.364220	0.400921	0.023001	0.028328	0.025388	0.460334	0.405463	0.431160	13
1.22	0.446816	0.365713	0.402217	0.022946	0.028376	0.025374	0.462138	0.407527	0.433118	13
1.23	0.447191	0.367356	0.403361	0.022878	0.028434	0.025355	0.463480	0.409498	0.434820	13
1.23	0.448839	0.369447	0.405291	0.022814	0.028469	0.025330	0.465702	0.411906	0.437156	13
1.23	0.448959	0.370417	0.405924	0.022717	0.028478	0.025273	0.466669	0.413152	0.438283	13
1.24	0.449910	0.372209	0.407388	0.022636	0.028516	0.025238	0.468676	0.415198	0.440319	13
1.24	0.450792	0.374151	0.408911	0.022542	0.028525	0.025183	0.470628	0.417541	0.442498	14
1.24	0.452195	0.376092	0.410647	0.022508	0.028567	0.025178	0.472917	0.419884	0.444825	14
1.25	0.454554	0.379004	0.413355	0.022667	0.028727	0.025340	0.476190	0.423928	0.448542	15
1.25	0.454976	0.380273	0.414284	0.022674	0.028732	0.025346	0.477495	0.425499	0.450000	15
1.25	0.455380	0.381393	0.415116	0.022612	0.028752	0.025315	0.478791	0.426708	0.451252	15
1.25	0.455517	0.381916	0.415482	0.022581	0.028758	0.025298	0.479559	0.427322	0.451936	15
1.25	0.454853	0.381767	0.415117	0.023196	0.028770	0.025684	0.479097	0.427052	0.451580	15
1.26	0.454351	0.381617	0.414820	0.023182	0.028784	0.025681	0.478892	0.426717	0.451302	15
1.26	0.453013	0.381169	0.413997	0.023168	0.028929	0.025730	0.477899	0.426057	0.450492	15
1.26	0.452516	0.381393	0.413922	0.023185	0.028938	0.025744	0.477899	0.426410	0.450689	15
1.26	0.452408	0.382215	0.414360	0.023289	0.029298	0.025951	0.478317	0.426950	0.451176	15
1.26	0.451465	0.381991	0.413832	0.023277	0.029293	0.025941	0.477759	0.426596	0.450731	15
1.27	0.450427	0.382289	0.413570	0.023233	0.029309	0.025920	0.477202	0.426857	0.450627	15
1.27	0.451432	0.383783	0.414867	0.023257	0.029351	0.025951	0.478950	0.428865	0.452526	15
1.27	0.451003	0.384529	0.415122	0.023206	0.029336	0.025914	0.479535	0.429823	0.453320	15
1.28	0.451039	0.385873	0.415919	0.023312	0.029737	0.026135	0.479898	0.431189	0.454242	16
1.28	0.450704	0.387068	0.416469	0.023322	0.030053	0.026263	0.480801	0.432379	0.455306	16
1.29	0.449312	0.387516	0.416132	0.023236	0.030086	0.026221	0.480488	0.432788	0.455393	16
1.29	0.446966	0.386695	0.414652	0.023157	0.030189	0.026210	0.479094	0.431515	0.454061	16
1.30	0.445533	0.386919	0.414162	0.023049	0.030329	0.026193	0.478871	0.431403	0.453899	16
1.30	0.443787	0.386695	0.413279	0.022950	0.030428	0.026165	0.477898	0.430724	0.453087	16
1.31	0.441946	0.387367	0.412860	0.022826	0.030577	0.026139	0.477396	0.431254	0.453154	16
1.32	0.440027	0.387591	0.412148	0.022819	0.030887	0.026247	0.476213	0.431478	0.452743	16
1.32	0.438777	0.387964	0.411809	0.022767	0.030918	0.026224	0.475561	0.431812	0.452632	17
1.33	0.437295	0.388188	0.411281	0.022678	0.030897	0.026157	0.474825	0.431742	0.452259	17
1.33	0.436976	0.389308	0.411767	0.022639	0.030910	0.026136	0.475537	0.433341	0.453459	17
1.34	0.436555	0.390204	0.412080	0.022624	0.031048	0.026175	0.475676	0.434419	0.454112	17
1.34	0.436559	0.391772	0.412955	0.022689	0.031373	0.026333	0.476704	0.436242	0.455576	17
1.35	0.436355	0.392892	0.413484	0.022800	0.031789	0.026555	0.477039	0.437450	0.456388	17
1.35	0.435739	0.393638	0.413620	0.022763	0.031783	0.026527	0.477245	0.438640	0.457129	17
1.35	0.435859	0.394236	0.414004	0.022852	0.031787	0.026589	0.477672	0.439384	0.457729	17
1.35	0.435889	0.395206	0.414552	0.022675	0.031557	0.026389	0.478370	0.440760	0.458795	17
1.36	0.436370	0.396326	0.415385	0.022737	0.031556	0.026430	0.479783	0.442369	0.460317	17
1.36	0.438337	0.398342	0.417384	0.022789	0.031550	0.026463	0.482330	0.444972	0.462899	17
1.36	0.439652	0.399537	0.418636	0.022846	0.031517	0.026490	0.483604	0.446422	0.464270	17
1.36	0.439974	0.400881	0.419519	0.022878	0.031602	0.026542	0.484668	0.448059	0.465645	17
1.36	0.440344	0.401777	0.420177	0.022889	0.031599	0.026548	0.485126	0.449360	0.466559	17
1.36	0.441092	0.402822	0.421090	0.022916	0.031626	0.026575	0.486490	0.450625	0.467871	17
1.37	0.441270	0.403644	0.421619	0.022935	0.031632	0.026590	0.487146	0.451796	0.468806	17
1.37	0.441246	0.404017	0.421812	0.022953	0.031601	0.026591	0.487704	0.452373	0.469374	17
1.37	0.441637	0.404540	0.422275	0.022966	0.031591	0.026597	0.488284	0.453154	0.470063	17
1.37	0.441076	0.404092	0.421775	0.022961	0.031573	0.026587	0.487614	0.452596	0.469453	17
1.37	0.439626	0.403420	0.420745	0.022954	0.031645	0.026608	0.485770	0.451517	0.468018	17
1.37	0.439296	0.404166	0.420999	0.022928	0.031685	0.026604	0.485993	0.452280	0.468531	17
1.38	0.438584	0.404166	0.420672	0.022922	0.031702	0.026606	0.485282	0.452354	0.468240	17
1.38	0.436814	0.404166	0.419856	0.022874	0.031835	0.026621	0.483897	0.452112	0.467465	17
1.39	0.435164	0.403420	0.418691	0.022777	0.031833	0.026554	0.482227	0.451350	0.466278	17
1.39	0.433668	0.402972	0.417757	0.022738	0.031830	0.026527	0.481342	0.450848	0.465596	17
1.39	0.432738	0.403270	0.417485	0.022718	0.032052	0.026590	0.480385	0.451034	0.465247	17
1.40	0.431938	0.403718	0.417352	0.022702	0.032060	0.026582	0.479929	0.451620	0.465344	17
1.40	0.430631	0.403718	0.416741	0.022654	0.032067	0.026551	0.479055	0.451768	0.465012	17
1.41	0.428945	0.404092	0.416148	0.022779	0.032614	0.026823	0.477795	0.452085	0.464584	17
1.41	0.428357	0.404689	0.416187	0.023390	0.032664	0.027260	0.477501	0.452735	0.464788	17
1.41	0.427760	0.404988	0.416063	0.023382	0.032747	0.027284	0.477300	0.453126	0.464899	17
1.42	0.426819	0.405212	0.415735	0.023393	0.032828	0.027319	0.476724	0.453330	0.464733	17
1.42	0.426778	0.406033	0.416147	0.023384	0.032836	0.027316	0.477058	0.454613	0.465566	17
1.42	0.426322	0.406332	0.416087	0.023440	0.033073	0.027435	0.476610	0.454967	0.465537	17
1.43	0.426640	0.407526	0.416864	0.022824	0.033068	0.027007	0.477495	0.456603	0.466816	17
1.43	0.426976	0.408198	0.417376	0.022840	0.033092	0.027026	0.477990	0.457365	0.467450	17
1.43	0.427193	0.409841	0.418337	0.022852	0.033113	0.027042	0.478585	0.459364	0.468778	17
1.44	0.427807	0.411708	0.419603	0.022909	0.033375	0.027169	0.480063	0.461596	0.470648	17
1.44	0.428538	0.413276	0.420769	0.023013	0.033750	0.027366	0.481406	0.463139	0.472096	17
1.44	0.428307	0.414172	0.421121	0.022985	0.033777	0.027355	0.481664	0.464218	0.472780	17
1.45	0.427570	0.414545	0.420957	0.022939	0.033936	0.027374	0.481467	0.464534	0.472849	17
1.45	0.426697	0.415292	0.420917	0.022863	0.033972	0.027332	0.481019	0.465333	0.473046	17
1.46	0.426178	0.415964	0.421009	0.022838	0.033979	0.027316	0.481208	0.466207	0.473589	17
1.46	0.426025	0.417532	0.421735	0.022795	0.034029	0.027302	0.482398	0.468271	0.475230	17
1.47	0.425729	0.418577	0.422123	0.022768	0.034158	0.027324	0.482993	0.469238	0.476016	17
1.48	0.424769	0.419473	0.422105	0.022725	0.034143	0.027288	0.482753	0.470466	0.476530	17
1.48	0.423599	0.419772	0.421676	0.022733	0.034331	0.027354	0.482205	0.470800	0.476434	17
