
Tue Aug 31 18:42:37 2021
41.19	0.018330	0.547101	0.035471	0.010784	0.066886	0.018573	0.018585	0.584167	0.036025	71
31.56	0.026000	0.549167	0.049649	0.014314	0.224064	0.026910	0.026038	0.623361	0.049988	72
25.11	0.029460	0.495035	0.055610	0.016118	0.182777	0.029623	0.029463	0.562044	0.055990	67
19.97	0.033192	0.443515	0.061762	0.017523	0.143268	0.031226	0.033061	0.503457	0.062047	54
15.28	0.036139	0.369596	0.065840	0.009441	0.115508	0.017456	0.035858	0.414947	0.066012	49
11.68	0.040476	0.316285	0.071768	0.009273	0.088356	0.016785	0.039791	0.351296	0.071485	41
8.98	0.043369	0.260659	0.074364	0.010302	0.058287	0.017509	0.042150	0.283588	0.073392	34
6.03	0.050971	0.205779	0.081704	0.008572	0.033230	0.013629	0.049267	0.217065	0.080307	25
3.58	0.065399	0.156873	0.092313	0.008198	0.026468	0.012519	0.063639	0.157674	0.090679	19
2.28	0.079014	0.120660	0.095494	0.008071	0.022464	0.011876	0.080620	0.112935	0.094080	18
1.62	0.090821	0.098260	0.094394	0.008152	0.018128	0.011246	0.095234	0.088222	0.091594	13
1.27	0.100868	0.085866	0.092764	0.008268	0.015434	0.010767	0.104243	0.074620	0.086978	10
1.11	0.107961	0.080191	0.092027	0.007036	0.013852	0.009332	0.108130	0.069162	0.084364	6
1.03	0.111292	0.076383	0.090591	0.006642	0.011978	0.008546	0.111402	0.066233	0.083075	5
1.00	0.113073	0.076010	0.090909	0.007415	0.011453	0.009002	0.113243	0.066326	0.083656	5
1.00	0.114060	0.076383	0.091495	0.007582	0.011401	0.009107	0.113969	0.066996	0.084386	5
1.00	0.115363	0.077205	0.092503	0.007572	0.011369	0.009090	0.115363	0.068167	0.085697	5
1.00	0.119491	0.079967	0.095813	0.007726	0.011432	0.009221	0.119491	0.072007	0.089862	5
1.00	0.128194	0.085791	0.102791	0.008816	0.011519	0.009988	0.128194	0.079231	0.097934	5
1.00	0.138012	0.092362	0.110664	0.008674	0.011650	0.009944	0.138012	0.087952	0.107437	5
1.00	0.155863	0.104308	0.124978	0.008488	0.011855	0.009893	0.155863	0.103944	0.124716	5
1.00	0.186656	0.124916	0.149669	0.008345	0.012101	0.009878	0.186656	0.131474	0.154279	5
1.00	0.242106	0.162025	0.194131	0.008338	0.012321	0.009946	0.242106	0.181846	0.207693	4
1.00	0.290639	0.194505	0.233047	0.008463	0.012434	0.010072	0.290639	0.225562	0.253999	4
1.00	0.307598	0.205854	0.246645	0.008511	0.012480	0.010120	0.307598	0.240671	0.270050	4
1.00	0.307375	0.205704	0.246466	0.008534	0.012460	0.010130	0.307375	0.240290	0.269724	3
1.00	0.303805	0.203315	0.243604	0.008586	0.012472	0.010170	0.303805	0.236645	0.266052	3
1.00	0.281937	0.188681	0.226069	0.008480	0.012465	0.010094	0.281937	0.217018	0.245254	3
1.00	0.279482	0.187038	0.224101	0.008558	0.012496	0.010159	0.279482	0.214746	0.242874	3
1.00	0.278813	0.186590	0.223564	0.008763	0.012476	0.010295	0.278813	0.213983	0.242134	3
1.00	0.248243	0.166132	0.199052	0.009680	0.012391	0.010869	0.248243	0.185747	0.212495	4
1.00	0.219681	0.147017	0.176150	0.008297	0.012142	0.009858	0.219681	0.160672	0.185599	4
1.00	0.290751	0.194579	0.233137	0.008770	0.012333	0.010251	0.290751	0.223820	0.252933	3
1.00	0.348879	0.233480	0.279746	0.009192	0.012330	0.010532	0.348879	0.277675	0.309231	3
1.00	0.369854	0.247517	0.296565	0.009722	0.012535	0.010951	0.369854	0.295442	0.328487	3
1.00	0.405556	0.271410	0.325192	0.010644	0.012644	0.011558	0.405556	0.328532	0.363003	3
1.00	0.418387	0.279997	0.335480	0.010714	0.012874	0.011695	0.418387	0.339392	0.374772	3
1.00	0.407564	0.272754	0.326803	0.010845	0.013140	0.011883	0.407564	0.329378	0.364324	3
1.00	0.401651	0.268797	0.322061	0.010812	0.013215	0.011894	0.401651	0.325901	0.359833	3
1.00	0.395403	0.264616	0.317051	0.010863	0.013378	0.011990	0.395403	0.322122	0.355021	3
1.00	0.337387	0.225790	0.270531	0.010920	0.013745	0.012171	0.337387	0.271345	0.300784	3
1.00	0.211983	0.141865	0.169977	0.011072	0.012702	0.011831	0.211983	0.164690	0.185367	3
1.00	0.141805	0.094900	0.113705	0.012123	0.011697	0.011906	0.141805	0.106847	0.121868	3
1.00	0.126966	0.084970	0.101807	0.013166	0.011269	0.012144	0.126966	0.094853	0.108585	3
1.00	0.126074	0.084372	0.101091	0.001417	0.011236	0.002516	0.126074	0.094202	0.107832	1
1.00	0.126074	0.084372	0.101091	0.001417	0.011236	0.002516	0.126074	0.094202	0.107832	1
1.00	0.126074	0.084372	0.101091	0.001417	0.011236	0.002516	0.126074	0.094202	0.107832	1
1.00	0.126074	0.084372	0.101091	0.001417	0.011236	0.002516	0.126074	0.094202	0.107832	1
1.00	0.126074	0.084372	0.101091	0.001417	0.011236	0.002516	0.126074	0.094202	0.107832	1
1.00	0.126074	0.084372	0.101091	0.001417	0.011236	0.002516	0.126074	0.094202	0.107832	1
1.00	0.126074	0.084372	0.101091	0.001417	0.011236	0.002516	0.126074	0.094202	0.107832	1
1.00	0.126074	0.084372	0.101091	0.001417	0.011236	0.002516	0.126074	0.094202	0.107832	1
1.00	0.126074	0.084372	0.101091	0.001417	0.011236	0.002516	0.126074	0.094202	0.107832	1
1.00	0.126074	0.084372	0.101091	0.001417	0.011236	0.002516	0.126074	0.094202	0.107832	1
1.00	0.126074	0.084372	0.101091	0.001417	0.011236	0.002516	0.126074	0.094202	0.107832	1
1.00	0.126074	0.084372	0.101091	0.001417	0.011236	0.002516	0.126074	0.094202	0.107832	1
1.00	0.126074	0.084372	0.101091	0.001417	0.011236	0.002516	0.126074	0.094202	0.107832	1
1.00	0.126074	0.084372	0.101091	0.001417	0.011236	0.002516	0.126074	0.094202	0.107832	1
1.00	0.126074	0.084372	0.101091	0.001417	0.011236	0.002516	0.126074	0.094202	0.107832	1
1.00	0.126074	0.084372	0.101091	0.001417	0.011236	0.002516	0.126074	0.094202	0.107832	1
1.00	0.126074	0.084372	0.101091	0.001417	0.011236	0.002516	0.126074	0.094202	0.107832	1
1.00	0.126074	0.084372	0.101091	0.001417	0.011236	0.002516	0.126074	0.094202	0.107832	1
1.00	0.126074	0.084372	0.101091	0.001417	0.011236	0.002516	0.126074	0.094202	0.107832	1
1.00	0.126074	0.084372	0.101091	0.001417	0.011236	0.002516	0.126074	0.094202	0.107832	1
1.00	0.126074	0.084372	0.101091	0.001417	0.011236	0.002516	0.126074	0.094202	0.107832	1
1.00	0.126074	0.084372	0.101091	0.001417	0.011236	0.002516	0.126074	0.094202	0.107832	1
1.00	0.126074	0.084372	0.101091	0.001417	0.011236	0.002516	0.126074	0.094202	0.107832	1
1.00	0.126074	0.084372	0.101091	0.001417	0.011236	0.002516	0.126074	0.094202	0.107832	1
1.00	0.126074	0.084372	0.101091	0.001417	0.011236	0.002516	0.126074	0.094202	0.107832	1
1.00	0.126074	0.084372	0.101091	0.001417	0.011236	0.002516	0.126074	0.094202	0.107832	1
1.00	0.126074	0.084372	0.101091	0.001417	0.011236	0.002516	0.126074	0.094202	0.107832	1
1.00	0.126074	0.084372	0.101091	0.001417	0.011236	0.002516	0.126074	0.094202	0.107832	1
1.00	0.126074	0.084372	0.101091	0.001417	0.011236	0.002516	0.126074	0.094202	0.107832	1
1.00	0.126074	0.084372	0.101091	0.001417	0.011236	0.002516	0.126074	0.094202	0.107832	1
1.00	0.126074	0.084372	0.101091	0.001417	0.011236	0.002516	0.126074	0.094202	0.107832	1
1.00	0.126074	0.084372	0.101091	0.001417	0.011236	0.002516	0.126074	0.094202	0.107832	1
1.00	0.126074	0.084372	0.101091	0.001417	0.011236	0.002516	0.126074	0.094202	0.107832	1
1.00	0.126409	0.084596	0.101360	0.012653	0.011269	0.011921	0.126409	0.094425	0.108101	2
1.00	0.127971	0.085642	0.102612	0.007040	0.011423	0.008711	0.127971	0.095597	0.109440	2
1.00	0.160437	0.107370	0.128646	0.004143	0.014703	0.006465	0.160437	0.112583	0.132316	2
1.00	0.162446	0.108714	0.130256	0.003664	0.015233	0.005907	0.162446	0.109556	0.130859	2
1.00	0.121946	0.081610	0.097781	0.003331	0.011939	0.005209	0.121946	0.072602	0.091016	2
1.00	0.113801	0.076159	0.091251	0.001279	0.011236	0.002296	0.113801	0.065676	0.083286	1
1.00	0.113801	0.076159	0.091251	0.001279	0.011236	0.002296	0.113801	0.065676	0.083286	1
1.00	0.113801	0.076159	0.091251	0.001279	0.011236	0.002296	0.113801	0.065676	0.083286	1
1.00	0.113801	0.076159	0.091251	0.001279	0.011236	0.002296	0.113801	0.065676	0.083286	1
1.00	0.113801	0.076159	0.091251	0.001279	0.011236	0.002296	0.113801	0.065676	0.083286	1
1.00	0.113801	0.076159	0.091251	0.001279	0.011236	0.002296	0.113801	0.065676	0.083286	1
1.00	0.113801	0.076159	0.091251	0.001279	0.011236	0.002296	0.113801	0.065676	0.083286	1
1.00	0.113801	0.076159	0.091251	0.001279	0.011236	0.002296	0.113801	0.065676	0.083286	1
1.00	0.113801	0.076159	0.091251	0.001279	0.011236	0.002296	0.113801	0.065676	0.083286	1
1.00	0.113801	0.076159	0.091251	0.001279	0.011236	0.002296	0.113801	0.065676	0.083286	1
1.00	0.113801	0.076159	0.091251	0.001279	0.011236	0.002296	0.113801	0.065676	0.083286	1
1.00	0.113801	0.076159	0.091251	0.001279	0.011236	0.002296	0.113801	0.065676	0.083286	1
1.00	0.113801	0.076159	0.091251	0.001279	0.011236	0.002296	0.113801	0.065676	0.083286	1
1.00	0.113801	0.076159	0.091251	0.001279	0.011236	0.002296	0.113801	0.065676	0.083286	1
1.00	0.113801	0.076159	0.091251	0.001279	0.011236	0.002296	0.113801	0.065676	0.083286	1
1.00	0.113801	0.076159	0.091251	0.001279	0.011236	0.002296	0.113801	0.065676	0.083286	1
1.00	0.114024	0.076309	0.091430	0.001964	0.011256	0.003345	0.114024	0.065843	0.083480	2
1.00	0.117595	0.078698	0.094292	0.010835	0.011533	0.011173	0.117595	0.068874	0.086869	3
1.00	0.124847	0.083551	0.100107	0.011950	0.011743	0.011846	0.124847	0.075298	0.093939	3
1.00	0.177396	0.118719	0.142244	0.012292	0.013537	0.012885	0.177396	0.121553	0.144259	3
1.00	0.221578	0.148286	0.177670	0.012100	0.013762	0.012878	0.221578	0.159463	0.185458	3
1.00	0.290751	0.194579	0.233137	0.011913	0.014211	0.012961	0.290751	0.221115	0.251196	3
1.00	0.461899	0.309117	0.370370	0.012510	0.015735	0.013938	0.461899	0.379997	0.416964	3
1.00	0.608055	0.406929	0.487565	0.012748	0.012817	0.012782	0.608055	0.520389	0.560817	3
1.00	0.651344	0.435899	0.522276	0.011898	0.011953	0.011925	0.651344	0.561791	0.603262	3
1.00	0.659824	0.441574	0.529075	0.016846	0.011460	0.013640	0.659824	0.571479	0.612482	2
1.00	0.657927	0.440305	0.527554	0.007392	0.011236	0.008918	0.657927	0.570196	0.610928	1
1.00	0.657927	0.440305	0.527554	0.007392	0.011236	0.008918	0.657927	0.570196	0.610928	1
1.00	0.657927	0.440305	0.527554	0.007392	0.011236	0.008918	0.657927	0.570196	0.610928	1
1.00	0.657927	0.440305	0.527554	0.007392	0.011236	0.008918	0.657927	0.570196	0.610928	1
1.00	0.657927	0.440305	0.527554	0.007392	0.011236	0.008918	0.657927	0.570196	0.610928	1
1.00	0.657927	0.440305	0.527554	0.007392	0.011236	0.008918	0.657927	0.570196	0.610928	1
1.00	0.657927	0.440305	0.527554	0.007392	0.011236	0.008918	0.657927	0.570196	0.610928	1
1.00	0.657927	0.440305	0.527554	0.007392	0.011236	0.008918	0.657927	0.570196	0.610928	1
1.00	0.657927	0.440305	0.527554	0.007392	0.011236	0.008918	0.657927	0.570196	0.610928	1
1.00	0.657927	0.440305	0.527554	0.007392	0.011236	0.008918	0.657927	0.570196	0.610928	1
1.00	0.657927	0.440305	0.527554	0.007392	0.011236	0.008918	0.657927	0.570196	0.610928	1
1.00	0.657927	0.440305	0.527554	0.007392	0.011236	0.008918	0.657927	0.570196	0.610928	1
1.00	0.657927	0.440305	0.527554	0.007392	0.011236	0.008918	0.657927	0.570196	0.610928	1
1.00	0.657927	0.440305	0.527554	0.007392	0.011236	0.008918	0.657927	0.570196	0.610928	1
1.00	0.657927	0.440305	0.527554	0.007392	0.011236	0.008918	0.657927	0.570196	0.610928	1
1.00	0.657927	0.440305	0.527554	0.007392	0.011236	0.008918	0.657927	0.570196	0.610928	1
1.00	0.657927	0.440305	0.527554	0.007392	0.011236	0.008918	0.657927	0.570196	0.610928	1
1.00	0.657927	0.440305	0.527554	0.007392	0.011236	0.008918	0.657927	0.570196	0.610928	1
1.00	0.657927	0.440305	0.527554	0.007392	0.011236	0.008918	0.657927	0.570196	0.610928	1
1.00	0.657927	0.440305	0.527554	0.007392	0.011236	0.008918	0.657927	0.570196	0.610928	1
1.00	0.657927	0.440305	0.527554	0.007392	0.011236	0.008918	0.657927	0.570196	0.610928	1
1.00	0.657927	0.440305	0.527554	0.007392	0.011236	0.008918	0.657927	0.570196	0.610928	1
1.00	0.657927	0.440305	0.527554	0.007392	0.011236	0.008918	0.657927	0.570196	0.610928	1
1.00	0.657927	0.440305	0.527554	0.007392	0.011236	0.008918	0.657927	0.570196	0.610928	1
1.00	0.657927	0.440305	0.527554	0.007392	0.011236	0.008918	0.657927	0.570196	0.610928	1
1.00	0.657927	0.440305	0.527554	0.007392	0.011236	0.008918	0.657927	0.570196	0.610928	1
1.00	0.659377	0.441275	0.528717	0.014899	0.011498	0.012979	0.659377	0.570642	0.611809	2
1.00	0.554167	0.370865	0.444355	0.010009	0.014037	0.011686	0.554167	0.461992	0.503899	3
1.00	0.232511	0.155604	0.186438	0.012626	0.014284	0.013404	0.232511	0.168184	0.195184	3
1.00	0.162334	0.108639	0.130166	0.003884	0.015366	0.006201	0.162334	0.106110	0.128334	2
1.00	0.161553	0.108116	0.129540	0.003919	0.015317	0.006242	0.161553	0.105301	0.127498	2
1.00	0.163115	0.109162	0.130793	0.003823	0.015408	0.006127	0.163115	0.107272	0.129427	2
1.00	0.166239	0.111252	0.133298	0.003833	0.015665	0.006160	0.166239	0.110090	0.132460	2
1.00	0.161665	0.108191	0.129630	0.003869	0.015310	0.006177	0.161665	0.105413	0.127615	2

Tue Aug 31 19:16:21 2021
43.90	0.026427	0.840580	0.051242	0.015160	0.063408	0.024469	0.026504	0.880417	0.051459	67
33.35	0.027697	0.618084	0.053018	0.014578	0.285073	0.027738	0.027615	0.641491	0.052951	69
25.74	0.028387	0.488912	0.053658	0.014480	0.207900	0.027074	0.028179	0.497114	0.053335	63
20.33	0.028954	0.393937	0.053944	0.014411	0.155303	0.026374	0.028585	0.390463	0.053270	55
15.42	0.030823	0.318002	0.056198	0.013268	0.128504	0.024053	0.030506	0.302951	0.055430	43
11.46	0.034627	0.265586	0.061266	0.013876	0.112450	0.024704	0.034522	0.244117	0.060490	39
8.10	0.042746	0.231838	0.072183	0.012792	0.086491	0.022288	0.043720	0.211702	0.072473	26
4.82	0.056434	0.182185	0.086175	0.013440	0.057814	0.021810	0.062061	0.174246	0.091524	21
2.91	0.073689	0.143284	0.097325	0.012601	0.029209	0.017606	0.080863	0.144583	0.103718	17
2.11	0.089001	0.125663	0.104201	0.014236	0.020117	0.016673	0.097707	0.129440	0.111357	14
1.67	0.097680	0.109087	0.103069	0.014415	0.015718	0.015038	0.106865	0.115149	0.110853	9
1.33	0.107517	0.095796	0.101319	0.003502	0.013062	0.005524	0.115549	0.103769	0.109343	6
1.14	0.115592	0.088180	0.100042	0.003675	0.011798	0.005605	0.121146	0.097531	0.108063	5
1.04	0.122510	0.084970	0.100344	0.003380	0.011324	0.005206	0.124568	0.094797	0.107662	4
1.01	0.125042	0.084298	0.100705	0.001429	0.011226	0.002536	0.125572	0.094165	0.107624	3
1.00	0.125753	0.084223	0.100881	0.001430	0.011216	0.002536	0.125795	0.094128	0.107681	2
1.00	0.125837	0.084223	0.100908	0.001431	0.011216	0.002538	0.125851	0.094128	0.107702	2
1.00	0.125851	0.084223	0.100913	0.001432	0.011216	0.002540	0.125851	0.094128	0.107702	2
1.00	0.125851	0.084223	0.100913	0.001432	0.011216	0.002540	0.125851	0.094128	0.107702	2
1.00	0.125739	0.084148	0.100823	0.001432	0.011206	0.002539	0.125739	0.094072	0.107624	2
1.00	0.125851	0.084223	0.100913	0.001432	0.011216	0.002539	0.125851	0.094128	0.107702	2
1.00	0.125851	0.084223	0.100913	0.001431	0.011216	0.002538	0.125851	0.094128	0.107702	2
1.00	0.125851	0.084223	0.100913	0.001429	0.011216	0.002535	0.125851	0.094128	0.107702	2
1.00	0.125851	0.084223	0.100913	0.001430	0.011216	0.002537	0.125851	0.094128	0.107702	2
1.00	0.125851	0.084223	0.100913	0.001429	0.011216	0.002536	0.125851	0.094128	0.107702	2
1.00	0.125628	0.084074	0.100734	0.001429	0.011196	0.002534	0.125628	0.093960	0.107511	2
1.00	0.125628	0.084074	0.100734	0.001426	0.011196	0.002530	0.125628	0.093960	0.107511	2
1.00	0.125851	0.084223	0.100913	0.001424	0.011216	0.002528	0.125851	0.094053	0.107653	2
1.00	0.125962	0.084298	0.101002	0.001423	0.011226	0.002526	0.125962	0.094165	0.107767	2
1.00	0.125962	0.084298	0.101002	0.001422	0.011226	0.002524	0.125962	0.094165	0.107767	2
1.00	0.126855	0.084895	0.101718	0.006829	0.011201	0.008485	0.126855	0.094593	0.108374	3
1.00	0.155751	0.104234	0.124888	0.008159	0.011043	0.009385	0.155751	0.120021	0.135572	3
1.00	0.253152	0.169417	0.202988	0.008413	0.011043	0.009550	0.253152	0.206770	0.227622	2
1.00	0.358697	0.240051	0.287619	0.008557	0.010780	0.009541	0.358697	0.301534	0.327641	2
1.00	0.537432	0.359665	0.430936	0.008454	0.010657	0.009429	0.537432	0.460802	0.496175	2
1.00	0.644539	0.431345	0.516819	0.008174	0.011128	0.009425	0.644539	0.558779	0.598603	2
1.00	0.657927	0.440305	0.527554	0.007392	0.011236	0.008918	0.657927	0.570196	0.610928	1
1.00	0.657927	0.440305	0.527554	0.007392	0.011236	0.008918	0.657927	0.570196	0.610928	1
1.00	0.657927	0.440305	0.527554	0.007392	0.011236	0.008918	0.657927	0.570196	0.610928	1
1.00	0.657927	0.440305	0.527554	0.007392	0.011236	0.008918	0.657927	0.570196	0.610928	1
1.00	0.657927	0.440305	0.527554	0.007392	0.011236	0.008918	0.657927	0.570196	0.610928	1
1.00	0.657927	0.440305	0.527554	0.007392	0.011236	0.008918	0.657927	0.570196	0.610928	1
1.00	0.657927	0.440305	0.527554	0.007392	0.011236	0.008918	0.657927	0.570196	0.610928	1
1.00	0.657927	0.440305	0.527554	0.007392	0.011236	0.008918	0.657927	0.570196	0.610928	1
1.00	0.657927	0.440305	0.527554	0.007392	0.011236	0.008918	0.657927	0.570196	0.610928	1
1.00	0.657927	0.440305	0.527554	0.007392	0.011236	0.008918	0.657927	0.570196	0.610928	1
1.00	0.657927	0.440305	0.527554	0.007392	0.011236	0.008918	0.657927	0.570196	0.610928	1
1.00	0.657927	0.440305	0.527554	0.007392	0.011236	0.008918	0.657927	0.570196	0.610928	1
1.00	0.657927	0.440305	0.527554	0.007392	0.011236	0.008918	0.657927	0.570196	0.610928	1
1.00	0.657927	0.440305	0.527554	0.007392	0.011236	0.008918	0.657927	0.570196	0.610928	1
1.00	0.657927	0.440305	0.527554	0.007392	0.011236	0.008918	0.657927	0.570196	0.610928	1
1.00	0.657927	0.440305	0.527554	0.007392	0.011236	0.008918	0.657927	0.570196	0.610928	1
1.00	0.657927	0.440305	0.527554	0.007392	0.011236	0.008918	0.657927	0.570196	0.610928	1
1.00	0.657927	0.440305	0.527554	0.007392	0.011236	0.008918	0.657927	0.570196	0.610928	1
1.00	0.657704	0.440155	0.527375	0.007392	0.011232	0.008916	0.657704	0.569973	0.610704	2
1.00	0.639518	0.427985	0.512793	0.008698	0.011211	0.009796	0.639518	0.553117	0.593188	2
1.00	0.591989	0.396177	0.474682	0.008692	0.011123	0.009758	0.591989	0.509232	0.547501	2
1.00	0.574250	0.384305	0.460458	0.008752	0.011165	0.009812	0.574250	0.492661	0.530335	2
1.00	0.588196	0.393638	0.471641	0.008783	0.011211	0.009850	0.588196	0.505625	0.543794	2
1.00	0.643981	0.430971	0.516371	0.008821	0.011239	0.009884	0.643981	0.557012	0.597348	2
1.00	0.656811	0.439558	0.526660	0.008641	0.011233	0.009768	0.656811	0.569099	0.609817	2
1.00	0.657704	0.440155	0.527375	0.009640	0.011240	0.010379	0.657704	0.569917	0.610672	2
1.00	0.657927	0.440305	0.527554	0.007392	0.011236	0.008918	0.657927	0.570196	0.610928	1
1.00	0.657927	0.440305	0.527554	0.007392	0.011236	0.008918	0.657927	0.570196	0.610928	1
1.00	0.657927	0.440305	0.527554	0.007392	0.011236	0.008918	0.657927	0.570196	0.610928	1
1.00	0.657927	0.440305	0.527554	0.007392	0.011236	0.008918	0.657927	0.570196	0.610928	1
1.00	0.657927	0.440305	0.527554	0.007392	0.011236	0.008918	0.657927	0.570196	0.610928	1
1.00	0.657927	0.440305	0.527554	0.007392	0.011236	0.008918	0.657927	0.570196	0.610928	1
1.00	0.657927	0.440305	0.527554	0.007392	0.011236	0.008918	0.657927	0.570196	0.610928	1
1.00	0.657927	0.440305	0.527554	0.007392	0.011236	0.008918	0.657927	0.570196	0.610928	1
1.00	0.657927	0.440305	0.527554	0.007392	0.011236	0.008918	0.657927	0.570196	0.610928	1
1.00	0.657927	0.440305	0.527554	0.007392	0.011236	0.008918	0.657927	0.570196	0.610928	1
1.00	0.657927	0.440305	0.527554	0.007392	0.011236	0.008918	0.657927	0.570196	0.610928	1
1.00	0.657927	0.440305	0.527554	0.007392	0.011236	0.008918	0.657927	0.570196	0.610928	1
1.00	0.657927	0.440305	0.527554	0.007392	0.011236	0.008918	0.657927	0.570196	0.610928	1
1.00	0.657927	0.440305	0.527554	0.007392	0.011236	0.008918	0.657927	0.570196	0.610928	1
1.00	0.657927	0.440305	0.527554	0.007392	0.011236	0.008918	0.657927	0.570196	0.610928	1
1.00	0.657927	0.440305	0.527554	0.007392	0.011236	0.008918	0.657927	0.570196	0.610928	1
1.00	0.657927	0.440305	0.527554	0.007392	0.011236	0.008918	0.657927	0.570196	0.610928	1
1.00	0.657927	0.440305	0.527554	0.007392	0.011236	0.008918	0.657927	0.570196	0.610928	1
1.00	0.657927	0.440305	0.527554	0.007392	0.011236	0.008918	0.657927	0.570196	0.610928	1
1.00	0.657927	0.440305	0.527554	0.007392	0.011236	0.008918	0.657927	0.570196	0.610928	1
1.00	0.657927	0.440305	0.527554	0.007392	0.011236	0.008918	0.657927	0.570196	0.610928	1
1.00	0.657927	0.440305	0.527554	0.007392	0.011236	0.008918	0.657927	0.570196	0.610928	1
1.00	0.657927	0.440305	0.527554	0.007392	0.011236	0.008918	0.657927	0.570196	0.610928	1
1.00	0.657927	0.440305	0.527554	0.007392	0.011236	0.008918	0.657927	0.570196	0.610928	1
1.00	0.657927	0.440305	0.527554	0.007392	0.011236	0.008918	0.657927	0.570196	0.610928	1
1.00	0.657927	0.440305	0.527554	0.007392	0.011236	0.008918	0.657927	0.570196	0.610928	1
1.00	0.657927	0.440305	0.527554	0.007392	0.011236	0.008918	0.657927	0.570196	0.610928	1
1.00	0.657927	0.440305	0.527554	0.007392	0.011236	0.008918	0.657927	0.570196	0.610928	1
1.00	0.657927	0.440305	0.527554	0.007392	0.011236	0.008918	0.657927	0.570196	0.610928	1
1.00	0.641080	0.429030	0.514045	0.009405	0.011463	0.010332	0.641080	0.553340	0.593987	2
1.00	0.175276	0.117300	0.140544	0.009188	0.011297	0.010134	0.175276	0.134060	0.151922	2
1.00	0.126074	0.084372	0.101091	0.001417	0.011236	0.002516	0.126074	0.094202	0.107832	1
1.00	0.126074	0.084372	0.101091	0.001417	0.011236	0.002516	0.126074	0.094202	0.107832	1
1.00	0.126074	0.084372	0.101091	0.001417	0.011236	0.002516	0.126074	0.094202	0.107832	1
1.00	0.126074	0.084372	0.101091	0.001417	0.011236	0.002516	0.126074	0.094202	0.107832	1
1.00	0.126074	0.084372	0.101091	0.001417	0.011236	0.002516	0.126074	0.094202	0.107832	1
1.00	0.126074	0.084372	0.101091	0.001417	0.011236	0.002516	0.126074	0.094202	0.107832	1
1.00	0.144371	0.096618	0.115763	0.009512	0.011339	0.010346	0.144371	0.107330	0.123125	2
1.00	0.393730	0.263496	0.315709	0.008911	0.011474	0.010032	0.393730	0.326039	0.356701	2
1.00	0.547473	0.366385	0.438987	0.009227	0.011954	0.010415	0.547473	0.464694	0.502698	2
1.00	0.642977	0.430299	0.515566	0.013370	0.011556	0.012397	0.642977	0.554976	0.595744	3
1.00	0.657704	0.440155	0.527375	0.007392	0.011232	0.008916	0.657704	0.569973	0.610704	2
1.00	0.657927	0.440305	0.527554	0.007392	0.011236	0.008918	0.657927	0.570196	0.610928	1
1.00	0.657927	0.440305	0.527554	0.007392	0.011236	0.008918	0.657927	0.570196	0.610928	1
1.00	0.657927	0.440305	0.527554	0.007392	0.011236	0.008918	0.657927	0.570196	0.610928	1
1.00	0.657927	0.440305	0.527554	0.007392	0.011236	0.008918	0.657927	0.570196	0.610928	1
1.00	0.657927	0.440305	0.527554	0.007392	0.011236	0.008918	0.657927	0.570196	0.610928	1
1.00	0.657927	0.440305	0.527554	0.007392	0.011236	0.008918	0.657927	0.570196	0.610928	1
1.00	0.657927	0.440305	0.527554	0.007392	0.011236	0.008918	0.657927	0.570196	0.610928	1
1.00	0.657369	0.439931	0.527107	0.008796	0.011236	0.009867	0.657369	0.569582	0.610335	2
1.00	0.654803	0.438214	0.525049	0.009222	0.011255	0.010138	0.654803	0.567016	0.607756	2
1.00	0.642642	0.430075	0.515298	0.009280	0.011421	0.010240	0.642642	0.555032	0.595632	2
1.00	0.612741	0.410065	0.491322	0.009476	0.011967	0.010577	0.612741	0.525546	0.565804	2
1.00	0.504630	0.337714	0.404634	0.009480	0.013109	0.011003	0.504630	0.419666	0.458243	2
1.00	0.278032	0.186067	0.222938	0.009127	0.012282	0.010472	0.278032	0.209902	0.239210	2
1.00	0.155082	0.103786	0.124351	0.012816	0.011824	0.012300	0.155082	0.101815	0.122926	3
1.00	0.123285	0.082506	0.098855	0.007674	0.012015	0.009366	0.123285	0.073188	0.091849	3
1.00	0.138570	0.092735	0.111111	0.003958	0.013370	0.006108	0.138570	0.084373	0.104884	2
1.00	0.154189	0.103188	0.123636	0.003821	0.014637	0.006060	0.154189	0.098830	0.120454	2

Tue Aug 31 19:45:24 2021
41.67	0.021481	0.648551	0.041584	0.010575	0.061610	0.018052	0.021653	0.760833	0.042108	68
31.84	0.025327	0.539685	0.048383	0.015471	0.245150	0.029105	0.025433	0.636256	0.048911	72

Wed Sep  1 09:27:31 2021
41.67	0.021481	0.648551	0.041584	0.010575	0.061610	0.018052	0.021653	0.760833	0.042108	68
31.84	0.025327	0.539685	0.048383	0.015471	0.245150	0.029105	0.025433	0.636256	0.048911	72
22.48	0.033088	0.497872	0.062052	0.018805	0.167882	0.033821	0.033190	0.607481	0.062941	61
16.61	0.042328	0.470395	0.077668	0.016107	0.108733	0.028058	0.042455	0.588793	0.079200	52
12.22	0.055753	0.455910	0.099356	0.010762	0.087964	0.019178	0.056346	0.577729	0.102678	45
8.73	0.075049	0.438587	0.128167	0.019615	0.057015	0.029189	0.075725	0.560432	0.133423	32
6.59	0.095281	0.419996	0.155325	0.008216	0.045788	0.013932	0.095514	0.539630	0.162301	24
4.99	0.116183	0.388263	0.178848	0.008543	0.041644	0.014178	0.114612	0.498853	0.186399	21
3.86	0.133865	0.346002	0.193043	0.010491	0.037785	0.016422	0.127133	0.444788	0.197745	15
2.97	0.140655	0.279325	0.187097	0.016941	0.026122	0.020553	0.127874	0.360289	0.188755	11
1.99	0.151253	0.201374	0.172752	0.008901	0.007495	0.008138	0.128740	0.259997	0.172209	8
1.23	0.161661	0.133428	0.146194	0.008159	0.003405	0.004805	0.146398	0.171248	0.157851	7
1.01	0.228858	0.154782	0.184669	0.007885	0.003950	0.005263	0.228662	0.198843	0.212713	6
1.00	0.333668	0.223326	0.267567	0.007621	0.005699	0.006521	0.333649	0.289126	0.309796	5
1.00	0.432891	0.289704	0.347110	0.008434	0.007607	0.007999	0.432891	0.376939	0.402982	6
1.00	0.519915	0.347943	0.416890	0.012955	0.009133	0.010714	0.519915	0.450779	0.482885	6
1.00	0.572018	0.382812	0.458669	0.011935	0.010176	0.010985	0.572018	0.496365	0.531513	6
1.00	0.608167	0.407004	0.487654	0.010860	0.011085	0.010972	0.608167	0.527818	0.565151	6
1.00	0.611068	0.408945	0.489980	0.010333	0.011931	0.011075	0.611068	0.529464	0.567346	5
1.00	0.602477	0.403196	0.483092	0.010137	0.012532	0.011208	0.602477	0.521012	0.558791	4
1.00	0.591320	0.395729	0.474146	0.010058	0.012904	0.011304	0.591320	0.509948	0.547628	3
1.00	0.537320	0.359591	0.430846	0.009659	0.012954	0.011066	0.537320	0.460727	0.496085	3
1.00	0.470713	0.315015	0.377438	0.009592	0.013304	0.011147	0.470713	0.400532	0.432796	2
1.00	0.360817	0.241469	0.289318	0.009637	0.013050	0.011087	0.360817	0.300195	0.327726	2
1.00	0.275577	0.184425	0.220970	0.009920	0.012696	0.011137	0.275577	0.223277	0.246686	2
1.00	0.220797	0.147764	0.177044	0.010048	0.012074	0.010968	0.220797	0.175795	0.195743	2
1.00	0.191007	0.127828	0.153158	0.010228	0.011782	0.010951	0.191007	0.149358	0.167635	2
1.00	0.205065	0.137236	0.164430	0.010210	0.011926	0.011001	0.205065	0.162003	0.181008	2
1.00	0.241325	0.161502	0.193505	0.010184	0.012457	0.011206	0.241325	0.193711	0.214913	2
1.00	0.278367	0.186291	0.223206	0.010012	0.012904	0.011276	0.278367	0.225787	0.249335	2
1.00	0.279482	0.187038	0.224101	0.010052	0.012931	0.011312	0.279482	0.227071	0.250565	2
1.00	0.257726	0.172478	0.206656	0.010248	0.012697	0.011342	0.257726	0.208039	0.230232	2
1.00	0.243222	0.162772	0.195026	0.010300	0.012553	0.011315	0.243222	0.195868	0.216992	2
1.00	0.225483	0.150900	0.180802	0.010538	0.012395	0.011391	0.225483	0.179867	0.200108	2
1.00	0.239540	0.160308	0.192074	0.010502	0.012611	0.011461	0.239540	0.192670	0.213564	2
1.00	0.235412	0.157545	0.188764	0.010593	0.012589	0.011505	0.235412	0.188784	0.209535	2
1.00	0.235189	0.157396	0.188585	0.010670	0.012601	0.011556	0.235189	0.188932	0.209538	2
1.00	0.168136	0.112521	0.134818	0.010952	0.011689	0.011309	0.168136	0.129815	0.146511	2
1.00	0.132545	0.088703	0.106280	0.010799	0.011242	0.011016	0.132545	0.099753	0.113834	2
1.00	0.127413	0.085268	0.102165	0.009951	0.011203	0.010540	0.127413	0.095411	0.109114	2
1.00	0.125962	0.084298	0.101002	0.007031	0.011210	0.008642	0.125962	0.094091	0.107718	2
1.00	0.126074	0.084372	0.101091	0.001417	0.011236	0.002516	0.126074	0.094202	0.107832	1
1.00	0.126074	0.084372	0.101091	0.001417	0.011236	0.002516	0.126074	0.094202	0.107832	1
1.00	0.126074	0.084372	0.101091	0.001417	0.011236	0.002516	0.126074	0.094202	0.107832	1
1.00	0.126074	0.084372	0.101091	0.001417	0.011236	0.002516	0.126074	0.094202	0.107832	1
1.00	0.125962	0.084298	0.101002	0.007031	0.011210	0.008642	0.125962	0.094091	0.107718	2
1.00	0.127636	0.085418	0.102344	0.010151	0.011206	0.010653	0.127636	0.095634	0.109341	2
1.00	0.127524	0.085343	0.102254	0.010055	0.011204	0.010599	0.127524	0.095522	0.109228	2
1.00	0.125851	0.084223	0.100913	0.005907	0.011200	0.007734	0.125851	0.093979	0.107604	2
1.00	0.126074	0.084372	0.101091	0.001417	0.011236	0.002516	0.126074	0.094202	0.107832	1
1.00	0.126074	0.084372	0.101091	0.001417	0.011236	0.002516	0.126074	0.094202	0.107832	1
1.00	0.126074	0.084372	0.101091	0.001417	0.011236	0.002516	0.126074	0.094202	0.107832	1
1.00	0.126074	0.084372	0.101091	0.001417	0.011236	0.002516	0.126074	0.094202	0.107832	1
1.00	0.126074	0.084372	0.101091	0.001417	0.011236	0.002516	0.126074	0.094202	0.107832	1
1.00	0.126074	0.084372	0.101091	0.001417	0.011236	0.002516	0.126074	0.094202	0.107832	1
1.00	0.126074	0.084372	0.101091	0.001417	0.011236	0.002516	0.126074	0.094202	0.107832	1
1.00	0.126074	0.084372	0.101091	0.001417	0.011236	0.002516	0.126074	0.094202	0.107832	1
1.00	0.126074	0.084372	0.101091	0.001417	0.011236	0.002516	0.126074	0.094202	0.107832	1
1.00	0.126074	0.084372	0.101091	0.001417	0.011236	0.002516	0.126074	0.094202	0.107832	1
1.00	0.126074	0.084372	0.101091	0.001417	0.011236	0.002516	0.126074	0.094202	0.107832	1
1.00	0.126074	0.084372	0.101091	0.001417	0.011236	0.002516	0.126074	0.094202	0.107832	1
1.00	0.126074	0.084372	0.101091	0.001417	0.011236	0.002516	0.126074	0.094202	0.107832	1
1.00	0.126074	0.084372	0.101091	0.001417	0.011236	0.002516	0.126074	0.094202	0.107832	1
1.00	0.126074	0.084372	0.101091	0.001417	0.011236	0.002516	0.126074	0.094202	0.107832	1
1.00	0.126074	0.084372	0.101091	0.001417	0.011236	0.002516	0.126074	0.094202	0.107832	1
1.00	0.126074	0.084372	0.101091	0.001417	0.011236	0.002516	0.126074	0.094202	0.107832	1
1.00	0.126074	0.084372	0.101091	0.001417	0.011236	0.002516	0.126074	0.094202	0.107832	1
1.00	0.126074	0.084372	0.101091	0.001417	0.011236	0.002516	0.126074	0.094202	0.107832	1
1.00	0.126074	0.084372	0.101091	0.001417	0.011236	0.002516	0.126074	0.094202	0.107832	1
1.00	0.126074	0.084372	0.101091	0.001417	0.011236	0.002516	0.126074	0.094202	0.107832	1
1.00	0.126074	0.084372	0.101091	0.001417	0.011236	0.002516	0.126074	0.094202	0.107832	1
1.00	0.126074	0.084372	0.101091	0.001417	0.011236	0.002516	0.126074	0.094202	0.107832	1
1.00	0.126074	0.084372	0.101091	0.001417	0.011236	0.002516	0.126074	0.094202	0.107832	1
1.00	0.126074	0.084372	0.101091	0.001417	0.011236	0.002516	0.126074	0.094202	0.107832	1
1.00	0.126074	0.084372	0.101091	0.001417	0.011236	0.002516	0.126074	0.094202	0.107832	1
1.00	0.126074	0.084372	0.101091	0.001417	0.011236	0.002516	0.126074	0.094202	0.107832	1
1.00	0.126074	0.084372	0.101091	0.001417	0.011236	0.002516	0.126074	0.094202	0.107832	1

Wed Sep  1 09:44:39 2021
44.17	0.002944	0.094203	0.005709	0.002277	0.039700	0.004308	0.002964	0.061667	0.005657	64
33.93	0.003988	0.090570	0.007640	0.004888	0.249374	0.009588	0.003972	0.064452	0.007484	66
25.33	0.004009	0.067946	0.007571	0.002530	0.169135	0.004986	0.003981	0.047207	0.007342	60
18.27	0.004183	0.051146	0.007734	0.002316	0.133506	0.004553	0.004133	0.034522	0.007382	54
12.72	0.004463	0.038005	0.007989	0.003102	0.089514	0.005996	0.004309	0.025261	0.007363	50
9.01	0.004546	0.027402	0.007798	0.001717	0.061997	0.003342	0.004300	0.017489	0.006902	42
6.44	0.005317	0.022922	0.008632	0.001941	0.046176	0.003726	0.005043	0.014634	0.007501	32
4.36	0.006115	0.017845	0.009109	0.001467	0.035513	0.002818	0.005842	0.012031	0.007865	26
2.79	0.007362	0.013739	0.009587	0.000376	0.025367	0.000741	0.007877	0.009865	0.008759	18
1.82	0.008145	0.009931	0.008949	0.000763	0.014220	0.001449	0.010339	0.007475	0.008677	11
1.28	0.010191	0.008736	0.009407	0.001172	0.007508	0.002027	0.012012	0.006694	0.008597	9
1.04	0.012715	0.008885	0.010461	0.001507	0.006742	0.002464	0.013165	0.007140	0.009259	8
1.00	0.016262	0.010901	0.013053	0.001328	0.006056	0.002178	0.016233	0.009874	0.012279	7
1.00	0.024322	0.016277	0.019503	0.001371	0.005817	0.002220	0.024322	0.016763	0.019847	7
1.00	0.040946	0.027402	0.032832	0.001384	0.005727	0.002229	0.040946	0.029427	0.034243	7
1.00	0.063483	0.042485	0.050904	0.001385	0.006556	0.002287	0.063483	0.046283	0.053535	6
1.00	0.088586	0.059285	0.071032	0.001458	0.008400	0.002485	0.088586	0.065268	0.075160	6
1.00	0.106326	0.071157	0.085257	0.001448	0.009644	0.002518	0.106326	0.079122	0.090728	5
1.00	0.118264	0.079146	0.094829	0.001430	0.010540	0.002519	0.118264	0.088605	0.101308	4
1.00	0.123396	0.082580	0.098944	0.001428	0.010997	0.002528	0.123396	0.092417	0.105683	3
1.00	0.125293	0.083850	0.100465	0.001423	0.011166	0.002525	0.125293	0.093719	0.107230	3
1.00	0.125851	0.084223	0.100913	0.001420	0.011216	0.002521	0.125851	0.094035	0.107641	3
1.00	0.126074	0.084372	0.101091	0.007034	0.011212	0.008645	0.126074	0.094314	0.107905	3
1.00	0.128752	0.086164	0.103239	0.007699	0.011209	0.009129	0.128752	0.096592	0.110377	3
1.00	0.137231	0.091839	0.110038	0.008055	0.011306	0.009408	0.137231	0.103537	0.118026	3
1.00	0.153520	0.102740	0.123099	0.008080	0.011504	0.009492	0.153520	0.116600	0.132537	2
1.00	0.183421	0.122751	0.147075	0.008044	0.011669	0.009523	0.183421	0.141930	0.160030	2
1.00	0.225036	0.150601	0.180444	0.008107	0.011696	0.009576	0.225036	0.178272	0.198943	2
1.00	0.290639	0.194505	0.233047	0.008408	0.012037	0.009900	0.290639	0.235130	0.259954	2
1.00	0.373536	0.249981	0.299517	0.008656	0.012078	0.010084	0.373536	0.309119	0.338288	2
1.00	0.491130	0.328679	0.393809	0.009049	0.012093	0.010352	0.491130	0.414342	0.449480	2
1.00	0.605266	0.405062	0.485328	0.009199	0.011502	0.010223	0.605266	0.522007	0.560562	2
1.00	0.642865	0.430225	0.515477	0.009423	0.011357	0.010300	0.642865	0.556566	0.596611	2
1.00	0.656477	0.439334	0.526391	0.010014	0.011267	0.010604	0.656477	0.568746	0.609470	2
1.00	0.658039	0.440379	0.527644	0.014884	0.011254	0.012817	0.658039	0.570308	0.611040	2
1.00	0.658039	0.440379	0.527644	0.014884	0.011254	0.012817	0.658039	0.570308	0.611040	2
1.00	0.657927	0.440305	0.527554	0.013011	0.011252	0.012068	0.657927	0.570196	0.610928	2
1.00	0.654245	0.437841	0.524602	0.008555	0.011213	0.009705	0.654245	0.566570	0.607259	2
1.00	0.622448	0.416561	0.499105	0.009218	0.011402	0.010194	0.622448	0.537413	0.576813	2
1.00	0.411469	0.275368	0.329934	0.008893	0.011986	0.010210	0.411469	0.343027	0.374144	2
1.00	0.139574	0.093407	0.111916	0.008662	0.011290	0.009803	0.139574	0.104879	0.119765	2
1.00	0.126074	0.084372	0.101091	0.001417	0.011236	0.002516	0.126074	0.094202	0.107832	1
1.00	0.126074	0.084372	0.101091	0.001417	0.011236	0.002516	0.126074	0.094202	0.107832	1
1.00	0.126074	0.084372	0.101091	0.001417	0.011236	0.002516	0.126074	0.094202	0.107832	1
1.00	0.126074	0.084372	0.101091	0.001417	0.011236	0.002516	0.126074	0.094202	0.107832	1
1.00	0.126074	0.084372	0.101091	0.001417	0.011236	0.002516	0.126074	0.094202	0.107832	1
1.00	0.126074	0.084372	0.101091	0.001417	0.011236	0.002516	0.126074	0.094202	0.107832	1
1.00	0.126074	0.084372	0.101091	0.001417	0.011236	0.002516	0.126074	0.094202	0.107832	1
1.00	0.126074	0.084372	0.101091	0.001417	0.011236	0.002516	0.126074	0.094202	0.107832	1
1.00	0.126074	0.084372	0.101091	0.001417	0.011236	0.002516	0.126074	0.094202	0.107832	1
1.00	0.126074	0.084372	0.101091	0.001417	0.011236	0.002516	0.126074	0.094202	0.107832	1
1.00	0.126074	0.084372	0.101091	0.001417	0.011236	0.002516	0.126074	0.094202	0.107832	1
1.00	0.126074	0.084372	0.101091	0.001417	0.011236	0.002516	0.126074	0.094202	0.107832	1
1.00	0.126855	0.084895	0.101718	0.012654	0.011249	0.011910	0.126855	0.094593	0.108374	2
1.00	0.247462	0.165609	0.198425	0.009137	0.011999	0.010374	0.247462	0.195325	0.218324	2
1.00	0.585853	0.392070	0.469762	0.009518	0.012119	0.010662	0.585853	0.500716	0.539949	2
1.00	0.653464	0.437318	0.523976	0.008214	0.011192	0.009474	0.653464	0.565733	0.606442	2
1.00	0.658039	0.440379	0.527644	0.018629	0.011246	0.014025	0.658039	0.570308	0.611040	2
1.00	0.657927	0.440305	0.527554	0.007392	0.011236	0.008918	0.657927	0.570196	0.610928	1
1.00	0.657927	0.440305	0.527554	0.007392	0.011236	0.008918	0.657927	0.570196	0.610928	1
1.00	0.657927	0.440305	0.527554	0.007392	0.011236	0.008918	0.657927	0.570196	0.610928	1
1.00	0.657927	0.440305	0.527554	0.007392	0.011236	0.008918	0.657927	0.570196	0.610928	1
1.00	0.657927	0.440305	0.527554	0.007392	0.011236	0.008918	0.657927	0.570196	0.610928	1
1.00	0.657927	0.440305	0.527554	0.007392	0.011236	0.008918	0.657927	0.570196	0.610928	1
1.00	0.657927	0.440305	0.527554	0.007392	0.011236	0.008918	0.657927	0.570196	0.610928	1
1.00	0.657927	0.440305	0.527554	0.007392	0.011236	0.008918	0.657927	0.570196	0.610928	1
1.00	0.657927	0.440305	0.527554	0.007392	0.011236	0.008918	0.657927	0.570196	0.610928	1
1.00	0.657927	0.440305	0.527554	0.007392	0.011236	0.008918	0.657927	0.570196	0.610928	1
1.00	0.657927	0.440305	0.527554	0.007392	0.011236	0.008918	0.657927	0.570196	0.610928	1
1.00	0.657927	0.440305	0.527554	0.007392	0.011236	0.008918	0.657927	0.570196	0.610928	1
1.00	0.657927	0.440305	0.527554	0.007392	0.011236	0.008918	0.657927	0.570196	0.610928	1
1.00	0.657927	0.440305	0.527554	0.007392	0.011236	0.008918	0.657927	0.570196	0.610928	1
1.00	0.657927	0.440305	0.527554	0.007392	0.011236	0.008918	0.657927	0.570196	0.610928	1
1.00	0.657927	0.440305	0.527554	0.007392	0.011236	0.008918	0.657927	0.570196	0.610928	1
1.00	0.658039	0.440379	0.527644	0.018629	0.011246	0.014025	0.658039	0.570308	0.611040	2
1.00	0.655361	0.438587	0.525497	0.008672	0.011224	0.009784	0.655361	0.567574	0.608317	2
1.00	0.571460	0.382439	0.458221	0.009716	0.012661	0.010995	0.571460	0.487017	0.525870	2
