
Fri Sep  3 11:56:05 2021
41.74	0.013415	0.405797	0.025971	0.015095	0.083775	0.025581	0.013551	0.443750	0.026299	85
37.33	0.015858	0.396177	0.030495	0.017908	0.350541	0.034075	0.015689	0.417422	0.030241	88
32.31	0.017715	0.383036	0.033864	0.017973	0.308864	0.033970	0.017505	0.415488	0.033595	88
27.54	0.020246	0.373180	0.038408	0.017729	0.274232	0.033304	0.019985	0.415791	0.038137	88
23.15	0.022839	0.353916	0.042909	0.017479	0.218557	0.032369	0.022588	0.401212	0.042768	88
19.24	0.026038	0.335250	0.048323	0.016298	0.184169	0.029946	0.025873	0.388890	0.048518	86
15.87	0.030029	0.318973	0.054891	0.014518	0.121064	0.025926	0.030027	0.377165	0.055625	86
12.91	0.034982	0.302173	0.062704	0.014799	0.099262	0.025757	0.035226	0.361304	0.064193	85
10.39	0.040752	0.283357	0.071256	0.015459	0.081678	0.025998	0.041614	0.342802	0.074218	83
8.22	0.047590	0.261928	0.080546	0.015792	0.058056	0.024830	0.049574	0.319177	0.085819	82
6.41	0.054793	0.235197	0.088880	0.014290	0.042628	0.021405	0.058658	0.288213	0.097477	81
4.92	0.063411	0.208915	0.097291	0.023805	0.033762	0.027922	0.069334	0.257977	0.109294	74
3.75	0.075792	0.190174	0.108388	0.024187	0.027349	0.025671	0.083280	0.236853	0.123231	67
2.84	0.088777	0.168446	0.116274	0.011977	0.021667	0.015427	0.097745	0.212048	0.133810	60
2.18	0.109459	0.159934	0.129968	0.012011	0.014897	0.013299	0.121423	0.204638	0.152412	56
1.75	0.135340	0.158441	0.145982	0.012366	0.012683	0.012522	0.150805	0.204582	0.173625	55
1.45	0.175094	0.170388	0.172709	0.012675	0.011065	0.011815	0.192506	0.221410	0.205949	49
1.26	0.219615	0.185918	0.201367	0.012746	0.010244	0.011359	0.235250	0.243157	0.239138	44
1.15	0.262948	0.202046	0.228509	0.012848	0.010201	0.011372	0.274239	0.265279	0.269685	40
1.08	0.306643	0.221608	0.257282	0.013099	0.010104	0.011408	0.313269	0.290414	0.301409	39
1.05	0.349269	0.244381	0.287559	0.012751	0.010217	0.011344	0.353230	0.320077	0.335837	37
1.03	0.394408	0.270664	0.321024	0.013149	0.010623	0.011752	0.396538	0.353632	0.373858	37
1.01	0.424879	0.288434	0.343607	0.013626	0.010384	0.011786	0.426011	0.375276	0.399037	37
1.01	0.453690	0.306130	0.365582	0.014064	0.010957	0.012318	0.454312	0.397906	0.424242	35
1.00	0.475614	0.319645	0.382335	0.014197	0.011183	0.012511	0.475845	0.414679	0.443161	34
1.00	0.484029	0.324722	0.388685	0.014342	0.011457	0.012738	0.484046	0.420676	0.450141	33
1.00	0.484460	0.324722	0.388824	0.014112	0.011861	0.012889	0.484436	0.419802	0.449809	31
1.00	0.472476	0.316583	0.379130	0.014084	0.012238	0.013096	0.472442	0.408377	0.438080	31
1.00	0.462550	0.309863	0.371116	0.013852	0.012334	0.013049	0.462513	0.398479	0.428115	30
1.00	0.443206	0.296872	0.355571	0.013948	0.012533	0.013203	0.443155	0.379769	0.409021	29
1.00	0.447107	0.299485	0.358701	0.014220	0.012920	0.013539	0.447060	0.382093	0.412031	26
1.00	0.453897	0.303965	0.364100	0.014191	0.013264	0.013712	0.453866	0.387253	0.417922	23
1.00	0.457465	0.306354	0.366962	0.013998	0.013458	0.013723	0.457436	0.390024	0.421049	19
1.00	0.459249	0.307549	0.368393	0.014170	0.013749	0.013956	0.459221	0.390554	0.422113	15
1.00	0.451667	0.302471	0.362311	0.014247	0.014036	0.014141	0.451634	0.382948	0.414465	13
1.00	0.444432	0.297693	0.356555	0.014458	0.014374	0.014416	0.444382	0.375557	0.407081	13
1.00	0.437249	0.292914	0.350816	0.014726	0.014756	0.014741	0.437186	0.368351	0.399828	12
1.00	0.435417	0.291720	0.349370	0.014760	0.014915	0.014837	0.435345	0.366222	0.397803	11
1.00	0.434414	0.291048	0.348565	0.015415	0.015200	0.015307	0.434341	0.364056	0.396105	8
1.00	0.443491	0.297096	0.355824	0.015417	0.015449	0.015433	0.443434	0.371410	0.404239	8
1.00	0.453238	0.303591	0.363620	0.016314	0.015955	0.016133	0.453196	0.378765	0.412651	6
1.00	0.471513	0.315762	0.378231	0.016376	0.016432	0.016404	0.471494	0.393538	0.429003	6
1.00	0.500279	0.334951	0.401252	0.016272	0.016745	0.016505	0.500279	0.419004	0.456049	6
1.00	0.520468	0.348391	0.417390	0.016281	0.016868	0.016569	0.520473	0.436614	0.474869	6
1.00	0.544390	0.364444	0.436603	0.016178	0.016907	0.016534	0.544405	0.458537	0.497795	6
1.00	0.570600	0.381991	0.457623	0.016970	0.017114	0.017042	0.570624	0.480957	0.521967	6
1.00	0.586707	0.392817	0.470572	0.017357	0.017244	0.017300	0.586746	0.494643	0.536772	6
1.00	0.599621	0.401553	0.480995	0.017866	0.017206	0.017530	0.599688	0.505441	0.548545	6
1.00	0.621070	0.415964	0.498234	0.018323	0.017240	0.017765	0.621165	0.524328	0.568653	6
1.00	0.638025	0.427462	0.511938	0.018615	0.016948	0.017742	0.638123	0.539204	0.584508	6
1.00	0.651137	0.436198	0.522423	0.019898	0.016940	0.018300	0.651233	0.549319	0.595950	6
1.00	0.656414	0.439782	0.526692	0.020419	0.016959	0.018529	0.656532	0.553373	0.600555	5
1.00	0.661280	0.442993	0.530561	0.020774	0.016790	0.018571	0.661386	0.557380	0.604945	4
1.00	0.665552	0.445905	0.534025	0.021462	0.016891	0.018904	0.665681	0.560421	0.608533	4
1.00	0.668487	0.447921	0.536415	0.021969	0.016983	0.019157	0.668638	0.562364	0.610913	4
1.00	0.669563	0.448742	0.537351	0.022374	0.017105	0.019388	0.669753	0.562819	0.611648	4
1.00	0.670937	0.449713	0.538489	0.022631	0.017263	0.019586	0.671148	0.563442	0.612597	4
1.00	0.670527	0.449638	0.538303	0.022592	0.017392	0.019654	0.670813	0.562745	0.612045	4
1.00	0.669821	0.449265	0.537808	0.022597	0.017553	0.019758	0.670144	0.561388	0.610964	4
1.00	0.671341	0.450385	0.539101	0.022801	0.017764	0.019970	0.671706	0.562568	0.612312	5
1.00	0.671007	0.450161	0.538833	0.022821	0.018173	0.020234	0.671371	0.561239	0.611385	6
1.00	0.668299	0.448443	0.536729	0.026321	0.018947	0.022034	0.668694	0.557669	0.608155	6
1.00	0.667186	0.447547	0.535729	0.024347	0.019291	0.021526	0.667522	0.556190	0.606792	6
1.00	0.663327	0.444859	0.532559	0.024305	0.019879	0.021870	0.663673	0.552601	0.603066	6
1.00	0.657127	0.440603	0.527511	0.023269	0.020136	0.021589	0.657369	0.547209	0.597252	6
1.00	0.644957	0.432539	0.517810	0.022152	0.020372	0.021225	0.645208	0.536238	0.585698	6
1.00	0.629469	0.422011	0.505274	0.021515	0.020502	0.020996	0.629700	0.521464	0.570494	6
1.00	0.614485	0.411782	0.493115	0.032444	0.020848	0.025385	0.614638	0.505803	0.554935	7
1.00	0.589881	0.395206	0.473308	0.032022	0.021093	0.025433	0.589925	0.482420	0.530784	7
1.00	0.552511	0.370417	0.443501	0.031521	0.021250	0.025386	0.552605	0.450539	0.496380	7
1.00	0.504786	0.338610	0.405327	0.031180	0.021187	0.025230	0.504686	0.409398	0.452075	7
1.00	0.453099	0.304039	0.363896	0.031202	0.021549	0.025492	0.452694	0.363952	0.403501	7
1.00	0.405177	0.272306	0.325712	0.029293	0.021438	0.024757	0.404329	0.323536	0.359448	8
1.00	0.369309	0.248339	0.296978	0.029331	0.020984	0.024465	0.368180	0.293728	0.326767	8
1.01	0.343802	0.231315	0.276558	0.029564	0.020694	0.024347	0.342463	0.272349	0.303408	8
1.01	0.322684	0.217203	0.259639	0.029499	0.020443	0.024150	0.321209	0.253950	0.283647	8
1.01	0.305244	0.205555	0.245672	0.033693	0.020369	0.025389	0.303414	0.239181	0.267496	8
1.01	0.302039	0.203464	0.243141	0.032401	0.020354	0.025002	0.300067	0.236095	0.264264	8
1.01	0.300443	0.202345	0.241824	0.032064	0.020330	0.024883	0.298449	0.234756	0.262798	9
1.01	0.304786	0.205406	0.245417	0.033820	0.020272	0.025349	0.302670	0.238847	0.266997	10
1.01	0.317246	0.213992	0.255585	0.033857	0.020316	0.025394	0.315110	0.250292	0.278986	10
1.01	0.337166	0.227731	0.271848	0.033612	0.020621	0.025561	0.334988	0.267920	0.297724	10
1.01	0.363817	0.245949	0.293491	0.032532	0.020948	0.025485	0.361970	0.291312	0.322820	10
1.01	0.390212	0.264317	0.315157	0.032014	0.021617	0.025808	0.388337	0.315356	0.348062	10
1.01	0.406731	0.276114	0.328930	0.032019	0.021984	0.026069	0.404794	0.331199	0.364317	10
1.02	0.432649	0.294258	0.350280	0.031945	0.022157	0.026166	0.431087	0.355614	0.389730	10
1.02	0.451521	0.308071	0.366251	0.031942	0.022594	0.026467	0.450147	0.374311	0.408741	10
1.02	0.470518	0.321735	0.382156	0.032101	0.023155	0.026904	0.469337	0.392218	0.427326	10
1.02	0.478147	0.327559	0.388781	0.031880	0.023309	0.026929	0.477221	0.399926	0.435168	10
1.02	0.475558	0.326141	0.386925	0.031029	0.023378	0.026666	0.474804	0.398215	0.433150	10
1.03	0.477179	0.327858	0.388670	0.030514	0.023701	0.026679	0.476180	0.400456	0.435047	10
1.03	0.485724	0.334055	0.395859	0.030252	0.024148	0.026858	0.484566	0.408693	0.443407	10
1.03	0.491215	0.338162	0.400566	0.029074	0.024352	0.026504	0.490145	0.414002	0.448867	10
1.03	0.493818	0.339954	0.402689	0.029283	0.024588	0.026731	0.492599	0.416224	0.451202	10
1.03	0.495713	0.340999	0.404052	0.029223	0.024600	0.026713	0.494552	0.417303	0.452655	10
1.03	0.501683	0.345031	0.408866	0.029463	0.024520	0.026765	0.500967	0.422277	0.458268	10
1.03	0.508368	0.349287	0.414074	0.029531	0.024557	0.026815	0.507996	0.427725	0.464417	10
1.03	0.513658	0.352423	0.418032	0.030296	0.024659	0.027188	0.513463	0.431221	0.468762	11
1.02	0.520867	0.356903	0.423571	0.032632	0.024436	0.027945	0.520957	0.437116	0.475368	11
1.02	0.527950	0.361756	0.429331	0.033699	0.024574	0.028422	0.528097	0.442750	0.481672	12
1.02	0.527975	0.361457	0.429129	0.034305	0.024550	0.028619	0.528116	0.441792	0.481112	12
1.02	0.531769	0.363697	0.431960	0.034220	0.024059	0.028254	0.531965	0.444260	0.484172	12
1.02	0.523258	0.357799	0.424992	0.034361	0.024090	0.028323	0.523262	0.435223	0.475199	12
1.02	0.517305	0.353767	0.420184	0.034085	0.024180	0.028290	0.517293	0.428649	0.468818	12
1.02	0.514311	0.351527	0.417617	0.033723	0.024083	0.028099	0.514355	0.425321	0.465620	12
1.02	0.521734	0.356679	0.423699	0.033509	0.024138	0.028062	0.522016	0.431262	0.472319	12
1.02	0.525931	0.359665	0.427190	0.034492	0.024730	0.028807	0.526312	0.434999	0.476319	12
1.02	0.531652	0.363697	0.431922	0.034457	0.024876	0.028893	0.532225	0.439745	0.481585	12
1.02	0.536038	0.367057	0.435738	0.035328	0.025076	0.029332	0.536744	0.443743	0.485833	12
1.02	0.541812	0.371537	0.440803	0.036229	0.025304	0.029796	0.542824	0.449070	0.491516	12
1.03	0.540241	0.371388	0.440177	0.036690	0.025432	0.030041	0.541504	0.448159	0.490429	12
1.03	0.544863	0.375420	0.444543	0.035721	0.025450	0.029723	0.546673	0.451785	0.494720	11
1.03	0.548903	0.379228	0.448556	0.035317	0.025611	0.029691	0.551173	0.455225	0.498625	11
1.04	0.550135	0.381393	0.450481	0.036334	0.025945	0.030273	0.553126	0.457010	0.500495	11
1.04	0.562714	0.391921	0.462040	0.035671	0.026064	0.030120	0.566867	0.470203	0.514030	12
1.04	0.563489	0.393638	0.463493	0.036491	0.026176	0.030484	0.568281	0.472965	0.516260	12
1.05	0.556632	0.390428	0.458946	0.037612	0.026214	0.030895	0.561810	0.468548	0.510958	12
1.05	0.545908	0.384007	0.450864	0.037996	0.026662	0.031336	0.550913	0.460339	0.501570	12
1.05	0.537353	0.378631	0.444240	0.038582	0.026773	0.031611	0.542304	0.452947	0.493614	12
1.06	0.532883	0.376913	0.441529	0.038748	0.027337	0.032057	0.538343	0.450865	0.490736	12
1.06	0.527784	0.374449	0.438087	0.039142	0.028004	0.032649	0.533285	0.447313	0.486530	12
1.06	0.520302	0.370268	0.432647	0.039405	0.028277	0.032926	0.525921	0.442051	0.480352	11
1.07	0.509213	0.363175	0.423970	0.038547	0.028379	0.032690	0.514913	0.432539	0.470145	11
1.07	0.489297	0.349884	0.408010	0.038482	0.028530	0.032767	0.494050	0.415627	0.451458	11
1.07	0.463282	0.331143	0.386223	0.038511	0.028608	0.032829	0.467198	0.392045	0.426335	11
1.07	0.432635	0.310013	0.361201	0.037985	0.028369	0.032481	0.435810	0.364632	0.397057	11
1.08	0.404898	0.291346	0.338862	0.038209	0.028759	0.032817	0.407434	0.339929	0.370633	11
1.08	0.375296	0.272008	0.315411	0.038561	0.029504	0.033430	0.377236	0.312780	0.341998	11
1.09	0.359840	0.261853	0.303125	0.039197	0.030070	0.034032	0.361579	0.298974	0.327310	11
1.09	0.350164	0.254760	0.294939	0.039054	0.030654	0.034348	0.350701	0.289053	0.316907	11
1.08	0.342831	0.248861	0.288384	0.038758	0.030700	0.034262	0.341943	0.280955	0.308463	11
1.08	0.339085	0.245053	0.284501	0.038522	0.030916	0.034303	0.336736	0.275814	0.303245	11
1.08	0.337030	0.242813	0.282267	0.036948	0.031196	0.033829	0.333278	0.272215	0.299668	11
1.07	0.332953	0.239453	0.278567	0.035898	0.031231	0.033402	0.327941	0.267864	0.294874	11
1.07	0.332260	0.238856	0.277920	0.035126	0.031451	0.033187	0.326583	0.267204	0.293925	12
1.07	0.332432	0.238632	0.277828	0.035846	0.031760	0.033679	0.326211	0.267260	0.293808	12
1.07	0.344382	0.246696	0.287467	0.035330	0.032065	0.033618	0.338242	0.277961	0.305153	12
1.07	0.356182	0.254909	0.297154	0.035721	0.032211	0.033875	0.350515	0.288700	0.316619	12
1.07	0.362155	0.258941	0.301972	0.034973	0.032477	0.033679	0.356503	0.294408	0.322494	12
1.07	0.365690	0.261032	0.304623	0.034967	0.032498	0.033687	0.359775	0.297235	0.325529	13
1.07	0.373247	0.266259	0.310803	0.034950	0.032391	0.033622	0.367622	0.304338	0.333000	13
1.07	0.386195	0.275293	0.321447	0.036009	0.032623	0.034233	0.381048	0.316044	0.345515	14
1.07	0.389994	0.278205	0.324748	0.035324	0.032063	0.033615	0.385381	0.320209	0.349785	14
1.07	0.402325	0.286792	0.334874	0.036444	0.031950	0.034049	0.398472	0.331264	0.361773	14
1.06	0.410778	0.292541	0.341721	0.038105	0.032030	0.034805	0.406988	0.338850	0.369807	14
1.06	0.425170	0.302695	0.353629	0.037986	0.031840	0.034642	0.422069	0.352508	0.384165	14
1.06	0.439580	0.312626	0.365390	0.038853	0.031811	0.034981	0.437019	0.365999	0.398368	14
1.06	0.452789	0.321885	0.376277	0.039288	0.032227	0.035409	0.450575	0.377509	0.410819	14
1.06	0.456358	0.324797	0.379498	0.040665	0.032348	0.036033	0.454387	0.381600	0.414825	14
1.06	0.473496	0.336818	0.393630	0.040519	0.032637	0.036153	0.471977	0.398001	0.431844	14
1.06	0.481256	0.342194	0.399983	0.041051	0.032789	0.036458	0.479899	0.404063	0.438728	14
1.06	0.496218	0.352647	0.412291	0.042406	0.033125	0.037196	0.495221	0.417117	0.452826	14
1.06	0.509353	0.361905	0.423153	0.043621	0.033264	0.037745	0.508684	0.428348	0.465072	14
1.06	0.510292	0.362801	0.424089	0.043387	0.033512	0.037816	0.509521	0.428543	0.465537	14
1.07	0.510999	0.364220	0.425302	0.044738	0.034080	0.038688	0.510078	0.428785	0.465912	14
1.07	0.503863	0.360337	0.420182	0.045736	0.034625	0.039412	0.502287	0.422178	0.458762	13
1.07	0.498751	0.357650	0.416576	0.046455	0.034956	0.039894	0.497006	0.417046	0.453529	13
1.07	0.504258	0.362577	0.421839	0.046448	0.035363	0.040155	0.503087	0.422662	0.459381	13
1.08	0.507509	0.365863	0.425200	0.047184	0.035995	0.040837	0.506601	0.426068	0.462858	13
1.08	0.504755	0.364593	0.423375	0.046780	0.035815	0.040570	0.504221	0.424614	0.461006	13
1.08	0.508459	0.368028	0.426994	0.046530	0.036098	0.040656	0.508591	0.429402	0.465654	13
1.08	0.519835	0.376689	0.436834	0.046025	0.036505	0.040716	0.520994	0.440857	0.477587	13
1.09	0.533443	0.387665	0.449018	0.045999	0.036840	0.040913	0.535907	0.455882	0.492666	13
1.09	0.544243	0.396326	0.458654	0.046566	0.036970	0.041217	0.547659	0.467639	0.504496	13
1.09	0.553154	0.403270	0.466468	0.046135	0.036931	0.041023	0.557886	0.477634	0.514650	14
1.09	0.564184	0.411185	0.475685	0.046427	0.037314	0.041375	0.569452	0.488856	0.526085	14
1.09	0.575013	0.419249	0.484930	0.046835	0.037627	0.041729	0.580925	0.499241	0.536995	14
1.09	0.589271	0.429777	0.497042	0.046346	0.037743	0.041605	0.596843	0.513383	0.551976	14
1.09	0.607128	0.442619	0.511983	0.046951	0.037686	0.041811	0.616144	0.531457	0.570676	14
1.09	0.624974	0.456656	0.527719	0.047626	0.038239	0.042419	0.635706	0.549996	0.589753	14
1.09	0.632422	0.462854	0.534512	0.047306	0.038211	0.042275	0.644576	0.559015	0.598754	14
1.10	0.642088	0.472038	0.544085	0.047809	0.038483	0.042642	0.656495	0.571607	0.611118	14
1.11	0.638298	0.472635	0.543115	0.047135	0.038516	0.042392	0.654375	0.572704	0.610822	14
1.11	0.636446	0.473307	0.542885	0.047568	0.038635	0.042639	0.653725	0.574322	0.611456	13
1.11	0.637558	0.474800	0.544272	0.046807	0.038663	0.042347	0.655658	0.577149	0.613904	13
1.11	0.636409	0.474800	0.543853	0.047070	0.038573	0.042400	0.655138	0.577781	0.614033	13
1.12	0.627619	0.469648	0.537262	0.048221	0.038336	0.042714	0.647049	0.572082	0.607260	14
1.13	0.608477	0.459867	0.523836	0.048093	0.038399	0.042702	0.628854	0.560419	0.592667	13
1.14	0.594235	0.454118	0.514813	0.049927	0.038732	0.043623	0.616442	0.552702	0.582834	13
1.15	0.584703	0.451505	0.509543	0.050367	0.038952	0.043930	0.609338	0.549411	0.577825	13
1.16	0.574042	0.447473	0.502916	0.050449	0.039504	0.044311	0.600943	0.544288	0.571214	13
1.17	0.564848	0.442246	0.496084	0.050657	0.039477	0.044374	0.592463	0.537445	0.563614	13
1.18	0.552524	0.435526	0.487098	0.050429	0.039514	0.044309	0.580776	0.529077	0.553723	13
1.18	0.542423	0.428657	0.478876	0.050504	0.039639	0.044417	0.570949	0.519445	0.543981	14
1.19	0.527052	0.418950	0.466825	0.049731	0.039525	0.044044	0.556278	0.506865	0.530423	14
1.19	0.517982	0.410812	0.458214	0.050799	0.039675	0.044553	0.545734	0.496136	0.519755	14
1.19	0.503008	0.399612	0.445388	0.051601	0.040029	0.045085	0.528227	0.480600	0.503289	14
1.18	0.489145	0.386919	0.432067	0.051504	0.040798	0.045530	0.510832	0.462860	0.485664	15
1.17	0.472774	0.371463	0.416039	0.050384	0.040611	0.044972	0.490452	0.441634	0.464764	15
1.17	0.458329	0.357650	0.401778	0.049149	0.040544	0.044433	0.472730	0.422453	0.446180	16
1.17	0.451190	0.352348	0.395690	0.049111	0.040880	0.044619	0.465064	0.414458	0.438305	16
1.17	0.448121	0.349884	0.392956	0.049304	0.040900	0.044710	0.462048	0.410218	0.434593	16
1.16	0.442588	0.344210	0.387249	0.048686	0.040989	0.044507	0.454972	0.401227	0.426413	16
1.16	0.439203	0.340626	0.383684	0.048899	0.041064	0.044640	0.450811	0.395044	0.421089	15
1.16	0.439069	0.340850	0.383775	0.048750	0.041245	0.044685	0.450987	0.394012	0.420579	15
1.16	0.449682	0.348316	0.392561	0.048522	0.041398	0.044678	0.461828	0.403235	0.430548	15
1.17	0.454580	0.354962	0.398642	0.048471	0.041452	0.044688	0.470177	0.411622	0.438955	15
1.17	0.462847	0.363697	0.407325	0.048446	0.041690	0.044814	0.482296	0.422100	0.450195	15
1.18	0.473590	0.374897	0.418504	0.048845	0.042011	0.045171	0.497296	0.437125	0.465273	15
1.19	0.479512	0.381841	0.425139	0.048862	0.042144	0.045255	0.506021	0.445493	0.473832	15
1.20	0.481094	0.387591	0.429310	0.049050	0.042313	0.045433	0.512752	0.452828	0.480931	15
1.22	0.483547	0.394982	0.434800	0.049273	0.042319	0.045532	0.520546	0.461841	0.489439	15
1.23	0.489381	0.404316	0.442800	0.049591	0.042609	0.045836	0.532041	0.473965	0.501327	15
1.25	0.498123	0.416113	0.453440	0.050069	0.042448	0.045945	0.547082	0.489483	0.516682	14
1.26	0.511141	0.431643	0.468040	0.051002	0.042485	0.046356	0.567098	0.510430	0.537274	14
1.27	0.524199	0.444785	0.481238	0.051470	0.042755	0.046710	0.583491	0.527946	0.554331	14
1.26	0.542292	0.458598	0.496946	0.051981	0.042851	0.046977	0.602932	0.546668	0.573423	14
1.25	0.558264	0.468603	0.509519	0.052290	0.042654	0.046983	0.616817	0.560409	0.587262	14
1.24	0.572800	0.476742	0.520375	0.052638	0.042817	0.047222	0.629427	0.570860	0.598714	14
1.23	0.583265	0.480400	0.526859	0.052827	0.042933	0.047369	0.636818	0.575853	0.604803	14
1.22	0.585030	0.478534	0.526450	0.052902	0.043233	0.047581	0.635477	0.573035	0.602643	14
1.21	0.586258	0.475248	0.524948	0.052534	0.043379	0.047520	0.633056	0.568610	0.599105	14
1.20	0.586829	0.471067	0.522614	0.051965	0.043492	0.047353	0.629860	0.562855	0.594475	14
1.19	0.582967	0.465094	0.517402	0.051899	0.043579	0.047377	0.623461	0.555621	0.587590	14
1.19	0.575510	0.457254	0.509611	0.051253	0.043580	0.047106	0.614063	0.545450	0.577727	15
1.18	0.568505	0.450161	0.502459	0.050788	0.043990	0.047145	0.604952	0.536626	0.568744	15
1.18	0.557942	0.442171	0.493356	0.050198	0.044204	0.047011	0.592687	0.525711	0.557194	16
1.19	0.552084	0.438065	0.488510	0.049651	0.044195	0.046764	0.586625	0.519993	0.551303	16
1.19	0.544413	0.432913	0.482303	0.049297	0.044425	0.046734	0.578579	0.513411	0.544050	16
1.20	0.534160	0.427910	0.475168	0.048927	0.044500	0.046609	0.569947	0.506438	0.536319	16
1.21	0.520880	0.420966	0.465623	0.048668	0.044607	0.046549	0.557172	0.496833	0.525276	16
1.22	0.503750	0.411185	0.452785	0.048159	0.044771	0.046403	0.541623	0.484133	0.511267	16
1.23	0.481988	0.397596	0.435743	0.047622	0.044833	0.046185	0.520308	0.466040	0.491681	16
1.25	0.451599	0.378631	0.411908	0.047134	0.044471	0.045764	0.491132	0.440835	0.464626	16
1.27	0.431180	0.366759	0.396369	0.046753	0.044623	0.045663	0.471499	0.424248	0.446627	16
1.28	0.413155	0.355036	0.381897	0.046652	0.044652	0.045630	0.453388	0.408786	0.429933	16
1.29	0.405140	0.350780	0.376005	0.046645	0.044518	0.045557	0.446080	0.402966	0.423428	16
1.30	0.404907	0.351154	0.376120	0.046520	0.044419	0.045445	0.446517	0.403022	0.423656	16
1.29	0.413826	0.357127	0.383391	0.047427	0.044547	0.045942	0.455997	0.410543	0.432078	16
1.28	0.425987	0.365713	0.393556	0.047323	0.044547	0.045893	0.469153	0.421607	0.444111	16
1.28	0.430402	0.368700	0.397169	0.047593	0.044507	0.045998	0.474071	0.425615	0.448538	16
1.28	0.435083	0.371313	0.400677	0.047672	0.044465	0.046012	0.478897	0.429259	0.452721	16
1.27	0.442309	0.374673	0.405692	0.048024	0.044425	0.046154	0.484624	0.434085	0.457964	16
1.26	0.446317	0.377735	0.409172	0.048164	0.044275	0.046138	0.489739	0.438975	0.462970	16
1.27	0.445507	0.379079	0.409617	0.048372	0.044119	0.046148	0.491508	0.441690	0.465269	16
1.29	0.443115	0.381543	0.410030	0.048735	0.043972	0.046231	0.493674	0.445716	0.468471	17
1.31	0.438541	0.385201	0.410144	0.048991	0.044137	0.046437	0.497192	0.450829	0.472877	17
1.35	0.433026	0.389830	0.410295	0.049522	0.043816	0.046494	0.502254	0.457523	0.478846	18
1.37	0.433910	0.398790	0.415610	0.050221	0.044273	0.047060	0.512996	0.468587	0.489787	18
1.40	0.433583	0.406033	0.419356	0.050175	0.044098	0.046941	0.522294	0.478926	0.499671	18
1.42	0.431020	0.409393	0.419928	0.050371	0.044227	0.047100	0.526020	0.483166	0.503683	18
1.44	0.426072	0.410961	0.418380	0.050301	0.044189	0.047047	0.527331	0.485044	0.505304	18
1.45	0.428770	0.415516	0.422039	0.050455	0.044391	0.047229	0.533735	0.490911	0.511428	18
1.45	0.431522	0.419697	0.425527	0.051879	0.044323	0.047805	0.539568	0.496573	0.517178	18
1.47	0.430865	0.422758	0.426773	0.052744	0.044277	0.048141	0.542709	0.500348	0.520668	18
1.48	0.428031	0.422758	0.425378	0.053096	0.044413	0.048368	0.542579	0.499901	0.520367	18
1.49	0.426415	0.425969	0.426192	0.054102	0.044544	0.048860	0.544793	0.504327	0.523780	17
1.50	0.423784	0.426790	0.425282	0.053661	0.044881	0.048880	0.546394	0.505164	0.524971	17
1.51	0.424972	0.428209	0.426584	0.053333	0.044899	0.048754	0.548074	0.506986	0.526730	17
1.50	0.428550	0.431046	0.429795	0.052982	0.044876	0.048593	0.552300	0.510705	0.530689	17
1.49	0.434679	0.434257	0.434468	0.052766	0.045015	0.048583	0.557661	0.514247	0.535075	17
1.47	0.445254	0.437841	0.441516	0.053078	0.044886	0.048639	0.564006	0.518022	0.540037	18
1.46	0.451685	0.440454	0.445999	0.053186	0.044739	0.048598	0.568301	0.521053	0.543653	18
1.45	0.454566	0.440379	0.447360	0.053083	0.044807	0.048595	0.568789	0.520756	0.543714	18
1.43	0.464392	0.443067	0.453479	0.053247	0.044838	0.048682	0.574124	0.523740	0.547776	18
1.40	0.474112	0.443739	0.458423	0.053249	0.044866	0.048699	0.577378	0.524614	0.549733	18
1.37	0.482801	0.443291	0.462203	0.053188	0.045053	0.048784	0.579644	0.523647	0.550225	18
1.35	0.486466	0.440155	0.462154	0.053176	0.044751	0.048601	0.577657	0.519268	0.546909	18
1.34	0.487882	0.437393	0.461260	0.053434	0.044941	0.048821	0.574829	0.515056	0.543304	18
1.33	0.483490	0.430747	0.455597	0.053404	0.045087	0.048895	0.566398	0.506242	0.534633	18
1.33	0.473728	0.422758	0.446794	0.052928	0.045226	0.048775	0.555249	0.495197	0.523507	18
1.35	0.457202	0.413574	0.434295	0.051718	0.045249	0.048268	0.540628	0.483287	0.510352	18
1.37	0.437927	0.401926	0.419155	0.052016	0.045448	0.048511	0.522028	0.468011	0.493546	18
1.41	0.412790	0.390876	0.401534	0.052082	0.045566	0.048607	0.503481	0.454176	0.477559	18
1.45	0.396234	0.383335	0.389677	0.051954	0.045788	0.048676	0.490654	0.444154	0.466247	18
1.47	0.383570	0.377212	0.380364	0.051608	0.046146	0.048725	0.479678	0.435953	0.456772	18
1.49	0.373504	0.372807	0.373155	0.051577	0.046465	0.048888	0.471038	0.430115	0.449647	18
1.53	0.357023	0.366460	0.361680	0.051268	0.046999	0.049041	0.459896	0.420724	0.439439	17
1.57	0.348953	0.366983	0.357741	0.050475	0.047099	0.048728	0.458918	0.421356	0.439336	17
1.61	0.339454	0.365788	0.352129	0.050565	0.047132	0.048788	0.454926	0.420017	0.436775	17
1.64	0.333106	0.364817	0.348241	0.049594	0.047220	0.048378	0.451949	0.418818	0.434753	17
1.68	0.325919	0.365415	0.344539	0.048323	0.047210	0.047760	0.450809	0.420092	0.434909	17
1.73	0.317172	0.366833	0.340200	0.048273	0.047127	0.047693	0.449779	0.422258	0.435584	17
1.75	0.319436	0.374151	0.344635	0.048291	0.047173	0.047725	0.459167	0.431797	0.445062	17
1.76	0.323808	0.382439	0.350690	0.048412	0.046994	0.047692	0.470979	0.443010	0.456567	17
1.77	0.327925	0.389308	0.355990	0.048449	0.047027	0.047727	0.480623	0.452001	0.465873	17
1.76	0.336094	0.396924	0.363985	0.048588	0.046826	0.047691	0.492558	0.461280	0.476406	18
1.74	0.349060	0.406033	0.375397	0.048595	0.046963	0.047765	0.506109	0.472855	0.488917	18
1.73	0.358414	0.415068	0.384666	0.048838	0.047243	0.048027	0.518295	0.483956	0.500537	18
1.74	0.360236	0.419249	0.387509	0.048961	0.047439	0.048188	0.522575	0.489618	0.505560	18
1.74	0.363043	0.423654	0.391014	0.049092	0.058891	0.053547	0.526638	0.495178	0.510424	18
1.75	0.364691	0.427238	0.393494	0.049222	0.059000	0.053669	0.530293	0.499818	0.514605	18
1.73	0.373277	0.432614	0.400761	0.049468	0.058854	0.053754	0.537155	0.506484	0.521369	18
1.71	0.380018	0.433958	0.405201	0.049588	0.059026	0.053897	0.539780	0.507181	0.522973	18
1.68	0.387018	0.435825	0.409974	0.049779	0.059255	0.054105	0.543655	0.508967	0.525739	18
1.65	0.397432	0.439185	0.417267	0.050133	0.059365	0.054360	0.549454	0.512667	0.530424	18
1.63	0.405840	0.443142	0.423671	0.050441	0.059348	0.054533	0.555289	0.517641	0.535805	18
1.63	0.410344	0.446651	0.427729	0.050494	0.059447	0.054606	0.558404	0.521509	0.539326	18
1.63	0.413306	0.449937	0.430844	0.050611	0.048581	0.049575	0.561059	0.524874	0.542364	19
1.63	0.407256	0.445083	0.425330	0.050148	0.048598	0.049361	0.554218	0.517269	0.535107	19
1.63	0.407380	0.445158	0.425432	0.049872	0.048978	0.049421	0.552747	0.516265	0.533884	19
1.65	0.400433	0.441873	0.420133	0.049506	0.049028	0.049266	0.547308	0.511932	0.529030	19
1.65	0.399068	0.441201	0.419078	0.049235	0.049288	0.049261	0.545892	0.510082	0.527380	19
1.67	0.390754	0.437990	0.413026	0.048879	0.049451	0.049163	0.540261	0.504996	0.522034	18
1.70	0.385155	0.438587	0.410138	0.050168	0.049580	0.049872	0.539589	0.505238	0.521849	19
1.70	0.385653	0.439931	0.411008	0.051213	0.049709	0.050450	0.541239	0.506893	0.523503	19
1.72	0.383570	0.440305	0.409984	0.052561	0.049987	0.051241	0.542009	0.506828	0.523829	19
1.69	0.391689	0.442694	0.415633	0.052447	0.050171	0.051284	0.545862	0.508892	0.526729	19
1.67	0.398515	0.444934	0.420447	0.052267	0.050086	0.051153	0.549663	0.511421	0.529853	19
1.65	0.406404	0.449190	0.426727	0.052343	0.050228	0.051264	0.555487	0.516944	0.535523	19
1.63	0.412440	0.450534	0.430646	0.052423	0.050052	0.051210	0.558720	0.518822	0.538032	19
1.61	0.418837	0.451579	0.434592	0.052524	0.050022	0.051242	0.562370	0.521230	0.541019	19
1.59	0.427037	0.454043	0.440126	0.052807	0.049960	0.051344	0.566608	0.524930	0.544974	19
1.57	0.431973	0.455163	0.443265	0.052832	0.049975	0.051364	0.568217	0.526502	0.546564	19
1.54	0.441283	0.456208	0.448621	0.052944	0.050153	0.051511	0.570093	0.528342	0.548424	20
1.52	0.445764	0.454118	0.449902	0.052851	0.049802	0.051281	0.568466	0.526846	0.546865	20
1.52	0.445063	0.453968	0.449471	0.053030	0.050044	0.051494	0.566842	0.527459	0.546442	21
1.54	0.441475	0.453968	0.447635	0.053018	0.050027	0.051479	0.563694	0.528259	0.545402	21
1.54	0.437532	0.452102	0.444697	0.052943	0.049986	0.051422	0.559765	0.527236	0.543014	21
1.56	0.430009	0.449787	0.439676	0.053283	0.049958	0.051567	0.554263	0.525014	0.539242	21
1.56	0.428755	0.448667	0.438485	0.053162	0.049719	0.051382	0.553761	0.524382	0.538671	21
1.57	0.425073	0.445830	0.435204	0.052858	0.049585	0.051169	0.550498	0.521351	0.535528	20
1.59	0.416064	0.442470	0.428861	0.052819	0.049466	0.051088	0.546144	0.517641	0.531511	20
1.61	0.408426	0.440081	0.423663	0.052751	0.049856	0.051262	0.543039	0.514573	0.528423	20
1.65	0.396345	0.437243	0.415791	0.052488	0.050002	0.051215	0.538538	0.511774	0.524815	20
1.67	0.389849	0.436422	0.411823	0.052405	0.050043	0.051197	0.536722	0.511254	0.523678	20
1.71	0.379941	0.435601	0.405872	0.052276	0.050131	0.051181	0.534553	0.510417	0.522206	20
1.74	0.374542	0.435003	0.402515	0.052372	0.050022	0.051170	0.533906	0.509692	0.521518	20
1.75	0.372620	0.436945	0.402227	0.052672	0.050193	0.051403	0.537712	0.512221	0.524657	20
1.76	0.371680	0.438811	0.402465	0.052773	0.050275	0.051493	0.540973	0.514675	0.527496	20
1.80	0.364887	0.439782	0.398849	0.052704	0.061512	0.056769	0.540028	0.516051	0.527767	20
1.85	0.353519	0.437617	0.391098	0.052604	0.061617	0.056755	0.534091	0.513262	0.523469	20
1.88	0.344983	0.434854	0.384740	0.053066	0.061712	0.057063	0.527995	0.509692	0.518682	20
1.91	0.339400	0.433062	0.380552	0.053081	0.061919	0.057160	0.524459	0.507181	0.515675	20
1.92	0.337702	0.432838	0.379397	0.053023	0.062199	0.057245	0.523510	0.506586	0.514909	20
1.92	0.335039	0.430225	0.376712	0.052832	0.062193	0.057132	0.519961	0.503221	0.511454	20

Fri Sep  3 14:09:39 2021
42.71	0.009014	0.278986	0.017464	0.011026	0.045116	0.017722	0.008795	0.297500	0.017084	83
37.76	0.013797	0.348615	0.026543	0.015935	0.349847	0.030482	0.013599	0.382318	0.026264	87
33.13	0.014903	0.330471	0.028521	0.015630	0.309910	0.029760	0.014663	0.366086	0.028197	87
28.65	0.016330	0.313149	0.031042	0.016481	0.289838	0.031189	0.016037	0.349623	0.030666	87
24.35	0.017629	0.287240	0.033219	0.016774	0.228688	0.031255	0.017332	0.323162	0.032899	87
20.40	0.019298	0.263496	0.035963	0.016692	0.200187	0.030815	0.019038	0.299314	0.035798	86
16.88	0.020866	0.235720	0.038338	0.016502	0.162387	0.029959	0.020768	0.269378	0.038564	85
13.79	0.023420	0.216083	0.042260	0.017777	0.133354	0.031372	0.023368	0.247823	0.042709	84
11.16	0.025972	0.193982	0.045810	0.014670	0.079228	0.024756	0.026281	0.223333	0.047027	82
8.95	0.029145	0.174643	0.049954	0.016269	0.065997	0.026103	0.029980	0.201289	0.052188	79
7.14	0.031631	0.151198	0.052317	0.014798	0.052638	0.023101	0.032903	0.173573	0.055320	79
5.64	0.034878	0.131711	0.055152	0.015217	0.044468	0.022675	0.036936	0.150999	0.059353	76
4.42	0.038752	0.114612	0.057920	0.016399	0.038568	0.023013	0.041898	0.130925	0.063481	71
3.41	0.043015	0.098186	0.059822	0.017192	0.034265	0.022896	0.046520	0.112122	0.065757	65
2.65	0.049302	0.087284	0.063012	0.019507	0.031419	0.024070	0.051979	0.099223	0.068221	63
2.05	0.057523	0.078847	0.066518	0.020843	0.029620	0.024468	0.059474	0.089442	0.071443	55
1.63	0.065814	0.071829	0.068690	0.021689	0.027609	0.024293	0.066185	0.081697	0.073127	50
1.37	0.076597	0.070111	0.073211	0.024273	0.024206	0.024239	0.074789	0.081148	0.077839	46
1.21	0.090280	0.073098	0.080786	0.032742	0.022120	0.026403	0.088875	0.085834	0.087328	45
1.12	0.102984	0.077055	0.088152	0.016148	0.021471	0.018433	0.101324	0.091841	0.096349	43
1.07	0.120188	0.085791	0.100118	0.015294	0.021330	0.017815	0.118664	0.102784	0.110154	43
1.04	0.135792	0.094303	0.111307	0.015023	0.015229	0.015126	0.134014	0.113671	0.123007	42
1.02	0.150060	0.102890	0.122077	0.014998	0.013494	0.014206	0.148481	0.124540	0.135461	37
1.02	0.167839	0.114015	0.135788	0.015015	0.012919	0.013889	0.166444	0.138784	0.151360	34
1.01	0.183698	0.124020	0.148072	0.015931	0.013005	0.014320	0.182621	0.150796	0.165190	30
1.01	0.197269	0.132681	0.158654	0.015390	0.012725	0.013931	0.196698	0.161153	0.177160	30
1.00	0.212243	0.142388	0.170435	0.015614	0.012869	0.014109	0.211871	0.172682	0.190280	28
1.00	0.221838	0.148660	0.178022	0.019576	0.012287	0.015097	0.221745	0.180780	0.199178	25
1.00	0.235865	0.157918	0.189177	0.018214	0.012409	0.014761	0.235859	0.192858	0.212202	22
1.00	0.251701	0.168446	0.201825	0.017587	0.012745	0.014779	0.251701	0.206330	0.226768	22
1.00	0.281491	0.188382	0.225711	0.018017	0.013197	0.015235	0.281491	0.232143	0.254446	21
1.00	0.311057	0.208168	0.249418	0.019553	0.013643	0.016072	0.311057	0.258167	0.282155	18
1.00	0.346536	0.231912	0.277867	0.020107	0.014114	0.016586	0.346536	0.289100	0.315223	16
1.00	0.393128	0.263123	0.315248	0.019285	0.014632	0.016639	0.393172	0.330838	0.359322	17
1.00	0.446006	0.298514	0.357651	0.019804	0.015166	0.017177	0.446056	0.377883	0.409149	15
1.00	0.487952	0.326589	0.391287	0.020470	0.015602	0.017707	0.488006	0.414831	0.448453	13
1.00	0.520245	0.348242	0.417211	0.024114	0.015840	0.019120	0.520306	0.442715	0.478384	10
1.00	0.544897	0.364743	0.436980	0.025511	0.015955	0.019632	0.544963	0.465075	0.501859	9
1.00	0.565198	0.378332	0.453261	0.026044	0.016008	0.019829	0.565213	0.482424	0.520547	9
1.00	0.576623	0.386023	0.462454	0.025990	0.016351	0.020074	0.576704	0.492661	0.531380	9
1.00	0.580080	0.388337	0.465227	0.024276	0.016350	0.019540	0.580163	0.495394	0.534438	8
1.00	0.589561	0.394684	0.472830	0.025439	0.016390	0.019936	0.589646	0.502776	0.542757	8
1.00	0.596699	0.399462	0.478555	0.025142	0.016345	0.019811	0.596787	0.508438	0.549081	8
1.00	0.600981	0.402374	0.482021	0.025295	0.016720	0.020133	0.601082	0.511311	0.552574	8
1.00	0.601427	0.402673	0.482379	0.025292	0.016887	0.020252	0.601529	0.510502	0.552290	8
1.00	0.607450	0.406705	0.487209	0.025413	0.016846	0.020261	0.607498	0.514482	0.557134	7
1.00	0.613026	0.410438	0.491682	0.025551	0.016830	0.020293	0.613076	0.518424	0.561791	6
1.00	0.614518	0.411484	0.492912	0.025952	0.017338	0.020788	0.614582	0.518257	0.562324	6
1.00	0.618995	0.414620	0.496602	0.026286	0.017485	0.021001	0.619101	0.521325	0.566021	6
1.00	0.620056	0.415516	0.497586	0.026656	0.017839	0.021374	0.620384	0.521715	0.566787	6
1.00	0.621700	0.416710	0.498972	0.026726	0.018009	0.021518	0.622057	0.522812	0.568133	6
1.00	0.620517	0.415964	0.498056	0.026609	0.018290	0.021679	0.620886	0.521371	0.566794	6
1.00	0.621938	0.417009	0.499263	0.026911	0.018936	0.022230	0.622392	0.521557	0.567530	6
1.00	0.620394	0.416113	0.498123	0.026841	0.019256	0.022424	0.620886	0.519735	0.565825	6
1.00	0.614178	0.412081	0.493230	0.027674	0.019906	0.023156	0.614694	0.513078	0.559308	6
1.00	0.607139	0.407676	0.487805	0.026664	0.020323	0.023066	0.607721	0.507657	0.553201	6
1.00	0.609048	0.409094	0.489437	0.026508	0.020376	0.023041	0.609673	0.509601	0.555163	6
1.00	0.611025	0.410513	0.491090	0.026502	0.020815	0.023317	0.611681	0.511358	0.557038	6
1.00	0.608739	0.408796	0.489123	0.025741	0.021492	0.023426	0.609283	0.508680	0.554455	6
1.00	0.611049	0.410438	0.491045	0.026829	0.022249	0.024326	0.611514	0.510633	0.556539	6
1.00	0.616428	0.414097	0.495400	0.027062	0.022437	0.024533	0.616981	0.515542	0.561718	6
1.00	0.624430	0.419473	0.501831	0.027171	0.022343	0.024522	0.625014	0.523370	0.569694	6
1.00	0.635161	0.426491	0.510319	0.027541	0.022517	0.024777	0.635669	0.532445	0.579496	6
1.00	0.642349	0.431270	0.516060	0.028007	0.022553	0.024986	0.642865	0.538674	0.586176	6
1.00	0.650550	0.437019	0.522823	0.028818	0.022677	0.025381	0.651065	0.546140	0.594005	6
1.00	0.649105	0.436049	0.521661	0.028925	0.022756	0.025472	0.649559	0.544885	0.592635	6
1.00	0.644207	0.432614	0.517622	0.030136	0.022787	0.025951	0.644594	0.540236	0.587819	6
1.00	0.637101	0.427985	0.512014	0.030043	0.022917	0.026001	0.637454	0.534341	0.581361	6
1.00	0.625792	0.420294	0.502859	0.030178	0.022932	0.026061	0.626074	0.524821	0.570993	6
1.00	0.615479	0.413276	0.494505	0.030060	0.023228	0.026206	0.615642	0.515560	0.561174	6
1.00	0.596019	0.400209	0.478871	0.029499	0.023225	0.025989	0.596173	0.498100	0.542742	7
1.00	0.577800	0.387889	0.464171	0.029986	0.023258	0.026197	0.577876	0.480630	0.524786	7
1.00	0.557632	0.374225	0.447880	0.035132	0.023260	0.027989	0.557514	0.463147	0.505968	7
1.00	0.537999	0.361009	0.432082	0.035273	0.023324	0.028080	0.537766	0.444905	0.486948	7
1.00	0.508397	0.341298	0.408417	0.037095	0.022991	0.028388	0.508145	0.419776	0.459752	7
1.00	0.483207	0.324423	0.388206	0.034862	0.022925	0.027660	0.482874	0.396259	0.435300	8
1.00	0.468201	0.314418	0.376200	0.034539	0.022958	0.027582	0.467812	0.382061	0.420611	8
1.00	0.443679	0.298215	0.356687	0.034231	0.022898	0.027440	0.443211	0.360212	0.397425	8
1.01	0.423640	0.285000	0.340758	0.034083	0.022851	0.027359	0.423017	0.342296	0.378400	8
1.01	0.422057	0.284029	0.339552	0.033315	0.022858	0.027113	0.421511	0.340827	0.376899	8
1.01	0.427764	0.288061	0.344280	0.033376	0.023071	0.027283	0.427201	0.345643	0.382119	8
1.01	0.430106	0.289928	0.346372	0.035076	0.023363	0.028046	0.429321	0.347754	0.384256	8
1.01	0.441297	0.297767	0.355595	0.047089	0.023869	0.031680	0.440366	0.357590	0.394685	9
1.01	0.454385	0.306802	0.366286	0.047815	0.024185	0.032122	0.453196	0.369612	0.407159	9
1.01	0.471179	0.318599	0.380151	0.036617	0.024586	0.029419	0.470044	0.384888	0.423225	8
1.01	0.475466	0.321959	0.383937	0.036883	0.025089	0.029864	0.474283	0.389369	0.427652	9
1.01	0.480454	0.325767	0.388271	0.036854	0.025530	0.030164	0.479248	0.394474	0.432748	9
1.01	0.485535	0.329575	0.392635	0.037261	0.026009	0.030635	0.484101	0.399247	0.437599	9
1.02	0.486596	0.330695	0.393776	0.037854	0.026366	0.031082	0.484715	0.400576	0.438647	9
1.02	0.500165	0.340476	0.405153	0.038482	0.026795	0.031592	0.498550	0.413779	0.452226	9
1.02	0.518612	0.353692	0.420562	0.039070	0.027322	0.032157	0.517405	0.430905	0.470210	9
1.02	0.538613	0.368177	0.437378	0.034377	0.027775	0.030725	0.537766	0.450476	0.490266	8
1.02	0.560353	0.383708	0.455504	0.035199	0.027938	0.031151	0.560192	0.471191	0.511851	8
1.02	0.574943	0.394385	0.467848	0.035709	0.028143	0.031477	0.575365	0.485462	0.526604	8
1.02	0.600631	0.412006	0.488751	0.037928	0.028508	0.032550	0.601752	0.508827	0.551402	8
1.03	0.625666	0.429926	0.509648	0.053582	0.028790	0.037455	0.627468	0.531747	0.575656	9
1.03	0.650179	0.447547	0.530161	0.054630	0.029019	0.037904	0.653074	0.553661	0.599273	9
1.03	0.662232	0.457179	0.540925	0.055350	0.029393	0.038396	0.666127	0.565804	0.611881	9
1.04	0.668103	0.462928	0.546906	0.055825	0.029998	0.039025	0.672933	0.573195	0.619073	9
1.04	0.664121	0.461062	0.544269	0.055604	0.030473	0.039370	0.668972	0.570518	0.615835	9
1.04	0.654910	0.456134	0.537740	0.049777	0.031022	0.038223	0.659861	0.563638	0.607965	9
1.04	0.653055	0.454939	0.536285	0.055262	0.031094	0.039796	0.658132	0.562010	0.606285	9
1.04	0.649775	0.452848	0.533726	0.055215	0.031119	0.039805	0.654729	0.558989	0.603083	9
1.04	0.650311	0.453222	0.534166	0.055248	0.031123	0.039816	0.655231	0.559491	0.603588	9
1.04	0.654980	0.456134	0.537764	0.055333	0.031184	0.039888	0.659917	0.562671	0.607426	9
1.04	0.658031	0.457030	0.539414	0.055036	0.031334	0.039933	0.662539	0.563368	0.608942	9
1.04	0.662966	0.459270	0.542632	0.055283	0.031517	0.040146	0.666964	0.565209	0.611885	9
1.03	0.671348	0.463974	0.548722	0.053648	0.031754	0.039894	0.675053	0.570062	0.618131	9
1.03	0.674721	0.464944	0.550526	0.053436	0.031407	0.039561	0.677842	0.570583	0.619605	9
1.03	0.674484	0.463824	0.549662	0.053133	0.031422	0.039490	0.677284	0.568509	0.618148	9
1.03	0.675068	0.463974	0.549960	0.051108	0.031072	0.038647	0.677731	0.567831	0.617932	9
1.03	0.671269	0.461062	0.546654	0.048138	0.031149	0.037823	0.673547	0.563033	0.613352	9
1.03	0.671957	0.461584	0.547249	0.048762	0.031717	0.038435	0.673714	0.563215	0.613529	9
1.03	0.669851	0.460688	0.545921	0.044685	0.031524	0.036968	0.671650	0.561644	0.611741	10
1.03	0.663196	0.456507	0.540775	0.043929	0.031920	0.036974	0.664733	0.556391	0.605756	10
1.03	0.644134	0.443963	0.525636	0.042050	0.031687	0.036140	0.645041	0.539559	0.587604	10
1.03	0.637132	0.439185	0.519956	0.041741	0.031808	0.036104	0.637510	0.533605	0.580948	10
1.03	0.633117	0.436795	0.516944	0.042062	0.031987	0.036339	0.633530	0.529551	0.576893	10
1.03	0.625243	0.431643	0.510712	0.041718	0.032094	0.036278	0.625163	0.522931	0.569495	10
1.03	0.616407	0.425819	0.503687	0.040848	0.031918	0.035835	0.616293	0.516172	0.561807	10
1.03	0.616349	0.425595	0.503511	0.041315	0.031754	0.035909	0.616181	0.515744	0.561507	10
1.03	0.620623	0.428731	0.507132	0.041748	0.031958	0.036203	0.620533	0.519854	0.565749	10
1.03	0.621908	0.429851	0.508344	0.041899	0.032031	0.036306	0.621927	0.521546	0.567331	10
1.03	0.613582	0.424326	0.501699	0.041769	0.031996	0.036235	0.613299	0.514480	0.559560	10
1.03	0.609480	0.421489	0.498345	0.042099	0.032163	0.036466	0.609115	0.510780	0.555630	11
1.03	0.606476	0.419548	0.495984	0.042677	0.032125	0.036657	0.606159	0.508920	0.553300	11
1.03	0.600151	0.415665	0.491155	0.042552	0.032592	0.036912	0.599632	0.503630	0.547454	11
1.04	0.597717	0.414470	0.489506	0.041916	0.033131	0.037009	0.597177	0.502049	0.545497	10
1.04	0.605317	0.419921	0.495856	0.042264	0.033466	0.037354	0.604987	0.508911	0.552806	10
1.04	0.617255	0.428433	0.505796	0.042939	0.033817	0.037836	0.617390	0.520300	0.564702	10
1.04	0.628507	0.436571	0.515245	0.043731	0.034048	0.038287	0.629105	0.531550	0.576228	10
1.04	0.632517	0.439782	0.518828	0.044113	0.034088	0.038458	0.633568	0.536078	0.580760	10
1.04	0.637593	0.443739	0.523290	0.044660	0.034058	0.038645	0.639090	0.542103	0.586615	10
1.04	0.642551	0.448294	0.528126	0.043455	0.033953	0.038121	0.644613	0.548406	0.592631	10
1.04	0.647467	0.452401	0.532636	0.043696	0.034095	0.038303	0.650024	0.554933	0.598727	10
1.05	0.658953	0.461360	0.542732	0.044209	0.034196	0.038563	0.662390	0.566304	0.610590	10
1.05	0.674221	0.473158	0.556072	0.044673	0.034390	0.038862	0.678828	0.581803	0.626582	10
1.05	0.684524	0.480848	0.564888	0.046468	0.034723	0.039746	0.689631	0.591945	0.637065	10
1.05	0.688377	0.483760	0.568209	0.047010	0.034870	0.040040	0.693834	0.595794	0.641087	10
1.05	0.693596	0.488464	0.573231	0.047636	0.035210	0.040491	0.699859	0.601335	0.646867	10
1.05	0.698475	0.492421	0.577622	0.047787	0.035389	0.040664	0.705140	0.606235	0.651958	10
1.06	0.701565	0.495333	0.580682	0.047632	0.035363	0.040590	0.708784	0.609777	0.655564	10
1.06	0.704204	0.497723	0.583228	0.048094	0.035617	0.040926	0.711704	0.611944	0.658064	10
1.06	0.701530	0.496304	0.581336	0.047760	0.035683	0.040847	0.709119	0.609749	0.655691	10
1.06	0.698967	0.494960	0.579534	0.048084	0.036054	0.041209	0.706609	0.607639	0.653397	10
1.06	0.699979	0.495259	0.580087	0.048084	0.036074	0.041222	0.707445	0.607648	0.653760	10
1.06	0.696701	0.493616	0.577834	0.048003	0.036217	0.041285	0.704377	0.604961	0.650895	10
1.06	0.696142	0.493168	0.577335	0.047869	0.036241	0.041251	0.703875	0.603929	0.650083	10
1.06	0.694084	0.491451	0.575450	0.047637	0.036259	0.041177	0.701588	0.601242	0.647551	10
1.06	0.687810	0.487419	0.570530	0.047279	0.036463	0.041172	0.695173	0.595647	0.641573	10
1.06	0.677895	0.480848	0.562617	0.046642	0.036720	0.041090	0.684908	0.586945	0.632154	10
1.06	0.666947	0.473083	0.553532	0.045778	0.036745	0.040767	0.673156	0.576104	0.620860	10
1.06	0.656530	0.465840	0.544986	0.045548	0.036842	0.040735	0.662167	0.565551	0.610057	10
1.06	0.645480	0.458000	0.535814	0.044728	0.037043	0.040524	0.650378	0.553827	0.598232	10
1.06	0.637350	0.451803	0.528772	0.043947	0.037255	0.040325	0.641749	0.544920	0.589384	10
1.06	0.629723	0.446726	0.522670	0.043734	0.037646	0.040462	0.633809	0.537203	0.581521	11
1.06	0.628761	0.446278	0.522032	0.043344	0.037784	0.040374	0.632917	0.536022	0.580454	11
1.06	0.624553	0.443291	0.518538	0.043004	0.037993	0.040343	0.628287	0.530695	0.575382	11
1.06	0.621172	0.440753	0.515636	0.042267	0.038283	0.040176	0.624512	0.525869	0.570961	11
1.06	0.611964	0.434630	0.508273	0.042672	0.038448	0.040450	0.614787	0.517232	0.561806	11
1.06	0.598151	0.425222	0.497076	0.041743	0.038448	0.040028	0.599836	0.504383	0.547984	12
1.06	0.583587	0.415217	0.485211	0.040602	0.038571	0.039560	0.584049	0.490967	0.533478	12
1.06	0.573241	0.408198	0.476843	0.039716	0.038916	0.039312	0.572818	0.480739	0.522755	12
1.07	0.565431	0.403270	0.470778	0.039600	0.038954	0.039274	0.564655	0.474324	0.515563	13
1.07	0.571937	0.407825	0.476137	0.039604	0.039263	0.039433	0.571609	0.480237	0.521955	13
1.07	0.580584	0.413948	0.483306	0.040009	0.039401	0.039703	0.580721	0.488047	0.530366	13
1.07	0.595894	0.424774	0.495990	0.040730	0.039607	0.040161	0.597047	0.503016	0.546013	12
1.06	0.612172	0.435601	0.509008	0.041456	0.039264	0.040331	0.614452	0.517939	0.562082	12
1.06	0.630695	0.448593	0.524281	0.041865	0.039364	0.040576	0.634367	0.534646	0.580253	12
1.06	0.645497	0.459120	0.536585	0.043298	0.039406	0.041261	0.649931	0.549411	0.595458	12
1.06	0.646929	0.460091	0.537743	0.043551	0.038895	0.041092	0.651661	0.552097	0.597762	12
1.06	0.648496	0.461883	0.539508	0.044383	0.038831	0.041422	0.653650	0.554887	0.600233	12
1.06	0.651536	0.464048	0.542037	0.045038	0.038624	0.041585	0.657313	0.559201	0.604301	12
1.07	0.661429	0.471440	0.550503	0.045472	0.038622	0.041768	0.667913	0.568945	0.614469	12
1.07	0.665760	0.475174	0.554549	0.045958	0.038550	0.041929	0.673212	0.574718	0.620078	12
1.07	0.671269	0.479206	0.559205	0.046280	0.038325	0.041929	0.679144	0.580557	0.625993	12
1.07	0.670737	0.479878	0.559478	0.046529	0.038519	0.042147	0.678958	0.582138	0.626831	12
1.07	0.670729	0.480774	0.560083	0.046910	0.038428	0.042248	0.679479	0.584183	0.628238	12
1.07	0.673938	0.484432	0.563684	0.048663	0.038690	0.043107	0.683477	0.589771	0.633175	12
1.08	0.670252	0.483835	0.561988	0.048285	0.038581	0.042891	0.680855	0.589752	0.632037	12
1.08	0.670134	0.485851	0.563303	0.049100	0.038609	0.043227	0.681636	0.592216	0.633787	11
1.09	0.670880	0.487493	0.564670	0.049524	0.038617	0.043396	0.683049	0.594671	0.635803	11
1.09	0.673808	0.490779	0.567911	0.049579	0.038609	0.043412	0.686991	0.598706	0.639817	11
1.09	0.674721	0.492048	0.569085	0.049358	0.038522	0.043272	0.688386	0.600746	0.641587	11
1.09	0.673118	0.490779	0.567666	0.049300	0.038857	0.043460	0.686489	0.599496	0.640050	11
1.09	0.672304	0.489733	0.566677	0.049589	0.038851	0.043568	0.685317	0.598641	0.639053	11
1.09	0.664037	0.483910	0.559841	0.048980	0.038911	0.043369	0.676559	0.591482	0.631166	11
1.09	0.651751	0.475248	0.549678	0.048504	0.039117	0.043307	0.663375	0.580910	0.619410	11
1.09	0.638698	0.466064	0.538893	0.047989	0.039318	0.043223	0.649206	0.568693	0.606288	11
1.09	0.624911	0.456283	0.527447	0.047618	0.039276	0.043047	0.634535	0.555500	0.592393	11
1.09	0.606957	0.444262	0.513020	0.046688	0.039594	0.042850	0.615624	0.538970	0.574752	11
1.09	0.591094	0.433137	0.499935	0.045556	0.039496	0.042310	0.598869	0.523749	0.558796	11
1.10	0.579322	0.425073	0.490353	0.045378	0.039561	0.042270	0.586541	0.512351	0.546941	11
1.10	0.570571	0.418652	0.482946	0.044838	0.039576	0.042043	0.577355	0.503816	0.538084	11
1.10	0.571167	0.418876	0.483308	0.044948	0.039830	0.042234	0.577931	0.503174	0.537968	11
1.10	0.569857	0.417830	0.482144	0.045452	0.039868	0.042477	0.576277	0.501110	0.536071	11
1.09	0.569900	0.417606	0.482010	0.045213	0.040005	0.042450	0.576481	0.500013	0.535531	11
1.09	0.569812	0.417457	0.481879	0.044947	0.040086	0.042378	0.576425	0.498656	0.534728	11
1.09	0.567540	0.415665	0.479872	0.044783	0.040125	0.042326	0.573989	0.495643	0.531947	11
1.09	0.569491	0.417009	0.481466	0.044738	0.040114	0.042300	0.576035	0.497373	0.533821	11
1.09	0.573645	0.419622	0.484692	0.044821	0.040107	0.042333	0.580330	0.500896	0.537695	11
1.09	0.580339	0.424475	0.490319	0.045021	0.040195	0.042471	0.587341	0.507944	0.544764	11
1.09	0.588938	0.430897	0.497672	0.045397	0.040212	0.042647	0.596824	0.517074	0.554094	11
1.10	0.595866	0.436945	0.504179	0.045979	0.040438	0.043031	0.605136	0.525302	0.562400	12
1.10	0.596502	0.437990	0.505102	0.046293	0.040452	0.043176	0.606028	0.527320	0.563941	12
1.10	0.604741	0.443814	0.511928	0.046503	0.040320	0.043192	0.614843	0.535269	0.572303	12
1.10	0.610767	0.448966	0.517514	0.046483	0.040135	0.043077	0.622671	0.542214	0.579664	12
1.10	0.614863	0.453446	0.521960	0.046994	0.040247	0.043360	0.628398	0.548499	0.585737	12
1.10	0.623114	0.459344	0.528840	0.047325	0.040205	0.043475	0.637435	0.556365	0.594147	12
1.10	0.632197	0.466512	0.536862	0.047874	0.040541	0.043904	0.647551	0.564928	0.603424	11
1.10	0.639372	0.471664	0.542861	0.048256	0.040969	0.044315	0.655119	0.571232	0.610306	11
1.10	0.643298	0.474800	0.546353	0.048711	0.041445	0.044786	0.659154	0.574328	0.613824	11
1.10	0.646731	0.477190	0.549173	0.048813	0.041615	0.044927	0.662520	0.575927	0.616196	11
1.10	0.656152	0.484582	0.557464	0.049160	0.042393	0.045526	0.672496	0.583616	0.624912	11
1.10	0.661845	0.488539	0.562138	0.049534	0.042689	0.045857	0.678354	0.587223	0.629507	11
1.10	0.663634	0.490107	0.563821	0.049449	0.043016	0.046009	0.679655	0.586917	0.629891	11
1.11	0.662669	0.490928	0.564015	0.048770	0.043735	0.046116	0.678930	0.585448	0.628733	11
1.11	0.657668	0.489285	0.561117	0.048454	0.044030	0.046136	0.673537	0.580994	0.623852	11
1.12	0.651887	0.487419	0.557782	0.047943	0.044536	0.046177	0.667922	0.575946	0.618533	10
1.12	0.642772	0.482715	0.551362	0.047350	0.044910	0.046098	0.658438	0.568154	0.609974	10
1.13	0.635048	0.478384	0.545695	0.046790	0.044886	0.045818	0.650480	0.561869	0.602936	10
1.13	0.628132	0.475472	0.541243	0.046574	0.045140	0.045845	0.643674	0.557741	0.597634	10
1.13	0.621005	0.471515	0.536033	0.046159	0.044955	0.045549	0.636905	0.552888	0.591930	10
1.14	0.620053	0.471440	0.535630	0.046225	0.044704	0.045452	0.636775	0.553678	0.592326	10
1.14	0.628667	0.478459	0.543373	0.046502	0.044711	0.045589	0.646724	0.563320	0.602147	10
1.14	0.630086	0.480998	0.545539	0.046929	0.044573	0.045721	0.649485	0.567959	0.605992	10
1.14	0.624440	0.478459	0.541788	0.046823	0.044151	0.045448	0.644334	0.565802	0.602520	10
1.15	0.625401	0.480923	0.543728	0.046854	0.044295	0.045539	0.646249	0.568889	0.605107	10
1.15	0.627179	0.483461	0.546022	0.046887	0.044445	0.045633	0.649401	0.572329	0.608434	10
1.15	0.631274	0.487419	0.550097	0.046947	0.044534	0.045709	0.654478	0.576420	0.612974	10
1.16	0.631244	0.488763	0.550940	0.047131	0.044916	0.045997	0.655677	0.577480	0.614099	10
1.16	0.624808	0.486672	0.547156	0.046776	0.044772	0.045752	0.651065	0.574988	0.610666	10
1.17	0.618761	0.483163	0.542619	0.046704	0.044691	0.045675	0.645831	0.570637	0.605910	11
1.17	0.612485	0.479131	0.537662	0.046558	0.044586	0.045551	0.639936	0.566034	0.600721	11
1.17	0.606932	0.475920	0.533501	0.048547	0.044522	0.046448	0.635752	0.562483	0.596877	11
1.18	0.591590	0.468528	0.522917	0.048076	0.044367	0.046147	0.622504	0.553278	0.585853	12
1.19	0.578626	0.460464	0.512827	0.047759	0.044223	0.045923	0.610129	0.542419	0.574285	12
1.19	0.576481	0.460091	0.511752	0.047156	0.044082	0.045567	0.609459	0.541973	0.573738	13
1.19	0.577543	0.460464	0.512401	0.047093	0.044286	0.045646	0.610008	0.542549	0.574304	13
1.19	0.580727	0.463003	0.515226	0.047258	0.044471	0.045822	0.613494	0.545524	0.577516	13
1.19	0.583372	0.464198	0.517006	0.047221	0.044471	0.045805	0.615558	0.546910	0.579207	13
1.19	0.591242	0.469798	0.523570	0.047162	0.044537	0.045812	0.624010	0.553436	0.586608	13
1.18	0.608465	0.479803	0.536528	0.047684	0.044680	0.046133	0.640634	0.567364	0.601777	13
1.18	0.623089	0.490032	0.548608	0.048069	0.044593	0.046266	0.656588	0.580790	0.616367	13
1.17	0.634632	0.497499	0.557760	0.048589	0.044500	0.046455	0.668563	0.591054	0.627424	13
1.17	0.641788	0.502725	0.563808	0.048923	0.044852	0.046799	0.676290	0.597283	0.634336	13
1.17	0.643673	0.505115	0.566038	0.048798	0.044962	0.046801	0.678772	0.600128	0.637032	13
1.17	0.648690	0.508325	0.569993	0.049129	0.044756	0.046841	0.683802	0.604414	0.641662	13
1.17	0.651010	0.510192	0.572062	0.049470	0.044862	0.047054	0.686926	0.607464	0.644756	13
1.17	0.654033	0.512805	0.574872	0.049593	0.044763	0.047054	0.690877	0.611425	0.648727	13
1.17	0.653696	0.513029	0.574883	0.050216	0.044963	0.047444	0.691100	0.612736	0.649563	13
1.17	0.655672	0.513552	0.575975	0.050763	0.044891	0.047647	0.692700	0.614298	0.651147	13
1.17	0.660444	0.515120	0.578799	0.051277	0.044966	0.047915	0.696177	0.616808	0.654094	13
1.17	0.659271	0.514746	0.578113	0.051509	0.045020	0.048046	0.695535	0.616548	0.653664	13
1.16	0.660659	0.514597	0.578552	0.051735	0.044932	0.048094	0.695963	0.616994	0.654104	13
1.16	0.658258	0.512432	0.576263	0.049770	0.044925	0.047224	0.693090	0.614818	0.651612	13
1.17	0.653235	0.509595	0.572543	0.050002	0.045439	0.047611	0.687791	0.610802	0.647014	13
1.17	0.652532	0.508997	0.571896	0.049736	0.046119	0.047859	0.686322	0.608505	0.645075	13
1.16	0.653326	0.508251	0.571729	0.049332	0.046655	0.047956	0.685327	0.606497	0.643507	13
1.16	0.651094	0.506757	0.569929	0.049242	0.047268	0.048235	0.681375	0.603224	0.639923	13
1.16	0.648441	0.504741	0.567638	0.049198	0.047293	0.048226	0.678084	0.600900	0.637163	13
1.16	0.647697	0.503920	0.566833	0.049047	0.047318	0.048167	0.676773	0.599710	0.635915	13
1.16	0.648384	0.504891	0.567711	0.049116	0.047443	0.048265	0.677656	0.600826	0.636932	13
1.16	0.649664	0.504965	0.568248	0.049435	0.047423	0.048408	0.678484	0.600779	0.637271	13
1.16	0.647905	0.504517	0.567291	0.051410	0.047545	0.049402	0.677238	0.600147	0.636366	14
1.17	0.643736	0.503771	0.565217	0.052184	0.047692	0.049837	0.674198	0.598148	0.633900	14
1.17	0.642177	0.503173	0.564240	0.052306	0.047908	0.050011	0.673026	0.597107	0.632797	14
1.18	0.637425	0.501307	0.561230	0.051946	0.047912	0.049847	0.669409	0.594838	0.629924	14
1.18	0.629294	0.497872	0.555921	0.051714	0.047786	0.049672	0.663078	0.591045	0.624993	14
1.19	0.622132	0.494064	0.550751	0.051557	0.047682	0.049544	0.656927	0.586071	0.619479	14
1.19	0.616754	0.491451	0.547019	0.051705	0.047552	0.049542	0.652650	0.582835	0.615770	14
1.20	0.611443	0.489136	0.543494	0.051667	0.047195	0.049330	0.648680	0.579516	0.612150	14
1.20	0.605719	0.485552	0.539019	0.051503	0.047062	0.049183	0.643334	0.575109	0.607311	16
1.20	0.601394	0.483163	0.535834	0.051534	0.046787	0.049046	0.640470	0.572301	0.604470	16
1.21	0.593136	0.480027	0.530621	0.052010	0.046632	0.049174	0.635094	0.568117	0.599741	16
1.22	0.578031	0.473456	0.520543	0.052054	0.046163	0.048932	0.623956	0.559935	0.590215	17
1.24	0.567433	0.469648	0.513931	0.051585	0.045647	0.048435	0.617353	0.555342	0.584708	17
1.25	0.561499	0.468678	0.510907	0.051828	0.045440	0.048424	0.614949	0.553715	0.582728	17
1.26	0.553299	0.467782	0.506959	0.051674	0.045979	0.048660	0.611566	0.551958	0.580235	17
1.28	0.544647	0.466811	0.502734	0.051777	0.046051	0.048747	0.607693	0.550164	0.577499	17
1.30	0.536474	0.466736	0.499181	0.051754	0.046145	0.048789	0.604641	0.549810	0.575924	17
1.32	0.527970	0.467931	0.496141	0.051828	0.046966	0.049278	0.601908	0.550173	0.574879	17
1.34	0.523264	0.470246	0.495340	0.051779	0.047191	0.049378	0.601131	0.551949	0.575491	18
1.35	0.520715	0.472038	0.495183	0.051532	0.047170	0.049255	0.601967	0.553455	0.576693	18
1.36	0.516113	0.469947	0.491949	0.051367	0.047208	0.049199	0.597923	0.550684	0.573332	18
1.36	0.513104	0.467782	0.489396	0.051305	0.047333	0.049239	0.594131	0.547746	0.569997	17

Fri Sep  3 21:53:50 2021
45.63	0.009861	0.326087	0.019143	0.014775	0.066356	0.024168	0.009676	0.327500	0.018797	81
41.75	0.008824	0.246547	0.017039	0.016320	0.308411	0.030999	0.008837	0.211451	0.016964	89
37.89	0.008530	0.216307	0.016413	0.016735	0.282479	0.031598	0.008544	0.184884	0.016333	88
34.02	0.008300	0.188979	0.015902	0.016722	0.250236	0.031349	0.008313	0.161940	0.015814	88
30.05	0.008146	0.163817	0.015521	0.017605	0.219348	0.032594	0.008199	0.142452	0.015505	87
26.10	0.007951	0.138879	0.015042	0.017617	0.198240	0.032359	0.008043	0.121431	0.015087	86
22.30	0.007900	0.117897	0.014807	0.017888	0.173162	0.032427	0.008020	0.104156	0.014894	85
18.57	0.008040	0.099903	0.014882	0.017675	0.132703	0.031196	0.008269	0.088971	0.015132	84
15.08	0.008073	0.081460	0.014690	0.017841	0.114395	0.030867	0.008487	0.071981	0.015184	82
11.99	0.008234	0.066079	0.014643	0.018608	0.106997	0.031703	0.008761	0.057933	0.015221	81
9.31	0.008809	0.054879	0.015182	0.018490	0.085927	0.030432	0.009633	0.048189	0.016056	80
7.07	0.009631	0.045546	0.015900	0.019263	0.072355	0.030426	0.011085	0.040165	0.017374	77
5.29	0.010086	0.035690	0.015728	0.020146	0.051427	0.028951	0.011913	0.031779	0.017330	75
3.89	0.011002	0.028672	0.015902	0.018807	0.036934	0.024923	0.013349	0.025754	0.017584	72
2.86	0.012573	0.024042	0.016511	0.018311	0.029601	0.022626	0.015360	0.021979	0.018083	70
2.15	0.014764	0.021205	0.017408	0.018575	0.024212	0.021022	0.018238	0.019497	0.018847	65
1.66	0.019383	0.021504	0.020389	0.020019	0.020803	0.020403	0.022976	0.019887	0.021320	59
1.36	0.025755	0.023445	0.024546	0.019427	0.018403	0.018901	0.029187	0.022565	0.025452	54
1.18	0.034047	0.026954	0.030088	0.019864	0.018916	0.019378	0.036084	0.026935	0.030845	51
1.09	0.043840	0.031882	0.036917	0.020347	0.019293	0.019806	0.044554	0.033248	0.038079	51
1.04	0.058704	0.040842	0.048170	0.019437	0.019857	0.019645	0.058621	0.044154	0.050369	53
1.02	0.077335	0.052789	0.062747	0.017693	0.018974	0.018311	0.077151	0.059141	0.066956	51
1.01	0.105682	0.071381	0.085209	0.019902	0.020000	0.019951	0.105508	0.082766	0.092764	51
1.00	0.135222	0.090868	0.108695	0.021009	0.015208	0.017644	0.134999	0.107189	0.119497	51
1.00	0.169152	0.113492	0.135842	0.021614	0.015946	0.018352	0.169140	0.135862	0.150686	49
1.00	0.202006	0.135369	0.162107	0.021931	0.016916	0.019100	0.202109	0.164173	0.181176	48
1.00	0.233976	0.156724	0.187712	0.022309	0.017699	0.019739	0.234073	0.190996	0.210352	45
1.00	0.269969	0.180691	0.216487	0.021151	0.012531	0.015738	0.269999	0.221408	0.243301	41
1.00	0.293954	0.196745	0.235720	0.023447	0.012973	0.016704	0.293931	0.242514	0.265758	38
1.00	0.312284	0.208990	0.250403	0.023667	0.012768	0.016587	0.312284	0.258394	0.282794	33
1.00	0.333891	0.223475	0.267746	0.024986	0.012657	0.016803	0.333873	0.277463	0.303065	29
1.00	0.349398	0.233854	0.280181	0.025669	0.012463	0.016779	0.349381	0.291009	0.317535	26
1.00	0.365462	0.244605	0.293063	0.028503	0.012467	0.017346	0.365447	0.304742	0.332345	23
1.00	0.387514	0.259539	0.310871	0.028144	0.012622	0.017428	0.387538	0.323988	0.352925	19
1.00	0.401961	0.269394	0.322589	0.028046	0.012728	0.017510	0.401930	0.336428	0.366273	12
1.00	0.418022	0.280221	0.335524	0.018318	0.012844	0.015100	0.417996	0.350634	0.381363	10
1.00	0.434439	0.291421	0.348840	0.019615	0.012975	0.015618	0.434453	0.365966	0.397279	10
1.00	0.449483	0.301949	0.361233	0.019523	0.013073	0.015660	0.449515	0.379531	0.411569	9
1.00	0.457940	0.307698	0.368078	0.019514	0.013123	0.015693	0.457994	0.386894	0.419452	9
1.00	0.471562	0.316957	0.379102	0.019714	0.013217	0.015824	0.471661	0.398739	0.432146	8
1.00	0.488605	0.328157	0.392621	0.018949	0.013436	0.015723	0.488731	0.413225	0.447818	7
1.00	0.504447	0.338759	0.405325	0.018444	0.013713	0.015731	0.504630	0.426362	0.462206	7
1.00	0.513907	0.344882	0.412761	0.019659	0.014072	0.016403	0.514114	0.434051	0.470702	7
1.00	0.518032	0.347495	0.415963	0.022839	0.014462	0.017710	0.518242	0.435808	0.473464	6
1.00	0.520142	0.348988	0.417713	0.022201	0.014670	0.017666	0.520361	0.437091	0.475105	6
1.00	0.519577	0.348764	0.417370	0.022308	0.014920	0.017881	0.519748	0.436878	0.474723	6
1.00	0.525292	0.352796	0.422101	0.022850	0.015246	0.018289	0.525549	0.441489	0.479866	6
1.00	0.522237	0.350706	0.419619	0.023061	0.015638	0.018638	0.522426	0.437817	0.476394	6
1.00	0.522348	0.350780	0.419708	0.023485	0.016084	0.019092	0.522537	0.436636	0.475740	6
1.00	0.527580	0.354215	0.423855	0.024033	0.016335	0.019450	0.527781	0.440327	0.480104	6
1.00	0.530269	0.355783	0.425846	0.023614	0.016669	0.019543	0.530403	0.441787	0.482056	6
1.00	0.530276	0.355708	0.425794	0.023159	0.016967	0.019585	0.530403	0.441675	0.481990	6
1.00	0.515425	0.345554	0.413731	0.022318	0.017139	0.019389	0.515508	0.427645	0.467484	6
1.00	0.502171	0.336743	0.403147	0.022336	0.017332	0.019518	0.502231	0.415103	0.454529	6
1.00	0.490091	0.328679	0.393475	0.022347	0.017465	0.019607	0.490126	0.403918	0.442866	6
1.00	0.484805	0.325170	0.389256	0.022083	0.017609	0.019594	0.484827	0.398563	0.437483	6
1.00	0.482521	0.323602	0.387397	0.021927	0.017758	0.019623	0.482539	0.396220	0.435140	6
1.00	0.479955	0.321810	0.385286	0.022120	0.017913	0.019795	0.479973	0.393588	0.432510	6
1.00	0.470326	0.315389	0.377581	0.022367	0.018044	0.019974	0.470322	0.384774	0.423269	6
1.00	0.440793	0.295453	0.353777	0.022132	0.018148	0.019943	0.440812	0.357207	0.394630	6
1.00	0.422781	0.283506	0.339412	0.022472	0.018246	0.020139	0.422738	0.340993	0.377490	6
1.00	0.400489	0.268797	0.321687	0.022436	0.018255	0.020130	0.400368	0.320064	0.355740	6
1.00	0.382435	0.256851	0.307307	0.022291	0.018188	0.020032	0.382294	0.303756	0.338530	6
1.00	0.377472	0.253715	0.303461	0.022431	0.018189	0.020088	0.377329	0.299647	0.334031	6
1.00	0.376374	0.253117	0.302679	0.022527	0.018204	0.020136	0.376213	0.298661	0.332981	6
1.01	0.379922	0.255731	0.305694	0.022628	0.018251	0.020205	0.379784	0.302176	0.336564	7
1.01	0.390193	0.263197	0.314353	0.022929	0.018318	0.020366	0.389936	0.312663	0.347050	7
1.01	0.396531	0.267976	0.319818	0.023015	0.018257	0.020362	0.396240	0.319302	0.353634	6
1.01	0.420106	0.284253	0.339078	0.023347	0.018606	0.020708	0.420004	0.340881	0.376329	6
1.01	0.457681	0.310087	0.369698	0.023477	0.018932	0.020961	0.457771	0.375430	0.412532	6
1.01	0.494766	0.335250	0.399680	0.023604	0.019212	0.021183	0.495258	0.408855	0.447928	6
1.01	0.531539	0.359890	0.429188	0.023661	0.019415	0.021329	0.532634	0.442019	0.483114	6
1.01	0.565558	0.382289	0.456206	0.023895	0.019805	0.021659	0.566775	0.470888	0.514401	6
1.01	0.586954	0.396401	0.473215	0.024050	0.019932	0.021798	0.588363	0.489408	0.534343	6
1.01	0.592388	0.399761	0.477375	0.035193	0.020026	0.025527	0.593607	0.493685	0.539055	7
1.01	0.604164	0.407302	0.486576	0.035488	0.020269	0.025801	0.605322	0.503141	0.549522	7
1.01	0.617902	0.415964	0.497211	0.046561	0.020452	0.028420	0.618933	0.514577	0.561951	8
1.00	0.631731	0.424849	0.508036	0.047040	0.020589	0.028641	0.632545	0.526105	0.574436	8
1.00	0.640707	0.430598	0.515049	0.048259	0.020942	0.029209	0.641415	0.533092	0.582258	8
1.00	0.642262	0.431643	0.516299	0.048320	0.021048	0.029323	0.642977	0.534384	0.583672	8
1.00	0.638243	0.428657	0.512864	0.040679	0.021031	0.027727	0.638737	0.530819	0.579799	8
1.00	0.634716	0.426193	0.509962	0.040651	0.021121	0.027798	0.635167	0.527444	0.576315	8
1.00	0.631298	0.423803	0.507148	0.043310	0.021226	0.028490	0.631652	0.523986	0.572803	8
1.00	0.633259	0.425073	0.508690	0.044378	0.021381	0.028858	0.633549	0.525324	0.574383	8
1.00	0.640974	0.430299	0.514921	0.041473	0.021369	0.028205	0.641247	0.532019	0.581549	8
1.00	0.645502	0.433435	0.518628	0.043095	0.021529	0.028713	0.645766	0.535862	0.585703	7
1.00	0.640778	0.430598	0.515072	0.043569	0.021615	0.028894	0.641136	0.532158	0.581586	7
1.00	0.629193	0.422908	0.505827	0.042890	0.021570	0.028704	0.629533	0.522368	0.570965	7
1.00	0.626027	0.420966	0.503415	0.042941	0.021619	0.028759	0.626409	0.519839	0.568170	7
1.01	0.637252	0.428657	0.512543	0.043611	0.021806	0.029075	0.637677	0.529741	0.578719	7
1.01	0.635336	0.427985	0.511443	0.043099	0.021848	0.028997	0.635948	0.529034	0.577585	7
1.01	0.636857	0.429627	0.513109	0.041818	0.021994	0.028827	0.637733	0.531238	0.579634	7
1.01	0.630800	0.426342	0.508799	0.038936	0.022127	0.028218	0.631876	0.526859	0.574608	7
1.01	0.626805	0.424625	0.506276	0.039491	0.022209	0.028429	0.628249	0.524692	0.571820	7
1.01	0.622044	0.422235	0.503024	0.039457	0.022341	0.028529	0.623787	0.521940	0.568337	7
1.02	0.623944	0.424550	0.505287	0.039629	0.022471	0.028680	0.625962	0.525008	0.571058	7
1.02	0.628556	0.428955	0.509919	0.039730	0.022525	0.028750	0.631095	0.530875	0.576663	7
1.02	0.625996	0.428283	0.508601	0.039840	0.022588	0.028830	0.629030	0.530057	0.575318	7
1.03	0.611551	0.420593	0.498407	0.040257	0.022599	0.028948	0.615084	0.519923	0.563514	7
1.03	0.601772	0.415889	0.491854	0.041059	0.022793	0.029314	0.605489	0.513647	0.555799	7
1.04	0.598149	0.414993	0.490015	0.040905	0.023027	0.029466	0.602365	0.512661	0.553905	7
1.04	0.593040	0.410961	0.485490	0.040548	0.022932	0.029296	0.596954	0.507241	0.548453	7
1.04	0.604330	0.418876	0.494796	0.040040	0.023027	0.029239	0.608781	0.517496	0.559439	7
1.03	0.617327	0.427238	0.504986	0.040069	0.023386	0.029535	0.621611	0.526961	0.570386	7
1.03	0.625311	0.431643	0.510734	0.041066	0.023634	0.030002	0.629198	0.532288	0.576700	7
1.03	0.627602	0.432241	0.511916	0.040265	0.023746	0.029874	0.631039	0.532725	0.577729	7
1.03	0.639383	0.439782	0.521124	0.039990	0.023863	0.029890	0.642865	0.542794	0.588607	7
1.02	0.642009	0.440006	0.522151	0.039762	0.023862	0.029825	0.645096	0.542925	0.589617	8
1.02	0.648460	0.443217	0.526545	0.040160	0.023897	0.029964	0.651233	0.546216	0.594119	8
1.02	0.659989	0.450161	0.535245	0.039947	0.024021	0.030002	0.662613	0.554835	0.603953	8
1.02	0.674515	0.459867	0.546883	0.041550	0.024442	0.030778	0.677173	0.566475	0.616897	8
1.02	0.682580	0.465467	0.553494	0.041690	0.024650	0.030982	0.685373	0.573188	0.624281	8
1.02	0.684038	0.466512	0.554712	0.041507	0.024653	0.030933	0.686935	0.574214	0.625537	9
1.02	0.676989	0.461958	0.549174	0.041502	0.024809	0.031055	0.679851	0.569246	0.619651	9
1.02	0.674899	0.461136	0.547906	0.041565	0.024868	0.031118	0.677898	0.568297	0.618278	9
1.02	0.674861	0.461211	0.547946	0.041431	0.024874	0.031085	0.678010	0.568390	0.618380	9
1.02	0.668523	0.457030	0.542907	0.041180	0.024916	0.031047	0.671706	0.563630	0.612940	9
1.02	0.667940	0.457030	0.542714	0.041396	0.025245	0.031363	0.671260	0.563556	0.612711	9
1.02	0.675278	0.462555	0.549032	0.041568	0.025564	0.031658	0.678791	0.569766	0.619519	9
1.02	0.688983	0.472560	0.560609	0.042015	0.025779	0.031953	0.693016	0.583084	0.633315	8
1.03	0.704155	0.483387	0.573250	0.042519	0.025949	0.032229	0.708970	0.597146	0.648271	8
1.03	0.709506	0.487643	0.578016	0.042521	0.025975	0.032249	0.714883	0.602668	0.653997	8
1.03	0.715340	0.492347	0.583256	0.031721	0.026132	0.028656	0.721243	0.608795	0.660266	7
1.03	0.718391	0.494661	0.585894	0.031667	0.026085	0.028606	0.724311	0.611795	0.663315	7
1.03	0.719827	0.496080	0.587367	0.032126	0.026398	0.028982	0.725538	0.613003	0.664540	7
1.03	0.718193	0.496080	0.586822	0.032044	0.026799	0.029187	0.724144	0.612845	0.663862	7
1.04	0.715040	0.495557	0.585402	0.031911	0.027549	0.029570	0.721243	0.611358	0.661770	7
1.04	0.708145	0.492048	0.580642	0.031316	0.027826	0.029468	0.714772	0.606207	0.656028	7
1.04	0.701512	0.488539	0.575968	0.031310	0.028336	0.029749	0.708301	0.600987	0.650246	7
1.04	0.693162	0.484432	0.570298	0.031132	0.028503	0.029759	0.700324	0.595303	0.643557	7
1.05	0.689989	0.483760	0.568757	0.031082	0.028557	0.029766	0.697757	0.594559	0.642038	7
1.05	0.681876	0.480923	0.564035	0.031045	0.028695	0.029824	0.690673	0.590849	0.636873	7
1.06	0.667298	0.473830	0.554163	0.030988	0.028980	0.029951	0.676615	0.581217	0.625298	7
1.07	0.638120	0.456208	0.532045	0.030576	0.029108	0.029824	0.646882	0.558355	0.599367	6
1.07	0.614455	0.440529	0.513155	0.030256	0.028988	0.029608	0.621778	0.537017	0.576298	7
1.08	0.589337	0.425073	0.493905	0.030344	0.029118	0.029718	0.595281	0.516488	0.553092	8
1.08	0.567998	0.409766	0.476079	0.035970	0.029410	0.032361	0.572353	0.496601	0.531793	9
1.08	0.546791	0.394385	0.458248	0.034117	0.029592	0.031694	0.549704	0.476370	0.510416	9
1.08	0.516845	0.372284	0.432812	0.034205	0.029419	0.031632	0.517554	0.446023	0.479133	10
1.07	0.500000	0.358396	0.417518	0.036223	0.029501	0.032518	0.499331	0.427428	0.460590	10
1.07	0.501413	0.357650	0.417502	0.037194	0.029497	0.032901	0.500781	0.426191	0.460485	10
1.06	0.510824	0.362951	0.424375	0.035989	0.029544	0.032450	0.510432	0.432904	0.468482	10
1.06	0.527158	0.373927	0.437514	0.035928	0.029645	0.032486	0.527781	0.447724	0.484467	10
1.06	0.548611	0.389308	0.455431	0.036055	0.029763	0.032608	0.550374	0.468374	0.506074	10
1.06	0.576412	0.408348	0.478039	0.037487	0.030080	0.033377	0.579159	0.493551	0.532939	10
1.06	0.596793	0.422385	0.494666	0.037798	0.030289	0.033630	0.600692	0.511942	0.552777	10
1.06	0.619956	0.439334	0.514246	0.039810	0.030583	0.034592	0.625107	0.534172	0.576073	10
1.06	0.644491	0.456432	0.534400	0.040595	0.030931	0.035110	0.650824	0.557118	0.600336	10
1.06	0.665046	0.469798	0.550626	0.040695	0.030913	0.035136	0.672208	0.574793	0.619695	10
1.05	0.679082	0.479206	0.561898	0.041152	0.031124	0.035443	0.686768	0.586712	0.632809	10
1.05	0.692471	0.488240	0.572692	0.041106	0.031210	0.035480	0.700454	0.598471	0.645459	10
1.05	0.702903	0.495333	0.581140	0.041408	0.031421	0.035730	0.711071	0.607444	0.655185	10
1.05	0.709705	0.499067	0.586033	0.041532	0.031256	0.035669	0.717710	0.612669	0.661043	10
1.05	0.715396	0.501680	0.589774	0.042002	0.031310	0.035877	0.722731	0.616146	0.665196	10
1.05	0.721037	0.504667	0.593754	0.042440	0.031186	0.035953	0.728142	0.619739	0.669581	10
1.05	0.724616	0.507280	0.596776	0.042994	0.031523	0.036375	0.732140	0.622262	0.672744	10
1.05	0.724755	0.508027	0.597340	0.043206	0.031699	0.036569	0.732474	0.622969	0.673298	9
1.05	0.722977	0.508400	0.596993	0.043410	0.032890	0.037425	0.731098	0.623913	0.673266	9

Sat Sep  4 01:27:35 2021
42.44	0.009426	0.289855	0.018259	0.012613	0.085943	0.021997	0.009215	0.255833	0.017789	87
37.28	0.013969	0.348540	0.026861	0.015409	0.309214	0.029356	0.013964	0.335477	0.026812	88
32.64	0.014944	0.326439	0.028580	0.015615	0.274881	0.029550	0.014946	0.319804	0.028557	88
28.24	0.016126	0.304786	0.030631	0.015320	0.237731	0.028785	0.016148	0.303501	0.030665	88
24.09	0.017513	0.282386	0.032980	0.015596	0.198126	0.028916	0.017555	0.285764	0.033078	87
20.34	0.019031	0.259091	0.035457	0.015420	0.161637	0.028155	0.019100	0.266788	0.035648	87
16.91	0.021274	0.240797	0.039095	0.015277	0.135812	0.027464	0.021372	0.252726	0.039412	84
13.94	0.024130	0.225118	0.043589	0.015587	0.107464	0.027225	0.024375	0.241727	0.044285	83
11.39	0.027729	0.211304	0.049025	0.016049	0.093334	0.027388	0.028183	0.231677	0.050252	83
9.22	0.032321	0.199358	0.055624	0.017086	0.066463	0.027183	0.033126	0.223696	0.057706	80
7.39	0.037976	0.187934	0.063184	0.016234	0.052079	0.024753	0.039289	0.214519	0.066415	77
5.90	0.044584	0.175987	0.071145	0.017485	0.045190	0.025214	0.047004	0.203557	0.076373	73
4.62	0.052977	0.163966	0.080080	0.019183	0.036275	0.025095	0.058092	0.191331	0.089124	70
3.57	0.064440	0.153886	0.090841	0.028517	0.031086	0.029746	0.073315	0.181522	0.104445	66
2.72	0.081889	0.148884	0.105662	0.030009	0.023517	0.026369	0.093681	0.177273	0.122582	62
2.05	0.103311	0.141641	0.119477	0.033835	0.009747	0.015135	0.114344	0.168738	0.136315	59
1.61	0.129335	0.138953	0.133972	0.034007	0.008877	0.014079	0.139807	0.166163	0.151850	55
1.33	0.160293	0.142388	0.150811	0.038226	0.008885	0.014419	0.168100	0.171063	0.169568	51
1.16	0.189599	0.147540	0.165946	0.038310	0.007142	0.012040	0.193479	0.177924	0.185376	49
1.08	0.226567	0.163518	0.189948	0.038753	0.007825	0.013020	0.228318	0.198295	0.212250	46
1.04	0.257733	0.179795	0.211823	0.027887	0.008549	0.013086	0.258340	0.219112	0.237114	44
1.02	0.285154	0.195326	0.231843	0.033765	0.009536	0.014872	0.286084	0.239371	0.260651	42
1.01	0.320836	0.217875	0.259516	0.037039	0.010685	0.016586	0.321600	0.268100	0.292423	42
1.01	0.356037	0.240424	0.287026	0.037782	0.011616	0.017769	0.356391	0.296606	0.323762	42
1.01	0.387465	0.260808	0.311764	0.038336	0.012631	0.019001	0.387686	0.322044	0.351830	41
1.00	0.422855	0.284029	0.339810	0.027604	0.013513	0.018144	0.423110	0.352674	0.384694	37
1.00	0.462831	0.310535	0.371688	0.028086	0.014259	0.018915	0.462903	0.388408	0.422396	35
1.00	0.499666	0.335026	0.401109	0.028636	0.015019	0.019704	0.499777	0.421386	0.457246	33
1.00	0.525894	0.352572	0.422135	0.034383	0.015696	0.021553	0.526052	0.443681	0.481368	29
1.00	0.545748	0.365639	0.437897	0.023177	0.016149	0.019035	0.545837	0.460640	0.499632	25
1.00	0.569406	0.381319	0.456757	0.023526	0.016396	0.019324	0.569452	0.481541	0.521820	22
1.00	0.583649	0.390727	0.468089	0.023601	0.016644	0.019521	0.583677	0.492809	0.534408	19
1.00	0.592795	0.396849	0.475424	0.023686	0.016850	0.019692	0.592826	0.500052	0.542501	17
1.00	0.601450	0.402598	0.482333	0.024480	0.017257	0.020244	0.601473	0.506077	0.549666	14
1.00	0.602410	0.403196	0.483070	0.025070	0.017511	0.020619	0.602421	0.505705	0.549842	12
1.00	0.605533	0.405286	0.485575	0.024808	0.017535	0.020547	0.605545	0.509061	0.553127	11
1.00	0.606314	0.405809	0.486201	0.025304	0.017728	0.020849	0.606326	0.509238	0.553557	11
1.00	0.601071	0.402300	0.481997	0.025816	0.017947	0.021174	0.601082	0.503938	0.548240	10
1.00	0.592816	0.396774	0.475377	0.026003	0.018130	0.021365	0.592826	0.496222	0.540239	10
1.00	0.592481	0.396550	0.475108	0.025851	0.018398	0.021497	0.592491	0.495255	0.539527	8
1.00	0.586903	0.392817	0.470636	0.025866	0.018640	0.021666	0.586913	0.489518	0.533809	7
1.00	0.585453	0.391846	0.469473	0.024341	0.018726	0.021167	0.585462	0.488291	0.532480	7
1.00	0.586792	0.392742	0.470546	0.021365	0.018770	0.019984	0.586801	0.489676	0.533857	7
1.00	0.582599	0.389980	0.467215	0.021739	0.018801	0.020163	0.582617	0.486738	0.530379	7
1.00	0.566522	0.379303	0.454383	0.021698	0.018908	0.020207	0.566551	0.472085	0.515022	6
1.00	0.549448	0.367953	0.440748	0.019500	0.019064	0.019280	0.549481	0.457581	0.499338	6
1.00	0.540691	0.362129	0.433752	0.019562	0.019075	0.019315	0.540723	0.450125	0.491282	6
1.00	0.528750	0.354290	0.424286	0.019847	0.019126	0.019480	0.528785	0.440734	0.480761	6
1.00	0.516373	0.346151	0.414465	0.019857	0.019027	0.019433	0.516401	0.430479	0.469542	5
1.00	0.486700	0.326514	0.390830	0.019783	0.018861	0.019311	0.486723	0.405679	0.442521	5
1.00	0.462009	0.310087	0.371102	0.019580	0.018502	0.019026	0.461955	0.385602	0.420339	5
1.00	0.428794	0.287762	0.344399	0.019256	0.018115	0.018668	0.428651	0.356032	0.388981	5
1.00	0.394236	0.264541	0.316622	0.019145	0.017730	0.018410	0.393953	0.324895	0.356107	5
1.00	0.347841	0.233331	0.279305	0.019051	0.017204	0.018080	0.347484	0.282536	0.311662	5
1.00	0.302605	0.202942	0.242950	0.018871	0.016480	0.017595	0.302187	0.242023	0.268779	5
1.00	0.252839	0.169566	0.202994	0.018399	0.015532	0.016844	0.252315	0.198743	0.222348	5
1.00	0.222371	0.149182	0.178568	0.018119	0.014962	0.016390	0.221912	0.171994	0.193790	5
1.00	0.207476	0.139252	0.166652	0.018091	0.014742	0.016246	0.207018	0.158541	0.179565	5
1.00	0.202579	0.136041	0.162773	0.018110	0.014644	0.016193	0.202053	0.154338	0.175001	5
1.00	0.209625	0.140820	0.168468	0.018543	0.014787	0.016453	0.208970	0.160865	0.181789	5
1.00	0.216507	0.145524	0.174057	0.018662	0.014845	0.016536	0.215720	0.167178	0.188372	5
1.01	0.230786	0.155380	0.185721	0.018695	0.015122	0.016720	0.229611	0.179999	0.201801	5
1.01	0.251441	0.169417	0.202436	0.019039	0.015419	0.017039	0.250139	0.198762	0.221510	6
1.01	0.267847	0.180691	0.215802	0.019856	0.015707	0.017539	0.266373	0.213256	0.236873	6
1.01	0.290949	0.196819	0.234802	0.024514	0.016142	0.019466	0.289022	0.234152	0.258709	7
1.01	0.318112	0.215336	0.256824	0.025020	0.016661	0.020002	0.316245	0.257814	0.284055	8
1.01	0.346905	0.234749	0.280014	0.024984	0.017183	0.020362	0.345476	0.282908	0.311077	8
1.01	0.372147	0.251997	0.300508	0.026295	0.017674	0.021139	0.370858	0.304998	0.334719	8
1.01	0.401742	0.272008	0.324385	0.025646	0.018341	0.021387	0.400814	0.330403	0.362219	8
1.01	0.436824	0.295304	0.352386	0.025080	0.019159	0.021724	0.436461	0.358312	0.393544	8
1.01	0.476391	0.321661	0.384026	0.026217	0.019822	0.022575	0.476459	0.390602	0.429280	8
1.01	0.505267	0.340252	0.406657	0.026059	0.020448	0.022915	0.505523	0.412498	0.454297	8
1.00	0.537051	0.360935	0.431723	0.026850	0.020788	0.023434	0.537264	0.437657	0.482372	8
1.00	0.555543	0.373031	0.446350	0.026445	0.021019	0.023422	0.555729	0.451956	0.498499	8
1.00	0.562243	0.377361	0.451613	0.026871	0.021211	0.023708	0.562367	0.455936	0.503589	8
1.00	0.555012	0.372508	0.445805	0.027069	0.021233	0.023798	0.555115	0.448507	0.496149	8
1.00	0.544231	0.365191	0.437087	0.026845	0.021226	0.023707	0.544349	0.437517	0.485121	8
1.00	0.555914	0.373031	0.446470	0.026812	0.021353	0.023773	0.556064	0.446526	0.495311	8
1.00	0.560636	0.376241	0.450293	0.027153	0.021453	0.023969	0.560750	0.449511	0.499006	8
1.00	0.556569	0.373553	0.447056	0.027944	0.021516	0.024312	0.556677	0.445002	0.494614	8
1.00	0.550167	0.369297	0.441943	0.028483	0.021577	0.024553	0.550262	0.437731	0.487588	8
1.00	0.544716	0.365639	0.437564	0.029012	0.021610	0.024770	0.544795	0.431344	0.481477	8
1.00	0.549661	0.368999	0.441565	0.029403	0.021756	0.025008	0.549816	0.434672	0.485511	8
1.00	0.545647	0.366385	0.438399	0.030323	0.021787	0.025356	0.545799	0.431734	0.482112	9
1.00	0.547254	0.367505	0.439719	0.030339	0.021901	0.025438	0.547361	0.433445	0.483788	9
1.00	0.544404	0.365713	0.437517	0.030264	0.022054	0.025515	0.544461	0.432162	0.481855	9
1.00	0.542908	0.364668	0.436286	0.030152	0.022229	0.025591	0.542899	0.430981	0.480509	9
1.00	0.532341	0.357650	0.427850	0.029879	0.022193	0.025469	0.532244	0.422121	0.470829	9
1.00	0.529712	0.356082	0.425880	0.029846	0.022217	0.025473	0.529566	0.419852	0.468370	9
1.01	0.522304	0.351452	0.420174	0.029717	0.022210	0.025421	0.522035	0.414236	0.461930	9
1.01	0.517249	0.348167	0.416191	0.029244	0.022211	0.025247	0.517014	0.411047	0.457981	9
1.01	0.517402	0.348540	0.416507	0.029857	0.022974	0.025967	0.517238	0.412107	0.458726	9
1.01	0.520785	0.350780	0.419202	0.029988	0.023281	0.026212	0.520640	0.414673	0.461654	9
1.01	0.528135	0.356007	0.425316	0.030400	0.024149	0.026916	0.527892	0.420968	0.468406	9
1.01	0.549634	0.370417	0.442571	0.030160	0.024433	0.026996	0.549425	0.439851	0.488570	9
1.01	0.567268	0.382513	0.456921	0.031007	0.025869	0.028206	0.566942	0.456103	0.505518	9
1.01	0.567301	0.382663	0.457038	0.030414	0.026318	0.028218	0.567109	0.457191	0.506252	9
1.01	0.571144	0.385127	0.460043	0.029915	0.026603	0.028162	0.570903	0.460845	0.510004	9
1.01	0.567014	0.382215	0.456626	0.029221	0.026317	0.027693	0.566719	0.458660	0.506995	9
1.01	0.574357	0.386993	0.462417	0.028913	0.026436	0.027619	0.574138	0.465596	0.514201	9
1.01	0.568245	0.382663	0.457344	0.028618	0.026371	0.027449	0.567946	0.459775	0.508168	9
1.01	0.572713	0.385201	0.460604	0.028372	0.026039	0.027155	0.572465	0.462834	0.511845	9
1.00	0.571920	0.384455	0.459814	0.027366	0.025592	0.026449	0.571739	0.461607	0.510804	9
1.00	0.560529	0.376839	0.450685	0.027029	0.025483	0.026233	0.560359	0.450952	0.499738	9
1.00	0.542365	0.364668	0.436110	0.027298	0.025490	0.026363	0.542062	0.434626	0.482435	9
1.00	0.533267	0.358471	0.428737	0.027133	0.025504	0.026293	0.532969	0.426035	0.473540	9
1.00	0.522381	0.351154	0.419986	0.026344	0.025223	0.025771	0.522091	0.416551	0.463388	9
1.00	0.510050	0.342940	0.410126	0.026316	0.025122	0.025705	0.509762	0.405274	0.451552	9
1.00	0.504389	0.338908	0.405413	0.026065	0.024617	0.025320	0.504240	0.399565	0.445841	10
1.00	0.500222	0.336071	0.402037	0.025525	0.023991	0.024734	0.500167	0.395805	0.441908	10
1.00	0.497779	0.334727	0.400286	0.026112	0.024856	0.025469	0.497490	0.393747	0.439580	10
1.01	0.495504	0.333308	0.398536	0.026263	0.025247	0.025745	0.495147	0.391701	0.437391	10
1.01	0.495617	0.333532	0.398732	0.026573	0.025328	0.025936	0.495314	0.391255	0.437178	10
1.01	0.497394	0.334951	0.400321	0.026580	0.025653	0.026108	0.497155	0.392677	0.438783	10
1.01	0.493518	0.332562	0.397359	0.026850	0.026188	0.026515	0.493138	0.388456	0.434582	10
1.01	0.491636	0.331367	0.395897	0.027263	0.026688	0.026973	0.491130	0.386420	0.432528	10
1.01	0.491865	0.331815	0.396290	0.027756	0.026842	0.027291	0.491409	0.385965	0.432351	10
1.01	0.493196	0.332860	0.397468	0.028476	0.026867	0.027648	0.492804	0.386327	0.433117	10
1.01	0.501493	0.338535	0.404208	0.028644	0.026946	0.027769	0.501227	0.393843	0.441094	10
1.01	0.504475	0.340924	0.406879	0.029690	0.028104	0.028876	0.504072	0.396874	0.444096	9
1.01	0.510098	0.345106	0.411686	0.041087	0.028944	0.033962	0.509483	0.402704	0.449844	10
1.01	0.509586	0.345330	0.411678	0.037363	0.029344	0.032871	0.509037	0.403159	0.449954	10
1.01	0.506873	0.344135	0.409944	0.038708	0.029756	0.033647	0.506192	0.402908	0.448683	10
1.02	0.510652	0.347196	0.413352	0.039333	0.030134	0.034125	0.509595	0.407854	0.453083	10
1.02	0.506580	0.344882	0.410377	0.039436	0.029921	0.034026	0.505244	0.405865	0.450134	10
1.02	0.512043	0.349212	0.415235	0.038862	0.030269	0.034031	0.510711	0.411397	0.455706	10
1.02	0.521977	0.356455	0.423621	0.039164	0.030460	0.034268	0.520919	0.420090	0.465103	10
1.02	0.533042	0.364369	0.432854	0.039406	0.030649	0.034480	0.532244	0.430392	0.475929	10
1.02	0.539729	0.369223	0.438484	0.037803	0.030790	0.033938	0.539217	0.436491	0.482446	10
1.02	0.556199	0.380199	0.451659	0.038312	0.031069	0.034312	0.555952	0.450084	0.497448	10
1.02	0.580705	0.397297	0.471803	0.038641	0.031774	0.034873	0.580888	0.471778	0.520679	11
1.02	0.615712	0.421340	0.500310	0.038191	0.032113	0.034889	0.616869	0.503728	0.554587	10
1.02	0.649236	0.444038	0.527380	0.038692	0.032591	0.035380	0.651121	0.533964	0.586751	11
1.02	0.676602	0.462704	0.549574	0.038177	0.032940	0.035366	0.678902	0.558918	0.613095	11
1.02	0.695586	0.475323	0.564737	0.038878	0.033168	0.035797	0.697869	0.576035	0.631126	11
1.02	0.706750	0.483163	0.573950	0.039501	0.033471	0.036237	0.708970	0.586308	0.641831	10
1.02	0.711805	0.486672	0.578093	0.039269	0.033427	0.036113	0.714326	0.592026	0.647451	10
