
Thu Sep  2 22:40:32 2021
41.74	0.013415	0.405797	0.025971	0.015095	0.083775	0.025581	0.013551	0.443750	0.026299	85
37.25	0.013903	0.346599	0.026733	0.018018	0.349206	0.034267	0.013709	0.351428	0.026388	88
32.26	0.013846	0.298962	0.026467	0.018461	0.307126	0.034828	0.013572	0.302083	0.025977	88
27.53	0.014059	0.259016	0.026670	0.018150	0.276163	0.034061	0.013655	0.262922	0.025962	88
23.16	0.014379	0.222878	0.027015	0.018219	0.217105	0.033617	0.013891	0.226020	0.026174	88
19.30	0.014626	0.188905	0.027150	0.017282	0.184944	0.031610	0.014090	0.192266	0.026256	86
15.86	0.015144	0.160756	0.027680	0.015725	0.134555	0.028159	0.014666	0.164876	0.026936	86
12.88	0.016141	0.139103	0.028925	0.014877	0.107473	0.026137	0.015601	0.143259	0.028139	85
10.36	0.017464	0.121033	0.030524	0.015917	0.080578	0.026583	0.017001	0.125975	0.029958	84
8.18	0.019224	0.105204	0.032508	0.016020	0.057201	0.025030	0.019034	0.110179	0.032461	82
6.38	0.021783	0.092959	0.035295	0.016052	0.043350	0.023429	0.021919	0.097135	0.035767	78
4.90	0.024727	0.081087	0.037898	0.024547	0.034053	0.028529	0.025679	0.084895	0.039430	74
3.75	0.028264	0.070933	0.040421	0.024383	0.027409	0.025807	0.029304	0.074845	0.042117	68
2.86	0.033067	0.063317	0.043445	0.012567	0.023092	0.016276	0.034041	0.067304	0.045214	60
2.21	0.038285	0.056522	0.045649	0.011910	0.015922	0.013627	0.038014	0.061921	0.047108	57
1.76	0.044388	0.052415	0.048069	0.011639	0.012191	0.011908	0.044693	0.058332	0.050610	55
1.48	0.052086	0.051445	0.051764	0.011609	0.010205	0.010862	0.052793	0.057895	0.055227	52
1.28	0.063413	0.054133	0.058407	0.011681	0.009527	0.010494	0.064515	0.061587	0.063017	50
1.15	0.077117	0.059509	0.067178	0.012562	0.009093	0.010550	0.077950	0.069062	0.073237	44
1.08	0.093030	0.067274	0.078083	0.012937	0.009091	0.010678	0.094184	0.079159	0.086020	44
1.04	0.107475	0.075039	0.088375	0.013064	0.009441	0.010961	0.108427	0.088865	0.097676	42
1.02	0.126177	0.086015	0.102295	0.013418	0.009553	0.011160	0.126148	0.102635	0.113183	42
1.01	0.151472	0.102218	0.122063	0.025120	0.009815	0.014115	0.151344	0.123582	0.136062	43
1.00	0.180787	0.121407	0.145263	0.025215	0.009960	0.014280	0.180576	0.148732	0.163114	39
1.00	0.205434	0.137759	0.164924	0.026213	0.010610	0.015106	0.205121	0.168945	0.185283	39
1.00	0.234062	0.156798	0.187793	0.023434	0.011601	0.015519	0.233794	0.192198	0.210965	35
1.00	0.268866	0.180094	0.215704	0.024667	0.013019	0.017043	0.268660	0.220471	0.242192	33
1.00	0.291862	0.195475	0.234137	0.023064	0.013886	0.017336	0.291699	0.238425	0.262385	32
1.00	0.316605	0.211976	0.253936	0.018983	0.014626	0.016522	0.316523	0.258507	0.284589	31
1.00	0.343408	0.229896	0.275415	0.019027	0.015507	0.017087	0.343356	0.279743	0.308302	29
1.00	0.373675	0.250131	0.299669	0.019073	0.016204	0.017522	0.373647	0.304381	0.335476	28
1.00	0.398550	0.266781	0.319617	0.018867	0.016316	0.017499	0.398527	0.325077	0.358074	26
1.00	0.423583	0.283506	0.339670	0.019349	0.016470	0.017794	0.423575	0.346294	0.381056	20
1.00	0.448014	0.299858	0.359261	0.019403	0.016664	0.017930	0.448008	0.367859	0.403997	16
1.00	0.469433	0.314194	0.376437	0.019026	0.016628	0.017746	0.469430	0.387978	0.424835	14
1.00	0.478469	0.320242	0.383683	0.019805	0.016698	0.018119	0.478467	0.396300	0.433524	11
1.00	0.486725	0.325767	0.390303	0.020201	0.016808	0.018349	0.486723	0.403490	0.441216	10
1.00	0.495761	0.331815	0.397549	0.020656	0.016937	0.018612	0.495760	0.411611	0.449784	10
1.00	0.497936	0.333308	0.399320	0.020874	0.016909	0.018683	0.497992	0.413861	0.452045	10
1.00	0.504349	0.337714	0.404544	0.020667	0.016964	0.018633	0.504463	0.420192	0.458487	9
1.00	0.504515	0.337938	0.404758	0.021395	0.017181	0.019058	0.504630	0.419895	0.458379	8
1.00	0.514155	0.344434	0.412520	0.023599	0.017415	0.020041	0.514392	0.428188	0.467348	7
1.00	0.516876	0.346450	0.414841	0.024637	0.017587	0.020523	0.517182	0.430531	0.469895	7
1.00	0.522494	0.350332	0.419434	0.024383	0.017766	0.020555	0.522872	0.435198	0.475024	7
1.00	0.511245	0.342866	0.410458	0.023091	0.018077	0.020279	0.511603	0.423595	0.463458	7
1.00	0.485473	0.325618	0.389793	0.022268	0.018248	0.020058	0.485719	0.400338	0.438915	7
1.00	0.463602	0.310983	0.372257	0.021915	0.018568	0.020103	0.463740	0.379694	0.417530	7
1.00	0.442689	0.297021	0.355512	0.022952	0.018679	0.020596	0.442709	0.360157	0.397189	7
1.00	0.421685	0.282834	0.338577	0.022807	0.018681	0.020539	0.421622	0.341748	0.377506	7
1.00	0.404386	0.271261	0.324708	0.023394	0.018857	0.020882	0.404162	0.326295	0.361078	7
1.00	0.386088	0.259016	0.310037	0.023902	0.019289	0.021349	0.385641	0.309309	0.343283	7
1.00	0.377906	0.253640	0.303548	0.022861	0.019501	0.021047	0.377329	0.301145	0.334960	7
1.00	0.363838	0.244605	0.292539	0.021854	0.019969	0.020869	0.362713	0.288371	0.321298	7
1.01	0.347980	0.234152	0.279938	0.021937	0.020261	0.021066	0.346424	0.273253	0.305519	7
1.01	0.334070	0.225640	0.269352	0.021234	0.021332	0.021283	0.331455	0.260138	0.291498	7
1.01	0.316503	0.214366	0.255609	0.021326	0.022090	0.021701	0.312488	0.243644	0.273805	7
1.01	0.298483	0.202718	0.241451	0.020910	0.022506	0.021679	0.293429	0.226624	0.255736	7
1.02	0.285025	0.193982	0.230851	0.020477	0.022950	0.021643	0.279203	0.214500	0.242612	7
1.02	0.283773	0.193385	0.230018	0.020196	0.023451	0.021702	0.277418	0.213245	0.241135	7
1.02	0.289390	0.197342	0.234662	0.020254	0.023871	0.021914	0.282662	0.217754	0.245999	7
1.02	0.302778	0.206675	0.245662	0.020374	0.024472	0.022236	0.295716	0.229200	0.258243	7
1.02	0.327396	0.223699	0.265791	0.020454	0.024859	0.022443	0.320819	0.252034	0.282297	8
1.02	0.357408	0.244605	0.290438	0.020632	0.025273	0.022718	0.351110	0.279759	0.311400	8
1.02	0.386559	0.264989	0.314433	0.020672	0.025511	0.022838	0.380732	0.306703	0.339732	8
1.03	0.419183	0.288136	0.341520	0.020633	0.025800	0.022929	0.413868	0.337971	0.372089	8
1.03	0.455048	0.313298	0.371098	0.020873	0.026191	0.023232	0.450742	0.371581	0.407351	7
1.03	0.483909	0.333458	0.394837	0.021037	0.026300	0.023376	0.480531	0.399195	0.436103	7
1.03	0.502163	0.346674	0.410177	0.021137	0.026420	0.023485	0.499554	0.416507	0.454266	6
1.03	0.520631	0.359890	0.425588	0.021445	0.026686	0.023780	0.518521	0.433772	0.472375	7
1.03	0.525510	0.363772	0.429933	0.021383	0.026578	0.023699	0.523876	0.438551	0.477431	7
1.04	0.523584	0.363025	0.428767	0.021348	0.026790	0.023761	0.522147	0.437854	0.476299	8
1.04	0.518929	0.360263	0.425279	0.021247	0.027174	0.023848	0.517516	0.435009	0.472689	8
1.04	0.506880	0.352050	0.415510	0.020845	0.026859	0.023473	0.504965	0.424382	0.461180	8
1.04	0.501827	0.348690	0.411472	0.020980	0.027155	0.023671	0.499721	0.419547	0.456138	8
1.04	0.497207	0.345628	0.407788	0.021297	0.027634	0.024055	0.494812	0.415348	0.451611	8
1.04	0.494143	0.343314	0.405146	0.021300	0.027616	0.024050	0.491521	0.412113	0.448328	8
1.04	0.484656	0.336071	0.396914	0.021572	0.027647	0.024234	0.481703	0.402574	0.438598	8
1.04	0.479793	0.332412	0.392731	0.021972	0.027547	0.024446	0.476515	0.397339	0.433340	8
1.03	0.474059	0.328157	0.387840	0.022272	0.027505	0.024613	0.470546	0.391510	0.427404	8
1.03	0.459862	0.318226	0.376153	0.022212	0.027389	0.024530	0.455763	0.378322	0.413447	8
1.03	0.452240	0.312850	0.369847	0.022211	0.027347	0.024513	0.447841	0.371587	0.406166	7
1.03	0.444672	0.307549	0.363612	0.022455	0.027397	0.024681	0.439975	0.363535	0.398119	7
1.03	0.430791	0.298141	0.352396	0.022219	0.027312	0.024503	0.425750	0.350956	0.384752	7
1.03	0.415534	0.287613	0.339937	0.022467	0.027511	0.024735	0.409963	0.336396	0.369554	7
1.04	0.409939	0.283954	0.335509	0.022401	0.027502	0.024691	0.404162	0.331041	0.363965	7
1.04	0.395970	0.274397	0.324160	0.022460	0.027658	0.024789	0.389602	0.317215	0.349702	8
1.04	0.388392	0.269320	0.318078	0.022248	0.027618	0.024644	0.381680	0.310041	0.342151	8
1.04	0.383597	0.266109	0.314230	0.022109	0.027532	0.024524	0.376715	0.305709	0.337518	8
1.04	0.387885	0.269170	0.317803	0.022421	0.027850	0.024842	0.381067	0.309214	0.341401	8
1.04	0.399506	0.277682	0.327636	0.022361	0.028032	0.024877	0.392893	0.320170	0.352823	8
1.04	0.408047	0.283954	0.334874	0.022420	0.028307	0.025022	0.401763	0.328845	0.361665	9
1.04	0.412647	0.287464	0.338864	0.022359	0.028643	0.025114	0.406393	0.333512	0.366363	9
1.04	0.415302	0.289778	0.341367	0.022301	0.028750	0.025118	0.409071	0.336264	0.369111	9
1.04	0.409834	0.286269	0.337085	0.022413	0.028709	0.025173	0.403492	0.331132	0.363748	10
1.05	0.405463	0.283730	0.333846	0.026020	0.028673	0.027282	0.399085	0.327850	0.359977	10
1.05	0.394434	0.276189	0.324887	0.026143	0.028870	0.027439	0.387482	0.316888	0.348647	11
1.05	0.387444	0.271410	0.319210	0.026144	0.028744	0.027382	0.380286	0.310343	0.341772	11
1.05	0.380465	0.266408	0.313381	0.026169	0.028688	0.027370	0.372978	0.304030	0.334993	11
1.05	0.377586	0.264392	0.311010	0.025324	0.028682	0.026899	0.369854	0.301240	0.332040	11
1.05	0.383253	0.268274	0.315618	0.025019	0.028767	0.026763	0.375823	0.305898	0.337274	11
1.05	0.391764	0.274173	0.322586	0.027758	0.028945	0.028339	0.384637	0.313435	0.345405	11
1.04	0.404742	0.282984	0.333084	0.028694	0.029083	0.028887	0.398025	0.325562	0.358166	11
1.04	0.423747	0.296050	0.348571	0.028395	0.029377	0.028878	0.417661	0.342884	0.376596	11
1.04	0.449925	0.313970	0.369849	0.030206	0.029759	0.029981	0.445052	0.366611	0.402041	11
1.04	0.474264	0.330919	0.389832	0.031168	0.030291	0.030723	0.470322	0.389092	0.425868	11
1.04	0.493360	0.343986	0.405350	0.031717	0.030370	0.031029	0.490126	0.406832	0.444611	11
1.04	0.511035	0.356156	0.419765	0.032196	0.030410	0.031277	0.508479	0.423480	0.462103	11
1.04	0.520574	0.362727	0.427547	0.032377	0.030532	0.031428	0.518242	0.432495	0.471501	12
1.04	0.531719	0.370492	0.436700	0.032736	0.030652	0.031660	0.529901	0.443131	0.482647	12
1.04	0.538379	0.375495	0.442421	0.034960	0.031231	0.032991	0.536762	0.449546	0.489298	12
1.04	0.538782	0.376017	0.442920	0.034996	0.031233	0.033008	0.537208	0.450364	0.489968	12
1.04	0.536497	0.374823	0.441319	0.036396	0.031227	0.033614	0.534921	0.449212	0.488334	12
1.04	0.536195	0.374972	0.441320	0.036359	0.031291	0.033635	0.534642	0.449983	0.488673	12
1.05	0.530987	0.371687	0.437280	0.035822	0.031209	0.033357	0.529287	0.446692	0.484495	12
1.05	0.532588	0.373404	0.439012	0.035702	0.031210	0.033305	0.531295	0.449370	0.486910	12
1.05	0.527828	0.370343	0.435279	0.034057	0.031299	0.032620	0.526219	0.445362	0.482426	12
1.05	0.525303	0.368924	0.433440	0.034541	0.031311	0.032847	0.523820	0.443782	0.480491	12
1.05	0.524174	0.368327	0.432643	0.034279	0.031373	0.032762	0.522649	0.443001	0.479540	13
1.05	0.521716	0.366833	0.430776	0.034353	0.031382	0.032800	0.520083	0.440937	0.477251	13
1.05	0.523724	0.368401	0.432541	0.034518	0.031478	0.032928	0.522202	0.442499	0.479058	13
1.05	0.522076	0.367281	0.431208	0.035034	0.031516	0.033182	0.520585	0.440695	0.477320	13
1.05	0.522910	0.368103	0.432058	0.034986	0.031560	0.033185	0.521533	0.441681	0.478297	12
1.05	0.514586	0.362204	0.425153	0.033895	0.031513	0.032661	0.512719	0.434085	0.470136	13
1.05	0.501060	0.352946	0.414159	0.033596	0.031459	0.032492	0.498494	0.421319	0.456669	13
1.05	0.487699	0.343388	0.403015	0.032581	0.031431	0.031996	0.484436	0.407196	0.442471	13
1.05	0.470513	0.331218	0.388765	0.030929	0.031305	0.031116	0.466585	0.390442	0.425131	13
1.05	0.464823	0.327559	0.384302	0.030258	0.031336	0.030788	0.460634	0.384966	0.419415	15
1.05	0.470875	0.331964	0.389402	0.030848	0.031472	0.031157	0.467087	0.390684	0.425483	15
1.05	0.479301	0.338012	0.396444	0.031928	0.031558	0.031742	0.475901	0.398578	0.433821	15
1.06	0.488527	0.344956	0.404376	0.031843	0.031679	0.031761	0.485719	0.407894	0.443417	15
1.06	0.499577	0.353095	0.413754	0.032331	0.031761	0.032043	0.497378	0.418660	0.454637	15
1.06	0.511355	0.361457	0.423535	0.032548	0.032037	0.032290	0.509744	0.429938	0.466452	14
1.06	0.521579	0.369073	0.432269	0.033223	0.032609	0.032913	0.520454	0.440016	0.476867	14
1.06	0.524768	0.371761	0.435208	0.033197	0.033591	0.033393	0.523690	0.443345	0.480180	14
1.06	0.531207	0.376839	0.440902	0.033604	0.034200	0.033899	0.530496	0.449723	0.486781	14
1.06	0.538793	0.382663	0.447501	0.033322	0.034305	0.033806	0.538752	0.457412	0.494761	14
1.06	0.545894	0.388113	0.453677	0.033527	0.034808	0.034156	0.546227	0.463855	0.501682	14
1.06	0.553806	0.393862	0.460337	0.033948	0.034937	0.034435	0.554874	0.470847	0.509419	14
1.06	0.562762	0.400358	0.467868	0.033973	0.034954	0.034457	0.564413	0.479577	0.518548	14
1.06	0.569002	0.405137	0.473287	0.034009	0.035033	0.034513	0.571219	0.485853	0.525089	14
1.06	0.573839	0.408796	0.477457	0.033872	0.035150	0.034499	0.576462	0.490446	0.529987	14
1.07	0.579868	0.413350	0.482650	0.034070	0.035231	0.034641	0.582989	0.496275	0.536149	14
1.07	0.576927	0.411857	0.480613	0.033981	0.035276	0.034617	0.580144	0.494137	0.533698	14
1.07	0.574744	0.410513	0.478941	0.034240	0.035327	0.034775	0.577913	0.491971	0.531490	14
1.07	0.578288	0.413649	0.482305	0.034232	0.035410	0.034811	0.582153	0.496099	0.535692	14
1.07	0.577264	0.413649	0.481949	0.033968	0.035410	0.034674	0.581539	0.496052	0.535405	14
1.07	0.570491	0.409094	0.476497	0.033798	0.035445	0.034602	0.574175	0.489702	0.528585	14
1.07	0.569141	0.408721	0.475772	0.033839	0.035703	0.034746	0.572836	0.489302	0.527784	13
1.07	0.568980	0.408945	0.475868	0.034674	0.035790	0.035224	0.572781	0.489395	0.527815	13
1.07	0.571206	0.410588	0.477758	0.035255	0.035813	0.035532	0.575012	0.491682	0.530092	13
1.07	0.572645	0.411708	0.479020	0.035222	0.035903	0.035559	0.576462	0.492817	0.531368	13
1.08	0.573415	0.412604	0.479896	0.035239	0.035860	0.035547	0.577355	0.493918	0.532387	13
1.08	0.575415	0.414172	0.481657	0.035018	0.035843	0.035425	0.579586	0.495796	0.534427	13
1.08	0.573237	0.412604	0.479833	0.034638	0.035820	0.035219	0.577188	0.493741	0.532213	13
1.08	0.572377	0.411857	0.479027	0.034793	0.035873	0.035325	0.576184	0.492746	0.531208	13
1.07	0.573697	0.412678	0.480045	0.034844	0.035683	0.035258	0.577522	0.493732	0.532350	13
1.07	0.573030	0.412156	0.479458	0.034642	0.035695	0.035161	0.576741	0.493034	0.531613	12
1.07	0.569841	0.409692	0.476674	0.035229	0.035723	0.035474	0.573115	0.489315	0.527910	12
1.07	0.573581	0.412081	0.479600	0.035142	0.035532	0.035336	0.577299	0.492709	0.531660	12
1.07	0.582321	0.418577	0.487055	0.035731	0.035653	0.035692	0.586894	0.500128	0.540048	12
1.07	0.590007	0.424102	0.493484	0.035810	0.034737	0.035266	0.595541	0.507408	0.547953	12
1.07	0.592004	0.425670	0.495244	0.035078	0.034781	0.034929	0.597679	0.509175	0.549889	13
1.08	0.596206	0.429403	0.499240	0.035560	0.035719	0.035639	0.602291	0.513898	0.554594	13
1.08	0.602628	0.434929	0.505226	0.035550	0.035778	0.035664	0.609766	0.521131	0.561975	13
1.08	0.603201	0.436198	0.506283	0.034972	0.035775	0.035369	0.610919	0.522916	0.563503	13
1.08	0.604205	0.437691	0.507642	0.035153	0.035886	0.035516	0.612481	0.524441	0.565052	14
1.08	0.605472	0.439558	0.509344	0.035170	0.036096	0.035627	0.614489	0.527323	0.567579	14
1.09	0.606098	0.440827	0.510418	0.034740	0.036286	0.035496	0.615940	0.529267	0.569323	15
1.09	0.603341	0.439633	0.508639	0.034564	0.036442	0.035478	0.613522	0.527946	0.567527	15
1.09	0.600573	0.438513	0.506905	0.034435	0.036485	0.035430	0.611458	0.526849	0.566009	15
1.09	0.596699	0.437243	0.504675	0.034753	0.036600	0.035653	0.608167	0.525064	0.563568	15
1.10	0.593394	0.435974	0.502647	0.035173	0.036889	0.036011	0.605210	0.523065	0.561147	15
1.10	0.594394	0.437019	0.503701	0.035490	0.037107	0.036281	0.606382	0.524516	0.562486	15
1.10	0.593813	0.437169	0.503591	0.035916	0.037061	0.036479	0.606233	0.525157	0.562790	16
1.10	0.592897	0.436273	0.502667	0.036083	0.036973	0.036522	0.605285	0.524190	0.561826	16
1.10	0.590545	0.434630	0.500731	0.035839	0.036877	0.036351	0.602923	0.521732	0.559397	16
1.10	0.589871	0.433958	0.500043	0.035907	0.036835	0.036365	0.602421	0.520551	0.558502	17
1.10	0.579038	0.425297	0.490400	0.035538	0.036649	0.036085	0.590186	0.508706	0.546425	17
1.10	0.564236	0.414172	0.477695	0.034966	0.036332	0.035636	0.574147	0.493905	0.531012	17
1.09	0.552986	0.405212	0.467704	0.035122	0.036215	0.035660	0.561382	0.481809	0.518560	17
1.09	0.541701	0.396700	0.457998	0.035391	0.036279	0.035829	0.548747	0.470252	0.506476	17
1.09	0.529214	0.387516	0.447414	0.034748	0.036442	0.035575	0.534996	0.457068	0.492971	17
1.09	0.517530	0.379153	0.437664	0.034154	0.036450	0.035264	0.522277	0.445521	0.480855	17
1.09	0.509324	0.373180	0.430751	0.033964	0.036410	0.035144	0.513221	0.438027	0.472652	17
1.10	0.503156	0.368999	0.425759	0.033914	0.036655	0.035231	0.506229	0.432058	0.466212	17
1.10	0.493943	0.362279	0.417988	0.033137	0.036809	0.034877	0.496039	0.423141	0.456700	17
1.10	0.486530	0.357351	0.412053	0.032741	0.036735	0.034623	0.488267	0.416856	0.449744	17
1.10	0.486440	0.357575	0.412170	0.032763	0.037598	0.035015	0.487876	0.417600	0.450011	17
1.10	0.485306	0.357575	0.411762	0.032782	0.037837	0.035129	0.486770	0.417740	0.449621	17
1.10	0.481583	0.355335	0.408937	0.043997	0.037867	0.040703	0.482948	0.414839	0.446310	18
1.10	0.477505	0.352647	0.405686	0.044600	0.038144	0.041120	0.478300	0.411371	0.442318	18
1.11	0.474422	0.351079	0.403536	0.044806	0.038130	0.041199	0.475157	0.409381	0.439824	18
1.11	0.468338	0.347346	0.398868	0.045116	0.038160	0.041347	0.468742	0.404565	0.434295	18
1.11	0.461716	0.343090	0.393660	0.044825	0.038091	0.041185	0.461657	0.398354	0.427676	18
1.11	0.454828	0.338311	0.388011	0.044724	0.037977	0.041075	0.454182	0.391865	0.420728	18

Thu Sep  2 23:45:37 2021
42.71	0.009014	0.278986	0.017464	0.011026	0.045116	0.017722	0.008795	0.297500	0.017084	83
37.78	0.012741	0.322109	0.024513	0.015525	0.349635	0.029731	0.012567	0.346045	0.024254	87
33.19	0.013068	0.290301	0.025011	0.015679	0.310674	0.029851	0.012846	0.313189	0.024680	87
28.67	0.013575	0.260435	0.025805	0.015890	0.286984	0.030113	0.013317	0.281282	0.025430	87
24.36	0.014151	0.230718	0.026666	0.016122	0.225833	0.030096	0.013888	0.250043	0.026314	87
20.39	0.015029	0.205107	0.028006	0.017050	0.196347	0.031376	0.014843	0.222091	0.027826	86
16.87	0.015666	0.176883	0.028782	0.017421	0.162584	0.031470	0.015556	0.191093	0.028771	85
13.76	0.016296	0.150078	0.029400	0.018052	0.131347	0.031742	0.016203	0.162211	0.029462	84
11.09	0.018034	0.133801	0.031784	0.021604	0.079405	0.033966	0.018190	0.146155	0.032354	81
8.86	0.021003	0.124543	0.035944	0.022335	0.062433	0.032900	0.021393	0.137740	0.037034	80
7.00	0.023807	0.111551	0.039240	0.018381	0.049803	0.026852	0.024404	0.124315	0.040799	79
5.47	0.027529	0.100724	0.043241	0.018509	0.042353	0.025760	0.028846	0.113316	0.045986	74
4.23	0.031978	0.090420	0.047247	0.018769	0.036717	0.024840	0.033883	0.102838	0.050972	71
3.21	0.037090	0.079594	0.050600	0.019276	0.032285	0.024140	0.039842	0.091026	0.055424	66
2.43	0.046169	0.074965	0.057144	0.024377	0.028223	0.026159	0.049911	0.086898	0.063405	65
1.86	0.059480	0.073994	0.065948	0.014454	0.026711	0.018758	0.065385	0.086567	0.074500	57
1.47	0.073911	0.072874	0.073389	0.016328	0.024185	0.019495	0.079936	0.086279	0.082986	52
1.25	0.099831	0.083775	0.091101	0.019913	0.021753	0.020792	0.106772	0.100978	0.103794	52
1.13	0.129058	0.097364	0.110993	0.025343	0.021903	0.023498	0.134488	0.119833	0.126739	48
1.06	0.163615	0.116105	0.135826	0.018309	0.021217	0.019656	0.167634	0.144109	0.154984	49
1.03	0.207742	0.143060	0.169438	0.025557	0.020628	0.022830	0.210086	0.179782	0.193756	47
1.01	0.251240	0.170164	0.202902	0.027485	0.015250	0.019616	0.252520	0.215679	0.232650	46
1.01	0.283892	0.191070	0.228411	0.026457	0.014937	0.019094	0.284559	0.243479	0.262421	43
1.00	0.320129	0.214814	0.257105	0.026200	0.015877	0.019772	0.320261	0.273761	0.295191	42
1.00	0.347409	0.232808	0.278791	0.023884	0.015842	0.019049	0.347317	0.296772	0.320061	40
1.00	0.370556	0.248264	0.297326	0.025180	0.016374	0.019844	0.370523	0.317236	0.341815	36
1.00	0.390679	0.261629	0.313389	0.024348	0.014423	0.018116	0.390717	0.334408	0.360376	35
1.00	0.413562	0.276861	0.331679	0.018321	0.014557	0.016224	0.413589	0.353384	0.381124	35
1.00	0.430340	0.288061	0.345111	0.018399	0.015063	0.016565	0.430380	0.366252	0.395735	30
1.00	0.448014	0.299858	0.359261	0.018867	0.015548	0.017048	0.448064	0.379101	0.410708	29
1.00	0.466644	0.312327	0.374200	0.018955	0.016036	0.017374	0.466696	0.393940	0.427243	27
1.00	0.485163	0.324722	0.389050	0.018358	0.016508	0.017384	0.485217	0.408927	0.443818	23
1.00	0.503124	0.336743	0.403453	0.017969	0.017030	0.017487	0.503180	0.422967	0.459600	20
1.00	0.524155	0.350780	0.420290	0.017998	0.017337	0.017661	0.524155	0.440688	0.478811	14
1.00	0.541722	0.362577	0.434405	0.017785	0.017117	0.017445	0.541727	0.456214	0.495307	12
1.00	0.548031	0.366759	0.439435	0.017425	0.017060	0.017240	0.548031	0.461282	0.500928	9
1.00	0.554279	0.370940	0.444444	0.017374	0.017030	0.017200	0.554279	0.466367	0.506537	9
1.00	0.566488	0.379153	0.454265	0.017540	0.016993	0.017262	0.566496	0.476911	0.517857	8
1.00	0.573803	0.384007	0.460100	0.017621	0.016839	0.017221	0.573803	0.483261	0.524654	7
1.00	0.579763	0.388039	0.464910	0.017667	0.016764	0.017204	0.579772	0.488635	0.530316	7
1.00	0.582106	0.389607	0.466789	0.017374	0.016473	0.016911	0.582115	0.490271	0.532260	7
1.00	0.587796	0.393414	0.471351	0.017460	0.016461	0.016946	0.587805	0.494864	0.537346	6
1.00	0.590630	0.395356	0.473656	0.017568	0.016459	0.016995	0.590650	0.497281	0.539959	6
1.00	0.593510	0.397372	0.476029	0.017791	0.016540	0.017143	0.593551	0.499717	0.542607	6
1.00	0.594827	0.398342	0.477149	0.018075	0.016650	0.017334	0.594890	0.500405	0.543572	6
1.00	0.587829	0.393788	0.471630	0.017966	0.016721	0.017321	0.587917	0.494427	0.537134	6
1.00	0.581838	0.389905	0.466917	0.018005	0.016799	0.017381	0.581948	0.488830	0.531340	6
1.00	0.581709	0.389905	0.466875	0.017998	0.016932	0.017449	0.581836	0.488756	0.531250	6
1.00	0.575835	0.386097	0.462254	0.017908	0.017052	0.017469	0.575979	0.483140	0.525490	6
1.00	0.566975	0.380199	0.455171	0.018175	0.017433	0.017796	0.567109	0.474763	0.516843	6
1.00	0.560392	0.375868	0.449946	0.018295	0.017717	0.018002	0.560582	0.467929	0.510082	6
1.00	0.543633	0.364668	0.436520	0.018105	0.017987	0.018046	0.543847	0.452105	0.493751	6
1.00	0.524366	0.351900	0.421161	0.017891	0.018285	0.018086	0.524545	0.434337	0.475198	6
1.00	0.502392	0.337191	0.403539	0.017711	0.018547	0.018119	0.502455	0.413846	0.453866	6
1.00	0.476323	0.319943	0.382777	0.017587	0.018784	0.018166	0.476291	0.389330	0.428443	6
1.00	0.444506	0.298738	0.357328	0.017517	0.018942	0.018202	0.444382	0.358918	0.397104	6
1.00	0.417814	0.280893	0.335938	0.017352	0.018816	0.018054	0.417550	0.333806	0.371011	6
1.01	0.394232	0.265363	0.317208	0.017377	0.018940	0.018125	0.393897	0.311287	0.347753	6
1.01	0.379490	0.255581	0.305448	0.017474	0.019000	0.018205	0.379058	0.297062	0.333088	6
1.01	0.364976	0.246024	0.293921	0.028791	0.019305	0.023112	0.364387	0.282753	0.318421	8
1.01	0.354707	0.239155	0.285689	0.028967	0.019414	0.023247	0.354011	0.271773	0.307488	9
1.01	0.344698	0.232510	0.277701	0.024285	0.019433	0.021590	0.343858	0.262503	0.297723	9
1.01	0.345414	0.233406	0.278572	0.024031	0.020198	0.021948	0.344472	0.261843	0.297527	10
1.01	0.339693	0.229971	0.274265	0.025652	0.020719	0.022923	0.338056	0.256227	0.291508	10
1.01	0.332857	0.225864	0.269116	0.025409	0.020978	0.022982	0.330451	0.250491	0.284968	10
1.02	0.334066	0.227059	0.270359	0.026049	0.021894	0.023791	0.331176	0.251197	0.285695	10
1.02	0.335859	0.228403	0.271899	0.025431	0.021945	0.023559	0.333017	0.253578	0.287918	10
1.02	0.338713	0.230344	0.274210	0.025240	0.021968	0.023491	0.335769	0.256441	0.290792	10
1.02	0.353186	0.240424	0.286095	0.025136	0.022560	0.023779	0.350608	0.270164	0.305174	10
1.02	0.371902	0.253192	0.301275	0.025442	0.022738	0.024014	0.369575	0.286035	0.322483	11
1.02	0.403819	0.274770	0.327024	0.026094	0.023033	0.024468	0.401930	0.314634	0.352965	11
1.02	0.425453	0.289554	0.344589	0.026814	0.023283	0.024924	0.423854	0.334029	0.373618	11
1.02	0.457886	0.311730	0.370930	0.027597	0.023930	0.025633	0.456822	0.364264	0.405326	11
1.02	0.487270	0.331516	0.394579	0.027994	0.023765	0.025707	0.486779	0.391645	0.434061	11
1.02	0.521954	0.355036	0.422610	0.035909	0.023622	0.028497	0.522147	0.425070	0.468634	12
1.02	0.551361	0.375121	0.446479	0.033444	0.023583	0.027661	0.551992	0.452414	0.497266	12
1.02	0.571052	0.388561	0.462454	0.033818	0.023636	0.027825	0.571963	0.471260	0.516751	12
1.02	0.595413	0.405137	0.482183	0.037234	0.023791	0.029032	0.596675	0.493667	0.540305	12
1.02	0.608967	0.414769	0.493449	0.030309	0.023877	0.026711	0.610287	0.506553	0.553602	12
1.02	0.620331	0.422833	0.502886	0.031647	0.024117	0.027374	0.621834	0.517022	0.564605	11
1.02	0.633341	0.432315	0.513867	0.032222	0.024238	0.027666	0.635055	0.529451	0.577465	12
1.02	0.641763	0.438065	0.520701	0.034456	0.024284	0.028489	0.643646	0.536898	0.585446	12
1.02	0.646492	0.441051	0.524368	0.034734	0.024184	0.028514	0.648555	0.540636	0.589698	11
1.02	0.648075	0.442470	0.525891	0.034989	0.024475	0.028803	0.650229	0.541946	0.591170	11
1.02	0.648935	0.443590	0.526965	0.035370	0.024872	0.029206	0.650787	0.542244	0.591578	11
1.02	0.649645	0.444561	0.527884	0.035589	0.025162	0.029481	0.651344	0.542672	0.592063	11
1.02	0.647232	0.443441	0.526297	0.035692	0.025607	0.029820	0.648778	0.540515	0.589719	10
1.03	0.648672	0.445009	0.527877	0.035800	0.025935	0.030080	0.650396	0.541854	0.591184	10
1.03	0.650452	0.446278	0.529360	0.036004	0.026059	0.030234	0.652181	0.543248	0.592751	10
1.02	0.652912	0.447771	0.531225	0.036227	0.026081	0.030328	0.654636	0.544950	0.594778	10
1.02	0.652008	0.447249	0.530558	0.033996	0.025830	0.029356	0.653743	0.543836	0.593746	11
1.03	0.646918	0.444337	0.526824	0.032922	0.026416	0.029313	0.648611	0.537476	0.587837	12
1.03	0.634152	0.435899	0.516660	0.032334	0.026702	0.029250	0.635502	0.523707	0.574213	12
1.03	0.608639	0.418726	0.496130	0.033561	0.027181	0.030036	0.609450	0.498845	0.548629	12
1.03	0.583008	0.401180	0.475297	0.032485	0.027218	0.029619	0.583064	0.474830	0.523410	11
1.03	0.556520	0.383036	0.453761	0.030984	0.027014	0.028863	0.555841	0.450322	0.497548	12
1.03	0.532604	0.367132	0.434652	0.030403	0.026947	0.028571	0.531518	0.429058	0.474824	12
1.03	0.527216	0.363772	0.430503	0.030479	0.026918	0.028588	0.525940	0.424605	0.469871	12
1.03	0.520921	0.359740	0.425581	0.030336	0.026858	0.028491	0.519580	0.419491	0.464202	12
1.03	0.513443	0.355036	0.419793	0.030053	0.026749	0.028305	0.511826	0.413699	0.457561	12
1.04	0.506569	0.351228	0.414833	0.030398	0.026838	0.028507	0.504798	0.408855	0.451789	12
1.04	0.501129	0.347943	0.410717	0.030410	0.026848	0.028519	0.499219	0.403927	0.446546	12
1.04	0.498013	0.346151	0.408422	0.030148	0.026823	0.028389	0.496095	0.400655	0.443296	12
1.04	0.494530	0.344284	0.405951	0.030242	0.026753	0.028391	0.492525	0.398302	0.440431	12
1.04	0.506428	0.352946	0.415981	0.030380	0.026905	0.028537	0.505021	0.409701	0.452394	12
1.04	0.516761	0.360263	0.424549	0.030956	0.027084	0.028891	0.515899	0.418190	0.461934	12
1.04	0.514533	0.359516	0.423278	0.031230	0.027088	0.029012	0.513835	0.416907	0.460324	12
1.05	0.512463	0.359217	0.422370	0.030371	0.027225	0.028712	0.511659	0.416023	0.458912	12
1.05	0.504511	0.354887	0.416674	0.030474	0.027371	0.028839	0.503626	0.408781	0.451274	12
1.05	0.499629	0.352348	0.413259	0.030571	0.027785	0.029111	0.498494	0.404838	0.446811	12
1.06	0.496937	0.351303	0.411618	0.030212	0.027859	0.028988	0.496039	0.402765	0.444562	12
1.06	0.498785	0.352498	0.413072	0.029756	0.027956	0.028828	0.498048	0.403992	0.446116	12
1.06	0.506020	0.357724	0.419142	0.029854	0.028426	0.029122	0.505802	0.409394	0.452520	12
1.06	0.509516	0.359815	0.421776	0.029671	0.028480	0.029064	0.509595	0.411784	0.455498	12
1.05	0.511877	0.360412	0.422994	0.029820	0.028501	0.029146	0.511771	0.412490	0.456798	12
1.05	0.512112	0.359890	0.422714	0.029718	0.028587	0.029142	0.511882	0.410287	0.455488	13
1.05	0.510638	0.358396	0.421182	0.029880	0.028601	0.029226	0.510432	0.406856	0.452796	13
1.05	0.501811	0.351751	0.413590	0.029739	0.028941	0.029334	0.501171	0.397884	0.443595	14
1.05	0.494085	0.346151	0.407095	0.035845	0.029195	0.032180	0.493213	0.390148	0.435668	14
1.05	0.492696	0.345031	0.405849	0.035796	0.029633	0.032425	0.491874	0.388075	0.433852	14
1.05	0.486153	0.340775	0.400685	0.039075	0.030133	0.034026	0.484919	0.381121	0.426800	14
1.05	0.481273	0.337714	0.396911	0.038650	0.030161	0.033882	0.479843	0.375942	0.421585	14
1.05	0.478616	0.336743	0.395337	0.046631	0.031722	0.037758	0.476552	0.373376	0.418701	14
1.05	0.478569	0.337639	0.395937	0.047642	0.032909	0.038928	0.475892	0.373264	0.418376	14
1.06	0.476819	0.337116	0.394979	0.048025	0.033513	0.039477	0.473781	0.372046	0.416795	14
1.06	0.471654	0.334204	0.391207	0.047562	0.033722	0.039464	0.468203	0.368141	0.412186	14
1.06	0.467528	0.332188	0.388406	0.047542	0.033795	0.039506	0.464000	0.365129	0.408669	14
1.06	0.458626	0.326514	0.381455	0.047390	0.034172	0.039710	0.454851	0.357114	0.400101	14
1.07	0.452062	0.322482	0.376433	0.046994	0.034196	0.039586	0.448101	0.351629	0.394046	14
1.07	0.444340	0.318002	0.370702	0.047446	0.034271	0.039796	0.439864	0.345734	0.387160	14
1.07	0.438657	0.315015	0.366694	0.047213	0.034498	0.039866	0.434230	0.342034	0.382657	14
1.08	0.435552	0.314119	0.365001	0.047282	0.034950	0.040191	0.431394	0.340732	0.380740	13
1.08	0.441714	0.319421	0.370743	0.046980	0.035672	0.040553	0.437846	0.347073	0.387211	13
1.08	0.447718	0.324498	0.376277	0.046985	0.036042	0.040792	0.444271	0.353516	0.393732	12
1.09	0.446157	0.324199	0.375524	0.046752	0.036499	0.040994	0.442607	0.353237	0.392904	12
1.09	0.447425	0.326290	0.377375	0.047471	0.037298	0.041774	0.444178	0.354790	0.394484	12
1.09	0.443380	0.324797	0.374935	0.048472	0.037451	0.042255	0.439920	0.352949	0.391664	12
1.10	0.439830	0.324199	0.373265	0.048839	0.038815	0.043254	0.435940	0.351220	0.389021	12
1.11	0.440274	0.325842	0.374512	0.048932	0.039195	0.043525	0.437065	0.353284	0.390734	12
1.11	0.444823	0.331367	0.379803	0.048728	0.039434	0.043591	0.442681	0.360415	0.397335	12
1.12	0.444456	0.333383	0.380989	0.048408	0.039561	0.043540	0.442848	0.363483	0.399260	12
1.13	0.443259	0.335100	0.381665	0.048570	0.039768	0.043730	0.442867	0.365882	0.400710	12
1.14	0.434119	0.331367	0.375847	0.049428	0.039900	0.044156	0.433495	0.361298	0.394118	12
1.15	0.427448	0.328604	0.371565	0.049351	0.039651	0.043972	0.427638	0.357542	0.389461	12
1.16	0.415429	0.321661	0.362581	0.049712	0.039708	0.044150	0.415123	0.347789	0.378485	12
1.16	0.405452	0.315389	0.354794	0.052526	0.039821	0.045299	0.404561	0.338268	0.368457	12
1.17	0.397710	0.311207	0.349181	0.051878	0.039750	0.045011	0.397718	0.332275	0.362063	13
1.18	0.390323	0.307175	0.343793	0.050499	0.039535	0.044349	0.390578	0.326654	0.355767	14
1.18	0.385672	0.303890	0.339932	0.050499	0.039083	0.044064	0.386757	0.322796	0.351893	14
1.18	0.381650	0.301575	0.336920	0.050114	0.038982	0.043852	0.384005	0.319802	0.348975	14
1.18	0.385118	0.303741	0.339623	0.050880	0.039107	0.044223	0.389481	0.322414	0.352789	14
1.17	0.390842	0.307175	0.343994	0.050897	0.039028	0.044179	0.396240	0.327506	0.358609	14
1.18	0.389304	0.307101	0.343351	0.051026	0.038942	0.044172	0.396315	0.327794	0.358812	14
1.17	0.401429	0.314567	0.352729	0.051936	0.039146	0.044643	0.409880	0.338008	0.370490	14
1.17	0.409434	0.319495	0.358916	0.052204	0.038317	0.044195	0.420293	0.344991	0.378937	14
1.17	0.417376	0.326066	0.366113	0.052247	0.037242	0.043486	0.431598	0.355022	0.389583	14
1.17	0.421499	0.329948	0.370147	0.051120	0.036418	0.042535	0.439287	0.361549	0.396645	14
1.17	0.430113	0.336370	0.377509	0.051380	0.036635	0.042772	0.450340	0.370577	0.406584	14
1.16	0.441515	0.343836	0.386601	0.050342	0.036069	0.042027	0.462979	0.381065	0.418047	14
1.15	0.453752	0.349436	0.394820	0.048988	0.035739	0.041328	0.474527	0.389395	0.427767	14
1.14	0.464600	0.354738	0.402303	0.044139	0.035297	0.039226	0.484921	0.396471	0.436258	14
1.13	0.474782	0.358471	0.408509	0.038440	0.034999	0.036639	0.493269	0.402235	0.443125	15
1.11	0.487136	0.363324	0.416218	0.038315	0.034720	0.036429	0.502269	0.409887	0.451400	15
1.11	0.491371	0.363548	0.417904	0.037080	0.034480	0.035732	0.504760	0.411375	0.453308	15
1.10	0.493466	0.363697	0.418759	0.037628	0.034412	0.035948	0.505337	0.411579	0.453664	15
1.10	0.491679	0.361756	0.416828	0.037349	0.034255	0.035735	0.502678	0.408976	0.451011	15
1.10	0.489703	0.360412	0.415226	0.037220	0.034224	0.035659	0.500651	0.406280	0.448555	15
1.10	0.489669	0.359217	0.414420	0.037500	0.034281	0.035819	0.498903	0.404095	0.446522	15
1.10	0.488398	0.358322	0.413368	0.036393	0.034445	0.035392	0.497239	0.401742	0.444418	15
1.10	0.484442	0.355708	0.410212	0.037245	0.034505	0.035822	0.492887	0.397828	0.440285	15
1.11	0.469552	0.348316	0.399949	0.037236	0.034583	0.035860	0.478978	0.386792	0.427977	15
1.12	0.448458	0.336519	0.384507	0.036732	0.034413	0.035535	0.458273	0.369861	0.409348	15
1.14	0.425609	0.324871	0.368479	0.036596	0.034513	0.035524	0.436842	0.353107	0.390537	15
1.15	0.414464	0.319645	0.360931	0.036382	0.034611	0.035475	0.426652	0.346032	0.382136	15
1.17	0.403907	0.314941	0.353918	0.036273	0.034650	0.035443	0.416806	0.340500	0.374809	15
1.19	0.389783	0.309341	0.344934	0.036210	0.034922	0.035554	0.404357	0.332867	0.365145	15
1.20	0.374640	0.301127	0.333885	0.036415	0.034790	0.035584	0.389866	0.323002	0.353298	15
1.22	0.364410	0.297394	0.327509	0.037090	0.034943	0.035984	0.380382	0.317396	0.346046	15
1.23	0.358705	0.296274	0.324514	0.037497	0.035459	0.036449	0.375892	0.316066	0.343393	15
1.25	0.354640	0.296200	0.322796	0.037148	0.035543	0.036328	0.373651	0.316224	0.342547	14
1.26	0.355005	0.298439	0.324274	0.036770	0.035438	0.036092	0.376100	0.319943	0.345756	14
1.27	0.355499	0.300978	0.325974	0.036966	0.035545	0.036242	0.378681	0.323876	0.349141	14
1.27	0.361937	0.306429	0.331878	0.037172	0.036092	0.036624	0.385855	0.330933	0.356290	14
1.26	0.369865	0.311954	0.338450	0.037186	0.036305	0.036740	0.393698	0.338296	0.363901	14
1.25	0.383515	0.320317	0.349079	0.037247	0.036787	0.037015	0.407096	0.348626	0.375599	14
1.23	0.405139	0.334354	0.366359	0.037934	0.036930	0.037425	0.429659	0.367081	0.395913	15
1.22	0.417138	0.341671	0.375652	0.045188	0.037795	0.041162	0.441206	0.376825	0.406482	15
1.21	0.427887	0.346898	0.383159	0.045340	0.038457	0.041616	0.450764	0.383380	0.414350	15
1.20	0.435125	0.350556	0.388289	0.046192	0.038863	0.042212	0.456426	0.388131	0.419517	15
1.20	0.438526	0.352871	0.391063	0.046571	0.039485	0.042736	0.458448	0.389302	0.421055	14
1.20	0.447671	0.358023	0.397859	0.047206	0.040580	0.043643	0.466682	0.394732	0.427702	14
1.19	0.455041	0.361233	0.402747	0.047528	0.041149	0.044109	0.472461	0.398204	0.432166	14
1.18	0.465326	0.366236	0.409877	0.059395	0.042201	0.049343	0.480726	0.403851	0.438948	15
1.17	0.472050	0.370119	0.414916	0.059613	0.042598	0.049689	0.487281	0.408416	0.444377	15
1.16	0.478473	0.372583	0.418940	0.060036	0.042604	0.049839	0.493278	0.411401	0.448634	15
1.16	0.486356	0.376615	0.424508	0.059775	0.042616	0.049758	0.501330	0.416821	0.455186	15
1.15	0.488251	0.376988	0.425466	0.056493	0.042766	0.048680	0.502724	0.417937	0.456426	16
1.16	0.484407	0.374599	0.422484	0.055467	0.042738	0.048277	0.498977	0.415092	0.453185	17
1.16	0.479159	0.370791	0.418066	0.054915	0.042303	0.047791	0.493427	0.410062	0.447898	17
1.16	0.473192	0.366385	0.412995	0.053832	0.042414	0.047446	0.486779	0.404232	0.441682	17
1.16	0.461516	0.357724	0.403045	0.053381	0.042158	0.047111	0.473735	0.392765	0.429466	17
1.17	0.441359	0.344210	0.386777	0.052847	0.041396	0.046426	0.453405	0.375397	0.410730	16
1.17	0.423614	0.332711	0.372700	0.051750	0.040525	0.045455	0.435805	0.360595	0.394649	16
1.18	0.407373	0.322631	0.360083	0.049399	0.039895	0.044141	0.419212	0.347886	0.380233	17
1.20	0.392371	0.314119	0.348911	0.053497	0.039579	0.045497	0.405127	0.336130	0.367417	17
1.22	0.377454	0.307250	0.338753	0.052308	0.039333	0.044902	0.392331	0.326325	0.356297	18
1.24	0.363383	0.302173	0.329963	0.052892	0.038962	0.044871	0.382037	0.320263	0.348433	19
1.27	0.350452	0.298066	0.322143	0.051195	0.038797	0.044142	0.372039	0.315019	0.341163	19
1.31	0.337094	0.294482	0.314351	0.053729	0.038803	0.045062	0.362293	0.310091	0.334166	19
1.34	0.327066	0.292242	0.308675	0.046402	0.038555	0.042116	0.355869	0.307167	0.329729	19
1.36	0.320781	0.291944	0.305684	0.043668	0.038660	0.041011	0.353038	0.306571	0.328168	19
1.38	0.315593	0.290898	0.302743	0.045331	0.038910	0.041876	0.349366	0.305251	0.325822	18
1.38	0.315301	0.291570	0.302972	0.049435	0.039264	0.043766	0.349024	0.306348	0.326297	18
1.37	0.322704	0.295453	0.308478	0.049518	0.038907	0.043576	0.355543	0.311217	0.331906	18
1.35	0.337397	0.303741	0.319686	0.048239	0.039000	0.043130	0.369339	0.322178	0.344150	18
1.33	0.348146	0.310610	0.328309	0.048958	0.039118	0.043488	0.380544	0.331652	0.354420	18
1.32	0.360975	0.318525	0.338424	0.049466	0.039140	0.043701	0.394717	0.342995	0.367043	20
1.30	0.372223	0.323975	0.346427	0.049088	0.039007	0.043471	0.404156	0.349699	0.374960	20
1.29	0.382874	0.330844	0.354963	0.049329	0.039373	0.043792	0.414173	0.358541	0.384354	20
1.27	0.398442	0.339954	0.366882	0.048206	0.039005	0.043120	0.428482	0.370125	0.397171	20
1.26	0.410788	0.347420	0.376456	0.048041	0.038911	0.042997	0.441091	0.379665	0.408079	20
1.25	0.423303	0.354812	0.386043	0.046632	0.039065	0.042514	0.453343	0.388761	0.418576	20
1.24	0.431364	0.359217	0.391999	0.060673	0.039932	0.048164	0.459967	0.393587	0.424196	19
1.24	0.437618	0.363772	0.397293	0.065196	0.040428	0.049908	0.465927	0.398235	0.429430	19
1.25	0.434468	0.363100	0.395591	0.070069	0.041135	0.051838	0.462451	0.396357	0.426861	20
1.26	0.431247	0.362727	0.394030	0.071946	0.041516	0.052651	0.459900	0.395502	0.425277	21
1.27	0.426188	0.362353	0.391687	0.072204	0.042279	0.053331	0.456590	0.394442	0.423247	21
1.29	0.423167	0.364145	0.391444	0.070948	0.043023	0.053564	0.455737	0.396599	0.424116	21
1.30	0.418299	0.363548	0.389006	0.070606	0.043767	0.054038	0.451769	0.395744	0.421904	21
1.32	0.409948	0.361831	0.384390	0.069698	0.043954	0.053911	0.446242	0.392973	0.417917	21
1.34	0.398870	0.358546	0.377634	0.070523	0.044070	0.054243	0.437575	0.388473	0.411565	21
1.37	0.384859	0.353394	0.368456	0.069594	0.043984	0.053902	0.426139	0.381872	0.402793	21
1.40	0.370769	0.347570	0.358794	0.069968	0.044036	0.054053	0.414010	0.373904	0.392936	21
1.42	0.360320	0.342940	0.351415	0.070915	0.043847	0.054189	0.405120	0.367777	0.385546	21
1.44	0.349168	0.336967	0.342959	0.068906	0.043382	0.053243	0.395590	0.359781	0.376837	21
1.45	0.342006	0.331740	0.336795	0.059032	0.042837	0.049647	0.388035	0.353115	0.369752	20
1.45	0.338362	0.328231	0.333220	0.058256	0.042387	0.049070	0.383420	0.348410	0.365078	20
1.45	0.335720	0.325618	0.330592	0.060016	0.042076	0.049470	0.380283	0.344840	0.361695	20
1.45	0.334284	0.323677	0.328895	0.056034	0.041506	0.047688	0.378520	0.342627	0.359680	20
1.45	0.332152	0.321959	0.326976	0.052091	0.040820	0.045772	0.376423	0.340396	0.357504	21
1.44	0.330372	0.319346	0.324766	0.045984	0.040493	0.043064	0.373812	0.337514	0.354737	21
1.44	0.334111	0.320989	0.327418	0.045737	0.040501	0.042960	0.377544	0.339894	0.357731	20
1.43	0.336410	0.321138	0.328597	0.045641	0.040518	0.042927	0.379095	0.340042	0.358508	20
1.42	0.337564	0.319719	0.328399	0.045319	0.040279	0.042651	0.379160	0.338322	0.357579	20
1.40	0.341722	0.320391	0.330713	0.045217	0.040191	0.042556	0.381948	0.339001	0.359195	20
1.39	0.345628	0.322557	0.333694	0.045205	0.040295	0.042609	0.385653	0.341223	0.362080	20
1.39	0.345694	0.321586	0.333204	0.045033	0.040332	0.042553	0.384826	0.339838	0.360935	20
1.38	0.347629	0.321362	0.333980	0.045074	0.040304	0.042556	0.386044	0.339856	0.361481	20
1.38	0.350057	0.323005	0.335987	0.045063	0.040395	0.042602	0.388485	0.341753	0.363624	21
1.38	0.353756	0.325917	0.339266	0.050676	0.040602	0.045083	0.392805	0.345361	0.367558	21
1.37	0.356719	0.327634	0.341558	0.053710	0.040944	0.046466	0.395671	0.347666	0.370118	22
1.37	0.356737	0.327783	0.341648	0.058763	0.041360	0.048549	0.395784	0.347722	0.370200	22
1.38	0.355800	0.327933	0.341299	0.059426	0.041730	0.049030	0.395330	0.347769	0.370027	22
1.38	0.358374	0.330546	0.343898	0.061641	0.041727	0.049766	0.399027	0.351534	0.373778	21
1.38	0.357960	0.331740	0.344352	0.062190	0.042398	0.050421	0.399999	0.353189	0.375140	21
1.40	0.354100	0.331442	0.342397	0.062507	0.042636	0.050693	0.398263	0.352687	0.374092	21
1.42	0.346498	0.329500	0.337786	0.062846	0.043819	0.051636	0.392262	0.349396	0.369590	21
1.43	0.343095	0.328903	0.335849	0.062952	0.044379	0.052059	0.390053	0.348150	0.367912	21
1.44	0.339153	0.327783	0.333371	0.062126	0.044364	0.051764	0.386868	0.346681	0.365673	21
1.46	0.333435	0.326141	0.329747	0.062097	0.044433	0.051800	0.382509	0.344096	0.362287	21
1.47	0.328162	0.323751	0.325942	0.061423	0.044484	0.051599	0.377883	0.340954	0.358469	21
1.49	0.322426	0.320765	0.321593	0.060574	0.044620	0.051387	0.372269	0.337114	0.353820	21
1.49	0.321049	0.320690	0.320870	0.060471	0.044604	0.051340	0.371410	0.336677	0.353191	21
1.49	0.321781	0.320989	0.321385	0.060564	0.044632	0.051391	0.371810	0.337039	0.353572	21
1.49	0.322508	0.321063	0.321784	0.060110	0.044516	0.051151	0.371964	0.337430	0.353856	21
1.47	0.328098	0.322855	0.325455	0.060491	0.044544	0.051307	0.375566	0.340108	0.356958	21
1.46	0.329726	0.323079	0.326369	0.060333	0.044722	0.051368	0.375690	0.340200	0.357066	21
1.46	0.332444	0.325543	0.328957	0.059777	0.044933	0.051303	0.378643	0.343083	0.359987	21
1.47	0.331693	0.327111	0.329386	0.060037	0.044934	0.051399	0.379742	0.345035	0.361557	21
1.48	0.331552	0.328978	0.330260	0.073608	0.044992	0.055848	0.381105	0.347211	0.363369	22
1.50	0.328449	0.329724	0.329086	0.070963	0.044898	0.054998	0.381423	0.348196	0.364053	22
1.51	0.330127	0.333159	0.331636	0.074034	0.044986	0.055965	0.385516	0.352984	0.368534	22
1.52	0.330494	0.336071	0.333259	0.073967	0.045235	0.056138	0.388322	0.356648	0.371811	22
1.52	0.331894	0.338610	0.335218	0.071166	0.045823	0.055750	0.391224	0.359586	0.374738	22
1.53	0.334259	0.341671	0.337924	0.065857	0.046069	0.054214	0.395330	0.363677	0.378843	22
1.52	0.336924	0.343314	0.340089	0.061010	0.046083	0.052506	0.397898	0.365936	0.381248	22
1.52	0.337804	0.344135	0.340940	0.061304	0.046396	0.052818	0.398711	0.366773	0.382075	22
1.51	0.340025	0.343986	0.341994	0.059665	0.046577	0.052315	0.399025	0.366066	0.381836	22
1.51	0.338738	0.343164	0.340937	0.059917	0.047309	0.052871	0.396738	0.364690	0.380039	22
1.52	0.336652	0.343388	0.339987	0.059921	0.048028	0.053319	0.395044	0.364337	0.379069	22
1.53	0.333406	0.341671	0.337488	0.060573	0.048737	0.054014	0.391312	0.361343	0.375731	23
1.55	0.328039	0.339282	0.333566	0.060647	0.049588	0.054563	0.385490	0.357494	0.370964	23

Fri Sep  3 01:19:51 2021
45.63	0.009861	0.326087	0.019143	0.014775	0.066356	0.024168	0.009676	0.327500	0.018797	81
41.78	0.008559	0.239304	0.016527	0.016566	0.308566	0.031444	0.008568	0.202469	0.016440	89
37.95	0.008352	0.212126	0.016070	0.016823	0.284428	0.031767	0.008379	0.178651	0.016007	88
34.05	0.008174	0.186291	0.015662	0.017033	0.250039	0.031894	0.008219	0.159002	0.015631	87
30.10	0.008131	0.163817	0.015493	0.017228	0.219905	0.031953	0.008236	0.142304	0.015571	87
26.15	0.008216	0.143806	0.015544	0.016956	0.196823	0.031222	0.008393	0.127288	0.015748	85
22.28	0.008367	0.124767	0.015682	0.017014	0.163708	0.030824	0.008599	0.113593	0.015988	85
18.54	0.008583	0.106474	0.015885	0.016621	0.128526	0.029435	0.008823	0.099230	0.016205	84
15.05	0.009171	0.092362	0.016684	0.016500	0.117953	0.028950	0.009469	0.088735	0.017112	81
11.95	0.010172	0.081386	0.018085	0.017475	0.109788	0.030150	0.010521	0.080228	0.018602	81
9.28	0.011387	0.070709	0.019615	0.017493	0.087360	0.029149	0.011747	0.072000	0.020199	80
7.10	0.012614	0.059957	0.020844	0.016981	0.072087	0.027487	0.013176	0.062572	0.021768	77
5.37	0.014468	0.052042	0.022642	0.013850	0.054011	0.022047	0.014783	0.056575	0.023441	74
4.03	0.017835	0.048159	0.026030	0.013978	0.038466	0.020505	0.018404	0.053526	0.027391	72
3.03	0.021877	0.044426	0.029318	0.014172	0.031604	0.019569	0.023143	0.050281	0.031697	69
2.31	0.027964	0.043232	0.033961	0.014068	0.024748	0.017939	0.030322	0.049500	0.037607	63
1.82	0.036765	0.044800	0.040386	0.014947	0.021878	0.017760	0.040560	0.051489	0.045376	58
1.49	0.047861	0.047861	0.047861	0.015738	0.020503	0.017808	0.049905	0.055450	0.052532	55
1.30	0.062613	0.054357	0.058193	0.016734	0.020808	0.018550	0.063379	0.063520	0.063450	52
1.17	0.079376	0.062271	0.069791	0.015681	0.021280	0.018057	0.078889	0.073422	0.076058	50
1.11	0.098739	0.073098	0.084005	0.015229	0.022427	0.018140	0.097875	0.086104	0.091613	50
1.07	0.115381	0.082506	0.096212	0.014756	0.015984	0.015346	0.114480	0.097655	0.105400	48
1.04	0.135475	0.094154	0.111096	0.014637	0.016836	0.015660	0.135204	0.111927	0.122469	47
1.02	0.153813	0.105130	0.124895	0.014532	0.017459	0.015862	0.153855	0.125706	0.138363	45
1.01	0.172657	0.116927	0.139429	0.014430	0.017997	0.016018	0.172598	0.139856	0.154512	44
1.01	0.184869	0.124617	0.148878	0.014588	0.012734	0.013598	0.184536	0.149368	0.165100	43
1.01	0.199534	0.134249	0.160507	0.014956	0.013356	0.014111	0.199041	0.160906	0.177953	40
1.00	0.210064	0.141193	0.168877	0.015570	0.013479	0.014449	0.209528	0.169488	0.187393	36
1.00	0.219851	0.147689	0.176686	0.015787	0.013603	0.014614	0.219290	0.177985	0.196491	31
1.00	0.227263	0.152617	0.182606	0.016449	0.013540	0.014854	0.226710	0.184224	0.203271	28
1.00	0.236347	0.158665	0.189868	0.016751	0.013508	0.014956	0.235691	0.191346	0.211216	26
1.00	0.241103	0.161876	0.193701	0.016613	0.013328	0.014790	0.240377	0.195818	0.215822	22
1.00	0.246472	0.165609	0.198106	0.016514	0.013190	0.014666	0.245677	0.200867	0.221023	18
1.00	0.253247	0.170313	0.203661	0.016156	0.013111	0.014475	0.252371	0.206761	0.227301	13
1.01	0.267037	0.179646	0.214793	0.016302	0.013276	0.014634	0.266094	0.218848	0.240169	11
1.01	0.280546	0.188755	0.225674	0.015652	0.013416	0.014448	0.279817	0.230116	0.252545	11
1.01	0.290276	0.195475	0.233625	0.015831	0.013603	0.014633	0.289468	0.238689	0.261637	9
1.01	0.297462	0.200403	0.239472	0.015909	0.013660	0.014699	0.296497	0.245160	0.268395	9
1.01	0.307318	0.207272	0.247570	0.015973	0.013724	0.014763	0.306259	0.253732	0.277532	9
1.01	0.328357	0.221683	0.264676	0.016267	0.014016	0.015058	0.327290	0.271983	0.297084	9
1.01	0.357174	0.241245	0.287981	0.016762	0.014338	0.015456	0.356131	0.296993	0.323885	8
1.01	0.398636	0.270589	0.322363	0.017069	0.014873	0.015896	0.397579	0.334001	0.363027	6
1.02	0.430779	0.293437	0.349085	0.017288	0.015319	0.016244	0.430046	0.362256	0.393251	5
1.02	0.451154	0.307922	0.366025	0.017591	0.015713	0.016599	0.450798	0.381130	0.413047	5
1.02	0.462386	0.316658	0.375892	0.017636	0.015830	0.016685	0.462401	0.392491	0.424588	5
1.03	0.463144	0.318077	0.377141	0.017722	0.015971	0.016801	0.463126	0.394109	0.425839	5
1.03	0.453824	0.311879	0.369695	0.017743	0.016102	0.016883	0.453531	0.385481	0.416746	5
1.03	0.449099	0.308967	0.366081	0.017828	0.016166	0.016956	0.448622	0.381353	0.412261	5
1.03	0.446351	0.306877	0.363701	0.017927	0.016325	0.017088	0.445777	0.378387	0.409327	5
1.03	0.440927	0.302621	0.358911	0.017800	0.016321	0.017029	0.440199	0.372539	0.403553	5
1.02	0.440571	0.301949	0.358320	0.017827	0.016428	0.017099	0.439864	0.371516	0.402811	5
1.02	0.446249	0.305607	0.362774	0.017564	0.016533	0.017033	0.445666	0.376016	0.407889	5
1.02	0.455507	0.311879	0.370252	0.017472	0.016732	0.017094	0.455093	0.383873	0.416460	5
1.02	0.449508	0.307101	0.364903	0.017491	0.017054	0.017270	0.448845	0.377048	0.409826	6
1.02	0.446951	0.304786	0.362426	0.017476	0.017213	0.017344	0.446279	0.373590	0.406712	5
1.02	0.438789	0.298663	0.355413	0.017415	0.017281	0.017348	0.438023	0.366012	0.398793	5
1.02	0.425714	0.289256	0.344463	0.017282	0.017285	0.017283	0.424914	0.353479	0.385918	5
1.01	0.401322	0.272082	0.324300	0.017073	0.017181	0.017127	0.400312	0.332067	0.363010	5
1.01	0.381461	0.258419	0.308110	0.017044	0.017188	0.017115	0.380286	0.313757	0.343832	5
1.01	0.364127	0.246621	0.294071	0.017002	0.017184	0.017093	0.362658	0.297495	0.326860	5
1.01	0.354892	0.240499	0.286706	0.017084	0.017429	0.017255	0.353286	0.289834	0.318430	7
1.01	0.352332	0.238632	0.284544	0.016985	0.017464	0.017221	0.350720	0.287584	0.316029	7
1.01	0.344512	0.233182	0.278119	0.016902	0.017503	0.017197	0.342910	0.280788	0.308755	7
1.01	0.344584	0.233256	0.278196	0.025983	0.017734	0.021080	0.342910	0.280425	0.308536	7
1.01	0.346790	0.234749	0.279977	0.026157	0.017913	0.021264	0.345085	0.281875	0.310294	7
1.01	0.348991	0.236317	0.281809	0.027440	0.018129	0.021833	0.347038	0.283884	0.312300	7
1.01	0.363326	0.246323	0.293597	0.025643	0.018464	0.021469	0.361430	0.296407	0.325705	8
1.01	0.376031	0.255357	0.304162	0.024153	0.018501	0.020953	0.374540	0.307323	0.337618	8
1.02	0.388243	0.264317	0.314513	0.024283	0.019044	0.021346	0.386701	0.318777	0.349469	8
1.02	0.394993	0.269768	0.320586	0.024639	0.019312	0.021653	0.393116	0.326234	0.356566	9
1.02	0.409859	0.280594	0.333127	0.024818	0.019613	0.021911	0.408345	0.340654	0.371441	9
1.03	0.435522	0.300082	0.355334	0.024685	0.020134	0.022179	0.434620	0.365348	0.396985	9
1.03	0.465486	0.321735	0.380486	0.024814	0.020526	0.022467	0.465748	0.393523	0.426600	9
1.04	0.502476	0.348466	0.411534	0.025766	0.021197	0.023259	0.504184	0.427747	0.462831	8
1.04	0.523810	0.363847	0.429415	0.025707	0.021430	0.023374	0.526442	0.447285	0.483646	8
1.04	0.553853	0.385873	0.454849	0.026701	0.021937	0.024085	0.558016	0.476386	0.513980	8
1.04	0.576523	0.401926	0.473647	0.026747	0.022297	0.024320	0.581334	0.496417	0.535530	8
1.04	0.596123	0.415590	0.489749	0.026644	0.022539	0.024420	0.601975	0.514770	0.554968	8
1.04	0.619951	0.432017	0.509197	0.026354	0.022753	0.024422	0.626687	0.535773	0.577675	8
1.04	0.637805	0.444411	0.523828	0.026560	0.022911	0.024601	0.645264	0.551793	0.594879	8
1.04	0.645847	0.451654	0.531570	0.027882	0.023177	0.025313	0.654561	0.561490	0.604464	8
1.05	0.648536	0.454939	0.534755	0.039130	0.023154	0.029094	0.658020	0.566092	0.608604	8
1.05	0.645568	0.454640	0.533538	0.034215	0.023207	0.027656	0.655733	0.565339	0.607190	8
1.06	0.636902	0.450011	0.527389	0.036168	0.023276	0.028324	0.647272	0.558952	0.599878	9
1.06	0.624236	0.442321	0.517764	0.036153	0.023187	0.028254	0.634274	0.549412	0.588801	9
1.06	0.606242	0.430747	0.503645	0.039580	0.023153	0.029216	0.615307	0.534471	0.572048	9

Fri Sep  3 01:48:39 2021
42.44	0.009426	0.289855	0.018259	0.012613	0.085943	0.021997	0.009215	0.255833	0.017789	87
37.27	0.013474	0.336071	0.025909	0.015454	0.307514	0.029428	0.013477	0.319783	0.025864	88
32.68	0.014331	0.313447	0.027408	0.015422	0.273753	0.029200	0.014333	0.303998	0.027375	88
28.35	0.015520	0.294482	0.029487	0.015964	0.238918	0.029928	0.015554	0.290364	0.029527	88
24.30	0.016938	0.275442	0.031914	0.015570	0.199905	0.028891	0.017017	0.276609	0.032061	88
20.55	0.018186	0.250056	0.033905	0.015824	0.161612	0.028826	0.018295	0.255314	0.034143	87
17.15	0.020332	0.233406	0.037406	0.015046	0.135977	0.027094	0.020487	0.243233	0.037790	83
14.12	0.022431	0.211902	0.040568	0.015493	0.108236	0.027107	0.022626	0.223476	0.041091	83
11.54	0.025008	0.193161	0.044283	0.015965	0.092934	0.027249	0.025265	0.208104	0.045060	83
9.37	0.028398	0.178078	0.048984	0.016114	0.067279	0.026000	0.028919	0.195868	0.050398	81
7.52	0.032224	0.162100	0.053760	0.017250	0.051614	0.025858	0.032697	0.181792	0.055425	78
5.97	0.036196	0.144553	0.057896	0.019030	0.045028	0.026754	0.037203	0.164517	0.060684	73
4.66	0.041781	0.130367	0.063282	0.027012	0.037344	0.031349	0.043457	0.150841	0.067474	70
3.61	0.050523	0.121929	0.071443	0.027755	0.028710	0.028224	0.054621	0.144239	0.079236	65
2.75	0.063828	0.117524	0.082727	0.029438	0.011929	0.016978	0.071102	0.140167	0.094346	64
2.08	0.084769	0.117897	0.098626	0.024808	0.007740	0.011798	0.093229	0.142547	0.112730	59
1.62	0.110699	0.120287	0.115294	0.025417	0.007610	0.011713	0.118814	0.145653	0.130871	53
1.34	0.144120	0.129023	0.136154	0.025751	0.007774	0.011943	0.150534	0.156958	0.153679	50
1.17	0.180764	0.142014	0.159063	0.025751	0.007905	0.012096	0.184808	0.174884	0.179709	48
1.09	0.220797	0.160606	0.185952	0.014974	0.008394	0.010758	0.223534	0.198713	0.210394	44
1.04	0.260670	0.181961	0.214317	0.017601	0.009203	0.012086	0.261929	0.225890	0.242578	43
1.03	0.303043	0.208168	0.246802	0.020145	0.008439	0.011895	0.304009	0.259733	0.280132	41
1.01	0.341877	0.232062	0.276463	0.020502	0.009467	0.012953	0.342873	0.290154	0.314318	39
1.01	0.380894	0.256925	0.306862	0.032327	0.010570	0.015931	0.381550	0.321751	0.349108	39
1.00	0.416342	0.279624	0.334554	0.032001	0.011596	0.017023	0.416918	0.349727	0.380378	37
1.00	0.440053	0.295154	0.353325	0.032085	0.012756	0.018255	0.440589	0.367972	0.401020	36
1.00	0.457312	0.306354	0.366913	0.032247	0.013706	0.019236	0.457548	0.380235	0.415324	34
1.00	0.470956	0.315389	0.377784	0.032008	0.014539	0.019996	0.471159	0.389412	0.426403	33
1.00	0.476302	0.318898	0.382021	0.031915	0.015193	0.020586	0.476403	0.392703	0.430523	29
1.00	0.476297	0.318823	0.381966	0.020645	0.015595	0.017768	0.476347	0.391839	0.429980	28
1.00	0.471048	0.315239	0.377706	0.020950	0.015867	0.018058	0.471048	0.386493	0.424601	25
1.00	0.467366	0.312775	0.374754	0.020551	0.016035	0.018014	0.467366	0.383694	0.421417	23
1.00	0.457213	0.305981	0.366613	0.020984	0.016263	0.018324	0.457213	0.374053	0.411473	19
1.00	0.441383	0.295453	0.353967	0.020852	0.016345	0.018326	0.441370	0.359474	0.396235	16
1.00	0.420078	0.281192	0.336882	0.020478	0.016317	0.018162	0.420060	0.339661	0.375607	15
1.00	0.399888	0.267677	0.320691	0.019439	0.016300	0.017731	0.399866	0.321829	0.356628	14
1.00	0.383157	0.256477	0.307273	0.018607	0.016086	0.017255	0.383131	0.308106	0.341547	11
1.00	0.364600	0.244083	0.292410	0.019596	0.015698	0.017432	0.364554	0.293555	0.325225	9
1.00	0.342220	0.229075	0.274443	0.020564	0.015609	0.017748	0.342185	0.274203	0.304445	9
1.00	0.334486	0.223923	0.268259	0.020871	0.015510	0.017796	0.334430	0.268095	0.297611	8
1.00	0.340509	0.227955	0.273089	0.022418	0.015600	0.018397	0.340455	0.274432	0.303899	7
1.00	0.350993	0.234973	0.281497	0.021004	0.015811	0.018041	0.350943	0.283627	0.313715	7
1.00	0.381244	0.255283	0.305800	0.022544	0.016243	0.018882	0.381178	0.311867	0.343057	7
1.00	0.412440	0.276264	0.330889	0.023058	0.016661	0.019344	0.412362	0.340145	0.372788	7
1.00	0.446870	0.299559	0.358679	0.023095	0.016922	0.019532	0.446781	0.371412	0.405625	7
1.00	0.480756	0.322706	0.386186	0.023111	0.017158	0.019694	0.480754	0.402763	0.438316	7
1.00	0.517000	0.347420	0.415576	0.025133	0.017401	0.020564	0.517126	0.435862	0.473029	7
1.01	0.536312	0.361159	0.431644	0.019625	0.017434	0.018465	0.536595	0.455294	0.492612	6
1.01	0.552355	0.372209	0.444732	0.019693	0.017428	0.018491	0.552773	0.470421	0.508283	6
1.01	0.574748	0.387815	0.463130	0.019697	0.017407	0.018481	0.575533	0.490615	0.529692	6
1.01	0.598629	0.404241	0.482596	0.019862	0.017323	0.018506	0.599688	0.511878	0.552315	6
1.01	0.621380	0.419697	0.501003	0.020506	0.017232	0.018727	0.622727	0.531515	0.573517	6
1.01	0.630916	0.426043	0.508624	0.020612	0.017140	0.018716	0.632266	0.539492	0.582206	6
1.01	0.637139	0.429627	0.513200	0.020759	0.017185	0.018804	0.638235	0.543453	0.587043	6
1.01	0.638319	0.429851	0.513743	0.020881	0.017445	0.019009	0.639239	0.543471	0.587478	6
1.00	0.634284	0.426566	0.510089	0.020906	0.017678	0.019157	0.635055	0.538655	0.582896	6
1.00	0.630094	0.423654	0.506652	0.021029	0.018040	0.019420	0.630816	0.534620	0.578748	6
1.00	0.625819	0.420593	0.503081	0.020862	0.018168	0.019422	0.626409	0.530641	0.574561	6
1.00	0.622319	0.418054	0.500134	0.021123	0.018462	0.019703	0.622838	0.527080	0.570972	6
1.00	0.618984	0.415814	0.497454	0.020929	0.018512	0.019646	0.619491	0.524975	0.568330	6
1.00	0.608357	0.408721	0.488946	0.020996	0.018656	0.019757	0.608836	0.515054	0.558033	6
1.00	0.597844	0.401702	0.480529	0.020970	0.018882	0.019871	0.598293	0.506064	0.548327	7
1.00	0.578731	0.388860	0.465166	0.020690	0.018972	0.019794	0.579103	0.490016	0.530848	8
1.00	0.554036	0.372060	0.445169	0.025984	0.018902	0.021884	0.554279	0.467145	0.506995	9
1.00	0.530433	0.355932	0.426005	0.025873	0.018866	0.021821	0.530570	0.445881	0.484553	9
1.00	0.503339	0.337714	0.404218	0.023656	0.018566	0.020804	0.503403	0.422554	0.459449	9
1.00	0.482298	0.323453	0.387218	0.023383	0.018341	0.020557	0.482316	0.403397	0.439341	9
1.00	0.461085	0.309191	0.370162	0.023572	0.018273	0.020587	0.461062	0.384153	0.419109	8
1.00	0.446448	0.299410	0.358436	0.024692	0.018216	0.020965	0.446391	0.370653	0.405012	8
1.00	0.440338	0.295378	0.353577	0.024045	0.018236	0.020741	0.440254	0.364889	0.399044	8
1.00	0.434294	0.291421	0.348794	0.024815	0.018251	0.021033	0.434174	0.358660	0.392821	8
1.00	0.445790	0.299634	0.358384	0.025037	0.018456	0.021249	0.445610	0.369835	0.404202	8
1.01	0.455019	0.306279	0.366119	0.024643	0.018575	0.021183	0.454814	0.378370	0.413085	8
1.01	0.464128	0.312999	0.373868	0.024784	0.018753	0.021351	0.463907	0.386998	0.421977	8
1.01	0.462762	0.312701	0.373212	0.024876	0.018878	0.021466	0.462513	0.385381	0.420438	8
1.01	0.475744	0.322183	0.384187	0.026243	0.019258	0.022215	0.475678	0.397003	0.432794	9
1.01	0.479956	0.325394	0.387843	0.026318	0.019418	0.022348	0.479973	0.400619	0.436721	8
1.01	0.486582	0.330322	0.393507	0.026410	0.019625	0.022518	0.486667	0.406597	0.443044	9
1.02	0.494735	0.336743	0.400729	0.026743	0.020026	0.022902	0.494812	0.414593	0.451165	9
1.02	0.509015	0.347794	0.413236	0.027335	0.020339	0.023324	0.509483	0.428549	0.465525	9
1.02	0.525008	0.359740	0.426938	0.027631	0.020551	0.023571	0.526107	0.443535	0.481305	9
1.02	0.533609	0.365713	0.433989	0.027853	0.020765	0.023793	0.535033	0.449959	0.488822	9
