
Thu Sep  2 18:04:53 2021
41.74	0.013415	0.405797	0.025971	0.015095	0.083775	0.025581	0.013551	0.443750	0.026299	85
37.21	0.014133	0.351900	0.027174	0.017954	0.347652	0.034144	0.013934	0.358117	0.026825	88
32.18	0.014182	0.305458	0.027106	0.017978	0.300188	0.033924	0.013912	0.311399	0.026633	88
27.40	0.014782	0.271037	0.028034	0.018292	0.273259	0.034289	0.014365	0.277863	0.027318	88
23.08	0.016144	0.249384	0.030325	0.017634	0.220034	0.032651	0.015636	0.261285	0.029505	88
19.23	0.017477	0.224968	0.032434	0.016682	0.178518	0.030513	0.016908	0.240929	0.031599	86
15.85	0.019070	0.202270	0.034854	0.015852	0.130011	0.028259	0.018442	0.219945	0.034031	86
12.87	0.021140	0.182035	0.037880	0.014890	0.104409	0.026063	0.020490	0.200383	0.037178	86
10.35	0.023547	0.163070	0.041152	0.015244	0.087844	0.025980	0.023193	0.180607	0.041107	83
8.20	0.026543	0.145598	0.044900	0.015104	0.057314	0.023907	0.026513	0.163175	0.045615	82
6.42	0.030166	0.129695	0.048947	0.014830	0.044002	0.022183	0.030476	0.145100	0.050372	80
4.99	0.034117	0.113865	0.052503	0.023868	0.034968	0.028371	0.034903	0.127952	0.054845	75
3.83	0.038893	0.099754	0.055965	0.024265	0.029049	0.026442	0.039943	0.112369	0.058936	70
2.95	0.043603	0.086164	0.057904	0.013118	0.024702	0.017136	0.044149	0.096815	0.060644	60
2.30	0.048469	0.074591	0.058758	0.012144	0.018498	0.014662	0.048528	0.084384	0.061620	57
1.85	0.055163	0.068245	0.061011	0.012465	0.014919	0.013582	0.056427	0.077309	0.065238	52
1.54	0.062672	0.064735	0.063687	0.012760	0.012380	0.012567	0.064034	0.073617	0.068492	50
1.34	0.074602	0.066826	0.070500	0.013241	0.011515	0.012318	0.076323	0.075960	0.076141	46
1.20	0.089429	0.071754	0.079622	0.013671	0.011567	0.012531	0.092389	0.080888	0.086257	43
1.12	0.106768	0.079743	0.091298	0.014042	0.011968	0.012922	0.109152	0.089851	0.098566	41
1.07	0.122178	0.087284	0.101825	0.013660	0.012117	0.012842	0.124317	0.098265	0.109766	40
1.04	0.141644	0.098410	0.116134	0.013560	0.012683	0.013107	0.142884	0.111505	0.125259	39
1.02	0.169216	0.115657	0.137402	0.013504	0.013148	0.013324	0.169698	0.132880	0.149049	37
1.01	0.195587	0.132383	0.157895	0.013246	0.012804	0.013022	0.195600	0.154654	0.172734	33
1.01	0.234864	0.158142	0.189014	0.013246	0.013641	0.013441	0.234501	0.188181	0.208803	33
1.00	0.271586	0.182483	0.218292	0.013159	0.014271	0.013692	0.271319	0.219030	0.242387	31
1.00	0.308215	0.206750	0.247486	0.013084	0.014958	0.013958	0.308026	0.249656	0.275786	29
1.00	0.350440	0.235048	0.281373	0.013190	0.015531	0.014265	0.350366	0.285079	0.314369	29
1.00	0.382602	0.256477	0.307094	0.013208	0.015979	0.014462	0.382536	0.313189	0.344406	27
1.00	0.416110	0.278877	0.333944	0.013063	0.015761	0.014286	0.416155	0.342830	0.375951	24
1.00	0.443776	0.297320	0.356076	0.013037	0.015781	0.014279	0.443806	0.368407	0.402607	22
1.00	0.465404	0.311879	0.373480	0.013144	0.015991	0.014429	0.465562	0.388369	0.423476	18
1.00	0.475373	0.318525	0.381455	0.013263	0.016209	0.014589	0.475548	0.396978	0.432725	14
1.00	0.485959	0.325618	0.389949	0.013244	0.016300	0.014614	0.486147	0.406313	0.442659	13
1.00	0.490417	0.328604	0.393526	0.013286	0.016316	0.014646	0.490610	0.410497	0.446992	11
1.00	0.490474	0.328679	0.393598	0.013405	0.016543	0.014809	0.490721	0.410171	0.446845	10
1.00	0.495098	0.331815	0.397336	0.013462	0.016738	0.014922	0.495388	0.413881	0.450982	9
1.00	0.497159	0.333159	0.398963	0.013474	0.016862	0.014979	0.497397	0.415490	0.452769	8
1.00	0.498106	0.333831	0.399750	0.013525	0.017079	0.015095	0.498345	0.415703	0.453288	8
1.00	0.490810	0.328978	0.393920	0.013536	0.017242	0.015166	0.491037	0.408609	0.446047	9
1.00	0.479447	0.321362	0.384801	0.013505	0.017310	0.015173	0.479657	0.397769	0.434892	9
1.00	0.469704	0.314866	0.377006	0.014187	0.017518	0.015677	0.469932	0.388136	0.425136	9
1.00	0.458575	0.307474	0.368122	0.014107	0.017551	0.015642	0.458775	0.377686	0.414300	8
1.00	0.443714	0.297543	0.356217	0.014493	0.017667	0.015924	0.443880	0.363879	0.399918	8
1.00	0.425899	0.285597	0.341915	0.014730	0.017706	0.016082	0.426141	0.346893	0.382455	8
1.00	0.399933	0.268274	0.321133	0.014476	0.017537	0.015860	0.400201	0.323169	0.357584	8
1.00	0.382140	0.256253	0.306785	0.017922	0.017345	0.017629	0.382443	0.306229	0.340119	8
1.00	0.370366	0.248413	0.297372	0.016112	0.017158	0.016619	0.370616	0.295760	0.328984	8
1.00	0.360116	0.241619	0.289200	0.016022	0.017020	0.016506	0.360426	0.286481	0.319228	8
1.00	0.347497	0.233256	0.279140	0.015461	0.016797	0.016101	0.347819	0.274999	0.307152	8
1.00	0.345752	0.232136	0.277775	0.014673	0.016753	0.015644	0.346089	0.273381	0.305468	8
1.00	0.336001	0.225715	0.270031	0.015075	0.016635	0.015817	0.336327	0.264846	0.296337	9
1.00	0.320036	0.215038	0.257235	0.015450	0.016483	0.015950	0.320317	0.250426	0.281092	9
1.00	0.315889	0.212275	0.253919	0.015286	0.016476	0.015859	0.316189	0.246707	0.277159	9
1.00	0.317783	0.213619	0.255492	0.015894	0.016642	0.016260	0.318085	0.247971	0.278686	9
1.00	0.317975	0.213843	0.255714	0.015665	0.016759	0.016193	0.318364	0.248362	0.279040	9
1.01	0.315801	0.212499	0.254050	0.015979	0.016909	0.016431	0.316338	0.246288	0.276952	9
1.01	0.309458	0.208392	0.249063	0.016539	0.016982	0.016758	0.309904	0.240626	0.270906	9
1.01	0.307027	0.206824	0.247156	0.016429	0.017056	0.016736	0.307561	0.238479	0.268650	9
1.01	0.301906	0.203464	0.243097	0.016443	0.017095	0.016763	0.302391	0.234072	0.263881	9
1.01	0.291883	0.196819	0.235105	0.016500	0.017027	0.016759	0.292331	0.224793	0.254152	9
1.01	0.281682	0.190025	0.226948	0.016459	0.016976	0.016713	0.281993	0.215811	0.244503	9
1.01	0.265162	0.178899	0.213652	0.016542	0.016906	0.016722	0.265350	0.200517	0.228422	9
1.01	0.256997	0.173449	0.207115	0.016527	0.016975	0.016748	0.257020	0.192623	0.220210	9
1.01	0.247262	0.166878	0.199269	0.016508	0.016934	0.016718	0.247183	0.183986	0.210953	9
1.01	0.239991	0.162025	0.193448	0.016405	0.016931	0.016664	0.239819	0.176753	0.203512	9
1.01	0.234683	0.158441	0.189169	0.016463	0.016845	0.016652	0.234464	0.171936	0.198390	9
1.01	0.238501	0.161054	0.192272	0.016489	0.016908	0.016696	0.238358	0.175414	0.202098	10
1.01	0.241318	0.162921	0.194517	0.016653	0.016884	0.016768	0.241177	0.177747	0.204660	10
1.01	0.251466	0.169716	0.202657	0.016727	0.016923	0.016824	0.251441	0.187147	0.214582	11
1.01	0.271470	0.183155	0.218735	0.017174	0.017130	0.017152	0.271617	0.205073	0.233700	11
1.01	0.291754	0.196819	0.235063	0.017398	0.017246	0.017322	0.292034	0.223361	0.253122	11
1.01	0.304006	0.205107	0.244951	0.019222	0.017334	0.018229	0.304362	0.233839	0.264480	11
1.01	0.317473	0.214216	0.255818	0.019097	0.017444	0.018233	0.317993	0.245870	0.277319	11
1.01	0.321567	0.216979	0.259117	0.019291	0.017514	0.018359	0.322009	0.249236	0.280987	11
1.01	0.318911	0.215187	0.256977	0.019304	0.017451	0.018331	0.319331	0.247004	0.278549	11
1.01	0.312756	0.211080	0.252051	0.019249	0.017357	0.018254	0.313195	0.241073	0.272441	12
1.01	0.309079	0.208691	0.249153	0.019391	0.017267	0.018267	0.309495	0.237577	0.268808	12
1.01	0.301459	0.203614	0.243059	0.019563	0.017105	0.018252	0.301830	0.230845	0.261608	12
1.01	0.298220	0.201449	0.240463	0.019613	0.017076	0.018257	0.298594	0.228090	0.258623	12
1.01	0.293734	0.198462	0.236877	0.019835	0.016951	0.018280	0.294131	0.224320	0.254526	12
1.01	0.292928	0.197939	0.236243	0.020009	0.016987	0.018374	0.293406	0.223837	0.253943	12
1.01	0.288272	0.194729	0.232442	0.020134	0.017045	0.018461	0.288709	0.219783	0.249575	12
1.01	0.278643	0.188307	0.224737	0.020152	0.017244	0.018585	0.279003	0.211388	0.240534	13
1.01	0.271342	0.183454	0.218906	0.020561	0.017587	0.018958	0.271620	0.204442	0.233292	13
1.01	0.262693	0.177705	0.211998	0.021862	0.017801	0.019624	0.262910	0.196316	0.224785	13
1.01	0.255373	0.173001	0.206267	0.033264	0.017927	0.023298	0.255632	0.189938	0.217942	14
1.01	0.246642	0.167252	0.199333	0.033839	0.018027	0.023523	0.246621	0.182482	0.209758	13
1.01	0.239609	0.162697	0.193801	0.029523	0.018113	0.022451	0.239418	0.176122	0.202949	13
1.02	0.233828	0.158964	0.189261	0.030299	0.018274	0.022798	0.233307	0.171250	0.197519	13
1.02	0.229756	0.156350	0.186075	0.028926	0.018269	0.022394	0.229101	0.168052	0.193884	13
1.02	0.228468	0.155678	0.185177	0.029041	0.018311	0.022460	0.227744	0.167094	0.192761	13
1.02	0.224447	0.153140	0.182060	0.028316	0.018451	0.022343	0.223753	0.164026	0.189290	14
1.02	0.220537	0.150900	0.179191	0.029301	0.018447	0.022640	0.220168	0.161004	0.185995	14
1.03	0.215537	0.147913	0.175434	0.029232	0.018393	0.022579	0.215432	0.156969	0.181612	13
1.03	0.209385	0.144254	0.170822	0.029173	0.018347	0.022526	0.209617	0.151763	0.176059	13
1.03	0.206334	0.142537	0.168602	0.029287	0.018439	0.022630	0.206772	0.149187	0.173322	13
1.03	0.205502	0.142238	0.168115	0.029426	0.018458	0.022686	0.206098	0.148592	0.172683	13
1.04	0.204885	0.142164	0.167857	0.029795	0.018457	0.022794	0.205819	0.148555	0.172560	13
1.04	0.207616	0.144105	0.170126	0.030182	0.018563	0.022987	0.208664	0.151214	0.175353	13
1.04	0.209813	0.145598	0.171905	0.029482	0.018513	0.022744	0.210802	0.153297	0.177508	13
1.04	0.215925	0.149630	0.176766	0.029848	0.018719	0.023008	0.216726	0.158373	0.183011	13
1.03	0.220436	0.152542	0.180310	0.029478	0.018740	0.022913	0.221021	0.162371	0.187210	13
1.03	0.224611	0.155230	0.183584	0.029297	0.018858	0.022946	0.225157	0.165597	0.190838	14
1.03	0.228064	0.157396	0.186252	0.028849	0.018811	0.022773	0.228586	0.168442	0.193959	14
1.03	0.229106	0.158217	0.187174	0.028581	0.019041	0.022856	0.229813	0.169409	0.195042	15
1.03	0.229248	0.158366	0.187326	0.028550	0.019039	0.022844	0.229980	0.169688	0.195287	15
1.03	0.230611	0.159412	0.188513	0.028009	0.019027	0.022660	0.231784	0.171120	0.196885	16
1.03	0.232380	0.160756	0.190043	0.028171	0.019059	0.022736	0.233904	0.172682	0.198684	16
1.03	0.233366	0.161577	0.190947	0.027774	0.019057	0.022605	0.235038	0.173686	0.199758	16
1.04	0.234414	0.162548	0.191975	0.027895	0.019176	0.022728	0.236247	0.174746	0.200895	16
1.04	0.235692	0.163892	0.193341	0.027862	0.019281	0.022790	0.237883	0.176234	0.202470	16
1.04	0.237973	0.165833	0.195459	0.027771	0.019392	0.022837	0.240617	0.178688	0.205079	16
1.04	0.237321	0.165609	0.195083	0.027685	0.019307	0.022749	0.240077	0.178447	0.204724	17
1.05	0.235821	0.165161	0.194265	0.027474	0.019362	0.022715	0.238925	0.177480	0.203669	17
1.05	0.235887	0.165982	0.194855	0.027716	0.019479	0.022878	0.239743	0.178168	0.204419	17
1.06	0.233678	0.165161	0.193534	0.027579	0.019506	0.022850	0.238023	0.176922	0.202974	17
1.06	0.233260	0.165684	0.193748	0.027811	0.019547	0.022958	0.238320	0.177145	0.203229	17
1.06	0.231011	0.164638	0.192257	0.027687	0.019584	0.022941	0.236442	0.175258	0.201303	17
1.07	0.228783	0.164041	0.191077	0.027725	0.019747	0.023066	0.235243	0.174384	0.200292	17
1.08	0.225827	0.162697	0.189133	0.028355	0.019818	0.023330	0.232937	0.172598	0.198279	17
1.09	0.222827	0.161950	0.187573	0.028694	0.019833	0.023454	0.230985	0.171222	0.196664	18
1.10	0.220608	0.162100	0.186881	0.029357	0.020139	0.023889	0.229804	0.170743	0.195919	18
1.11	0.217038	0.161502	0.185196	0.029086	0.019965	0.023677	0.228086	0.169887	0.194731	18
1.13	0.213678	0.161204	0.183768	0.028678	0.019643	0.023316	0.226477	0.169376	0.193808	17
1.14	0.210846	0.160830	0.182473	0.029155	0.019748	0.023547	0.224499	0.168459	0.192483	17
1.15	0.212780	0.163593	0.184973	0.029397	0.019911	0.023741	0.227283	0.171341	0.195387	17
1.15	0.217118	0.167625	0.189188	0.029734	0.020031	0.023937	0.232861	0.176074	0.200525	17
1.15	0.220449	0.170164	0.192069	0.029540	0.020193	0.023988	0.236468	0.179458	0.204056	17
1.15	0.221438	0.171060	0.193016	0.028864	0.020314	0.023846	0.237528	0.180388	0.205052	17
1.15	0.221803	0.171358	0.193345	0.028728	0.020581	0.023982	0.237380	0.180388	0.204996	17
1.16	0.219195	0.170014	0.191497	0.028844	0.021009	0.024310	0.234386	0.178296	0.202529	17
1.16	0.215854	0.168148	0.189037	0.029084	0.021404	0.024660	0.231150	0.175795	0.199708	17
1.17	0.210376	0.165310	0.185140	0.029029	0.021477	0.024688	0.226074	0.171685	0.195161	18
1.18	0.205641	0.162772	0.181712	0.029206	0.021703	0.024902	0.221667	0.168394	0.191393	19
1.19	0.200561	0.160233	0.178143	0.029666	0.022015	0.025274	0.217100	0.164452	0.187144	19
1.20	0.196306	0.157918	0.175032	0.029740	0.022166	0.025400	0.213021	0.161328	0.183605	20
1.21	0.194827	0.157470	0.174168	0.030038	0.022228	0.025550	0.212035	0.160603	0.182770	20
1.22	0.190253	0.154782	0.170695	0.030327	0.022081	0.025555	0.207721	0.157274	0.179012	20

Thu Sep  2 18:50:39 2021
42.71	0.009014	0.278986	0.017464	0.011026	0.045116	0.017722	0.008795	0.297500	0.017084	83
37.81	0.013057	0.330396	0.025122	0.015807	0.350342	0.030249	0.012874	0.356291	0.024850	87
33.19	0.013576	0.301501	0.025981	0.015443	0.310478	0.029423	0.013345	0.326206	0.025642	87
28.68	0.014846	0.284925	0.028221	0.015584	0.289977	0.029578	0.014557	0.311029	0.027813	87
24.34	0.015978	0.260211	0.030107	0.015458	0.225712	0.028934	0.015682	0.287214	0.029741	87
20.37	0.017386	0.236989	0.032395	0.015369	0.198826	0.028533	0.017157	0.262033	0.032206	87
16.89	0.018910	0.213768	0.034746	0.015242	0.167623	0.027944	0.018762	0.237478	0.034776	85
13.84	0.020596	0.190697	0.037177	0.015311	0.134445	0.027491	0.020494	0.210893	0.037358	84
11.21	0.022987	0.172403	0.040565	0.016431	0.083677	0.027469	0.023199	0.191312	0.041379	82
9.05	0.025741	0.155977	0.044190	0.017971	0.065604	0.028213	0.026333	0.172801	0.045702	80
7.33	0.028949	0.142089	0.048098	0.017507	0.055857	0.026659	0.030059	0.157256	0.050470	79
5.92	0.032564	0.128948	0.051997	0.017720	0.046984	0.025735	0.034306	0.143551	0.055378	75
4.75	0.037437	0.119092	0.056966	0.020522	0.042336	0.027644	0.040198	0.132149	0.061645	71
3.80	0.042918	0.109012	0.061589	0.023727	0.036887	0.028878	0.046268	0.121555	0.067024	66
3.01	0.050874	0.102591	0.068018	0.027229	0.033684	0.030115	0.054516	0.114368	0.073837	60
2.41	0.061031	0.098484	0.075361	0.026372	0.031864	0.028859	0.063099	0.110082	0.080217	54
1.94	0.073503	0.095423	0.083041	0.031806	0.028636	0.030138	0.073337	0.107795	0.087288	50
1.60	0.087444	0.093706	0.090467	0.031805	0.025134	0.028079	0.084241	0.107042	0.094282	45
1.39	0.100988	0.093855	0.097291	0.034249	0.023728	0.028033	0.095539	0.107767	0.101285	42
1.25	0.112583	0.093930	0.102414	0.039497	0.022177	0.028405	0.106177	0.108669	0.107409	40
1.16	0.123475	0.095946	0.107983	0.028359	0.020072	0.023507	0.115726	0.111691	0.113672	34
1.11	0.137024	0.101471	0.116597	0.027515	0.020261	0.023338	0.129700	0.118896	0.124063	31
1.07	0.145508	0.104234	0.121460	0.027225	0.013198	0.017777	0.138830	0.122810	0.130330	28
1.04	0.152671	0.106698	0.125610	0.026423	0.012369	0.016850	0.147068	0.126427	0.135969	30
1.03	0.159298	0.109759	0.129968	0.023586	0.012456	0.016303	0.154580	0.130183	0.141337	26
1.02	0.165120	0.112895	0.134102	0.025183	0.012488	0.016696	0.161218	0.133642	0.146141	25
1.02	0.172482	0.117375	0.139690	0.026598	0.012806	0.017288	0.169270	0.139332	0.152849	23
1.01	0.181778	0.123049	0.146756	0.028173	0.012876	0.017674	0.179479	0.146036	0.161039	17
1.01	0.190760	0.128873	0.153826	0.027516	0.012979	0.017638	0.188534	0.153375	0.169147	16
1.01	0.201217	0.135743	0.162119	0.024190	0.013105	0.017001	0.199152	0.162068	0.178707	14
1.01	0.209722	0.141417	0.168926	0.024196	0.013123	0.017017	0.207966	0.168335	0.186063	12
1.01	0.222173	0.149780	0.178931	0.024724	0.013500	0.017464	0.220573	0.177948	0.196981	10
1.01	0.243192	0.164041	0.195925	0.023860	0.013847	0.017524	0.241772	0.196264	0.216654	10
1.01	0.259124	0.174942	0.208870	0.023530	0.014130	0.017657	0.257782	0.209727	0.231285	10
1.01	0.275508	0.186291	0.222282	0.022984	0.014505	0.017786	0.273960	0.223348	0.246078	9
1.01	0.291290	0.197267	0.235231	0.022996	0.014765	0.017983	0.289635	0.237787	0.261162	9
1.02	0.312892	0.212574	0.253157	0.020737	0.015258	0.017581	0.310945	0.257191	0.281525	9
1.02	0.323220	0.220339	0.262043	0.020547	0.015481	0.017658	0.321042	0.266854	0.291451	8
1.02	0.326519	0.223027	0.265028	0.020232	0.015688	0.017673	0.324222	0.269644	0.294425	8
1.02	0.336281	0.229971	0.273147	0.020270	0.016002	0.017885	0.334207	0.277537	0.303247	6
1.02	0.336164	0.230568	0.273528	0.020076	0.016176	0.017916	0.333761	0.277602	0.303102	6
1.03	0.333007	0.228851	0.271275	0.019801	0.016244	0.017847	0.330302	0.274757	0.299980	6
1.03	0.327302	0.225566	0.267073	0.019838	0.016425	0.017971	0.324222	0.269476	0.294325	5
1.03	0.317961	0.219816	0.259933	0.019978	0.016810	0.018258	0.314125	0.260839	0.285013	5
1.04	0.308487	0.214142	0.252799	0.019995	0.016955	0.018350	0.303749	0.252955	0.276035	5
1.04	0.305186	0.212648	0.250649	0.019884	0.017282	0.018492	0.300290	0.249998	0.272846	6
1.04	0.298439	0.208392	0.245417	0.019897	0.017452	0.018594	0.293094	0.243802	0.266185	6
1.05	0.288527	0.202419	0.237922	0.019996	0.017916	0.018899	0.282123	0.235658	0.256805	6
1.05	0.281084	0.197491	0.231987	0.020050	0.017970	0.018953	0.274313	0.228712	0.249446	7
1.06	0.276672	0.196147	0.229553	0.022130	0.018343	0.020059	0.268697	0.226648	0.245888	7
1.07	0.278886	0.200403	0.233219	0.024043	0.018989	0.021219	0.269571	0.232171	0.249477	7
1.08	0.271352	0.196894	0.228203	0.025364	0.019418	0.021997	0.260367	0.227290	0.242707	7
1.10	0.274936	0.201897	0.232822	0.025616	0.020009	0.022468	0.263156	0.233398	0.247386	7
1.10	0.281515	0.208094	0.239299	0.025811	0.020515	0.022861	0.269385	0.240585	0.254172	7
1.11	0.281197	0.208467	0.239431	0.025975	0.020673	0.023023	0.269274	0.239935	0.253759	7
1.11	0.286592	0.212424	0.243997	0.026326	0.021396	0.023606	0.275020	0.243230	0.258150	7
1.11	0.290596	0.215262	0.247319	0.026867	0.022388	0.024424	0.279445	0.245545	0.261400	7
1.11	0.294011	0.217726	0.250182	0.027332	0.023101	0.025039	0.282495	0.247395	0.263782	7
1.11	0.292179	0.216456	0.248681	0.027687	0.023625	0.025495	0.280022	0.244792	0.261224	8
1.11	0.290449	0.215262	0.247266	0.027919	0.023952	0.025784	0.277865	0.242495	0.258978	8
1.11	0.296928	0.220862	0.253308	0.028046	0.024278	0.026026	0.284819	0.248669	0.265519	8
1.12	0.297081	0.221907	0.254050	0.028113	0.024483	0.026173	0.285005	0.249849	0.266272	8
1.12	0.300466	0.226163	0.258073	0.028180	0.024689	0.026319	0.287906	0.255316	0.270633	8
1.13	0.309428	0.234526	0.266820	0.028376	0.025017	0.026591	0.297166	0.265804	0.280611	8
1.14	0.315578	0.240648	0.273066	0.028524	0.025395	0.026869	0.303693	0.274618	0.288425	8
1.15	0.321762	0.247069	0.279512	0.028742	0.025262	0.026890	0.309681	0.284613	0.296618	8
1.16	0.326320	0.252445	0.284668	0.028951	0.025421	0.027071	0.314106	0.292060	0.302682	8
1.17	0.331294	0.258792	0.290589	0.028951	0.025273	0.026987	0.319015	0.300744	0.309610	8
1.18	0.336481	0.266034	0.297140	0.028984	0.025195	0.026957	0.323348	0.310506	0.316797	8
1.19	0.341740	0.272157	0.303005	0.029192	0.025340	0.027130	0.328499	0.318874	0.323615	9
1.20	0.343692	0.276637	0.306540	0.029367	0.025409	0.027245	0.330451	0.325159	0.327784	9
1.22	0.350829	0.285970	0.315097	0.029484	0.025651	0.027434	0.337759	0.337394	0.337577	9
1.23	0.356644	0.293586	0.322058	0.029523	0.025798	0.027535	0.344237	0.347241	0.345732	9
1.24	0.358875	0.297245	0.325165	0.029764	0.026029	0.027771	0.346525	0.351471	0.348980	9
1.24	0.357297	0.296498	0.324071	0.029854	0.026180	0.027896	0.345000	0.349137	0.347056	9
1.24	0.354670	0.293736	0.321340	0.029899	0.026274	0.027970	0.342614	0.344758	0.343683	9
1.23	0.348256	0.286344	0.314280	0.029729	0.026161	0.027831	0.336026	0.335200	0.335613	9
1.22	0.342904	0.280893	0.308816	0.029737	0.026230	0.027874	0.331154	0.326814	0.328970	9
1.22	0.334495	0.272381	0.300259	0.029823	0.026201	0.027895	0.323632	0.314857	0.319185	10
1.21	0.332934	0.269469	0.297858	0.029795	0.026197	0.027881	0.322442	0.310469	0.316342	10
1.20	0.331663	0.266856	0.295751	0.029726	0.026198	0.027851	0.321680	0.306945	0.314140	10
1.20	0.332868	0.267080	0.296367	0.029689	0.026258	0.027868	0.323409	0.306936	0.314957	10
1.20	0.330360	0.265437	0.294361	0.029612	0.026355	0.027889	0.321531	0.303793	0.312411	10
1.21	0.331145	0.267453	0.295911	0.029505	0.026597	0.027975	0.323140	0.305300	0.313966	10
1.21	0.328487	0.266557	0.294299	0.029491	0.026753	0.028055	0.321615	0.302826	0.311938	10
1.22	0.321491	0.262152	0.288805	0.029272	0.026775	0.027968	0.315181	0.296030	0.305305	10
1.22	0.313007	0.256403	0.281891	0.029132	0.026668	0.027846	0.307352	0.287104	0.296884	10
1.23	0.304411	0.250952	0.275108	0.029155	0.026764	0.027908	0.299468	0.278941	0.288840	11
1.24	0.300980	0.250056	0.273165	0.028979	0.026857	0.027878	0.296567	0.276849	0.286369	11
1.26	0.300089	0.252296	0.274125	0.028909	0.027076	0.027962	0.297125	0.278951	0.287751	11
1.28	0.300341	0.256701	0.276812	0.028928	0.027311	0.028096	0.298827	0.283153	0.290779	11
1.30	0.299503	0.261107	0.278990	0.028738	0.027607	0.028161	0.301095	0.287513	0.294148	11
1.33	0.299958	0.266632	0.282315	0.028698	0.028151	0.028422	0.303485	0.293839	0.298584	11
1.35	0.300463	0.271410	0.285199	0.039846	0.028507	0.033236	0.306488	0.299334	0.302869	12
1.37	0.300711	0.274845	0.287197	0.039751	0.028685	0.033323	0.308496	0.303689	0.306074	12
1.38	0.305417	0.282909	0.293732	0.039546	0.028926	0.033412	0.315627	0.314149	0.314886	12
1.40	0.309564	0.289778	0.299344	0.039463	0.029218	0.033576	0.322563	0.322731	0.322647	12
1.41	0.315452	0.297245	0.306078	0.039348	0.029341	0.033615	0.330196	0.333032	0.331608	12
1.42	0.320013	0.303143	0.311350	0.039269	0.029495	0.033688	0.336370	0.341139	0.338738	12
1.42	0.326481	0.310685	0.318387	0.039219	0.029663	0.033778	0.345026	0.350716	0.347848	13
1.43	0.331879	0.318002	0.324792	0.039162	0.029813	0.033854	0.352455	0.361203	0.356775	13
1.44	0.335812	0.323677	0.329633	0.039102	0.029951	0.033920	0.358405	0.368567	0.363415	13
1.45	0.334568	0.323677	0.329032	0.039032	0.029993	0.033920	0.358535	0.368772	0.363581	13
1.45	0.334129	0.323901	0.328935	0.038826	0.029992	0.033842	0.359437	0.368827	0.364072	13
1.45	0.330914	0.320018	0.325375	0.038845	0.029889	0.033783	0.355644	0.364123	0.359833	13
1.45	0.327263	0.316658	0.321873	0.038844	0.030074	0.033901	0.351664	0.359483	0.355531	13
1.45	0.322697	0.312626	0.317582	0.038737	0.030040	0.033839	0.346513	0.354983	0.350697	13
1.44	0.316103	0.305458	0.310689	0.038588	0.030120	0.033832	0.339113	0.345044	0.342053	13
1.45	0.310417	0.301053	0.305663	0.038221	0.030016	0.033625	0.332539	0.339373	0.335921	13
1.46	0.303005	0.295901	0.299411	0.038069	0.029967	0.033535	0.324358	0.331842	0.328057	13
1.47	0.296646	0.291197	0.293896	0.038004	0.029944	0.033496	0.317598	0.325380	0.321442	13
1.48	0.288800	0.285522	0.287152	0.037858	0.030126	0.033553	0.309026	0.317422	0.313168	13
1.49	0.283978	0.282685	0.283330	0.037849	0.030264	0.033634	0.304703	0.312884	0.308739	13
1.50	0.276718	0.277234	0.276976	0.037748	0.030580	0.033788	0.296883	0.305363	0.301063	13

Thu Sep  2 19:28:32 2021
45.63	0.009861	0.326087	0.019143	0.014775	0.066356	0.024168	0.009676	0.327500	0.018797	81
41.84	0.009082	0.254312	0.017538	0.016780	0.311803	0.031846	0.009090	0.221046	0.017462	89
38.09	0.009151	0.233256	0.017612	0.016306	0.285005	0.030847	0.009164	0.205800	0.017547	89
34.21	0.009399	0.215187	0.018012	0.016505	0.251811	0.030979	0.009418	0.194109	0.017964	88
30.25	0.009496	0.192265	0.018098	0.016823	0.220694	0.031263	0.009562	0.177848	0.018148	87
26.33	0.009772	0.172179	0.018493	0.015997	0.200225	0.029627	0.009867	0.163232	0.018609	85
22.50	0.010155	0.152916	0.019045	0.016181	0.177177	0.029653	0.010285	0.148895	0.019241	84
18.82	0.011045	0.139103	0.020466	0.016607	0.137366	0.029632	0.011209	0.139488	0.020751	83
15.38	0.012086	0.124393	0.022031	0.016480	0.120285	0.028988	0.012377	0.128402	0.022577	81
12.32	0.013617	0.112297	0.024288	0.016819	0.109936	0.029175	0.013963	0.118413	0.024980	81
9.64	0.015615	0.100724	0.027038	0.017082	0.087542	0.028587	0.016028	0.108576	0.027932	80
7.42	0.018456	0.091615	0.030723	0.016812	0.072871	0.027321	0.018900	0.101761	0.031879	77
5.64	0.021797	0.082282	0.034464	0.016992	0.053991	0.025848	0.022227	0.094035	0.035956	75
4.23	0.026114	0.073994	0.038604	0.017193	0.038295	0.023731	0.026277	0.086290	0.040287	72
3.18	0.032140	0.068319	0.043715	0.017644	0.032101	0.022772	0.032811	0.080916	0.046690	67
2.42	0.040586	0.065781	0.050199	0.017030	0.025091	0.020289	0.043422	0.079140	0.056077	64
1.88	0.053969	0.068021	0.060186	0.016825	0.019295	0.017976	0.057416	0.082841	0.067824	61
1.54	0.070070	0.072053	0.071047	0.016135	0.017819	0.016935	0.072189	0.088241	0.079412	54
1.32	0.092274	0.081236	0.086404	0.016367	0.018134	0.017205	0.093479	0.099649	0.096465	53
1.18	0.118135	0.093631	0.104465	0.016875	0.018521	0.017660	0.118416	0.115361	0.116869	50
1.11	0.139582	0.103636	0.118953	0.017085	0.019127	0.018048	0.138700	0.127857	0.133058	49
1.07	0.162645	0.116255	0.135592	0.016335	0.019724	0.017870	0.161618	0.143737	0.152154	48
1.04	0.187694	0.130964	0.154279	0.016691	0.020545	0.018419	0.187084	0.162007	0.173645	48
1.03	0.213673	0.147017	0.174186	0.016334	0.014578	0.015406	0.214121	0.182099	0.196816	46
1.02	0.238727	0.162473	0.193353	0.017321	0.015448	0.016331	0.238834	0.200377	0.217922	44
1.01	0.260020	0.175838	0.209800	0.017422	0.016268	0.016826	0.259958	0.216471	0.236230	41
1.01	0.275033	0.185395	0.221489	0.017797	0.016719	0.017241	0.274908	0.227898	0.249205	35
1.01	0.295553	0.198985	0.237840	0.018574	0.011427	0.014149	0.295604	0.244699	0.267753	32
1.00	0.310827	0.208990	0.249933	0.017910	0.011546	0.014041	0.310666	0.256990	0.281290	30
1.00	0.328406	0.220638	0.263945	0.017576	0.011673	0.014029	0.328127	0.271187	0.296952	25
1.00	0.342549	0.230344	0.275459	0.016116	0.011777	0.013609	0.342129	0.284101	0.310427	21
1.01	0.354710	0.238707	0.285370	0.015898	0.011884	0.013601	0.354234	0.294933	0.321875	19
1.01	0.358250	0.241544	0.288543	0.015897	0.012001	0.013677	0.357302	0.298550	0.325294	15
1.01	0.356480	0.241096	0.287649	0.013211	0.012053	0.012605	0.355127	0.298289	0.324236	9
1.01	0.353685	0.240051	0.285994	0.013025	0.012181	0.012589	0.352003	0.296988	0.322163	8
1.02	0.343503	0.233704	0.278160	0.013149	0.012196	0.012654	0.341348	0.288908	0.312946	8
1.02	0.341143	0.232659	0.276646	0.015849	0.012271	0.013832	0.338670	0.287160	0.310795	6
1.02	0.336359	0.229672	0.272961	0.016558	0.012315	0.014125	0.333761	0.283088	0.306343	6
1.02	0.332752	0.228104	0.270665	0.019595	0.012375	0.015169	0.329521	0.280949	0.303303	5
1.03	0.333659	0.229523	0.271963	0.020981	0.012447	0.015624	0.329968	0.282790	0.304563	5
1.03	0.337482	0.232808	0.275539	0.019641	0.012561	0.015323	0.333482	0.286881	0.308431	5
1.03	0.338963	0.233779	0.276712	0.020033	0.012596	0.015467	0.334988	0.287904	0.309667	5
1.03	0.339825	0.234526	0.277523	0.018797	0.012655	0.015126	0.335658	0.288797	0.310469	5
1.03	0.343540	0.237064	0.280539	0.019509	0.012746	0.015419	0.339451	0.291790	0.313821	5
1.03	0.344947	0.237288	0.281164	0.020391	0.012806	0.015732	0.341348	0.291883	0.314684	5
1.02	0.345793	0.236915	0.281182	0.019463	0.012891	0.015510	0.342687	0.291065	0.314773	5
1.02	0.351487	0.239976	0.285220	0.020308	0.012939	0.015807	0.348879	0.294821	0.319580	5
1.02	0.364683	0.248413	0.295523	0.021047	0.012969	0.016049	0.362713	0.305160	0.331457	5
1.02	0.378325	0.257000	0.306078	0.022055	0.013032	0.016383	0.376715	0.316178	0.343802	5
1.01	0.398349	0.270216	0.322004	0.021758	0.013025	0.016295	0.397077	0.332541	0.361955	5
1.01	0.419195	0.283730	0.338409	0.021962	0.013356	0.016610	0.418331	0.349704	0.380952	5
1.01	0.446999	0.301949	0.360428	0.021408	0.013634	0.016659	0.446502	0.373785	0.406920	6
1.01	0.475985	0.321138	0.383521	0.020502	0.013970	0.016617	0.475734	0.398981	0.433990	6
1.01	0.485819	0.327410	0.391186	0.022209	0.014354	0.017438	0.485608	0.405034	0.441676	6
1.01	0.472179	0.318077	0.380103	0.023260	0.014515	0.017875	0.471996	0.391026	0.427713	6
1.01	0.458416	0.308669	0.368926	0.024057	0.014759	0.018294	0.458273	0.376777	0.413548	6
1.01	0.443927	0.298813	0.357194	0.024947	0.014968	0.018710	0.443713	0.362208	0.398839	7
1.01	0.440400	0.296274	0.354238	0.025702	0.015156	0.019068	0.440254	0.357410	0.394530	7
1.01	0.431266	0.290226	0.346961	0.025924	0.015489	0.019392	0.431106	0.347834	0.385019	7
1.01	0.420317	0.282984	0.338242	0.026887	0.015778	0.019886	0.420116	0.336863	0.373911	8
1.01	0.409338	0.275592	0.329407	0.026801	0.015945	0.019995	0.409071	0.326821	0.363350	9
1.01	0.406098	0.273501	0.326864	0.027771	0.016133	0.020409	0.405779	0.323577	0.360046	9
1.01	0.398604	0.268722	0.321024	0.028695	0.016263	0.020761	0.398193	0.317870	0.353526	9
1.01	0.389866	0.263123	0.314194	0.028488	0.016218	0.020669	0.389434	0.310869	0.345744	9
1.01	0.395578	0.267154	0.318923	0.028510	0.016379	0.020806	0.395236	0.316559	0.351549	9
1.01	0.408001	0.275666	0.329026	0.028866	0.016564	0.021049	0.407732	0.327279	0.363102	10
1.01	0.419373	0.283506	0.338308	0.029565	0.016605	0.021266	0.419112	0.337714	0.374036	10
1.01	0.428855	0.290525	0.346390	0.030405	0.016589	0.021466	0.428484	0.347979	0.384058	10
1.01	0.441523	0.299634	0.356997	0.030567	0.016558	0.021480	0.441203	0.360930	0.397050	10
1.02	0.457541	0.310983	0.370288	0.031375	0.016557	0.021675	0.457325	0.377141	0.413381	10
1.02	0.475302	0.323303	0.384838	0.035319	0.016710	0.022686	0.475343	0.393592	0.430622	11
1.02	0.487534	0.331442	0.394613	0.033823	0.016862	0.022505	0.487839	0.404256	0.442132	11
1.02	0.499670	0.339580	0.404357	0.033328	0.017004	0.022519	0.500112	0.414790	0.453473	11
1.01	0.518360	0.352050	0.419316	0.034095	0.017475	0.023107	0.518911	0.430488	0.470582	11
1.01	0.533319	0.362129	0.431360	0.036135	0.017720	0.023779	0.534085	0.443059	0.484332	11
1.01	0.551663	0.373927	0.445730	0.035081	0.018173	0.023943	0.552549	0.456614	0.500022	11
1.01	0.564224	0.381767	0.455400	0.035334	0.018672	0.024433	0.565213	0.464108	0.509695	11
1.01	0.578058	0.390652	0.466227	0.034586	0.018969	0.024501	0.579103	0.474698	0.521728	10
1.01	0.585002	0.394908	0.471516	0.035625	0.019379	0.025103	0.586020	0.478184	0.526639	10
1.01	0.593622	0.400284	0.478148	0.034726	0.019555	0.025020	0.594555	0.483977	0.533597	10
1.01	0.600421	0.404465	0.483337	0.034428	0.019919	0.025237	0.601305	0.487473	0.538438	10
1.01	0.600709	0.404614	0.483537	0.034953	0.020131	0.025547	0.601584	0.486980	0.538249	10
1.01	0.600798	0.404764	0.483672	0.033903	0.020411	0.025481	0.601752	0.486124	0.537793	11
1.01	0.597207	0.402300	0.480749	0.033292	0.020586	0.025441	0.598256	0.481624	0.533642	12
1.01	0.596899	0.402449	0.480756	0.034542	0.021075	0.026178	0.597977	0.480769	0.533006	12
1.01	0.602060	0.405884	0.484881	0.034500	0.021166	0.026236	0.603165	0.485288	0.537843	12
1.01	0.604564	0.407526	0.486865	0.034324	0.021295	0.026284	0.605731	0.486478	0.539594	12
1.01	0.603544	0.406929	0.486108	0.034480	0.021422	0.026426	0.604727	0.485464	0.538572	12
1.01	0.605735	0.408497	0.487938	0.035681	0.021703	0.026989	0.606958	0.486803	0.540281	12
1.01	0.601770	0.406182	0.485000	0.034931	0.021966	0.026971	0.603109	0.483530	0.536740	13
1.01	0.591622	0.399686	0.477073	0.035578	0.022090	0.027257	0.593012	0.475451	0.527764	13
1.01	0.581483	0.392966	0.468989	0.036151	0.022098	0.027430	0.582766	0.466823	0.518391	13
1.01	0.575149	0.389159	0.464217	0.035828	0.022109	0.027344	0.576741	0.461895	0.512969	13
1.01	0.568199	0.384753	0.458819	0.035175	0.022048	0.027105	0.569768	0.456317	0.506770	13
1.01	0.560841	0.380273	0.453235	0.047650	0.021951	0.030056	0.562275	0.451789	0.501013	14
1.01	0.555788	0.377137	0.449357	0.048675	0.022010	0.030313	0.557142	0.447828	0.496540	14
1.01	0.551425	0.374300	0.445917	0.048299	0.022012	0.030241	0.552735	0.444295	0.492618	14
1.02	0.538910	0.366087	0.435997	0.042271	0.021803	0.028768	0.540184	0.433733	0.481141	14
1.02	0.529857	0.360412	0.429009	0.041253	0.021823	0.028545	0.530979	0.426407	0.472982	14
1.02	0.515361	0.350706	0.417381	0.038861	0.021725	0.027870	0.516196	0.414069	0.459527	14

Thu Sep  2 20:01:48 2021
42.44	0.009426	0.289855	0.018259	0.012613	0.085943	0.021997	0.009215	0.255833	0.017789	87
37.24	0.013316	0.331890	0.025604	0.016218	0.308183	0.030814	0.013335	0.312262	0.025579	88
32.65	0.014145	0.309117	0.027053	0.016391	0.274696	0.030937	0.014178	0.295407	0.027057	88
28.30	0.015206	0.287986	0.028886	0.016569	0.238794	0.030989	0.015265	0.279049	0.028946	88
24.19	0.016437	0.266109	0.030962	0.016570	0.201305	0.030620	0.016559	0.261851	0.031148	87
20.44	0.017802	0.243560	0.033178	0.016273	0.154865	0.029452	0.017981	0.243135	0.033486	86
17.03	0.019803	0.225715	0.036412	0.015973	0.136349	0.028596	0.020070	0.229263	0.036910	83
13.98	0.021830	0.204286	0.039445	0.016408	0.107735	0.028479	0.022272	0.210333	0.040279	83
11.40	0.024645	0.188083	0.043579	0.017115	0.096924	0.029093	0.025156	0.196104	0.044591	83
9.19	0.027657	0.170089	0.047577	0.017417	0.071578	0.028016	0.028324	0.180094	0.048949	80
7.29	0.030773	0.150153	0.051078	0.017300	0.051541	0.025905	0.031220	0.160687	0.052282	76
5.76	0.035027	0.135071	0.055628	0.017713	0.045111	0.025438	0.036193	0.145885	0.057997	73
4.46	0.040768	0.121705	0.061077	0.019572	0.036700	0.025529	0.043553	0.132028	0.065500	70
3.42	0.048016	0.109759	0.066806	0.023995	0.019732	0.021656	0.051299	0.120313	0.071929	66
2.59	0.060737	0.105279	0.077032	0.032149	0.011966	0.017440	0.064370	0.117617	0.083204	62
1.97	0.079035	0.104458	0.089985	0.026057	0.009765	0.014207	0.082271	0.118206	0.097018	59
1.57	0.103042	0.108490	0.105696	0.020494	0.009382	0.012871	0.106354	0.124017	0.114509	56
1.32	0.132150	0.116777	0.123989	0.026521	0.009715	0.014221	0.133943	0.135258	0.134597	51
1.17	0.166714	0.131039	0.146739	0.026900	0.010177	0.014768	0.169222	0.154253	0.161391	46
1.10	0.214778	0.158217	0.182209	0.027647	0.011204	0.015946	0.218398	0.189211	0.202760	43
1.06	0.265037	0.187859	0.219872	0.022692	0.012329	0.015977	0.268074	0.226340	0.245446	40
1.04	0.315206	0.218547	0.258124	0.022762	0.011431	0.015219	0.317751	0.264649	0.288779	41
1.02	0.368043	0.252296	0.299371	0.023013	0.012688	0.016357	0.370226	0.307762	0.336116	40
1.02	0.423313	0.288509	0.343146	0.023151	0.013712	0.017223	0.425713	0.354890	0.387089	39
1.01	0.462317	0.313746	0.373810	0.024211	0.014503	0.018140	0.464484	0.387934	0.422771	37
1.01	0.493486	0.333756	0.398201	0.026956	0.015206	0.019444	0.494719	0.413883	0.450705	36
1.01	0.503762	0.339954	0.405956	0.026803	0.015449	0.019600	0.504667	0.421618	0.459420	33
1.01	0.505817	0.340850	0.407262	0.032356	0.015715	0.021155	0.506471	0.423896	0.461519	28
1.01	0.502940	0.338535	0.404677	0.028346	0.015653	0.020169	0.503440	0.422046	0.459164	25
1.00	0.495334	0.332935	0.398214	0.028412	0.015774	0.020286	0.495537	0.416408	0.452540	22
1.00	0.482724	0.324423	0.388050	0.028127	0.015847	0.020273	0.483079	0.405986	0.441190	21
1.00	0.465837	0.313074	0.374475	0.028223	0.015770	0.020234	0.466213	0.392728	0.426327	16
1.00	0.450172	0.302546	0.361883	0.024511	0.015664	0.019114	0.450500	0.380111	0.412323	14
1.00	0.426809	0.286717	0.343010	0.025297	0.015520	0.019238	0.426978	0.359377	0.390272	12
1.00	0.402469	0.270216	0.323341	0.024987	0.015306	0.018984	0.402488	0.339193	0.368139	10
1.00	0.373860	0.250952	0.300317	0.025179	0.015049	0.018838	0.373759	0.314917	0.341824	9
1.00	0.345054	0.231539	0.277122	0.024213	0.014605	0.018220	0.344862	0.290492	0.315351	9
1.00	0.323994	0.217576	0.260330	0.030715	0.014286	0.019502	0.323608	0.272790	0.296034	9
1.00	0.299088	0.200851	0.240318	0.032784	0.014013	0.019634	0.298561	0.250073	0.272174	9
1.00	0.283331	0.190249	0.227642	0.033565	0.013861	0.019620	0.282774	0.235485	0.256972	9
1.00	0.263719	0.177257	0.212012	0.033832	0.013679	0.019481	0.262914	0.217429	0.238018	9
1.00	0.251361	0.168969	0.202090	0.034344	0.013707	0.019594	0.250530	0.205065	0.225529	9
1.00	0.248112	0.166804	0.199491	0.034623	0.013983	0.019921	0.247239	0.201170	0.221838	9
1.01	0.254523	0.171209	0.204714	0.030910	0.014246	0.019503	0.253877	0.206185	0.227559	9
1.01	0.277020	0.186590	0.222986	0.027951	0.014819	0.019369	0.276414	0.226438	0.248943	9
1.01	0.298172	0.200926	0.240075	0.027064	0.015236	0.019496	0.297538	0.245117	0.268796	9
1.01	0.320327	0.216382	0.258289	0.027770	0.015967	0.020276	0.319703	0.264967	0.289773	9
1.01	0.349338	0.236317	0.281922	0.027326	0.016577	0.020636	0.348897	0.290758	0.317186	10
1.01	0.382084	0.259240	0.308897	0.026446	0.017232	0.020867	0.382015	0.319631	0.348049	11
1.02	0.410763	0.279250	0.332474	0.025856	0.017716	0.021025	0.411060	0.344297	0.374728	11
1.02	0.436692	0.297693	0.354038	0.025758	0.018016	0.021203	0.437642	0.367996	0.399809	10
1.02	0.464294	0.317479	0.377101	0.025627	0.018371	0.021400	0.466202	0.392040	0.425916	10
1.03	0.485320	0.333234	0.395148	0.025075	0.018417	0.021236	0.487934	0.411852	0.446677	10
1.03	0.497130	0.342716	0.405728	0.025770	0.018837	0.021765	0.500428	0.422879	0.458397	10
1.03	0.508356	0.352050	0.416005	0.026004	0.019017	0.021968	0.512747	0.433943	0.470065	10
1.04	0.513519	0.357351	0.421433	0.037307	0.019379	0.025508	0.518792	0.438921	0.475526	11
1.05	0.514328	0.360487	0.423881	0.031663	0.019562	0.024183	0.520540	0.441320	0.477668	11
