
Wed Sep  1 13:43:09 2021
41.19	0.018330	0.547101	0.035471	0.010784	0.066886	0.018573	0.018585	0.584167	0.036025	71
31.60	0.026903	0.568954	0.051377	0.014395	0.236450	0.027138	0.026959	0.648827	0.051768	73
24.83	0.032046	0.532442	0.060453	0.015946	0.180800	0.029308	0.032155	0.611906	0.061100	66
19.52	0.037161	0.485477	0.069038	0.017295	0.142381	0.030843	0.037227	0.559428	0.069808	54
14.90	0.042447	0.423206	0.077156	0.009626	0.103871	0.017620	0.042303	0.485351	0.077823	50
11.46	0.046604	0.357276	0.082453	0.009822	0.089903	0.017709	0.046001	0.404952	0.082617	42
8.85	0.052764	0.312626	0.090289	0.012015	0.067366	0.020393	0.051524	0.350868	0.089853	33
5.88	0.069399	0.273053	0.110671	0.009255	0.034344	0.014581	0.066968	0.305177	0.109834	26
3.18	0.108728	0.231315	0.147925	0.008542	0.023726	0.012561	0.105993	0.260065	0.150605	18
1.72	0.171577	0.196969	0.183398	0.008631	0.016985	0.011445	0.168777	0.225899	0.193204	16
1.17	0.252256	0.198313	0.222055	0.008614	0.012234	0.010110	0.254426	0.237060	0.245436	15
1.03	0.360772	0.249683	0.295120	0.009115	0.011697	0.010246	0.364145	0.308502	0.334022	15
1.00	0.452606	0.304114	0.363791	0.009367	0.011444	0.010302	0.453643	0.384425	0.416175	14
1.00	0.507028	0.339356	0.406584	0.009596	0.011570	0.010491	0.507085	0.430901	0.465899	11
1.00	0.540332	0.361607	0.433262	0.009721	0.011559	0.010561	0.540332	0.461099	0.497581	11
1.00	0.572241	0.382961	0.458848	0.009828	0.011493	0.010595	0.572241	0.491140	0.528598	10
1.00	0.599353	0.401105	0.480587	0.009783	0.011297	0.010486	0.599353	0.516484	0.554842	7
1.00	0.616869	0.412828	0.494632	0.009540	0.011097	0.010260	0.616869	0.532969	0.571858	7
1.00	0.632712	0.423430	0.507336	0.010278	0.011113	0.010679	0.632712	0.547492	0.587025	5
1.00	0.641749	0.429478	0.514582	0.008546	0.011060	0.009642	0.641749	0.555645	0.595602	5
1.00	0.648555	0.434033	0.520039	0.008536	0.011121	0.009659	0.648555	0.561577	0.601940	5
1.00	0.653464	0.437318	0.523976	0.008786	0.011187	0.009842	0.653464	0.566124	0.606667	4
1.00	0.656142	0.439110	0.526123	0.008634	0.011215	0.009757	0.656142	0.568634	0.609262	3
1.00	0.657592	0.440081	0.527286	0.007391	0.011230	0.008915	0.657592	0.570047	0.610698	2
1.00	0.657927	0.440305	0.527554	0.007392	0.011236	0.008918	0.657927	0.570196	0.610928	1
1.00	0.657815	0.440230	0.527465	0.007392	0.011234	0.008917	0.657815	0.570084	0.610816	2
1.00	0.657034	0.439707	0.526838	0.007389	0.011221	0.008910	0.657034	0.569303	0.610031	2
1.00	0.656253	0.439185	0.526212	0.007386	0.011207	0.008904	0.656253	0.568522	0.609246	2
1.00	0.654803	0.438214	0.525049	0.007380	0.011183	0.008892	0.654803	0.567128	0.607820	2
1.00	0.651233	0.435825	0.522186	0.007683	0.011138	0.009093	0.651233	0.563558	0.604231	2
1.00	0.649894	0.434929	0.521113	0.007754	0.011123	0.009138	0.649894	0.562349	0.602960	2
1.00	0.647216	0.433137	0.518966	0.008167	0.011125	0.009419	0.647216	0.559653	0.600258	2
1.00	0.643535	0.430673	0.516014	0.008693	0.011175	0.009779	0.643535	0.556082	0.596621	2
1.00	0.633159	0.423729	0.507694	0.009194	0.011327	0.010150	0.633159	0.546060	0.586392	2
1.00	0.609617	0.407974	0.488817	0.008932	0.011271	0.009966	0.609617	0.523374	0.563213	2
1.00	0.563316	0.376988	0.451691	0.008799	0.011228	0.009866	0.563316	0.481303	0.519090	2
1.00	0.558853	0.374001	0.448112	0.008847	0.011304	0.009926	0.558853	0.476608	0.514464	2
1.00	0.606828	0.406108	0.486581	0.008994	0.011320	0.010024	0.606828	0.521180	0.560752	2
1.00	0.639295	0.427835	0.512614	0.009450	0.011392	0.010330	0.639295	0.551824	0.592348	2
1.00	0.639630	0.428059	0.512882	0.009482	0.011406	0.010355	0.639630	0.552159	0.592684	2
1.00	0.618654	0.414022	0.496064	0.009210	0.011425	0.010199	0.618654	0.532169	0.572162	2
1.00	0.628361	0.420518	0.503847	0.009194	0.011358	0.010162	0.628361	0.541801	0.581880	2
1.00	0.649113	0.434406	0.520487	0.008945	0.011230	0.009958	0.649113	0.561308	0.602026	2
1.00	0.654357	0.437915	0.524691	0.007671	0.011183	0.009100	0.654357	0.566849	0.607468	2
1.00	0.655807	0.438886	0.525854	0.007821	0.011208	0.009213	0.655807	0.568076	0.608797	2
1.00	0.657927	0.440305	0.527554	0.007392	0.011236	0.008918	0.657927	0.570196	0.610928	1
1.00	0.657927	0.440305	0.527554	0.007392	0.011236	0.008918	0.657927	0.570196	0.610928	1
1.00	0.657927	0.440305	0.527554	0.007392	0.011236	0.008918	0.657927	0.570196	0.610928	1
1.00	0.657927	0.440305	0.527554	0.007392	0.011236	0.008918	0.657927	0.570196	0.610928	1
1.00	0.657927	0.440305	0.527554	0.007392	0.011236	0.008918	0.657927	0.570196	0.610928	1
1.00	0.657927	0.440305	0.527554	0.007392	0.011236	0.008918	0.657927	0.570196	0.610928	1
1.00	0.657927	0.440305	0.527554	0.007392	0.011236	0.008918	0.657927	0.570196	0.610928	1
1.00	0.657927	0.440305	0.527554	0.007392	0.011236	0.008918	0.657927	0.570196	0.610928	1
1.00	0.657927	0.440305	0.527554	0.007392	0.011236	0.008918	0.657927	0.570196	0.610928	1
1.00	0.657927	0.440305	0.527554	0.007392	0.011236	0.008918	0.657927	0.570196	0.610928	1
1.00	0.657927	0.440305	0.527554	0.007392	0.011236	0.008918	0.657927	0.570196	0.610928	1
1.00	0.657927	0.440305	0.527554	0.007392	0.011236	0.008918	0.657927	0.570196	0.610928	1
1.00	0.657927	0.440305	0.527554	0.007392	0.011236	0.008918	0.657927	0.570196	0.610928	1
1.00	0.657927	0.440305	0.527554	0.007392	0.011236	0.008918	0.657927	0.570196	0.610928	1
1.00	0.657927	0.440305	0.527554	0.007392	0.011236	0.008918	0.657927	0.570196	0.610928	1
1.00	0.657927	0.440305	0.527554	0.007392	0.011236	0.008918	0.657927	0.570196	0.610928	1
1.00	0.657927	0.440305	0.527554	0.007392	0.011236	0.008918	0.657927	0.570196	0.610928	1
1.00	0.657927	0.440305	0.527554	0.007392	0.011236	0.008918	0.657927	0.570196	0.610928	1
1.00	0.657927	0.440305	0.527554	0.007392	0.011236	0.008918	0.657927	0.570196	0.610928	1
1.00	0.657927	0.440305	0.527554	0.007392	0.011236	0.008918	0.657927	0.570196	0.610928	1
1.00	0.657927	0.440305	0.527554	0.007392	0.011236	0.008918	0.657927	0.570196	0.610928	1
1.00	0.657927	0.440305	0.527554	0.007392	0.011236	0.008918	0.657927	0.570196	0.610928	1
1.00	0.657927	0.440305	0.527554	0.007392	0.011236	0.008918	0.657927	0.570196	0.610928	1
1.00	0.655473	0.438662	0.525586	0.007385	0.011194	0.008899	0.655473	0.567741	0.608461	2
1.00	0.337387	0.225790	0.270531	0.009199	0.012465	0.010586	0.337387	0.277597	0.304585	2
1.00	0.126074	0.084372	0.101091	0.001417	0.011236	0.002516	0.126074	0.094202	0.107832	1
1.00	0.126074	0.084372	0.101091	0.001417	0.011236	0.002516	0.126074	0.094202	0.107832	1
1.00	0.126074	0.084372	0.101091	0.001417	0.011236	0.002516	0.126074	0.094202	0.107832	1
1.00	0.126074	0.084372	0.101091	0.001417	0.011236	0.002516	0.126074	0.094202	0.107832	1
1.00	0.126074	0.084372	0.101091	0.001417	0.011236	0.002516	0.126074	0.094202	0.107832	1
1.00	0.126074	0.084372	0.101091	0.001417	0.011236	0.002516	0.126074	0.094202	0.107832	1
1.00	0.126074	0.084372	0.101091	0.001417	0.011236	0.002516	0.126074	0.094202	0.107832	1
1.00	0.126074	0.084372	0.101091	0.001417	0.011236	0.002516	0.126074	0.094202	0.107832	1
1.00	0.126074	0.084372	0.101091	0.001417	0.011236	0.002516	0.126074	0.094202	0.107832	1
1.00	0.126074	0.084372	0.101091	0.001417	0.011236	0.002516	0.126074	0.094202	0.107832	1
1.00	0.126074	0.084372	0.101091	0.001417	0.011236	0.002516	0.126074	0.094202	0.107832	1
1.00	0.126074	0.084372	0.101091	0.001417	0.011236	0.002516	0.126074	0.094202	0.107832	1
1.00	0.126074	0.084372	0.101091	0.001417	0.011236	0.002516	0.126074	0.094202	0.107832	1
1.00	0.126074	0.084372	0.101091	0.001417	0.011236	0.002516	0.126074	0.094202	0.107832	1
1.00	0.126074	0.084372	0.101091	0.001417	0.011236	0.002516	0.126074	0.094202	0.107832	1
1.00	0.126074	0.084372	0.101091	0.001417	0.011236	0.002516	0.126074	0.094202	0.107832	1
1.00	0.126074	0.084372	0.101091	0.001417	0.011236	0.002516	0.126074	0.094202	0.107832	1
1.00	0.126074	0.084372	0.101091	0.001417	0.011236	0.002516	0.126074	0.094202	0.107832	1
1.00	0.125962	0.084298	0.101002	0.001415	0.011226	0.002514	0.125962	0.094091	0.107718	2
1.00	0.194466	0.130143	0.155931	0.009648	0.011536	0.010508	0.194466	0.151688	0.170434	2
1.00	0.598460	0.400508	0.479871	0.009439	0.011892	0.010525	0.598460	0.514764	0.553466	2
1.00	0.651233	0.435825	0.522186	0.008056	0.011162	0.009358	0.651233	0.563725	0.604327	2
1.00	0.655473	0.438662	0.525586	0.007387	0.011194	0.008901	0.655473	0.567797	0.608493	2
1.00	0.656811	0.439558	0.526660	0.007389	0.011217	0.008909	0.656811	0.569080	0.609807	2
1.00	0.657927	0.440305	0.527554	0.007392	0.011236	0.008918	0.657927	0.570196	0.610928	1
1.00	0.657927	0.440305	0.527554	0.007392	0.011236	0.008918	0.657927	0.570196	0.610928	1
1.00	0.657927	0.440305	0.527554	0.007392	0.011236	0.008918	0.657927	0.570196	0.610928	1
1.00	0.657927	0.440305	0.527554	0.007392	0.011236	0.008918	0.657927	0.570196	0.610928	1
1.00	0.657927	0.440305	0.527554	0.007392	0.011236	0.008918	0.657927	0.570196	0.610928	1
1.00	0.657927	0.440305	0.527554	0.007392	0.011236	0.008918	0.657927	0.570196	0.610928	1
1.00	0.657927	0.440305	0.527554	0.007392	0.011236	0.008918	0.657927	0.570196	0.610928	1
1.00	0.657927	0.440305	0.527554	0.007392	0.011236	0.008918	0.657927	0.570196	0.610928	1
1.00	0.657927	0.440305	0.527554	0.007392	0.011236	0.008918	0.657927	0.570196	0.610928	1
1.00	0.657927	0.440305	0.527554	0.007392	0.011236	0.008918	0.657927	0.570196	0.610928	1
1.00	0.657927	0.440305	0.527554	0.007392	0.011236	0.008918	0.657927	0.570196	0.610928	1
1.00	0.657927	0.440305	0.527554	0.007392	0.011236	0.008918	0.657927	0.570196	0.610928	1
1.00	0.657927	0.440305	0.527554	0.007392	0.011236	0.008918	0.657927	0.570196	0.610928	1
1.00	0.657481	0.440006	0.527196	0.007392	0.011228	0.008915	0.657481	0.569750	0.610479	2
1.00	0.450630	0.301575	0.361335	0.009555	0.012945	0.010995	0.450630	0.380901	0.412842	2
1.00	0.126409	0.084596	0.101360	0.007658	0.011226	0.009105	0.126409	0.094239	0.107979	2
1.00	0.126074	0.084372	0.101091	0.001417	0.011236	0.002516	0.126074	0.094202	0.107832	1
1.00	0.126074	0.084372	0.101091	0.001417	0.011236	0.002516	0.126074	0.094202	0.107832	1
1.00	0.126074	0.084372	0.101091	0.001417	0.011236	0.002516	0.126074	0.094202	0.107832	1
1.00	0.126074	0.084372	0.101091	0.001417	0.011236	0.002516	0.126074	0.094202	0.107832	1
1.00	0.126074	0.084372	0.101091	0.001417	0.011236	0.002516	0.126074	0.094202	0.107832	1
1.00	0.126074	0.084372	0.101091	0.001417	0.011236	0.002516	0.126074	0.094202	0.107832	1
1.00	0.126074	0.084372	0.101091	0.001417	0.011236	0.002516	0.126074	0.094202	0.107832	1
1.00	0.126074	0.084372	0.101091	0.001417	0.011236	0.002516	0.126074	0.094202	0.107832	1
1.00	0.126074	0.084372	0.101091	0.001417	0.011236	0.002516	0.126074	0.094202	0.107832	1
1.00	0.126074	0.084372	0.101091	0.001417	0.011236	0.002516	0.126074	0.094202	0.107832	1
1.00	0.126074	0.084372	0.101091	0.001417	0.011236	0.002516	0.126074	0.094202	0.107832	1
1.00	0.126074	0.084372	0.101091	0.001417	0.011236	0.002516	0.126074	0.094202	0.107832	1
1.00	0.126074	0.084372	0.101091	0.001417	0.011236	0.002516	0.126074	0.094202	0.107832	1
1.00	0.126074	0.084372	0.101091	0.001417	0.011236	0.002516	0.126074	0.094202	0.107832	1
1.00	0.126074	0.084372	0.101091	0.001417	0.011236	0.002516	0.126074	0.094202	0.107832	1
1.00	0.126074	0.084372	0.101091	0.001417	0.011236	0.002516	0.126074	0.094202	0.107832	1
1.00	0.126409	0.084596	0.101360	0.007543	0.011218	0.009021	0.126409	0.094295	0.108015	2
1.00	0.218231	0.146046	0.174987	0.009736	0.011556	0.010568	0.218231	0.172273	0.192547	2
1.00	0.389044	0.260360	0.311952	0.009514	0.012592	0.010839	0.389044	0.325163	0.354246	2
1.00	0.579047	0.387516	0.464305	0.009682	0.012533	0.010925	0.579047	0.496625	0.534678	2
1.00	0.610175	0.408348	0.489265	0.009672	0.012092	0.010748	0.610175	0.525680	0.564785	2
1.00	0.638068	0.427014	0.511630	0.009517	0.011500	0.010415	0.638068	0.551322	0.591532	2
1.00	0.591989	0.396177	0.474682	0.009692	0.012393	0.010877	0.591989	0.508442	0.547044	2
1.00	0.441705	0.295602	0.354178	0.009531	0.012704	0.010891	0.441705	0.373445	0.404717	2
1.00	0.201941	0.135145	0.161925	0.009902	0.011511	0.010646	0.201941	0.158624	0.177681	2
1.00	0.160995	0.107743	0.129093	0.009900	0.011326	0.010565	0.160995	0.122504	0.139136	2
1.00	0.135892	0.090943	0.108964	0.009800	0.011211	0.010458	0.135892	0.102068	0.116576	2
1.00	0.162222	0.108564	0.130077	0.009982	0.011339	0.010617	0.162222	0.123508	0.140242	2
1.00	0.156867	0.104980	0.125783	0.010060	0.011328	0.010656	0.156867	0.119036	0.135358	2
1.00	0.143032	0.095722	0.114690	0.010248	0.011268	0.010734	0.143032	0.107795	0.122939	2
1.00	0.129979	0.086986	0.104223	0.009342	0.011198	0.010186	0.129979	0.097121	0.111173	2
1.00	0.137789	0.092212	0.110485	0.010033	0.011219	0.010593	0.137789	0.103537	0.118232	2
1.00	0.205288	0.137385	0.164609	0.009963	0.011496	0.010675	0.205288	0.161358	0.180691	2
1.00	0.548589	0.367132	0.439882	0.009776	0.012978	0.011151	0.548589	0.468612	0.505456	2
1.00	0.641861	0.429553	0.514672	0.009556	0.011468	0.010425	0.641861	0.554558	0.595024	2
1.00	0.645766	0.432166	0.517803	0.009473	0.011390	0.010343	0.645766	0.558184	0.598789	2
1.00	0.656700	0.439483	0.526570	0.007392	0.011215	0.008911	0.656700	0.568969	0.609694	2
1.00	0.657927	0.440305	0.527554	0.007392	0.011236	0.008918	0.657927	0.570196	0.610928	1
1.00	0.657927	0.440305	0.527554	0.007392	0.011236	0.008918	0.657927	0.570196	0.610928	1
1.00	0.657927	0.440305	0.527554	0.007392	0.011236	0.008918	0.657927	0.570196	0.610928	1
1.00	0.657927	0.440305	0.527554	0.007392	0.011236	0.008918	0.657927	0.570196	0.610928	1
1.00	0.657927	0.440305	0.527554	0.007392	0.011236	0.008918	0.657927	0.570196	0.610928	1
1.00	0.657927	0.440305	0.527554	0.007392	0.011236	0.008918	0.657927	0.570196	0.610928	1
1.00	0.657927	0.440305	0.527554	0.007392	0.011236	0.008918	0.657927	0.570196	0.610928	1
1.00	0.657927	0.440305	0.527554	0.007392	0.011236	0.008918	0.657927	0.570196	0.610928	1
1.00	0.657592	0.440081	0.527286	0.007393	0.011230	0.008916	0.657592	0.569861	0.610592	2
1.00	0.650117	0.435078	0.521292	0.009282	0.011304	0.010193	0.650117	0.562423	0.603099	2
1.00	0.643200	0.430449	0.515745	0.009763	0.011539	0.010577	0.643200	0.555766	0.596295	2
1.00	0.626464	0.419249	0.502326	0.009835	0.011993	0.010807	0.626464	0.540184	0.580134	2
1.00	0.508200	0.340103	0.407497	0.009679	0.012955	0.011080	0.508200	0.431678	0.466824	2
1.00	0.304474	0.203763	0.244140	0.009645	0.012048	0.010713	0.304474	0.249418	0.274210	2
1.00	0.229053	0.153289	0.183664	0.009825	0.011652	0.010661	0.229053	0.182184	0.202948	2
1.00	0.203392	0.136116	0.163088	0.010028	0.011503	0.010715	0.203392	0.159833	0.179001	2
1.00	0.157537	0.105428	0.126320	0.010013	0.011315	0.010624	0.157537	0.119770	0.136082	2
1.00	0.298226	0.199582	0.239130	0.009656	0.012006	0.010703	0.298226	0.243914	0.268349	2
1.00	0.478858	0.320466	0.383969	0.009675	0.012976	0.011085	0.478858	0.406092	0.439483	2
1.00	0.641638	0.429403	0.514493	0.009756	0.011593	0.010595	0.641638	0.554241	0.594746	2
1.00	0.646658	0.432763	0.518519	0.009639	0.011421	0.010455	0.646658	0.558909	0.599590	2

Wed Sep  1 14:22:03 2021
43.90	0.026427	0.840580	0.051242	0.015160	0.063408	0.024469	0.026504	0.880417	0.051459	67
33.65	0.028863	0.649966	0.055272	0.014496	0.284402	0.027586	0.028842	0.691335	0.055374	68
26.19	0.029696	0.520496	0.056186	0.014111	0.214580	0.026481	0.029577	0.542917	0.056097	63
20.84	0.030631	0.427238	0.057164	0.014054	0.157570	0.025806	0.030350	0.434254	0.056736	55
16.00	0.033097	0.354290	0.060538	0.015082	0.132405	0.027079	0.032804	0.349600	0.059981	44
11.96	0.038058	0.304487	0.067659	0.012243	0.113674	0.022104	0.037767	0.294583	0.066951	38
8.40	0.044894	0.252371	0.076228	0.012699	0.097295	0.022466	0.045184	0.241578	0.076128	29
4.87	0.055375	0.180318	0.084729	0.012699	0.056279	0.020723	0.060147	0.178536	0.089980	24
2.83	0.074722	0.141566	0.097815	0.012935	0.028743	0.017841	0.083193	0.144844	0.105684	18
2.05	0.091553	0.125513	0.105876	0.011841	0.019295	0.014675	0.101107	0.130299	0.113862	15
1.65	0.101563	0.112073	0.106560	0.012198	0.015850	0.013786	0.111124	0.118134	0.114521	9
1.38	0.111426	0.102890	0.106988	0.014601	0.014090	0.014341	0.119752	0.110138	0.114744	6
1.19	0.119692	0.095124	0.106003	0.003751	0.012822	0.005804	0.123433	0.103221	0.112426	5
1.06	0.124383	0.088479	0.103403	0.004024	0.011842	0.006007	0.125126	0.097810	0.109794	4
1.01	0.126100	0.085567	0.101953	0.005012	0.011412	0.006965	0.126074	0.095411	0.108620	3
1.00	0.125919	0.084447	0.101095	0.003022	0.011247	0.004764	0.125906	0.094314	0.107844	3
1.00	0.126060	0.084372	0.101087	0.001417	0.011236	0.002516	0.126018	0.094202	0.107812	2
1.00	0.126074	0.084372	0.101091	0.001417	0.011236	0.002516	0.126074	0.094202	0.107832	1
1.00	0.126074	0.084372	0.101091	0.001417	0.011236	0.002516	0.126074	0.094202	0.107832	1
1.00	0.126074	0.084372	0.101091	0.001417	0.011236	0.002516	0.126074	0.094202	0.107832	1
1.00	0.126074	0.084372	0.101091	0.001417	0.011236	0.002516	0.126074	0.094202	0.107832	1
1.00	0.126074	0.084372	0.101091	0.001417	0.011236	0.002516	0.126074	0.094202	0.107832	1
1.00	0.126074	0.084372	0.101091	0.001417	0.011236	0.002516	0.126074	0.094202	0.107832	1
1.00	0.126074	0.084372	0.101091	0.001417	0.011236	0.002516	0.126074	0.094202	0.107832	1
1.00	0.126074	0.084372	0.101091	0.001417	0.011236	0.002516	0.126074	0.094202	0.107832	1
1.00	0.126074	0.084372	0.101091	0.001417	0.011236	0.002516	0.126074	0.094202	0.107832	1
1.00	0.126074	0.084372	0.101091	0.001417	0.011236	0.002516	0.126074	0.094202	0.107832	1
1.00	0.126074	0.084372	0.101091	0.001417	0.011236	0.002516	0.126074	0.094202	0.107832	1
1.00	0.126074	0.084372	0.101091	0.001417	0.011236	0.002516	0.126074	0.094202	0.107832	1
1.00	0.126074	0.084372	0.101091	0.001417	0.011236	0.002516	0.126074	0.094202	0.107832	1
1.00	0.128528	0.086015	0.103060	0.008908	0.011246	0.009941	0.128528	0.096210	0.110046	2
1.00	0.138904	0.092959	0.111379	0.008622	0.011230	0.009755	0.138904	0.105155	0.119696	2
1.00	0.176615	0.118196	0.141617	0.008720	0.011295	0.009842	0.176615	0.138421	0.155203	2
1.00	0.271561	0.181737	0.217749	0.008933	0.011623	0.010102	0.271561	0.224742	0.245943	2
1.00	0.443601	0.296872	0.355699	0.008864	0.011185	0.009890	0.443601	0.378534	0.408493	2
1.00	0.582952	0.390129	0.467436	0.008752	0.011177	0.009817	0.582952	0.503124	0.540104	2
1.00	0.654580	0.438065	0.524870	0.007946	0.011203	0.009297	0.654580	0.567407	0.607884	2
1.00	0.657927	0.440305	0.527554	0.007394	0.011236	0.008919	0.657927	0.570196	0.610928	2
1.00	0.657927	0.440305	0.527554	0.007392	0.011236	0.008918	0.657927	0.570196	0.610928	1
1.00	0.657927	0.440305	0.527554	0.007392	0.011236	0.008918	0.657927	0.570196	0.610928	1
1.00	0.657927	0.440305	0.527554	0.007392	0.011236	0.008918	0.657927	0.570196	0.610928	1
1.00	0.657927	0.440305	0.527554	0.007392	0.011236	0.008918	0.657927	0.570196	0.610928	1
1.00	0.657927	0.440305	0.527554	0.007392	0.011236	0.008918	0.657927	0.570196	0.610928	1
1.00	0.657927	0.440305	0.527554	0.007392	0.011236	0.008918	0.657927	0.570196	0.610928	1
1.00	0.657927	0.440305	0.527554	0.007393	0.011236	0.008918	0.657927	0.570196	0.610928	2
1.00	0.657927	0.440305	0.527554	0.007393	0.011236	0.008918	0.657927	0.570196	0.610928	2
1.00	0.657481	0.440006	0.527196	0.008642	0.011236	0.009770	0.657481	0.569852	0.610538	2
1.00	0.641192	0.429105	0.514135	0.009327	0.011481	0.010293	0.641192	0.554520	0.594715	2
1.00	0.613522	0.410588	0.491948	0.009247	0.011667	0.010317	0.613522	0.529380	0.568354	2
1.00	0.634609	0.424699	0.508857	0.009237	0.011497	0.010244	0.634609	0.548468	0.588402	2
1.00	0.656030	0.439035	0.526033	0.009385	0.011276	0.010244	0.656030	0.568327	0.609038	2
1.00	0.657927	0.440305	0.527554	0.007393	0.011236	0.008918	0.657927	0.570196	0.610928	2
1.00	0.657927	0.440305	0.527554	0.007392	0.011236	0.008918	0.657927	0.570196	0.610928	1
1.00	0.657927	0.440305	0.527554	0.007392	0.011236	0.008918	0.657927	0.570196	0.610928	1
1.00	0.657927	0.440305	0.527554	0.007392	0.011236	0.008918	0.657927	0.570196	0.610928	1
1.00	0.657927	0.440305	0.527554	0.007392	0.011236	0.008918	0.657927	0.570196	0.610928	1
1.00	0.657927	0.440305	0.527554	0.007392	0.011236	0.008918	0.657927	0.570196	0.610928	1
1.00	0.657927	0.440305	0.527554	0.007392	0.011236	0.008918	0.657927	0.570196	0.610928	1
1.00	0.657927	0.440305	0.527554	0.007392	0.011236	0.008918	0.657927	0.570196	0.610928	1
1.00	0.657927	0.440305	0.527554	0.007392	0.011236	0.008918	0.657927	0.570196	0.610928	1
1.00	0.657927	0.440305	0.527554	0.007392	0.011236	0.008918	0.657927	0.570196	0.610928	1
1.00	0.657927	0.440305	0.527554	0.007392	0.011236	0.008918	0.657927	0.570196	0.610928	1
1.00	0.657927	0.440305	0.527554	0.007392	0.011236	0.008918	0.657927	0.570196	0.610928	1
1.00	0.657927	0.440305	0.527554	0.007392	0.011236	0.008918	0.657927	0.570196	0.610928	1
1.00	0.657927	0.440305	0.527554	0.007392	0.011236	0.008918	0.657927	0.570196	0.610928	1
1.00	0.657927	0.440305	0.527554	0.007392	0.011236	0.008918	0.657927	0.570196	0.610928	1
1.00	0.657927	0.440305	0.527554	0.007392	0.011236	0.008918	0.657927	0.570196	0.610928	1
1.00	0.657927	0.440305	0.527554	0.007392	0.011236	0.008918	0.657927	0.570196	0.610928	1
1.00	0.657927	0.440305	0.527554	0.007392	0.011236	0.008918	0.657927	0.570196	0.610928	1
1.00	0.657927	0.440305	0.527554	0.007392	0.011236	0.008918	0.657927	0.570196	0.610928	1
1.00	0.629811	0.421489	0.505010	0.009718	0.011929	0.010711	0.629811	0.544051	0.583799	2
1.00	0.156309	0.104607	0.125335	0.009011	0.011109	0.009950	0.156309	0.121620	0.136800	2
1.00	0.126966	0.084970	0.101807	0.011406	0.011251	0.011328	0.126966	0.094872	0.108597	2
1.00	0.126074	0.084372	0.101091	0.001417	0.011236	0.002516	0.126074	0.094202	0.107832	1
1.00	0.126074	0.084372	0.101091	0.001417	0.011236	0.002516	0.126074	0.094202	0.107832	1
1.00	0.126074	0.084372	0.101091	0.001417	0.011236	0.002516	0.126074	0.094202	0.107832	1
1.00	0.126074	0.084372	0.101091	0.001417	0.011236	0.002516	0.126074	0.094202	0.107832	1
1.00	0.126074	0.084372	0.101091	0.001417	0.011236	0.002516	0.126074	0.094202	0.107832	1
1.00	0.126074	0.084372	0.101091	0.001417	0.011236	0.002516	0.126074	0.094202	0.107832	1
1.00	0.126074	0.084372	0.101091	0.001417	0.011236	0.002516	0.126074	0.094202	0.107832	1
1.00	0.126074	0.084372	0.101091	0.001417	0.011236	0.002516	0.126074	0.094202	0.107832	1
1.00	0.126074	0.084372	0.101091	0.001417	0.011236	0.002516	0.126074	0.094202	0.107832	1
1.00	0.126074	0.084372	0.101091	0.001417	0.011236	0.002516	0.126074	0.094202	0.107832	1
1.00	0.126074	0.084372	0.101091	0.001417	0.011236	0.002516	0.126074	0.094202	0.107832	1
1.00	0.126074	0.084372	0.101091	0.001417	0.011236	0.002516	0.126074	0.094202	0.107832	1
1.00	0.126074	0.084372	0.101091	0.001417	0.011236	0.002516	0.126074	0.094202	0.107832	1
1.00	0.126074	0.084372	0.101091	0.001417	0.011236	0.002516	0.126074	0.094202	0.107832	1
1.00	0.126074	0.084372	0.101091	0.001417	0.011236	0.002516	0.126074	0.094202	0.107832	1
1.00	0.127524	0.085343	0.102254	0.010671	0.011253	0.010954	0.127524	0.095299	0.109082	2
1.00	0.216669	0.145001	0.173734	0.009648	0.011569	0.010522	0.216669	0.173932	0.192962	2
1.00	0.608948	0.407526	0.488281	0.010340	0.013237	0.011610	0.608948	0.522825	0.562610	2
1.00	0.628361	0.420518	0.503847	0.010409	0.012789	0.011477	0.628361	0.540835	0.581322	2
1.00	0.609729	0.408049	0.488907	0.010359	0.013250	0.011628	0.609729	0.523736	0.563471	2
1.00	0.602700	0.403345	0.483271	0.010256	0.013219	0.011551	0.602700	0.517191	0.556681	2
1.00	0.658262	0.440529	0.527822	0.013017	0.011290	0.012092	0.658262	0.570345	0.611158	2
1.00	0.657927	0.440305	0.527554	0.007392	0.011236	0.008918	0.657927	0.570196	0.610928	1
1.00	0.657927	0.440305	0.527554	0.007392	0.011236	0.008918	0.657927	0.570196	0.610928	1
1.00	0.657927	0.440305	0.527554	0.007392	0.011236	0.008918	0.657927	0.570196	0.610928	1
1.00	0.657927	0.440305	0.527554	0.007392	0.011236	0.008918	0.657927	0.570196	0.610928	1
1.00	0.657927	0.440305	0.527554	0.007392	0.011236	0.008918	0.657927	0.570196	0.610928	1
1.00	0.657927	0.440305	0.527554	0.007392	0.011236	0.008918	0.657927	0.570196	0.610928	1
1.00	0.657927	0.440305	0.527554	0.007392	0.011236	0.008918	0.657927	0.570196	0.610928	1
1.00	0.657927	0.440305	0.527554	0.007392	0.011236	0.008918	0.657927	0.570196	0.610928	1
1.00	0.657927	0.440305	0.527554	0.012210	0.011260	0.011716	0.657927	0.570196	0.610928	2
1.00	0.658039	0.440379	0.527644	0.012271	0.011342	0.011788	0.658039	0.569889	0.610800	2
1.00	0.657034	0.439707	0.526838	0.010954	0.011406	0.011175	0.657034	0.568736	0.609705	2
1.00	0.657927	0.440305	0.527554	0.007392	0.011236	0.008918	0.657927	0.570196	0.610928	1
1.00	0.657815	0.440230	0.527465	0.011139	0.011250	0.011194	0.657815	0.570140	0.610848	2
1.00	0.657927	0.440305	0.527554	0.012210	0.011260	0.011716	0.657927	0.570196	0.610928	2
1.00	0.657927	0.440305	0.527554	0.007392	0.011236	0.008918	0.657927	0.570196	0.610928	1
1.00	0.657927	0.440305	0.527554	0.012210	0.011260	0.011716	0.657927	0.570196	0.610928	2
1.00	0.657704	0.440155	0.527375	0.007392	0.011232	0.008916	0.657704	0.570084	0.610768	2
1.00	0.657927	0.440305	0.527554	0.007392	0.011236	0.008918	0.657927	0.570196	0.610928	1
1.00	0.657927	0.440305	0.527554	0.007392	0.011236	0.008918	0.657927	0.570196	0.610928	1
1.00	0.658262	0.440529	0.527822	0.013017	0.011306	0.012101	0.658262	0.570308	0.611136	2
1.00	0.653687	0.437467	0.524155	0.010550	0.011742	0.011114	0.653687	0.564766	0.605982	2
1.00	0.607051	0.406257	0.486760	0.010215	0.013052	0.011461	0.607051	0.520622	0.560524	2
1.00	0.251813	0.168521	0.201914	0.009632	0.011824	0.010616	0.251813	0.204310	0.225588	2
1.00	0.133995	0.089674	0.107443	0.009897	0.011275	0.010541	0.133995	0.100989	0.115174	2
1.00	0.127971	0.085642	0.102612	0.010612	0.011260	0.010926	0.127971	0.095690	0.109501	2
1.00	0.127078	0.085044	0.101897	0.012654	0.011253	0.011912	0.127078	0.094983	0.108711	2
1.00	0.126074	0.084372	0.101091	0.001417	0.011236	0.002516	0.126074	0.094202	0.107832	1
1.00	0.126074	0.084372	0.101091	0.001417	0.011236	0.002516	0.126074	0.094202	0.107832	1
1.00	0.126074	0.084372	0.101091	0.001417	0.011236	0.002516	0.126074	0.094202	0.107832	1
1.00	0.126074	0.084372	0.101091	0.001417	0.011236	0.002516	0.126074	0.094202	0.107832	1
1.00	0.126074	0.084372	0.101091	0.001417	0.011236	0.002516	0.126074	0.094202	0.107832	1
1.00	0.126074	0.084372	0.101091	0.001417	0.011236	0.002516	0.126074	0.094202	0.107832	1
1.00	0.126074	0.084372	0.101091	0.001417	0.011236	0.002516	0.126074	0.094202	0.107832	1
1.00	0.126074	0.084372	0.101091	0.001417	0.011236	0.002516	0.126074	0.094202	0.107832	1
1.00	0.126074	0.084372	0.101091	0.001417	0.011236	0.002516	0.126074	0.094202	0.107832	1
1.00	0.126074	0.084372	0.101091	0.001417	0.011236	0.002516	0.126074	0.094202	0.107832	1
1.00	0.126074	0.084372	0.101091	0.001417	0.011236	0.002516	0.126074	0.094202	0.107832	1
1.00	0.126074	0.084372	0.101091	0.001417	0.011236	0.002516	0.126074	0.094202	0.107832	1
1.00	0.126074	0.084372	0.101091	0.001417	0.011236	0.002516	0.126074	0.094202	0.107832	1
1.00	0.126074	0.084372	0.101091	0.001417	0.011236	0.002516	0.126074	0.094202	0.107832	1
1.00	0.126074	0.084372	0.101091	0.001417	0.011236	0.002516	0.126074	0.094202	0.107832	1
1.00	0.126074	0.084372	0.101091	0.001417	0.011236	0.002516	0.126074	0.094202	0.107832	1
1.00	0.126074	0.084372	0.101091	0.001417	0.011236	0.002516	0.126074	0.094202	0.107832	1
1.00	0.126074	0.084372	0.101091	0.001417	0.011236	0.002516	0.126074	0.094202	0.107832	1
1.00	0.126074	0.084372	0.101091	0.001417	0.011236	0.002516	0.126074	0.094202	0.107832	1
1.00	0.126074	0.084372	0.101091	0.001417	0.011236	0.002516	0.126074	0.094202	0.107832	1
1.00	0.126074	0.084372	0.101091	0.001417	0.011236	0.002516	0.126074	0.094202	0.107832	1
1.00	0.126074	0.084372	0.101091	0.001417	0.011236	0.002516	0.126074	0.094202	0.107832	1
1.00	0.126074	0.084372	0.101091	0.001417	0.011236	0.002516	0.126074	0.094202	0.107832	1
1.00	0.126074	0.084372	0.101091	0.001417	0.011236	0.002516	0.126074	0.094202	0.107832	1
1.00	0.126074	0.084372	0.101091	0.001417	0.011236	0.002516	0.126074	0.094202	0.107832	1
1.00	0.126074	0.084372	0.101091	0.001417	0.011236	0.002516	0.126074	0.094202	0.107832	1
1.00	0.126074	0.084372	0.101091	0.001417	0.011236	0.002516	0.126074	0.094202	0.107832	1

Wed Sep  1 14:56:11 2021
41.67	0.021481	0.648551	0.041584	0.010575	0.061610	0.018052	0.021653	0.760833	0.042108	68
31.71	0.024938	0.529232	0.047631	0.016032	0.248591	0.030121	0.025033	0.622106	0.048129	72
22.23	0.031231	0.464720	0.058528	0.015359	0.178999	0.028290	0.031174	0.563085	0.059077	60
16.26	0.035471	0.385873	0.064970	0.011301	0.108062	0.020462	0.034758	0.477759	0.064802	52
11.75	0.034705	0.272829	0.061577	0.011031	0.082594	0.019462	0.032972	0.339752	0.060111	41
8.10	0.028320	0.153438	0.047815	0.012725	0.050110	0.020296	0.025561	0.189306	0.045041	30
5.73	0.016927	0.064885	0.026849	0.009579	0.037963	0.015298	0.014029	0.078130	0.023786	25
4.11	0.010429	0.028672	0.015295	0.010565	0.033458	0.016059	0.007921	0.033490	0.012812	20
3.14	0.004473	0.009408	0.006064	0.013832	0.030140	0.018961	0.003283	0.009623	0.004896	14
2.53	0.002203	0.003733	0.002771	0.011967	0.022565	0.015640	0.001770	0.003189	0.002277	10
1.77	0.001512	0.001792	0.001640	0.001119	0.005186	0.001841	0.001051	0.001237	0.001136	7
1.19	0.001407	0.001120	0.001247	0.001147	0.003241	0.001694	0.001339	0.000753	0.000964	4
1.01	0.001655	0.001120	0.001336	0.001040	0.003241	0.001575	0.001674	0.000772	0.001056	5
1.00	0.003012	0.002016	0.002415	0.006235	0.004597	0.005292	0.003012	0.001627	0.002113	6
1.00	0.006471	0.004331	0.005189	0.004083	0.005524	0.004695	0.006471	0.003989	0.004935	7
1.00	0.019413	0.012992	0.015566	0.008562	0.017759	0.011554	0.019413	0.014169	0.016382	7
1.00	0.059020	0.039498	0.047325	0.010514	0.020388	0.013873	0.059020	0.044265	0.050589	7
1.00	0.112574	0.075338	0.090267	0.010290	0.012284	0.011199	0.112574	0.086634	0.097915	7
1.00	0.177619	0.118868	0.142423	0.010739	0.015501	0.012688	0.177619	0.138549	0.155670	7
1.00	0.196251	0.131337	0.157363	0.011601	0.015277	0.013187	0.196251	0.153016	0.171958	6
1.00	0.180185	0.120585	0.144480	0.013422	0.012907	0.013159	0.180185	0.139652	0.157350	4
1.00	0.164342	0.109983	0.131777	0.010502	0.011488	0.010973	0.164342	0.126217	0.142778	4
1.00	0.159322	0.106623	0.127751	0.010595	0.011458	0.011010	0.159322	0.121940	0.138147	2
1.00	0.154078	0.103114	0.123546	0.010760	0.011401	0.011071	0.154078	0.117548	0.133357	2
1.00	0.160437	0.107370	0.128646	0.010743	0.011501	0.011109	0.160437	0.122740	0.139079	2
1.00	0.184983	0.123796	0.148327	0.010426	0.011808	0.011074	0.184983	0.143579	0.161672	2
1.00	0.188107	0.125887	0.150832	0.010465	0.011877	0.011127	0.188107	0.146592	0.164774	2
1.00	0.217784	0.145748	0.174629	0.010348	0.012272	0.011228	0.217784	0.172513	0.192523	2
1.00	0.233181	0.156052	0.186974	0.010271	0.012470	0.011264	0.233181	0.185929	0.206891	2
1.00	0.251813	0.168521	0.201914	0.010151	0.012716	0.011290	0.251813	0.202116	0.224244	2
1.00	0.326007	0.218174	0.261406	0.010064	0.013493	0.011529	0.326007	0.268017	0.294181	2
1.00	0.427647	0.286194	0.342906	0.010017	0.014208	0.011750	0.427647	0.360586	0.391264	2
1.00	0.536093	0.358770	0.429862	0.010209	0.014324	0.011922	0.536093	0.458818	0.494454	2
1.00	0.590427	0.395132	0.473430	0.010188	0.013194	0.011498	0.590427	0.509595	0.547041	2
1.00	0.632824	0.423505	0.507425	0.010242	0.012037	0.011067	0.632824	0.547668	0.587175	2
1.00	0.649671	0.434779	0.520934	0.010657	0.011666	0.011139	0.649671	0.562591	0.603003	2
1.00	0.654357	0.437915	0.524691	0.010873	0.011448	0.011153	0.654357	0.567230	0.607686	2
1.00	0.657704	0.440155	0.527375	0.012506	0.011353	0.011901	0.657704	0.570029	0.610736	2
1.00	0.657704	0.440155	0.527375	0.012207	0.011256	0.011713	0.657704	0.570140	0.610800	2
1.00	0.657927	0.440305	0.527554	0.007392	0.011236	0.008918	0.657927	0.570196	0.610928	1
1.00	0.657927	0.440305	0.527554	0.007392	0.011236	0.008918	0.657927	0.570196	0.610928	1
1.00	0.657927	0.440305	0.527554	0.007392	0.011236	0.008918	0.657927	0.570196	0.610928	1
1.00	0.657927	0.440305	0.527554	0.007392	0.011236	0.008918	0.657927	0.570196	0.610928	1
1.00	0.657927	0.440305	0.527554	0.007392	0.011236	0.008918	0.657927	0.570196	0.610928	1
1.00	0.657927	0.440305	0.527554	0.007392	0.011236	0.008918	0.657927	0.570196	0.610928	1
1.00	0.657927	0.440305	0.527554	0.007392	0.011236	0.008918	0.657927	0.570196	0.610928	1
1.00	0.657927	0.440305	0.527554	0.007392	0.011236	0.008918	0.657927	0.570196	0.610928	1
1.00	0.657927	0.440305	0.527554	0.007392	0.011236	0.008918	0.657927	0.570196	0.610928	1
1.00	0.657927	0.440305	0.527554	0.007392	0.011236	0.008918	0.657927	0.570196	0.610928	1
1.00	0.657927	0.440305	0.527554	0.007392	0.011236	0.008918	0.657927	0.570196	0.610928	1
1.00	0.657927	0.440305	0.527554	0.007392	0.011236	0.008918	0.657927	0.570196	0.610928	1
1.00	0.657927	0.440305	0.527554	0.007392	0.011236	0.008918	0.657927	0.570196	0.610928	1
1.00	0.657927	0.440305	0.527554	0.007392	0.011236	0.008918	0.657927	0.570196	0.610928	1
1.00	0.657927	0.440305	0.527554	0.007392	0.011236	0.008918	0.657927	0.570196	0.610928	1
1.00	0.657927	0.440305	0.527554	0.007392	0.011236	0.008918	0.657927	0.570196	0.610928	1
1.00	0.658039	0.440379	0.527644	0.018629	0.011246	0.014025	0.658039	0.570308	0.611040	2
1.00	0.570233	0.381617	0.457237	0.010556	0.014625	0.012262	0.570233	0.487993	0.525918	2
1.00	0.192569	0.128873	0.154410	0.010551	0.012130	0.011286	0.192569	0.150093	0.168699	2
1.00	0.126074	0.084372	0.101091	0.001417	0.011236	0.002516	0.126074	0.094202	0.107832	1
1.00	0.126074	0.084372	0.101091	0.001417	0.011236	0.002516	0.126074	0.094202	0.107832	1
1.00	0.126074	0.084372	0.101091	0.001417	0.011236	0.002516	0.126074	0.094202	0.107832	1
1.00	0.126074	0.084372	0.101091	0.001417	0.011236	0.002516	0.126074	0.094202	0.107832	1
1.00	0.126074	0.084372	0.101091	0.001417	0.011236	0.002516	0.126074	0.094202	0.107832	1
1.00	0.126074	0.084372	0.101091	0.001417	0.011236	0.002516	0.126074	0.094202	0.107832	1
1.00	0.126074	0.084372	0.101091	0.001417	0.011236	0.002516	0.126074	0.094202	0.107832	1
1.00	0.126074	0.084372	0.101091	0.001417	0.011236	0.002516	0.126074	0.094202	0.107832	1
1.00	0.126074	0.084372	0.101091	0.001417	0.011236	0.002516	0.126074	0.094202	0.107832	1
1.00	0.126074	0.084372	0.101091	0.001417	0.011236	0.002516	0.126074	0.094202	0.107832	1
1.00	0.126074	0.084372	0.101091	0.001417	0.011236	0.002516	0.126074	0.094202	0.107832	1
1.00	0.126074	0.084372	0.101091	0.001417	0.011236	0.002516	0.126074	0.094202	0.107832	1
1.00	0.126074	0.084372	0.101091	0.001417	0.011236	0.002516	0.126074	0.094202	0.107832	1
1.00	0.127859	0.085567	0.102523	0.010312	0.011242	0.010757	0.127859	0.095550	0.109368	2
1.00	0.539886	0.361308	0.432904	0.010606	0.015321	0.012535	0.539886	0.458325	0.495773	2
1.00	0.637510	0.426641	0.511183	0.011085	0.012680	0.011829	0.637510	0.550299	0.590703	2
1.00	0.657927	0.440305	0.527554	0.007392	0.011236	0.008918	0.657927	0.570196	0.610928	1
1.00	0.657927	0.440305	0.527554	0.007392	0.011236	0.008918	0.657927	0.570196	0.610928	1
1.00	0.657927	0.440305	0.527554	0.007392	0.011236	0.008918	0.657927	0.570196	0.610928	1
1.00	0.657927	0.440305	0.527554	0.007392	0.011236	0.008918	0.657927	0.570196	0.610928	1
1.00	0.657927	0.440305	0.527554	0.007392	0.011236	0.008918	0.657927	0.570196	0.610928	1
1.00	0.657927	0.440305	0.527554	0.007392	0.011236	0.008918	0.657927	0.570196	0.610928	1
1.00	0.657927	0.440305	0.527554	0.007392	0.011236	0.008918	0.657927	0.570196	0.610928	1
1.00	0.657927	0.440305	0.527554	0.007392	0.011236	0.008918	0.657927	0.570196	0.610928	1
1.00	0.657927	0.440305	0.527554	0.007392	0.011236	0.008918	0.657927	0.570196	0.610928	1
1.00	0.657927	0.440305	0.527554	0.007392	0.011236	0.008918	0.657927	0.570196	0.610928	1
1.00	0.657927	0.440305	0.527554	0.007392	0.011236	0.008918	0.657927	0.570196	0.610928	1
1.00	0.657927	0.440305	0.527554	0.007392	0.011236	0.008918	0.657927	0.570196	0.610928	1
1.00	0.658039	0.440379	0.527644	0.013012	0.011246	0.012065	0.658039	0.570308	0.611040	2
1.00	0.656811	0.439558	0.526660	0.012129	0.011554	0.011835	0.656811	0.568522	0.609486	2
1.00	0.623117	0.417009	0.499642	0.011103	0.013768	0.012293	0.623117	0.535107	0.575768	2
1.00	0.636952	0.426267	0.510735	0.011114	0.012775	0.011887	0.636952	0.549611	0.590067	2
1.00	0.657815	0.440230	0.527465	0.010202	0.011242	0.010697	0.657815	0.570084	0.610816	2
1.00	0.657927	0.440305	0.527554	0.007392	0.011236	0.008918	0.657927	0.570196	0.610928	1
1.00	0.657927	0.440305	0.527554	0.007392	0.011236	0.008918	0.657927	0.570196	0.610928	1
1.00	0.657927	0.440305	0.527554	0.007392	0.011236	0.008918	0.657927	0.570196	0.610928	1
1.00	0.657927	0.440305	0.527554	0.007392	0.011236	0.008918	0.657927	0.570196	0.610928	1
1.00	0.657927	0.440305	0.527554	0.007392	0.011236	0.008918	0.657927	0.570196	0.610928	1
1.00	0.657927	0.440305	0.527554	0.007392	0.011236	0.008918	0.657927	0.570196	0.610928	1
1.00	0.657927	0.440305	0.527554	0.007392	0.011236	0.008918	0.657927	0.570196	0.610928	1
1.00	0.657927	0.440305	0.527554	0.007392	0.011236	0.008918	0.657927	0.570196	0.610928	1
1.00	0.657927	0.440305	0.527554	0.007392	0.011236	0.008918	0.657927	0.570196	0.610928	1
1.00	0.657927	0.440305	0.527554	0.007392	0.011236	0.008918	0.657927	0.570196	0.610928	1
1.00	0.657927	0.440305	0.527554	0.007392	0.011236	0.008918	0.657927	0.570196	0.610928	1
1.00	0.657927	0.440305	0.527554	0.007392	0.011236	0.008918	0.657927	0.570196	0.610928	1
1.00	0.657927	0.440305	0.527554	0.007392	0.011236	0.008918	0.657927	0.570196	0.610928	1
1.00	0.657927	0.440305	0.527554	0.007392	0.011236	0.008918	0.657927	0.570196	0.610928	1
1.00	0.657927	0.440305	0.527554	0.007392	0.011236	0.008918	0.657927	0.570196	0.610928	1
1.00	0.657927	0.440305	0.527554	0.007392	0.011236	0.008918	0.657927	0.570196	0.610928	1
1.00	0.657927	0.440305	0.527554	0.007392	0.011236	0.008918	0.657927	0.570196	0.610928	1
1.00	0.657927	0.440305	0.527554	0.007392	0.011236	0.008918	0.657927	0.570196	0.610928	1
1.00	0.657927	0.440305	0.527554	0.007392	0.011236	0.008918	0.657927	0.570196	0.610928	1
1.00	0.657927	0.440305	0.527554	0.007392	0.011236	0.008918	0.657927	0.570196	0.610928	1

Wed Sep  1 15:22:13 2021
44.17	0.002944	0.094203	0.005709	0.002277	0.039700	0.004308	0.002964	0.061667	0.005657	64
33.87	0.004190	0.094975	0.008025	0.005849	0.248593	0.011429	0.004180	0.068580	0.007880	65
25.30	0.004234	0.071679	0.007995	0.002466	0.169463	0.004861	0.004200	0.050656	0.007758	60
18.12	0.004434	0.053759	0.008193	0.002746	0.131209	0.005380	0.004403	0.036957	0.007868	53
12.46	0.004477	0.037333	0.007995	0.003782	0.088590	0.007254	0.004308	0.024796	0.007340	48
8.91	0.004595	0.027402	0.007870	0.001665	0.062289	0.003244	0.004336	0.017516	0.006951	42
6.38	0.005405	0.023072	0.008758	0.001598	0.047387	0.003092	0.005061	0.014681	0.007527	30
4.31	0.005878	0.016949	0.008729	0.001490	0.034417	0.002857	0.005698	0.011659	0.007655	24
2.86	0.007089	0.013589	0.009318	0.001490	0.025066	0.002814	0.007537	0.009883	0.008552	18
1.95	0.007496	0.009781	0.008487	0.000226	0.014144	0.000445	0.009604	0.007308	0.008300	11
1.37	0.008803	0.008064	0.008417	0.000188	0.010817	0.000370	0.010711	0.006025	0.007712	8
1.07	0.010224	0.007317	0.008530	0.000206	0.010156	0.000404	0.010822	0.005467	0.007264	7
1.00	0.009346	0.006272	0.007506	0.000199	0.009231	0.000389	0.009372	0.004686	0.006248	6
1.00	0.007475	0.005003	0.005994	0.000177	0.008108	0.000346	0.007475	0.003738	0.004983	8
1.00	0.006248	0.004181	0.005010	0.001884	0.003589	0.002471	0.006248	0.003161	0.004198	8
1.00	0.005355	0.003584	0.004294	0.001458	0.002836	0.001926	0.005355	0.002678	0.003570	8
1.00	0.005913	0.003957	0.004741	0.002294	0.002494	0.002390	0.005913	0.003180	0.004136	8
1.00	0.008479	0.005675	0.006799	0.002844	0.002054	0.002385	0.008479	0.005467	0.006648	8
1.00	0.015173	0.010155	0.012167	0.002921	0.002151	0.002478	0.015173	0.010441	0.012370	8
1.00	0.024768	0.016576	0.019860	0.002738	0.002787	0.002762	0.024768	0.018065	0.020892	7
1.00	0.036149	0.024192	0.028986	0.002728	0.003413	0.003032	0.036149	0.027362	0.031148	7
1.00	0.053777	0.035989	0.043120	0.009365	0.004820	0.006365	0.053777	0.041327	0.046737	7
1.00	0.080219	0.053685	0.064323	0.010282	0.006482	0.007951	0.080219	0.062163	0.070046	6
1.00	0.117483	0.078623	0.094203	0.009323	0.008201	0.008726	0.117483	0.091143	0.102650	5
1.00	0.163561	0.109460	0.131150	0.009015	0.009522	0.009262	0.163561	0.129021	0.144252	5
1.00	0.236305	0.158142	0.189479	0.009249	0.010344	0.009766	0.236305	0.190314	0.210830	4
1.00	0.327123	0.218920	0.262301	0.009806	0.010888	0.010319	0.327123	0.267665	0.294422	4
1.00	0.443044	0.296498	0.355251	0.010626	0.010906	0.010765	0.443044	0.372448	0.404690	4
1.00	0.513109	0.343388	0.411433	0.010146	0.010902	0.010511	0.513109	0.436582	0.471762	4
1.00	0.586522	0.392518	0.470299	0.008598	0.010989	0.009648	0.586522	0.504519	0.542439	2
1.00	0.619659	0.414694	0.496869	0.008600	0.011065	0.009678	0.619659	0.535405	0.574459	2
1.00	0.636506	0.425969	0.510378	0.008392	0.011079	0.009550	0.636506	0.550374	0.590314	2
1.00	0.643423	0.430598	0.515924	0.008370	0.011125	0.009553	0.643423	0.556547	0.596840	2
1.00	0.651568	0.436049	0.522455	0.008318	0.011184	0.009540	0.651568	0.564487	0.604910	2
1.00	0.657258	0.439857	0.527017	0.008516	0.011233	0.009687	0.657258	0.569582	0.610287	2
1.00	0.657927	0.440305	0.527554	0.007392	0.011236	0.008918	0.657927	0.570196	0.610928	1
1.00	0.657927	0.440305	0.527554	0.007392	0.011236	0.008918	0.657927	0.570196	0.610928	1
1.00	0.657927	0.440305	0.527554	0.007392	0.011236	0.008918	0.657927	0.570196	0.610928	1
1.00	0.657927	0.440305	0.527554	0.007392	0.011236	0.008918	0.657927	0.570196	0.610928	1
1.00	0.657927	0.440305	0.527554	0.007392	0.011236	0.008918	0.657927	0.570196	0.610928	1
1.00	0.657927	0.440305	0.527554	0.007392	0.011236	0.008918	0.657927	0.570196	0.610928	1
1.00	0.657927	0.440305	0.527554	0.007392	0.011236	0.008918	0.657927	0.570196	0.610928	1
1.00	0.657927	0.440305	0.527554	0.007392	0.011236	0.008918	0.657927	0.570196	0.610928	1
1.00	0.657927	0.440305	0.527554	0.007392	0.011236	0.008918	0.657927	0.570196	0.610928	1
1.00	0.657927	0.440305	0.527554	0.007392	0.011236	0.008918	0.657927	0.570196	0.610928	1
1.00	0.657927	0.440305	0.527554	0.007392	0.011236	0.008918	0.657927	0.570196	0.610928	1
1.00	0.657927	0.440305	0.527554	0.013011	0.011244	0.012063	0.657927	0.570196	0.610928	2
1.00	0.657146	0.439782	0.526928	0.008413	0.011231	0.009620	0.657146	0.569471	0.610175	2
1.00	0.648220	0.433809	0.519771	0.007867	0.011110	0.009212	0.648220	0.561419	0.601705	2
1.00	0.590427	0.395132	0.473430	0.008492	0.010919	0.009554	0.590427	0.507903	0.546065	2
1.00	0.346424	0.231838	0.277778	0.008792	0.010618	0.009619	0.346424	0.284473	0.312407	2
1.00	0.159880	0.106996	0.128198	0.008923	0.010881	0.009805	0.159880	0.122355	0.138623	2
1.00	0.126520	0.084671	0.101449	0.010780	0.011236	0.011003	0.126520	0.094342	0.108087	2
1.00	0.126074	0.084372	0.101091	0.001417	0.011236	0.002516	0.126074	0.094202	0.107832	1
1.00	0.126074	0.084372	0.101091	0.001417	0.011236	0.002516	0.126074	0.094202	0.107832	1
1.00	0.126074	0.084372	0.101091	0.001417	0.011236	0.002516	0.126074	0.094202	0.107832	1
1.00	0.126074	0.084372	0.101091	0.001417	0.011236	0.002516	0.126074	0.094202	0.107832	1
1.00	0.126074	0.084372	0.101091	0.001417	0.011236	0.002516	0.126074	0.094202	0.107832	1
1.00	0.126074	0.084372	0.101091	0.001417	0.011236	0.002516	0.126074	0.094202	0.107832	1
1.00	0.126074	0.084372	0.101091	0.001417	0.011236	0.002516	0.126074	0.094202	0.107832	1
1.00	0.126074	0.084372	0.101091	0.001417	0.011236	0.002516	0.126074	0.094202	0.107832	1
1.00	0.126074	0.084372	0.101091	0.001417	0.011236	0.002516	0.126074	0.094202	0.107832	1
1.00	0.126074	0.084372	0.101091	0.001417	0.011236	0.002516	0.126074	0.094202	0.107832	1
1.00	0.126074	0.084372	0.101091	0.001417	0.011236	0.002516	0.126074	0.094202	0.107832	1
1.00	0.126074	0.084372	0.101091	0.001417	0.011236	0.002516	0.126074	0.094202	0.107832	1
1.00	0.126074	0.084372	0.101091	0.001417	0.011236	0.002516	0.126074	0.094202	0.107832	1
1.00	0.126074	0.084372	0.101091	0.001417	0.011236	0.002516	0.126074	0.094202	0.107832	1
1.00	0.126074	0.084372	0.101091	0.001417	0.011236	0.002516	0.126074	0.094202	0.107832	1
1.00	0.126074	0.084372	0.101091	0.001417	0.011236	0.002516	0.126074	0.094202	0.107832	1
1.00	0.126074	0.084372	0.101091	0.001417	0.011236	0.002516	0.126074	0.094202	0.107832	1
1.00	0.126074	0.084372	0.101091	0.001417	0.011236	0.002516	0.126074	0.094202	0.107832	1
1.00	0.126074	0.084372	0.101091	0.001417	0.011236	0.002516	0.126074	0.094202	0.107832	1
1.00	0.126074	0.084372	0.101091	0.001417	0.011236	0.002516	0.126074	0.094202	0.107832	1
1.00	0.126074	0.084372	0.101091	0.001417	0.011236	0.002516	0.126074	0.094202	0.107832	1
1.00	0.126074	0.084372	0.101091	0.001417	0.011236	0.002516	0.126074	0.094202	0.107832	1
1.00	0.126074	0.084372	0.101091	0.001417	0.011236	0.002516	0.126074	0.094202	0.107832	1
1.00	0.126074	0.084372	0.101091	0.001417	0.011236	0.002516	0.126074	0.094202	0.107832	1
1.00	0.126074	0.084372	0.101091	0.001417	0.011236	0.002516	0.126074	0.094202	0.107832	1
1.00	0.126074	0.084372	0.101091	0.001417	0.011236	0.002516	0.126074	0.094202	0.107832	1
1.00	0.126074	0.084372	0.101091	0.001417	0.011236	0.002516	0.126074	0.094202	0.107832	1
1.00	0.126074	0.084372	0.101091	0.001417	0.011236	0.002516	0.126074	0.094202	0.107832	1
1.00	0.126074	0.084372	0.101091	0.001417	0.011236	0.002516	0.126074	0.094202	0.107832	1
1.00	0.126074	0.084372	0.101091	0.001417	0.011236	0.002516	0.126074	0.094202	0.107832	1
1.00	0.127859	0.085567	0.102523	0.010490	0.011226	0.010845	0.127859	0.095262	0.109179	2
1.00	0.276693	0.185171	0.221864	0.009161	0.010850	0.009934	0.276693	0.221994	0.246344	2
1.00	0.607274	0.406406	0.486939	0.008985	0.011416	0.010055	0.607274	0.522937	0.561959	2
1.00	0.656365	0.439259	0.526302	0.008801	0.011241	0.009872	0.656365	0.568522	0.609294	2
1.00	0.657927	0.440305	0.527554	0.007392	0.011236	0.008918	0.657927	0.570196	0.610928	1
1.00	0.657927	0.440305	0.527554	0.007392	0.011236	0.008918	0.657927	0.570196	0.610928	1
1.00	0.657927	0.440305	0.527554	0.007392	0.011236	0.008918	0.657927	0.570196	0.610928	1
1.00	0.657927	0.440305	0.527554	0.007392	0.011236	0.008918	0.657927	0.570196	0.610928	1
1.00	0.657927	0.440305	0.527554	0.007392	0.011236	0.008918	0.657927	0.570196	0.610928	1
1.00	0.657927	0.440305	0.527554	0.007392	0.011236	0.008918	0.657927	0.570196	0.610928	1
1.00	0.657927	0.440305	0.527554	0.007392	0.011236	0.008918	0.657927	0.570196	0.610928	1
1.00	0.657927	0.440305	0.527554	0.007392	0.011236	0.008918	0.657927	0.570196	0.610928	1
1.00	0.657927	0.440305	0.527554	0.007392	0.011236	0.008918	0.657927	0.570196	0.610928	1
