
Wed Sep  8 07:54:20 2021
28.67	0.050741	0.898148	0.096055	0.033741	0.414617	0.062404	0.050804	0.890000	0.096122	39
24.81	0.059788	0.888819	0.112039	0.035275	0.468494	0.065611	0.059905	0.894931	0.112293	41
19.89	0.067787	0.807872	0.125078	0.043287	0.374499	0.077604	0.067777	0.824844	0.125262	36
13.43	0.080495	0.647821	0.143197	0.038983	0.267128	0.068037	0.081100	0.685805	0.145048	30
7.96	0.100782	0.480976	0.166646	0.036478	0.162606	0.059588	0.103028	0.537614	0.172918	27
4.67	0.131378	0.368000	0.193629	0.034164	0.093888	0.050098	0.138622	0.433841	0.210110	24
2.56	0.179263	0.275114	0.217078	0.045319	0.060243	0.051726	0.191118	0.349259	0.247048	20
1.46	0.222062	0.194895	0.207594	0.047441	0.035037	0.040306	0.232772	0.278160	0.253450	12
1.08	0.237340	0.153305	0.186284	0.046173	0.024712	0.032194	0.239007	0.242125	0.240556	10
1.00	0.236774	0.142483	0.177907	0.039770	0.022586	0.028810	0.236618	0.233055	0.234823	9
1.00	0.235971	0.141415	0.176847	0.039105	0.022229	0.028346	0.235971	0.232488	0.234217	8
1.00	0.236051	0.141464	0.176908	0.040297	0.022180	0.028612	0.236051	0.232853	0.234441	7
1.00	0.235971	0.141415	0.176847	0.040844	0.022028	0.028621	0.235971	0.232893	0.234422	6
1.00	0.235404	0.141075	0.176422	0.040909	0.021700	0.028358	0.235404	0.232974	0.234183	6
1.00	0.234837	0.140736	0.175998	0.019514	0.021496	0.020457	0.234837	0.232893	0.233861	5
1.00	0.234432	0.140493	0.175694	0.019769	0.021441	0.020571	0.234432	0.232853	0.233640	5
1.00	0.233622	0.140008	0.175087	0.018641	0.021378	0.019916	0.233622	0.232650	0.233135	4
1.00	0.232165	0.139134	0.173995	0.012036	0.021284	0.015377	0.232165	0.232084	0.232124	4
1.00	0.232003	0.139037	0.173873	0.004939	0.021277	0.008016	0.232003	0.232003	0.232003	2
1.00	0.232003	0.139037	0.173873	0.004937	0.021277	0.008014	0.232003	0.232003	0.232003	2
1.00	0.232003	0.139037	0.173873	0.004937	0.021277	0.008014	0.232003	0.232003	0.232003	2
1.00	0.232003	0.139037	0.173873	0.004936	0.021277	0.008013	0.232003	0.232003	0.232003	1
1.00	0.232003	0.139037	0.173873	0.004936	0.021277	0.008013	0.232003	0.232003	0.232003	1
1.00	0.232003	0.139037	0.173873	0.004936	0.021277	0.008013	0.232003	0.232003	0.232003	1
1.00	0.232003	0.139037	0.173873	0.004936	0.021277	0.008013	0.232003	0.232003	0.232003	1
1.00	0.232003	0.139037	0.173873	0.004936	0.021277	0.008013	0.232003	0.232003	0.232003	1
1.00	0.232003	0.139037	0.173873	0.004936	0.021277	0.008013	0.232003	0.232003	0.232003	1
1.00	0.232003	0.139037	0.173873	0.004936	0.021277	0.008013	0.232003	0.232003	0.232003	1
1.00	0.232003	0.139037	0.173873	0.004936	0.021277	0.008013	0.232003	0.232003	0.232003	1
1.00	0.232003	0.139037	0.173873	0.004936	0.021277	0.008013	0.232003	0.232003	0.232003	1
1.00	0.232003	0.139037	0.173873	0.004936	0.021277	0.008013	0.232003	0.232003	0.232003	1
1.00	0.232003	0.139037	0.173873	0.004936	0.021277	0.008013	0.232003	0.232003	0.232003	1
1.00	0.232003	0.139037	0.173873	0.004936	0.021277	0.008013	0.232003	0.232003	0.232003	1
1.00	0.232003	0.139037	0.173873	0.004936	0.021277	0.008013	0.232003	0.232003	0.232003	1
1.00	0.232003	0.139037	0.173873	0.004936	0.021277	0.008013	0.232003	0.232003	0.232003	1
1.00	0.232003	0.139037	0.173873	0.004936	0.021277	0.008013	0.232003	0.232003	0.232003	1
1.00	0.232003	0.139037	0.173873	0.004936	0.021277	0.008013	0.232003	0.232003	0.232003	1
1.00	0.232003	0.139037	0.173873	0.004936	0.021277	0.008013	0.232003	0.232003	0.232003	1
1.00	0.232003	0.139037	0.173873	0.004936	0.021277	0.008013	0.232003	0.232003	0.232003	1
1.00	0.232003	0.139037	0.173873	0.004936	0.021277	0.008013	0.232003	0.232003	0.232003	1
1.00	0.232003	0.139037	0.173873	0.004936	0.021277	0.008013	0.232003	0.232003	0.232003	1
1.00	0.232003	0.139037	0.173873	0.004936	0.021277	0.008013	0.232003	0.232003	0.232003	1
1.00	0.232003	0.139037	0.173873	0.004936	0.021277	0.008013	0.232003	0.232003	0.232003	1
1.00	0.232003	0.139037	0.173873	0.004936	0.021277	0.008013	0.232003	0.232003	0.232003	1
1.00	0.232003	0.139037	0.173873	0.004936	0.021277	0.008013	0.232003	0.232003	0.232003	1
1.00	0.232003	0.139037	0.173873	0.004936	0.021277	0.008013	0.232003	0.232003	0.232003	1
1.00	0.232003	0.139037	0.173873	0.004936	0.021277	0.008013	0.232003	0.232003	0.232003	1
1.00	0.232003	0.139037	0.173873	0.004936	0.021277	0.008013	0.232003	0.232003	0.232003	1
1.00	0.232003	0.139037	0.173873	0.004936	0.021277	0.008013	0.232003	0.232003	0.232003	1
1.00	0.232003	0.139037	0.173873	0.004936	0.021277	0.008013	0.232003	0.232003	0.232003	1
1.00	0.232003	0.139037	0.173873	0.004936	0.021277	0.008013	0.232003	0.232003	0.232003	1
1.00	0.232003	0.139037	0.173873	0.004936	0.021277	0.008013	0.232003	0.232003	0.232003	1
1.00	0.232003	0.139037	0.173873	0.004936	0.021277	0.008013	0.232003	0.232003	0.232003	1
1.00	0.232003	0.139037	0.173873	0.004936	0.021277	0.008013	0.232003	0.232003	0.232003	1
1.00	0.232003	0.139037	0.173873	0.004936	0.021277	0.008013	0.232003	0.232003	0.232003	1
1.00	0.232003	0.139037	0.173873	0.004936	0.021277	0.008013	0.232003	0.232003	0.232003	1
1.00	0.232003	0.139037	0.173873	0.004936	0.021277	0.008013	0.232003	0.232003	0.232003	1
1.00	0.232003	0.139037	0.173873	0.004936	0.021277	0.008013	0.232003	0.232003	0.232003	1
1.00	0.232003	0.139037	0.173873	0.004936	0.021277	0.008013	0.232003	0.232003	0.232003	1
1.00	0.232003	0.139037	0.173873	0.004936	0.021277	0.008013	0.232003	0.232003	0.232003	1
1.00	0.232003	0.139037	0.173873	0.004936	0.021277	0.008013	0.232003	0.232003	0.232003	1
1.00	0.232003	0.139037	0.173873	0.004936	0.021277	0.008013	0.232003	0.232003	0.232003	1
1.00	0.232003	0.139037	0.173873	0.004936	0.021277	0.008013	0.232003	0.232003	0.232003	1
1.00	0.232003	0.139037	0.173873	0.004936	0.021277	0.008013	0.232003	0.232003	0.232003	1
1.00	0.232003	0.139037	0.173873	0.004936	0.021277	0.008013	0.232003	0.232003	0.232003	1
1.00	0.232003	0.139037	0.173873	0.004936	0.021277	0.008013	0.232003	0.232003	0.232003	1
1.00	0.232003	0.139037	0.173873	0.004936	0.021277	0.008013	0.232003	0.232003	0.232003	1
1.00	0.232003	0.139037	0.173873	0.004936	0.021277	0.008013	0.232003	0.232003	0.232003	1
1.00	0.232003	0.139037	0.173873	0.004936	0.021277	0.008013	0.232003	0.232003	0.232003	1
1.00	0.232003	0.139037	0.173873	0.004936	0.021277	0.008013	0.232003	0.232003	0.232003	1
1.00	0.232003	0.139037	0.173873	0.004936	0.021277	0.008013	0.232003	0.232003	0.232003	1
1.00	0.232003	0.139037	0.173873	0.004936	0.021277	0.008013	0.232003	0.232003	0.232003	1
1.00	0.232003	0.139037	0.173873	0.004936	0.021277	0.008013	0.232003	0.232003	0.232003	1
1.00	0.232003	0.139037	0.173873	0.004936	0.021277	0.008013	0.232003	0.232003	0.232003	1
1.00	0.232003	0.139037	0.173873	0.004936	0.021277	0.008013	0.232003	0.232003	0.232003	1
1.00	0.232003	0.139037	0.173873	0.004936	0.021277	0.008013	0.232003	0.232003	0.232003	1
1.00	0.232003	0.139037	0.173873	0.004936	0.021277	0.008013	0.232003	0.232003	0.232003	1
1.00	0.232003	0.139037	0.173873	0.004936	0.021277	0.008013	0.232003	0.232003	0.232003	1
1.00	0.232003	0.139037	0.173873	0.004937	0.021277	0.008014	0.232003	0.232003	0.232003	2
1.00	0.232003	0.139037	0.173873	0.004937	0.021277	0.008014	0.232003	0.232003	0.232003	2
1.00	0.232003	0.139037	0.173873	0.004937	0.021277	0.008014	0.232003	0.232003	0.232003	2
1.00	0.232003	0.139037	0.173873	0.004937	0.021277	0.008014	0.232003	0.232003	0.232003	2
1.00	0.232003	0.139037	0.173873	0.004937	0.021277	0.008014	0.232003	0.232003	0.232003	2
1.00	0.232003	0.139037	0.173873	0.004936	0.021277	0.008013	0.232003	0.232003	0.232003	1
1.00	0.232003	0.139037	0.173873	0.004936	0.021277	0.008013	0.232003	0.232003	0.232003	1
1.00	0.232003	0.139037	0.173873	0.004936	0.021277	0.008013	0.232003	0.232003	0.232003	1
1.00	0.232003	0.139037	0.173873	0.004936	0.021277	0.008013	0.232003	0.232003	0.232003	1
1.00	0.232003	0.139037	0.173873	0.004936	0.021277	0.008013	0.232003	0.232003	0.232003	1
1.00	0.232003	0.139037	0.173873	0.004936	0.021277	0.008013	0.232003	0.232003	0.232003	1
1.00	0.232003	0.139037	0.173873	0.004936	0.021277	0.008013	0.232003	0.232003	0.232003	1
1.00	0.232003	0.139037	0.173873	0.004936	0.021277	0.008013	0.232003	0.232003	0.232003	1
1.00	0.232003	0.139037	0.173873	0.004936	0.021277	0.008013	0.232003	0.232003	0.232003	1
1.00	0.232003	0.139037	0.173873	0.004936	0.021277	0.008013	0.232003	0.232003	0.232003	1
1.00	0.232003	0.139037	0.173873	0.004936	0.021277	0.008013	0.232003	0.232003	0.232003	1
1.00	0.232003	0.139037	0.173873	0.004936	0.021277	0.008013	0.232003	0.232003	0.232003	1
1.00	0.232003	0.139037	0.173873	0.004936	0.021277	0.008013	0.232003	0.232003	0.232003	1
1.00	0.232003	0.139037	0.173873	0.004936	0.021277	0.008013	0.232003	0.232003	0.232003	1
1.00	0.232003	0.139037	0.173873	0.004936	0.021277	0.008013	0.232003	0.232003	0.232003	1
1.00	0.232003	0.139037	0.173873	0.004936	0.021277	0.008013	0.232003	0.232003	0.232003	1
1.00	0.232003	0.139037	0.173873	0.004936	0.021277	0.008013	0.232003	0.232003	0.232003	1
1.00	0.232003	0.139037	0.173873	0.004936	0.021277	0.008013	0.232003	0.232003	0.232003	1
1.00	0.232003	0.139037	0.173873	0.004936	0.021277	0.008013	0.232003	0.232003	0.232003	1
1.00	0.232003	0.139037	0.173873	0.004936	0.021277	0.008013	0.232003	0.232003	0.232003	1
1.00	0.232003	0.139037	0.173873	0.004936	0.021277	0.008013	0.232003	0.232003	0.232003	1
1.00	0.232003	0.139037	0.173873	0.004936	0.021277	0.008013	0.232003	0.232003	0.232003	1
1.00	0.232003	0.139037	0.173873	0.004936	0.021277	0.008013	0.232003	0.232003	0.232003	1
1.00	0.232003	0.139037	0.173873	0.004936	0.021277	0.008013	0.232003	0.232003	0.232003	1
1.00	0.232003	0.139037	0.173873	0.004936	0.021277	0.008013	0.232003	0.232003	0.232003	1
1.00	0.232003	0.139037	0.173873	0.004936	0.021277	0.008013	0.232003	0.232003	0.232003	1
1.00	0.232003	0.139037	0.173873	0.004936	0.021277	0.008013	0.232003	0.232003	0.232003	1
1.00	0.232003	0.139037	0.173873	0.004936	0.021277	0.008013	0.232003	0.232003	0.232003	1
1.00	0.232003	0.139037	0.173873	0.004936	0.021277	0.008013	0.232003	0.232003	0.232003	1
1.00	0.232003	0.139037	0.173873	0.004936	0.021277	0.008013	0.232003	0.232003	0.232003	1
1.00	0.232003	0.139037	0.173873	0.004936	0.021277	0.008013	0.232003	0.232003	0.232003	1
1.00	0.232003	0.139037	0.173873	0.004936	0.021277	0.008013	0.232003	0.232003	0.232003	1
1.00	0.232003	0.139037	0.173873	0.004936	0.021277	0.008013	0.232003	0.232003	0.232003	1

Wed Sep  8 08:35:58 2021
30.33	0.042525	0.796296	0.080739	0.032525	0.334466	0.059285	0.042685	0.797500	0.081032	41
23.04	0.046975	0.648743	0.087607	0.038576	0.379766	0.070037	0.047123	0.664426	0.088004	42
15.49	0.055892	0.518878	0.100915	0.039319	0.274753	0.068793	0.056464	0.517086	0.101811	39
9.62	0.070244	0.405125	0.119728	0.046505	0.178295	0.073768	0.070418	0.391570	0.119369	37
6.50	0.073232	0.285257	0.116545	0.058931	0.127536	0.080613	0.071846	0.263382	0.112895	32
4.24	0.069950	0.177570	0.100363	0.021669	0.086227	0.034634	0.064389	0.158515	0.091578	19
1.93	0.074789	0.086334	0.080148	0.020967	0.039220	0.027326	0.064968	0.074459	0.069390	11
1.13	0.071854	0.048578	0.057967	0.019645	0.011879	0.014806	0.068440	0.041177	0.051419	10
1.01	0.065449	0.039649	0.049382	0.026592	0.006025	0.009824	0.065403	0.033646	0.044434	10
1.00	0.058033	0.034796	0.043506	0.009532	0.003695	0.005325	0.058021	0.029517	0.039128	8
1.00	0.046805	0.028050	0.035078	0.010104	0.002958	0.004577	0.046805	0.024293	0.031985	7
1.00	0.036926	0.022129	0.027674	0.009222	0.002337	0.003729	0.036926	0.019840	0.025811	7
1.00	0.031743	0.019024	0.023790	0.013098	0.002076	0.003584	0.031743	0.018099	0.023053	6
1.00	0.028180	0.016888	0.021120	0.008099	0.002008	0.003218	0.028180	0.018908	0.022632	3
1.00	0.028504	0.017082	0.021362	0.008387	0.002176	0.003455	0.028504	0.021459	0.024485	3
1.00	0.032796	0.019654	0.024579	0.008421	0.002748	0.004144	0.032796	0.028626	0.030569	3
1.00	0.042756	0.025624	0.032044	0.008199	0.003790	0.005184	0.042756	0.040651	0.041677	3
1.00	0.059033	0.035378	0.044242	0.008813	0.005333	0.006645	0.059033	0.057737	0.058378	3
1.00	0.085756	0.051393	0.064269	0.008390	0.007837	0.008104	0.085756	0.085311	0.085533	3
1.00	0.118552	0.071047	0.088848	0.009547	0.010852	0.010158	0.118552	0.118228	0.118390	3
1.00	0.157665	0.094487	0.118161	0.011760	0.014447	0.012966	0.157665	0.157462	0.157563	3
1.00	0.187869	0.112589	0.140798	0.013891	0.017219	0.015377	0.187869	0.187708	0.187788	3
1.00	0.213944	0.128215	0.160340	0.013787	0.019615	0.016193	0.213944	0.213863	0.213904	3
1.00	0.226091	0.135495	0.169443	0.019308	0.020729	0.019994	0.226091	0.226010	0.226051	3
1.00	0.230302	0.138018	0.172599	0.026296	0.021118	0.023425	0.230302	0.230262	0.230282	3
1.00	0.231760	0.138892	0.173691	0.026239	0.021252	0.023483	0.231760	0.231719	0.231739	3
1.00	0.232084	0.139086	0.173934	0.026217	0.021282	0.023493	0.232084	0.232043	0.232063	3
1.00	0.232003	0.139037	0.173873	0.004936	0.021277	0.008013	0.232003	0.232003	0.232003	1
1.00	0.232003	0.139037	0.173873	0.004936	0.021277	0.008013	0.232003	0.232003	0.232003	1
1.00	0.232003	0.139037	0.173873	0.004936	0.021277	0.008013	0.232003	0.232003	0.232003	1
1.00	0.232003	0.139037	0.173873	0.004936	0.021277	0.008013	0.232003	0.232003	0.232003	1
1.00	0.232003	0.139037	0.173873	0.004936	0.021277	0.008013	0.232003	0.232003	0.232003	1
1.00	0.232003	0.139037	0.173873	0.004936	0.021277	0.008013	0.232003	0.232003	0.232003	1
1.00	0.232003	0.139037	0.173873	0.004936	0.021277	0.008013	0.232003	0.232003	0.232003	1
1.00	0.232003	0.139037	0.173873	0.004936	0.021277	0.008013	0.232003	0.232003	0.232003	1
1.00	0.232003	0.139037	0.173873	0.004936	0.021277	0.008013	0.232003	0.232003	0.232003	1
1.00	0.232003	0.139037	0.173873	0.004936	0.021277	0.008013	0.232003	0.232003	0.232003	1
1.00	0.232003	0.139037	0.173873	0.004936	0.021277	0.008013	0.232003	0.232003	0.232003	1
1.00	0.232003	0.139037	0.173873	0.004936	0.021277	0.008013	0.232003	0.232003	0.232003	1
1.00	0.232003	0.139037	0.173873	0.004936	0.021277	0.008013	0.232003	0.232003	0.232003	1
1.00	0.232003	0.139037	0.173873	0.004936	0.021277	0.008013	0.232003	0.232003	0.232003	1
1.00	0.232003	0.139037	0.173873	0.004936	0.021277	0.008013	0.232003	0.232003	0.232003	1
1.00	0.232003	0.139037	0.173873	0.004936	0.021277	0.008013	0.232003	0.232003	0.232003	1
1.00	0.232003	0.139037	0.173873	0.004936	0.021277	0.008013	0.232003	0.232003	0.232003	1
1.00	0.232003	0.139037	0.173873	0.004936	0.021277	0.008013	0.232003	0.232003	0.232003	1
1.00	0.232003	0.139037	0.173873	0.004936	0.021277	0.008013	0.232003	0.232003	0.232003	1
1.00	0.235485	0.141124	0.176483	0.017447	0.021437	0.019237	0.235485	0.233744	0.234611	2
1.00	0.262531	0.157333	0.196753	0.017972	0.022672	0.020050	0.262531	0.246943	0.254499	2
1.00	0.296704	0.177812	0.222364	0.018056	0.024149	0.020662	0.296704	0.263098	0.278893	2
1.00	0.294437	0.176453	0.220665	0.018008	0.024038	0.020591	0.294437	0.261965	0.277253	2
1.00	0.244797	0.146705	0.183462	0.017036	0.021859	0.019148	0.244797	0.238197	0.241452	2
1.00	0.258482	0.154906	0.193719	0.017926	0.022488	0.019949	0.258482	0.244959	0.251539	2
1.00	0.343995	0.206154	0.257806	0.018474	0.026087	0.021630	0.343995	0.284315	0.311321	2
1.00	0.467244	0.280016	0.350174	0.019155	0.028533	0.022922	0.467244	0.312859	0.374775	2
1.00	0.469836	0.281568	0.352117	0.019736	0.024002	0.021661	0.469836	0.266297	0.339927	2
1.00	0.472184	0.282976	0.353876	0.019772	0.024419	0.021851	0.472184	0.270751	0.344160	2
1.00	0.476152	0.285354	0.356850	0.019513	0.028987	0.023324	0.476152	0.317678	0.381096	2
1.00	0.437768	0.262351	0.328084	0.019379	0.029360	0.023348	0.437768	0.320714	0.370209	2
1.00	0.345696	0.207173	0.259081	0.018790	0.026261	0.021906	0.345696	0.286015	0.313036	2
1.00	0.283019	0.169611	0.212107	0.018473	0.023632	0.020736	0.283019	0.257470	0.269641	2
1.00	0.243744	0.146074	0.182673	0.017481	0.021820	0.019411	0.243744	0.237793	0.240732	2
1.00	0.232407	0.139280	0.174177	0.017704	0.021292	0.019333	0.232407	0.232205	0.232306	2
1.00	0.232003	0.139037	0.173873	0.004936	0.021277	0.008013	0.232003	0.232003	0.232003	1
1.00	0.232003	0.139037	0.173873	0.004936	0.021277	0.008013	0.232003	0.232003	0.232003	1
1.00	0.232003	0.139037	0.173873	0.004936	0.021277	0.008013	0.232003	0.232003	0.232003	1
1.00	0.232003	0.139037	0.173873	0.004936	0.021277	0.008013	0.232003	0.232003	0.232003	1
1.00	0.232003	0.139037	0.173873	0.004936	0.021277	0.008013	0.232003	0.232003	0.232003	1
1.00	0.232003	0.139037	0.173873	0.004936	0.021277	0.008013	0.232003	0.232003	0.232003	1
1.00	0.232003	0.139037	0.173873	0.004936	0.021277	0.008013	0.232003	0.232003	0.232003	1
1.00	0.232003	0.139037	0.173873	0.004936	0.021277	0.008013	0.232003	0.232003	0.232003	1
1.00	0.232003	0.139037	0.173873	0.004936	0.021277	0.008013	0.232003	0.232003	0.232003	1
1.00	0.232003	0.139037	0.173873	0.004936	0.021277	0.008013	0.232003	0.232003	0.232003	1
1.00	0.232003	0.139037	0.173873	0.004936	0.021277	0.008013	0.232003	0.232003	0.232003	1
1.00	0.232003	0.139037	0.173873	0.004936	0.021277	0.008013	0.232003	0.232003	0.232003	1
1.00	0.232003	0.139037	0.173873	0.004936	0.021277	0.008013	0.232003	0.232003	0.232003	1
1.00	0.232003	0.139037	0.173873	0.004936	0.021277	0.008013	0.232003	0.232003	0.232003	1
1.00	0.232003	0.139037	0.173873	0.004936	0.021277	0.008013	0.232003	0.232003	0.232003	1
1.00	0.232003	0.139037	0.173873	0.004936	0.021277	0.008013	0.232003	0.232003	0.232003	1
1.00	0.232003	0.139037	0.173873	0.004936	0.021277	0.008013	0.232003	0.232003	0.232003	1
1.00	0.232003	0.139037	0.173873	0.004936	0.021277	0.008013	0.232003	0.232003	0.232003	1
1.00	0.232003	0.139037	0.173873	0.004936	0.021277	0.008013	0.232003	0.232003	0.232003	1
1.00	0.232003	0.139037	0.173873	0.004936	0.021277	0.008013	0.232003	0.232003	0.232003	1
1.00	0.232003	0.139037	0.173873	0.004936	0.021277	0.008013	0.232003	0.232003	0.232003	1
1.00	0.232003	0.139037	0.173873	0.004936	0.021277	0.008013	0.232003	0.232003	0.232003	1
1.00	0.232003	0.139037	0.173873	0.004936	0.021277	0.008013	0.232003	0.232003	0.232003	1
1.00	0.232003	0.139037	0.173873	0.004936	0.021277	0.008013	0.232003	0.232003	0.232003	1
1.00	0.232003	0.139037	0.173873	0.004936	0.021277	0.008013	0.232003	0.232003	0.232003	1
1.00	0.232003	0.139037	0.173873	0.004936	0.021277	0.008013	0.232003	0.232003	0.232003	1
1.00	0.232003	0.139037	0.173873	0.004936	0.021277	0.008013	0.232003	0.232003	0.232003	1
1.00	0.232003	0.139037	0.173873	0.004936	0.021277	0.008013	0.232003	0.232003	0.232003	1
1.00	0.232003	0.139037	0.173873	0.004936	0.021277	0.008013	0.232003	0.232003	0.232003	1
1.00	0.232003	0.139037	0.173873	0.004936	0.021277	0.008013	0.232003	0.232003	0.232003	1
1.00	0.232003	0.139037	0.173873	0.004936	0.021277	0.008013	0.232003	0.232003	0.232003	1
1.00	0.232003	0.139037	0.173873	0.004936	0.021277	0.008013	0.232003	0.232003	0.232003	1
1.00	0.232003	0.139037	0.173873	0.004936	0.021277	0.008013	0.232003	0.232003	0.232003	1
1.00	0.232003	0.139037	0.173873	0.004936	0.021277	0.008013	0.232003	0.232003	0.232003	1
1.00	0.232003	0.139037	0.173873	0.004936	0.021277	0.008013	0.232003	0.232003	0.232003	1
1.00	0.232003	0.139037	0.173873	0.004936	0.021277	0.008013	0.232003	0.232003	0.232003	1
1.00	0.232003	0.139037	0.173873	0.004936	0.021277	0.008013	0.232003	0.232003	0.232003	1
1.00	0.232003	0.139037	0.173873	0.004936	0.021277	0.008013	0.232003	0.232003	0.232003	1
1.00	0.232003	0.139037	0.173873	0.004936	0.021277	0.008013	0.232003	0.232003	0.232003	1
1.00	0.232003	0.139037	0.173873	0.004936	0.021277	0.008013	0.232003	0.232003	0.232003	1
1.00	0.232003	0.139037	0.173873	0.004936	0.021277	0.008013	0.232003	0.232003	0.232003	1

Wed Sep  8 09:15:51 2021
22.00	0.050011	0.679012	0.093161	0.032798	0.285017	0.058827	0.050232	0.692500	0.093670	39
14.79	0.063040	0.558769	0.113298	0.037901	0.296179	0.067203	0.063180	0.575755	0.113865	41
9.00	0.083524	0.450645	0.140928	0.037805	0.192048	0.063174	0.083995	0.459308	0.142019	34
5.73	0.102299	0.351500	0.158476	0.042905	0.116404	0.062699	0.100277	0.361851	0.157036	28
3.74	0.118551	0.265505	0.163913	0.049808	0.072536	0.059061	0.110360	0.275366	0.157570	19
1.96	0.140294	0.165098	0.151689	0.060315	0.026701	0.037015	0.117144	0.174630	0.140224	13
1.17	0.129573	0.091090	0.106976	0.039754	0.010753	0.016928	0.111395	0.098712	0.104671	11
1.02	0.147619	0.090265	0.112028	0.039419	0.010027	0.015988	0.144762	0.095635	0.115179	11
1.00	0.193577	0.116131	0.145171	0.037125	0.012476	0.018675	0.193497	0.123775	0.150975	11
1.00	0.250547	0.150150	0.187771	0.036148	0.015423	0.021621	0.250547	0.160296	0.195509	11
1.00	0.314115	0.188246	0.235412	0.039420	0.018928	0.025576	0.314115	0.201028	0.245159	10
1.00	0.368370	0.220761	0.276073	0.035283	0.022143	0.027210	0.368370	0.240505	0.291012	10
1.00	0.405701	0.243133	0.304051	0.039835	0.024537	0.030368	0.405701	0.267714	0.322570	10
1.00	0.441250	0.264438	0.330693	0.031409	0.026498	0.028746	0.441250	0.291400	0.351001	9
1.00	0.454855	0.272591	0.340889	0.033707	0.027751	0.030440	0.454855	0.305004	0.365154	8
1.00	0.460280	0.275842	0.344955	0.033634	0.028450	0.030825	0.460280	0.312657	0.372371	8
1.00	0.454936	0.272639	0.340950	0.033498	0.028709	0.030919	0.454936	0.315329	0.372481	7
1.00	0.441655	0.264680	0.330997	0.029766	0.028569	0.029156	0.441655	0.313507	0.366708	6
1.00	0.427079	0.255945	0.320073	0.019084	0.028340	0.022808	0.427079	0.310875	0.359828	5
1.00	0.410074	0.245754	0.307328	0.018994	0.027980	0.022627	0.410074	0.306664	0.350909	2
1.00	0.419467	0.251383	0.314368	0.019199	0.028387	0.022906	0.419467	0.311199	0.357312	2
1.00	0.438740	0.262933	0.328812	0.019432	0.029017	0.023276	0.438740	0.318244	0.368902	2
1.00	0.428132	0.256576	0.320862	0.019396	0.028836	0.023192	0.428132	0.316058	0.363656	2
1.00	0.432424	0.259148	0.324078	0.019488	0.029021	0.023318	0.432424	0.318001	0.366489	2
1.00	0.428942	0.257061	0.321469	0.019498	0.028947	0.023301	0.428942	0.317232	0.364725	2
1.00	0.395093	0.236776	0.296101	0.019261	0.027895	0.022788	0.395093	0.305328	0.344459	2
1.00	0.356223	0.213482	0.266970	0.018983	0.026441	0.022100	0.356223	0.289173	0.319215	2
1.00	0.312657	0.187373	0.234320	0.018881	0.024769	0.021428	0.312657	0.270791	0.290222	2
1.00	0.294680	0.176599	0.220847	0.018570	0.024042	0.020955	0.294680	0.262896	0.277882	2
1.00	0.269415	0.161458	0.201912	0.018059	0.022936	0.020207	0.269415	0.250668	0.259703	2
1.00	0.273868	0.164127	0.205250	0.018245	0.023131	0.020400	0.273868	0.252895	0.262964	2
1.00	0.311442	0.186645	0.233409	0.018926	0.024755	0.021452	0.311442	0.270589	0.289582	2
1.00	0.360353	0.215957	0.270065	0.019078	0.026708	0.022257	0.360353	0.292412	0.322847	2
1.00	0.398413	0.238765	0.298589	0.019481	0.028254	0.023061	0.398413	0.309539	0.348398	2
1.00	0.389586	0.233476	0.291974	0.019393	0.027905	0.022883	0.389586	0.305571	0.342502	2
1.00	0.391125	0.234398	0.293127	0.019481	0.028007	0.022979	0.391125	0.306705	0.343809	2
1.00	0.456879	0.273804	0.342406	0.020073	0.030248	0.024131	0.456879	0.331606	0.384291	2
1.00	0.418495	0.250801	0.313640	0.019792	0.029141	0.023574	0.418495	0.319216	0.362175	2
1.00	0.342295	0.205134	0.256532	0.019334	0.026151	0.022232	0.342295	0.285853	0.311538	2
1.00	0.264718	0.158643	0.198392	0.018091	0.022753	0.020156	0.264718	0.248279	0.256235	2
1.00	0.239129	0.143308	0.179214	0.015641	0.021595	0.018142	0.239129	0.235647	0.237375	2
1.00	0.235485	0.141124	0.176483	0.015381	0.021430	0.017908	0.235485	0.233744	0.234611	2
1.00	0.232327	0.139231	0.174116	0.011199	0.021288	0.014677	0.232327	0.232205	0.232266	2
1.00	0.232731	0.139474	0.174420	0.013455	0.021307	0.016494	0.232731	0.232407	0.232569	2
1.00	0.232084	0.139086	0.173934	0.008807	0.021277	0.012458	0.232084	0.232043	0.232063	2
1.00	0.233298	0.139814	0.174844	0.014573	0.021327	0.017315	0.233298	0.232650	0.232974	2
1.00	0.260912	0.156362	0.195539	0.017947	0.022602	0.020007	0.260912	0.246498	0.253500	2
1.00	0.267147	0.160099	0.200212	0.018276	0.022893	0.020326	0.267147	0.249696	0.258127	2
1.00	0.262936	0.157575	0.197057	0.018231	0.022698	0.020221	0.262936	0.247550	0.255011	2
1.00	0.343267	0.205717	0.257260	0.019778	0.026348	0.022595	0.343267	0.287716	0.313046	2
1.00	0.379545	0.227458	0.284449	0.020121	0.027935	0.023393	0.379545	0.305247	0.338366	2
1.00	0.423678	0.253907	0.317524	0.020383	0.029800	0.024208	0.423678	0.325897	0.368410	2
1.00	0.428051	0.256527	0.320801	0.020452	0.030003	0.024323	0.428051	0.328124	0.371485	2
1.00	0.411045	0.246336	0.308056	0.020310	0.029304	0.023992	0.411045	0.320390	0.360100	2
1.00	0.320917	0.192323	0.240510	0.019621	0.025368	0.022127	0.320917	0.276865	0.297267	2
1.00	0.262693	0.157430	0.196875	0.018412	0.022694	0.020330	0.262693	0.247510	0.254876	2
1.00	0.232327	0.139231	0.174116	0.011590	0.021288	0.015009	0.232327	0.232205	0.232266	2
1.00	0.232003	0.139037	0.173873	0.004937	0.021277	0.008014	0.232003	0.232003	0.232003	2
1.00	0.232003	0.139037	0.173873	0.004936	0.021277	0.008013	0.232003	0.232003	0.232003	1
1.00	0.232003	0.139037	0.173873	0.004936	0.021277	0.008013	0.232003	0.232003	0.232003	1
1.00	0.232003	0.139037	0.173873	0.004936	0.021277	0.008013	0.232003	0.232003	0.232003	1
1.00	0.232003	0.139037	0.173873	0.004936	0.021277	0.008013	0.232003	0.232003	0.232003	1
1.00	0.232003	0.139037	0.173873	0.004936	0.021277	0.008013	0.232003	0.232003	0.232003	1
1.00	0.232003	0.139037	0.173873	0.004936	0.021277	0.008013	0.232003	0.232003	0.232003	1
1.00	0.232003	0.139037	0.173873	0.004937	0.021277	0.008014	0.232003	0.232003	0.232003	2
1.00	0.232488	0.139328	0.174238	0.017351	0.021296	0.019122	0.232488	0.232286	0.232387	2
1.00	0.234432	0.140493	0.175694	0.016900	0.021384	0.018880	0.234432	0.233298	0.233864	2
1.00	0.233379	0.139862	0.174905	0.015314	0.021334	0.017830	0.233379	0.232731	0.233055	2
1.00	0.237023	0.142046	0.177636	0.019457	0.021507	0.020430	0.237023	0.234594	0.235802	2
1.00	0.242773	0.145492	0.181945	0.019731	0.021771	0.020701	0.242773	0.237388	0.240050	2
1.00	0.291522	0.174706	0.218480	0.019493	0.024041	0.021529	0.291522	0.262126	0.276044	2
1.00	0.409993	0.245705	0.307268	0.020569	0.029424	0.024213	0.409993	0.321524	0.360409	2
1.00	0.438416	0.262739	0.328569	0.020773	0.030615	0.024751	0.438416	0.335088	0.379850	2
1.00	0.484493	0.290352	0.363101	0.021228	0.032366	0.025640	0.484493	0.354523	0.409441	2
1.00	0.490809	0.294138	0.367835	0.021343	0.032600	0.025797	0.490809	0.357073	0.413394	2
1.00	0.465220	0.278802	0.348657	0.020982	0.031676	0.025243	0.465220	0.346870	0.397421	2
1.00	0.501984	0.300835	0.376210	0.021477	0.032893	0.025987	0.501984	0.360515	0.419647	2
1.00	0.505547	0.302970	0.378880	0.021554	0.033011	0.026079	0.505547	0.361811	0.421769	2
1.00	0.487246	0.292002	0.365165	0.021301	0.032514	0.025740	0.487246	0.356223	0.411558	2
1.00	0.490485	0.293944	0.367592	0.021350	0.032639	0.025814	0.490485	0.357600	0.413632	2
1.00	0.521338	0.312433	0.390715	0.021861	0.033343	0.026408	0.521338	0.365495	0.429723	2
1.00	0.535023	0.320635	0.400971	0.022298	0.032714	0.026520	0.535023	0.359786	0.430246	2
1.00	0.532999	0.319422	0.399454	0.022687	0.031290	0.026303	0.532999	0.344886	0.418788	2
1.00	0.535266	0.320780	0.401153	0.022359	0.032477	0.026484	0.535266	0.357357	0.428582	2
1.00	0.533080	0.319470	0.399514	0.022178	0.033267	0.026613	0.533080	0.365495	0.433660	2
1.00	0.524739	0.314472	0.393264	0.021978	0.033507	0.026545	0.524739	0.367479	0.432250	2

Wed Sep  8 09:46:11 2021
29.75	0.044881	0.824074	0.085127	0.032637	0.426935	0.060639	0.045099	0.812500	0.085454	38
23.43	0.058479	0.820974	0.109181	0.035666	0.389536	0.065348	0.058819	0.815491	0.109723	39
16.35	0.068669	0.672862	0.124620	0.034592	0.281504	0.061612	0.068644	0.670419	0.124536	37
11.02	0.069464	0.458653	0.120655	0.036122	0.193704	0.060889	0.069194	0.460685	0.120316	31
7.86	0.071246	0.335436	0.117529	0.034052	0.142826	0.054992	0.071910	0.344603	0.118989	28
4.99	0.092838	0.277589	0.139141	0.033888	0.095082	0.049967	0.096768	0.279901	0.143815	24
3.43	0.127515	0.262011	0.171544	0.040925	0.075625	0.053110	0.130767	0.261317	0.174307	16
2.50	0.155479	0.233136	0.186549	0.016340	0.067260	0.026293	0.162093	0.226537	0.188972	12
1.53	0.184414	0.168931	0.176334	0.017391	0.032940	0.022764	0.183767	0.161268	0.171784	9
1.08	0.204640	0.131855	0.160375	0.018595	0.021426	0.019910	0.202419	0.134059	0.161295	8
1.01	0.223160	0.134767	0.168048	0.018288	0.020127	0.019163	0.222920	0.148636	0.178352	6
1.00	0.237756	0.142531	0.178221	0.018163	0.021519	0.019699	0.237671	0.164872	0.194688	5
1.00	0.256701	0.153839	0.192384	0.018016	0.021172	0.019467	0.256701	0.184468	0.214671	5
1.00	0.270791	0.162283	0.202943	0.017812	0.022756	0.019983	0.270791	0.203255	0.232212	5
1.00	0.282290	0.169174	0.211561	0.017470	0.024226	0.020300	0.282290	0.221435	0.248187	4
1.00	0.289902	0.173736	0.217266	0.017272	0.025131	0.020473	0.289902	0.232367	0.257965	4
1.00	0.293546	0.175920	0.219997	0.017030	0.026021	0.020587	0.293546	0.244959	0.267061	4
1.00	0.285205	0.170921	0.213746	0.016676	0.026052	0.020335	0.285205	0.249413	0.266111	4
1.00	0.273301	0.163787	0.204825	0.015897	0.025661	0.019632	0.273301	0.248765	0.260457	3
1.00	0.261965	0.156993	0.196328	0.015352	0.025110	0.019054	0.261965	0.245283	0.253349	3
1.00	0.242773	0.145492	0.181945	0.013773	0.021904	0.016912	0.242773	0.236983	0.239843	3
1.00	0.232974	0.139620	0.174602	0.008973	0.021333	0.012633	0.232974	0.232448	0.232711	3
1.00	0.232084	0.139086	0.173934	0.006462	0.021282	0.009914	0.232084	0.232043	0.232063	3
1.00	0.232003	0.139037	0.173873	0.004938	0.021277	0.008015	0.232003	0.232003	0.232003	2
1.00	0.232003	0.139037	0.173873	0.004937	0.021277	0.008014	0.232003	0.232003	0.232003	2
1.00	0.232003	0.139037	0.173873	0.004936	0.021277	0.008013	0.232003	0.232003	0.232003	1
1.00	0.232003	0.139037	0.173873	0.004936	0.021277	0.008013	0.232003	0.232003	0.232003	1
1.00	0.232003	0.139037	0.173873	0.004936	0.021277	0.008013	0.232003	0.232003	0.232003	1
1.00	0.232003	0.139037	0.173873	0.004936	0.021277	0.008013	0.232003	0.232003	0.232003	1
1.00	0.232003	0.139037	0.173873	0.004936	0.021277	0.008013	0.232003	0.232003	0.232003	1
1.00	0.232003	0.139037	0.173873	0.004936	0.021277	0.008013	0.232003	0.232003	0.232003	1
1.00	0.232003	0.139037	0.173873	0.004936	0.021277	0.008013	0.232003	0.232003	0.232003	1
1.00	0.232003	0.139037	0.173873	0.004936	0.021277	0.008013	0.232003	0.232003	0.232003	1
1.00	0.232003	0.139037	0.173873	0.004936	0.021277	0.008013	0.232003	0.232003	0.232003	1
1.00	0.232003	0.139037	0.173873	0.004936	0.021277	0.008013	0.232003	0.232003	0.232003	1
1.00	0.232003	0.139037	0.173873	0.004936	0.021277	0.008013	0.232003	0.232003	0.232003	1
1.00	0.232003	0.139037	0.173873	0.004936	0.021277	0.008013	0.232003	0.232003	0.232003	1
1.00	0.232003	0.139037	0.173873	0.004936	0.021277	0.008013	0.232003	0.232003	0.232003	1
1.00	0.232003	0.139037	0.173873	0.004936	0.021277	0.008013	0.232003	0.232003	0.232003	1
1.00	0.232003	0.139037	0.173873	0.004936	0.021277	0.008013	0.232003	0.232003	0.232003	1
1.00	0.232003	0.139037	0.173873	0.004936	0.021277	0.008013	0.232003	0.232003	0.232003	1
1.00	0.232003	0.139037	0.173873	0.004936	0.021277	0.008013	0.232003	0.232003	0.232003	1
1.00	0.232003	0.139037	0.173873	0.004936	0.021277	0.008013	0.232003	0.232003	0.232003	1
1.00	0.232003	0.139037	0.173873	0.004936	0.021277	0.008013	0.232003	0.232003	0.232003	1
1.00	0.232003	0.139037	0.173873	0.004936	0.021277	0.008013	0.232003	0.232003	0.232003	1
1.00	0.232003	0.139037	0.173873	0.004936	0.021277	0.008013	0.232003	0.232003	0.232003	1
1.00	0.232003	0.139037	0.173873	0.004936	0.021277	0.008013	0.232003	0.232003	0.232003	1
1.00	0.232003	0.139037	0.173873	0.004936	0.021277	0.008013	0.232003	0.232003	0.232003	1
1.00	0.232003	0.139037	0.173873	0.004936	0.021277	0.008013	0.232003	0.232003	0.232003	1
1.00	0.232003	0.139037	0.173873	0.004936	0.021277	0.008013	0.232003	0.232003	0.232003	1
1.00	0.232003	0.139037	0.173873	0.004936	0.021277	0.008013	0.232003	0.232003	0.232003	1
1.00	0.232003	0.139037	0.173873	0.004936	0.021277	0.008013	0.232003	0.232003	0.232003	1
1.00	0.232003	0.139037	0.173873	0.004936	0.021277	0.008013	0.232003	0.232003	0.232003	1
1.00	0.232003	0.139037	0.173873	0.004936	0.021277	0.008013	0.232003	0.232003	0.232003	1
1.00	0.232003	0.139037	0.173873	0.004936	0.021277	0.008013	0.232003	0.232003	0.232003	1
1.00	0.232003	0.139037	0.173873	0.004936	0.021277	0.008013	0.232003	0.232003	0.232003	1
1.00	0.232003	0.139037	0.173873	0.004936	0.021277	0.008013	0.232003	0.232003	0.232003	1
1.00	0.232003	0.139037	0.173873	0.004936	0.021277	0.008013	0.232003	0.232003	0.232003	1
1.00	0.232003	0.139037	0.173873	0.004936	0.021277	0.008013	0.232003	0.232003	0.232003	1
1.00	0.232003	0.139037	0.173873	0.004936	0.021277	0.008013	0.232003	0.232003	0.232003	1
1.00	0.232003	0.139037	0.173873	0.004936	0.021277	0.008013	0.232003	0.232003	0.232003	1
1.00	0.232003	0.139037	0.173873	0.004936	0.021277	0.008013	0.232003	0.232003	0.232003	1
1.00	0.232003	0.139037	0.173873	0.004936	0.021277	0.008013	0.232003	0.232003	0.232003	1
1.00	0.232003	0.139037	0.173873	0.004936	0.021277	0.008013	0.232003	0.232003	0.232003	1
1.00	0.232003	0.139037	0.173873	0.004936	0.021277	0.008013	0.232003	0.232003	0.232003	1
1.00	0.232003	0.139037	0.173873	0.004936	0.021277	0.008013	0.232003	0.232003	0.232003	1
1.00	0.232003	0.139037	0.173873	0.004936	0.021277	0.008013	0.232003	0.232003	0.232003	1
1.00	0.232003	0.139037	0.173873	0.004936	0.021277	0.008013	0.232003	0.232003	0.232003	1
1.00	0.232003	0.139037	0.173873	0.004936	0.021277	0.008013	0.232003	0.232003	0.232003	1
1.00	0.232003	0.139037	0.173873	0.004936	0.021277	0.008013	0.232003	0.232003	0.232003	1
1.00	0.232003	0.139037	0.173873	0.004936	0.021277	0.008013	0.232003	0.232003	0.232003	1
1.00	0.232003	0.139037	0.173873	0.004936	0.021277	0.008013	0.232003	0.232003	0.232003	1
1.00	0.232003	0.139037	0.173873	0.004936	0.021277	0.008013	0.232003	0.232003	0.232003	1
1.00	0.232003	0.139037	0.173873	0.004936	0.021277	0.008013	0.232003	0.232003	0.232003	1
1.00	0.232003	0.139037	0.173873	0.004936	0.021277	0.008013	0.232003	0.232003	0.232003	1
1.00	0.232003	0.139037	0.173873	0.004936	0.021277	0.008013	0.232003	0.232003	0.232003	1
1.00	0.232003	0.139037	0.173873	0.004936	0.021277	0.008013	0.232003	0.232003	0.232003	1
1.00	0.232003	0.139037	0.173873	0.004936	0.021277	0.008013	0.232003	0.232003	0.232003	1
1.00	0.232003	0.139037	0.173873	0.004936	0.021277	0.008013	0.232003	0.232003	0.232003	1
1.00	0.232003	0.139037	0.173873	0.004936	0.021277	0.008013	0.232003	0.232003	0.232003	1
1.00	0.232003	0.139037	0.173873	0.004936	0.021277	0.008013	0.232003	0.232003	0.232003	1
1.00	0.232003	0.139037	0.173873	0.004936	0.021277	0.008013	0.232003	0.232003	0.232003	1
1.00	0.232003	0.139037	0.173873	0.004936	0.021277	0.008013	0.232003	0.232003	0.232003	1
1.00	0.232003	0.139037	0.173873	0.004936	0.021277	0.008013	0.232003	0.232003	0.232003	1
1.00	0.232003	0.139037	0.173873	0.004936	0.021277	0.008013	0.232003	0.232003	0.232003	1
1.00	0.232003	0.139037	0.173873	0.004936	0.021277	0.008013	0.232003	0.232003	0.232003	1
1.00	0.232003	0.139037	0.173873	0.004936	0.021277	0.008013	0.232003	0.232003	0.232003	1
1.00	0.232003	0.139037	0.173873	0.004936	0.021277	0.008013	0.232003	0.232003	0.232003	1
1.00	0.232003	0.139037	0.173873	0.004936	0.021277	0.008013	0.232003	0.232003	0.232003	1
1.00	0.232003	0.139037	0.173873	0.004936	0.021277	0.008013	0.232003	0.232003	0.232003	1
1.00	0.232003	0.139037	0.173873	0.004936	0.021277	0.008013	0.232003	0.232003	0.232003	1
1.00	0.232003	0.139037	0.173873	0.004936	0.021277	0.008013	0.232003	0.232003	0.232003	1
1.00	0.232003	0.139037	0.173873	0.004936	0.021277	0.008013	0.232003	0.232003	0.232003	1
1.00	0.232003	0.139037	0.173873	0.004936	0.021277	0.008013	0.232003	0.232003	0.232003	1
1.00	0.232003	0.139037	0.173873	0.004936	0.021277	0.008013	0.232003	0.232003	0.232003	1
1.00	0.232003	0.139037	0.173873	0.004936	0.021277	0.008013	0.232003	0.232003	0.232003	1
1.00	0.232003	0.139037	0.173873	0.004936	0.021277	0.008013	0.232003	0.232003	0.232003	1
1.00	0.232003	0.139037	0.173873	0.004936	0.021277	0.008013	0.232003	0.232003	0.232003	1
1.00	0.232003	0.139037	0.173873	0.004936	0.021277	0.008013	0.232003	0.232003	0.232003	1
