
Mon Sep  6 00:11:13 2021
64.36	0.009322	0.373832	0.018190	0.011955	0.098550	0.021323	0.009377	0.317833	0.018216	120
58.35	0.007793	0.304762	0.015197	0.010417	0.166591	0.019607	0.007876	0.253227	0.015276	122
52.21	0.007961	0.278571	0.015480	0.010523	0.158907	0.019739	0.008076	0.226584	0.015596	120
46.21	0.008264	0.255952	0.016011	0.010002	0.141679	0.018684	0.008430	0.204381	0.016193	119
40.48	0.008556	0.232143	0.016504	0.011288	0.122873	0.020677	0.008801	0.185879	0.016807	119
34.86	0.009376	0.219048	0.017983	0.013798	0.115072	0.024641	0.009763	0.175370	0.018496	115
29.73	0.009559	0.190476	0.018204	0.010198	0.097565	0.018466	0.010031	0.153760	0.018834	112
25.25	0.010200	0.172619	0.019263	0.010292	0.086197	0.018389	0.010766	0.136590	0.019960	112
21.11	0.011273	0.159524	0.021058	0.010374	0.071860	0.018131	0.011915	0.127117	0.021788	103
17.56	0.011937	0.140476	0.022005	0.009507	0.065072	0.016590	0.012506	0.112848	0.022517	97
14.49	0.013606	0.132143	0.024672	0.010159	0.058094	0.017294	0.014169	0.104559	0.024956	93
11.69	0.015188	0.119048	0.026940	0.011696	0.047705	0.018786	0.015910	0.094198	0.027222	86
9.34	0.017684	0.110714	0.030497	0.012775	0.043095	0.019708	0.018382	0.087685	0.030393	79
7.28	0.019020	0.092857	0.031573	0.012151	0.022321	0.015736	0.019442	0.073031	0.030709	74
5.55	0.020820	0.077381	0.032812	0.008558	0.018894	0.011780	0.020150	0.061338	0.030335	70
4.09	0.023427	0.064286	0.034340	0.008181	0.016275	0.010888	0.022059	0.051569	0.030901	65
3.02	0.025324	0.051190	0.033885	0.002304	0.012375	0.003885	0.022638	0.040912	0.029148	53
2.25	0.032437	0.048810	0.038973	0.002725	0.012222	0.004456	0.026702	0.039136	0.031745	47
1.74	0.038697	0.045238	0.041712	0.003290	0.008163	0.004689	0.032001	0.037063	0.034347	41
1.42	0.046308	0.044048	0.045149	0.003768	0.008086	0.005141	0.043517	0.034695	0.038608	35
1.21	0.055637	0.045238	0.049902	0.012175	0.008134	0.009752	0.050918	0.035287	0.041685	32
1.12	0.060317	0.045238	0.051701	0.012557	0.008105	0.009851	0.059503	0.033511	0.042875	32
1.06	0.061770	0.044048	0.051425	0.012792	0.008028	0.009865	0.061279	0.033215	0.043079	33
1.04	0.076923	0.053571	0.063158	0.013734	0.008641	0.010608	0.076377	0.040024	0.052523	31
1.02	0.094241	0.064286	0.076433	0.011035	0.005472	0.007316	0.095027	0.048017	0.063797	27
1.00	0.116814	0.078571	0.093950	0.010031	0.005322	0.006955	0.117229	0.061042	0.080281	27
1.00	0.143872	0.096429	0.115467	0.010369	0.006442	0.007947	0.143872	0.074067	0.097791	27
1.00	0.156306	0.104762	0.125445	0.009509	0.006538	0.007748	0.156306	0.081616	0.107238	27
1.00	0.163410	0.109524	0.131148	0.009452	0.006844	0.007939	0.163410	0.085761	0.112487	23
1.00	0.165186	0.110714	0.132573	0.009382	0.006920	0.007966	0.165186	0.087537	0.114433	21
1.00	0.170515	0.114286	0.136850	0.009365	0.007150	0.008109	0.170515	0.090793	0.118493	17
1.00	0.174067	0.116667	0.139701	0.009325	0.007303	0.008191	0.174067	0.093162	0.121367	15
1.00	0.188277	0.126190	0.151105	0.017135	0.007872	0.010788	0.188277	0.101451	0.131854	13
1.00	0.190053	0.127381	0.152530	0.017106	0.007919	0.010826	0.190053	0.102339	0.133039	13
1.00	0.195035	0.130952	0.156695	0.016297	0.008031	0.010760	0.194494	0.106779	0.137868	11
1.00	0.203901	0.136905	0.163818	0.015137	0.008236	0.010667	0.203375	0.114772	0.146736	8
1.00	0.221631	0.148810	0.178063	0.015424	0.008587	0.011032	0.221137	0.131646	0.165041	7
1.00	0.226950	0.152381	0.182336	0.015445	0.008772	0.011189	0.226465	0.135198	0.169316	7
1.00	0.232270	0.155952	0.186610	0.015451	0.008868	0.011269	0.231794	0.139639	0.174284	7
1.00	0.233628	0.157143	0.187900	0.015081	0.008856	0.011159	0.233274	0.142303	0.176771	6
1.00	0.238938	0.160714	0.192171	0.014450	0.008907	0.011021	0.238603	0.148520	0.183080	6
1.01	0.242049	0.163095	0.194879	0.014604	0.008987	0.011127	0.240379	0.151184	0.185623	6
1.01	0.245583	0.165476	0.197724	0.014188	0.009022	0.011030	0.243931	0.153848	0.188690	5
1.01	0.250883	0.169048	0.201991	0.014162	0.009149	0.011117	0.249260	0.157105	0.192733	5
1.01	0.252650	0.170238	0.203414	0.013995	0.009137	0.011056	0.251036	0.159769	0.195264	5
1.01	0.257951	0.173810	0.207681	0.014255	0.009280	0.011241	0.256365	0.162137	0.198643	6
1.01	0.261484	0.176190	0.210526	0.014302	0.009344	0.011303	0.259917	0.165690	0.202373	7
1.01	0.266784	0.179762	0.214794	0.014410	0.009458	0.011420	0.265246	0.171018	0.207956	7
1.01	0.273852	0.184524	0.220484	0.014192	0.009586	0.011443	0.272350	0.177235	0.214731	8
1.01	0.277385	0.186905	0.223329	0.014122	0.009605	0.011434	0.275903	0.180787	0.218440	8
1.01	0.282686	0.190476	0.227596	0.014308	0.009748	0.011596	0.281231	0.184044	0.222487	8
1.01	0.286219	0.192857	0.230441	0.014385	0.009767	0.011635	0.284784	0.188780	0.227051	8
1.01	0.282953	0.191667	0.228531	0.014123	0.009691	0.011495	0.283008	0.188188	0.226058	8
1.02	0.286713	0.195238	0.232295	0.014134	0.009803	0.011576	0.288336	0.192629	0.230960	8
1.02	0.286213	0.195238	0.232130	0.014355	0.009758	0.011618	0.288336	0.192629	0.230960	8
1.02	0.288696	0.197619	0.234629	0.022724	0.011386	0.015170	0.289520	0.195293	0.233250	9
1.02	0.288696	0.197619	0.234629	0.022517	0.011370	0.015110	0.289520	0.196477	0.234092	9
1.02	0.286458	0.196429	0.233051	0.022429	0.011322	0.015048	0.287744	0.195589	0.232881	9
1.02	0.287695	0.197619	0.234298	0.022324	0.011354	0.015053	0.289520	0.197365	0.234722	9
1.03	0.283737	0.195238	0.231312	0.030272	0.011509	0.016677	0.284488	0.193813	0.230555	10
1.03	0.284974	0.196429	0.232558	0.030364	0.011541	0.016725	0.286264	0.194701	0.231767	12
1.03	0.284483	0.196429	0.232394	0.030357	0.011541	0.016724	0.285968	0.194701	0.231670	13

Mon Sep  6 00:23:38 2021
58.79	0.017860	0.654206	0.034771	0.010991	0.112330	0.020022	0.017993	0.670167	0.035044	124
52.15	0.018018	0.629762	0.035033	0.010451	0.150071	0.019541	0.018090	0.664713	0.035221	126
45.50	0.019012	0.579762	0.036817	0.010259	0.128246	0.018998	0.019140	0.621788	0.037136	121
39.21	0.020157	0.529762	0.038836	0.010372	0.111898	0.018984	0.020407	0.582504	0.039433	121
32.88	0.022309	0.491667	0.042681	0.010470	0.096436	0.018890	0.022709	0.549941	0.043617	118
27.25	0.024311	0.444048	0.046098	0.011154	0.086580	0.019763	0.024772	0.510272	0.047250	116
22.23	0.026526	0.395238	0.049715	0.012416	0.071986	0.021179	0.027199	0.464091	0.051386	114
17.69	0.028316	0.335714	0.052227	0.012939	0.059825	0.021277	0.029765	0.399645	0.055403	108
13.90	0.031430	0.292857	0.056767	0.017664	0.046592	0.025616	0.034201	0.357904	0.062436	102
10.77	0.033641	0.242857	0.059096	0.009519	0.038939	0.015298	0.038126	0.298697	0.067620	99
8.35	0.038282	0.214286	0.064958	0.011093	0.030749	0.016304	0.045711	0.267614	0.078085	91
6.45	0.045717	0.197619	0.074256	0.014040	0.027215	0.018524	0.057932	0.250148	0.094077	86
4.80	0.053974	0.173810	0.082370	0.006840	0.013551	0.009091	0.068669	0.224985	0.105223	75
3.57	0.066103	0.158333	0.093268	0.007195	0.010788	0.008633	0.082896	0.206631	0.118323	67
2.57	0.079365	0.136905	0.100481	0.007960	0.007281	0.007605	0.105181	0.182948	0.133569	60
1.87	0.104463	0.130952	0.116218	0.009025	0.005240	0.006630	0.132031	0.178508	0.151791	54
1.45	0.132029	0.128571	0.130277	0.008544	0.005008	0.006314	0.150829	0.175844	0.162379	46
1.22	0.155750	0.127381	0.140144	0.009125	0.004639	0.006151	0.162226	0.175844	0.168761	40
1.12	0.180952	0.135714	0.155102	0.007226	0.004289	0.005383	0.182060	0.187389	0.184686	40
1.05	0.204392	0.144048	0.168994	0.007333	0.004557	0.005621	0.208703	0.196270	0.202296	40
1.02	0.228621	0.155952	0.185421	0.006451	0.004709	0.005444	0.230906	0.213144	0.221670	38
1.01	0.251761	0.170238	0.203125	0.006227	0.005138	0.005630	0.252220	0.233570	0.242537	38
1.00	0.277876	0.186905	0.223488	0.006513	0.005676	0.006066	0.277975	0.254885	0.265930	37
1.00	0.296099	0.198810	0.237892	0.006682	0.006174	0.006418	0.295737	0.269094	0.281787	36
1.00	0.317940	0.213095	0.255168	0.006632	0.006647	0.006640	0.317940	0.286560	0.301435	34
1.00	0.337478	0.226190	0.270848	0.006762	0.007222	0.006984	0.337478	0.299882	0.317571	29
1.00	0.353464	0.236905	0.283678	0.006771	0.007733	0.007220	0.353464	0.313203	0.332118	25
1.00	0.362345	0.242857	0.290805	0.006691	0.007938	0.007262	0.362345	0.321196	0.340532	22
1.00	0.373002	0.250000	0.299359	0.006733	0.008353	0.007456	0.373002	0.326229	0.348051	20
1.00	0.381883	0.255952	0.306486	0.006660	0.008602	0.007507	0.381883	0.333333	0.355960	16
1.00	0.387211	0.259524	0.310763	0.006710	0.008832	0.007626	0.387211	0.335702	0.359621	15
1.00	0.390764	0.261905	0.313614	0.006331	0.008951	0.007416	0.390764	0.335110	0.360803	12
1.00	0.396092	0.265476	0.317890	0.006590	0.009403	0.007749	0.396092	0.331912	0.361173	10
1.00	0.383659	0.257143	0.307912	0.006571	0.009268	0.007690	0.383659	0.318147	0.347845	9
1.00	0.385435	0.258333	0.309337	0.006851	0.009479	0.007953	0.385435	0.315779	0.347147	6
1.00	0.383659	0.257143	0.307912	0.007460	0.009580	0.008388	0.383659	0.313706	0.345174	5
1.00	0.388988	0.260714	0.312188	0.008719	0.009899	0.009272	0.388988	0.314298	0.347677	6
1.00	0.367673	0.246429	0.295082	0.008577	0.009515	0.009021	0.367673	0.293872	0.326656	6
1.00	0.358792	0.240476	0.287954	0.009868	0.009489	0.009675	0.358792	0.284103	0.317109	5
1.00	0.362345	0.242857	0.290805	0.013948	0.009820	0.011526	0.362345	0.283511	0.318117	5
1.00	0.355240	0.238095	0.285103	0.013939	0.009692	0.011434	0.355240	0.276406	0.310903	5
1.00	0.351687	0.235714	0.282252	0.013948	0.009673	0.011423	0.351687	0.272558	0.307107	5
1.00	0.348135	0.233333	0.279401	0.013985	0.009609	0.011391	0.348135	0.270189	0.304249	5
1.00	0.348135	0.233333	0.279401	0.014045	0.009609	0.011411	0.348135	0.269005	0.303497	5
1.00	0.349911	0.234524	0.280827	0.014107	0.009685	0.011485	0.349911	0.269597	0.304548	5
1.00	0.349291	0.234524	0.280627	0.014149	0.009685	0.011499	0.349911	0.269597	0.304548	6
1.01	0.348057	0.234524	0.280228	0.014194	0.009685	0.011514	0.349911	0.269597	0.304548	6
1.01	0.348057	0.234524	0.280228	0.014194	0.009685	0.011514	0.349911	0.269597	0.304548	6
1.01	0.348057	0.234524	0.280228	0.014217	0.009685	0.011522	0.349911	0.269597	0.304548	6
1.01	0.345679	0.233333	0.278607	0.014278	0.009609	0.011487	0.348135	0.269005	0.303497	6
1.01	0.347443	0.234524	0.280028	0.010463	0.009685	0.010059	0.349911	0.269893	0.304737	6
1.01	0.347443	0.234524	0.280028	0.010483	0.009685	0.010068	0.349911	0.269893	0.304737	6
1.01	0.347443	0.234524	0.280028	0.010463	0.009685	0.010059	0.349911	0.269893	0.304737	6
1.01	0.349206	0.235714	0.281450	0.010512	0.009717	0.010099	0.351687	0.271670	0.306543	6
1.01	0.350970	0.236905	0.282871	0.010512	0.009749	0.010116	0.353464	0.272558	0.307783	6
1.01	0.352734	0.238095	0.284293	0.010532	0.009781	0.010143	0.355240	0.274334	0.309588	6
1.01	0.354497	0.239286	0.285714	0.010576	0.009813	0.010180	0.357016	0.276110	0.311394	6
1.01	0.358025	0.241667	0.288557	0.018437	0.017658	0.018039	0.360568	0.278774	0.314439	7
1.01	0.358025	0.241667	0.288557	0.018418	0.017658	0.018030	0.360568	0.278774	0.314439	7
1.01	0.361552	0.244048	0.291400	0.018462	0.017693	0.018069	0.364121	0.282327	0.318049	8
1.01	0.360915	0.244048	0.291193	0.019745	0.017664	0.018647	0.363233	0.282327	0.317710	9
1.01	0.365554	0.247619	0.295245	0.020816	0.017791	0.019185	0.368265	0.285583	0.321696	10
1.01	0.363796	0.246429	0.293825	0.019500	0.017715	0.018565	0.366489	0.284695	0.320455	11
1.01	0.361403	0.245238	0.292199	0.019496	0.017683	0.018545	0.364565	0.282919	0.318594	12
1.01	0.361403	0.245238	0.292199	0.017553	0.017683	0.017618	0.364565	0.282919	0.318594	12
1.01	0.363158	0.246429	0.293617	0.017603	0.017759	0.017681	0.366341	0.283511	0.319647	12
1.01	0.363158	0.246429	0.293617	0.017649	0.017759	0.017704	0.366341	0.283511	0.319647	12
1.01	0.364912	0.247619	0.295035	0.017642	0.017791	0.017716	0.368117	0.285287	0.321452	12
1.01	0.368421	0.250000	0.297872	0.017659	0.017855	0.017757	0.371670	0.287951	0.324498	12
1.01	0.368421	0.250000	0.297872	0.017639	0.017855	0.017747	0.371670	0.287951	0.324498	12
1.01	0.368421	0.250000	0.297872	0.017645	0.017855	0.017749	0.371670	0.287951	0.324498	13
1.01	0.368421	0.250000	0.297872	0.017645	0.017855	0.017749	0.371670	0.287951	0.324498	13
1.01	0.368421	0.250000	0.297872	0.017645	0.017855	0.017749	0.371670	0.287951	0.324498	13
1.01	0.368421	0.250000	0.297872	0.017664	0.017855	0.017759	0.371670	0.287951	0.324498	13
1.01	0.366667	0.248810	0.296454	0.017666	0.017823	0.017744	0.369893	0.286175	0.322693	13
1.01	0.366667	0.248810	0.296454	0.017640	0.017823	0.017731	0.369893	0.286175	0.322693	12
1.01	0.366667	0.248810	0.296454	0.017640	0.017823	0.017731	0.369893	0.286175	0.322693	12
1.01	0.366667	0.248810	0.296454	0.017640	0.017823	0.017731	0.369893	0.286175	0.322693	12
1.01	0.363158	0.246429	0.293617	0.017226	0.017744	0.017481	0.366341	0.283511	0.319647	12
1.01	0.361403	0.245238	0.292199	0.016549	0.017696	0.017103	0.364565	0.282919	0.318594	12
1.01	0.364912	0.247619	0.295035	0.019185	0.017789	0.018461	0.368117	0.285583	0.321640	12
1.01	0.366667	0.248810	0.296454	0.019204	0.017821	0.018487	0.369893	0.287359	0.323444	12
1.01	0.366667	0.248810	0.296454	0.019204	0.017821	0.018487	0.369893	0.287359	0.323444	12
1.01	0.366667	0.248810	0.296454	0.020506	0.017866	0.019095	0.369893	0.286471	0.322881	12
1.01	0.366667	0.248810	0.296454	0.020506	0.017866	0.019095	0.369893	0.286471	0.322881	12
1.01	0.364912	0.247619	0.295035	0.020487	0.017834	0.019069	0.368117	0.284695	0.321076	12
1.01	0.364912	0.247619	0.295035	0.021163	0.017878	0.019382	0.368117	0.284695	0.321076	12
1.01	0.364912	0.247619	0.295035	0.013369	0.017907	0.015309	0.368117	0.284695	0.321076	11
1.01	0.364912	0.247619	0.295035	0.013369	0.017907	0.015309	0.368117	0.284695	0.321076	11
1.01	0.364912	0.247619	0.295035	0.013389	0.017907	0.015322	0.368117	0.284695	0.321076	11
1.01	0.364912	0.247619	0.295035	0.013389	0.017907	0.015322	0.368117	0.284695	0.321076	11
1.01	0.363158	0.246429	0.293617	0.013370	0.017875	0.015298	0.366341	0.282919	0.319271	12
1.01	0.361403	0.245238	0.292199	0.013351	0.017843	0.015274	0.364565	0.281143	0.317465	12
1.01	0.357895	0.242857	0.289362	0.013314	0.017734	0.015209	0.361012	0.278478	0.314419	12
1.01	0.356140	0.241667	0.287943	0.013294	0.017702	0.015185	0.359236	0.276702	0.312613	12
1.01	0.356140	0.241667	0.287943	0.013294	0.017702	0.015185	0.359236	0.276702	0.312613	12
1.01	0.356140	0.241667	0.287943	0.013300	0.017702	0.015188	0.359236	0.276702	0.312613	12
1.01	0.356140	0.241667	0.287943	0.013300	0.017702	0.015188	0.359236	0.276702	0.312613	12
1.01	0.357895	0.242857	0.289362	0.025000	0.020278	0.022393	0.361012	0.277590	0.313853	13
1.01	0.357895	0.242857	0.289362	0.023698	0.020278	0.021855	0.361012	0.277590	0.313853	13
1.01	0.357895	0.242857	0.289362	0.023678	0.020278	0.021846	0.361012	0.277590	0.313853	13
1.01	0.357895	0.242857	0.289362	0.019797	0.020278	0.020034	0.361012	0.277590	0.313853	13
1.01	0.357895	0.242857	0.289362	0.019817	0.020278	0.020045	0.361012	0.277590	0.313853	13
1.01	0.359649	0.244048	0.290780	0.019862	0.020354	0.020105	0.362789	0.279366	0.315659	13
1.01	0.359649	0.244048	0.290780	0.019211	0.020354	0.019766	0.362789	0.279366	0.315659	13
1.01	0.357895	0.242857	0.289362	0.019212	0.020322	0.019752	0.361012	0.277590	0.313853	13
1.01	0.357895	0.242857	0.289362	0.019212	0.020322	0.019752	0.361012	0.277590	0.313853	13
1.01	0.359649	0.244048	0.290780	0.018612	0.020399	0.019464	0.362789	0.278478	0.315091	13
1.01	0.359649	0.244048	0.290780	0.018612	0.020399	0.019464	0.362789	0.278478	0.315091	13
1.01	0.359649	0.244048	0.290780	0.018612	0.020399	0.019464	0.362789	0.278478	0.315091	13
1.01	0.363158	0.246429	0.293617	0.019964	0.020523	0.020240	0.366341	0.280847	0.317947	13
1.01	0.363158	0.246429	0.293617	0.020575	0.020494	0.020535	0.366341	0.280847	0.317947	13
1.01	0.363158	0.246429	0.293617	0.020575	0.020494	0.020535	0.366341	0.280847	0.317947	13
1.01	0.361403	0.245238	0.292199	0.020530	0.020418	0.020474	0.364565	0.279959	0.316709	13
1.01	0.363158	0.246429	0.293617	0.020550	0.020450	0.020499	0.366341	0.281735	0.318515	13
1.01	0.366667	0.248810	0.296454	0.020965	0.020529	0.020745	0.369893	0.284399	0.321561	13
1.01	0.368421	0.250000	0.297872	0.020984	0.020561	0.020770	0.371670	0.286175	0.323367	13
1.01	0.368421	0.250000	0.297872	0.020984	0.020561	0.020770	0.371670	0.286175	0.323367	13
1.01	0.368421	0.250000	0.297872	0.020984	0.020561	0.020770	0.371670	0.286175	0.323367	13
1.01	0.369527	0.251190	0.299079	0.021003	0.020593	0.020796	0.372558	0.287951	0.324836	13
1.01	0.369527	0.251190	0.299079	0.021003	0.020593	0.020796	0.372558	0.287951	0.324836	13
1.01	0.369527	0.251190	0.299079	0.021003	0.020593	0.020796	0.372558	0.287951	0.324836	13
1.01	0.367776	0.250000	0.297661	0.021635	0.020561	0.021084	0.370782	0.286175	0.323030	13
1.01	0.367776	0.250000	0.297661	0.021635	0.020561	0.021084	0.370782	0.286175	0.323030	13
1.01	0.367776	0.250000	0.297661	0.021635	0.020561	0.021084	0.370782	0.286175	0.323030	13
1.01	0.367776	0.250000	0.297661	0.023171	0.020561	0.021788	0.370782	0.286175	0.323030	13
1.01	0.366025	0.248810	0.296244	0.023166	0.020514	0.021759	0.369005	0.285287	0.321790	13
1.01	0.366025	0.248810	0.296244	0.027072	0.020514	0.023341	0.369005	0.285287	0.321790	13
1.01	0.366025	0.248810	0.296244	0.027091	0.020543	0.023366	0.369005	0.285287	0.321790	13
1.02	0.363636	0.247619	0.294618	0.024486	0.017938	0.020707	0.367229	0.284399	0.320550	13
1.02	0.363636	0.247619	0.294618	0.024486	0.017938	0.020707	0.367229	0.284399	0.320550	13
1.02	0.363636	0.247619	0.294618	0.024486	0.017938	0.020707	0.367229	0.284399	0.320550	13
1.02	0.363636	0.247619	0.294618	0.024486	0.017938	0.020707	0.367229	0.284399	0.320550	13
1.02	0.365385	0.248810	0.296034	0.024505	0.017970	0.020735	0.369005	0.286175	0.322354	13
1.02	0.365385	0.248810	0.296034	0.024505	0.017970	0.020735	0.369005	0.286175	0.322354	13
1.02	0.365385	0.248810	0.296034	0.024505	0.017970	0.020735	0.369005	0.286175	0.322354	13
1.02	0.365385	0.248810	0.296034	0.024505	0.017970	0.020735	0.369005	0.286175	0.322354	13

Mon Sep  6 00:47:26 2021
63.12	0.014892	0.585670	0.029046	0.011039	0.115550	0.020152	0.014705	0.555333	0.028651	127
56.57	0.013877	0.526190	0.027041	0.010730	0.187124	0.020296	0.013753	0.496684	0.026766	128
50.10	0.013755	0.461905	0.026715	0.009939	0.161559	0.018726	0.013563	0.434517	0.026305	127
44.05	0.014233	0.420238	0.027533	0.010240	0.147114	0.019148	0.013990	0.395737	0.027024	125
38.52	0.014571	0.376190	0.028055	0.010732	0.127722	0.019800	0.014273	0.351332	0.027431	124
33.56	0.014023	0.315476	0.026853	0.010219	0.105285	0.018629	0.013649	0.288514	0.026064	121
28.88	0.013469	0.260714	0.025616	0.010125	0.087665	0.018153	0.013052	0.236412	0.024737	121
24.63	0.013917	0.229762	0.026244	0.010247	0.072786	0.017964	0.013533	0.203552	0.025378	119
20.95	0.015347	0.215476	0.028653	0.011621	0.067396	0.019824	0.015135	0.190231	0.028040	116
17.72	0.016037	0.190476	0.029583	0.012226	0.051662	0.019772	0.015631	0.166844	0.028584	108
14.61	0.015923	0.155952	0.028896	0.008004	0.039081	0.013287	0.015275	0.140497	0.027555	97
11.78	0.016885	0.133333	0.029975	0.008671	0.032543	0.013693	0.016482	0.125044	0.029125	90
9.43	0.018456	0.116667	0.031870	0.010912	0.028905	0.015843	0.018309	0.109947	0.031390	76
7.49	0.020621	0.103571	0.034394	0.015074	0.023035	0.018223	0.021679	0.099526	0.035603	68
5.78	0.024885	0.096429	0.039560	0.016183	0.018147	0.017109	0.027115	0.093310	0.042019	63
4.34	0.029460	0.085714	0.043849	0.017116	0.014502	0.015701	0.032454	0.082593	0.046598	56
3.21	0.038695	0.083333	0.052850	0.008835	0.011834	0.010117	0.044557	0.079189	0.057027	51
2.45	0.047930	0.078571	0.059540	0.009627	0.010163	0.009888	0.048046	0.073564	0.058128	42
1.91	0.055918	0.071429	0.062729	0.009091	0.006534	0.007603	0.056750	0.062315	0.059402	39
1.53	0.068525	0.070238	0.069371	0.008999	0.005622	0.006920	0.068680	0.059947	0.064017	34
1.31	0.080272	0.070238	0.074921	0.010659	0.005268	0.007051	0.074304	0.059059	0.065810	34
1.21	0.095448	0.077381	0.085470	0.010041	0.005756	0.007317	0.093250	0.064091	0.075969	31
1.13	0.107087	0.080952	0.092203	0.008560	0.006015	0.007065	0.108348	0.065927	0.081974	26
1.08	0.127063	0.091667	0.106501	0.012345	0.007215	0.009107	0.131439	0.074512	0.095107	24
1.04	0.141638	0.098810	0.116410	0.011646	0.007674	0.009252	0.144760	0.081912	0.104624	21
1.02	0.149826	0.102381	0.121641	0.009692	0.007451	0.008425	0.151865	0.083097	0.107417	21
1.01	0.158172	0.107143	0.127750	0.009629	0.007758	0.008593	0.159858	0.087241	0.112879	17
1.01	0.167549	0.113095	0.135039	0.001635	0.007276	0.002670	0.168739	0.091089	0.118311	15
1.00	0.171986	0.115476	0.138177	0.001553	0.007430	0.002569	0.172291	0.093458	0.121182	14
1.00	0.175844	0.117857	0.141126	0.001523	0.007583	0.002536	0.175844	0.094938	0.123304	13
1.00	0.179396	0.120238	0.143977	0.001523	0.007736	0.002545	0.179396	0.096122	0.125174	13
1.00	0.179396	0.120238	0.143977	0.001497	0.007736	0.002509	0.179396	0.096122	0.125174	11
1.00	0.179396	0.120238	0.143977	0.001453	0.007736	0.002447	0.179396	0.096122	0.125174	8
1.00	0.182948	0.122619	0.146828	0.009264	0.007845	0.008495	0.182948	0.098786	0.128297	8
1.00	0.182948	0.122619	0.146828	0.009256	0.007845	0.008492	0.182948	0.098786	0.128297	7
1.00	0.181172	0.121429	0.145403	0.001436	0.007812	0.002426	0.181172	0.097010	0.126360	4
1.00	0.181172	0.121429	0.145403	0.001436	0.007812	0.002426	0.181172	0.097010	0.126360	4
1.00	0.181172	0.121429	0.145403	0.001436	0.007812	0.002426	0.181172	0.097010	0.126360	4
1.00	0.182948	0.122619	0.146828	0.009251	0.007845	0.008490	0.182948	0.098786	0.128297	5
1.00	0.182948	0.122619	0.146828	0.009251	0.007845	0.008490	0.182948	0.098786	0.128297	5
1.00	0.182948	0.122619	0.146828	0.009248	0.007845	0.008489	0.182948	0.098786	0.128297	5
1.00	0.186501	0.125000	0.149679	0.009251	0.007909	0.008527	0.186501	0.102339	0.132158	5
1.00	0.193606	0.129762	0.155381	0.009259	0.008037	0.008605	0.193606	0.108555	0.139111	4
1.00	0.198934	0.133333	0.159658	0.009264	0.008133	0.008662	0.198934	0.113884	0.144847	4
1.00	0.207815	0.139286	0.166785	0.008789	0.008293	0.008534	0.207815	0.122765	0.154349	4
1.00	0.214920	0.144048	0.172488	0.012783	0.008436	0.010165	0.214920	0.128982	0.161213	4
1.00	0.214920	0.144048	0.172488	0.012783	0.008436	0.010165	0.214920	0.128982	0.161213	4
1.00	0.220249	0.147619	0.176764	0.012848	0.008533	0.010255	0.220249	0.133422	0.166177	4
1.00	0.222025	0.148810	0.178190	0.011566	0.008565	0.009842	0.222025	0.135198	0.168060	4
1.00	0.226549	0.152381	0.182206	0.012036	0.008692	0.010094	0.227353	0.140527	0.173694	4
1.00	0.233628	0.157143	0.187900	0.012134	0.008820	0.010215	0.234458	0.147632	0.181180	4
1.00	0.237168	0.159524	0.190747	0.011766	0.008839	0.010095	0.238011	0.152368	0.185795	5
1.00	0.246018	0.165476	0.197865	0.011855	0.008999	0.010232	0.246892	0.161249	0.195085	7
1.00	0.251327	0.169048	0.202135	0.012431	0.009111	0.010515	0.252220	0.166578	0.200642	7
1.00	0.251327	0.169048	0.202135	0.012252	0.009111	0.010451	0.252220	0.166578	0.200642	7
1.00	0.254867	0.171429	0.204982	0.012120	0.009175	0.010444	0.255773	0.170130	0.204341	7
1.00	0.254867	0.171429	0.204982	0.012124	0.009175	0.010445	0.255773	0.170130	0.204341	7
1.00	0.260177	0.175000	0.209253	0.012032	0.009271	0.010473	0.261101	0.174571	0.209243	7
1.00	0.267257	0.179762	0.214947	0.014078	0.009539	0.011372	0.268206	0.180787	0.215987	7
1.00	0.269027	0.180952	0.216370	0.014228	0.009571	0.011444	0.269982	0.182564	0.217830	7
1.00	0.269027	0.180952	0.216370	0.014231	0.009571	0.011445	0.269982	0.182564	0.217830	7
1.00	0.272566	0.183333	0.219217	0.014275	0.009635	0.011505	0.273535	0.186116	0.221512	7
1.00	0.272566	0.183333	0.219217	0.013859	0.009619	0.011356	0.273535	0.186116	0.221512	7
1.00	0.274336	0.184524	0.220641	0.013998	0.009651	0.011425	0.275311	0.187892	0.223352	7
1.00	0.272566	0.183333	0.219217	0.013456	0.009603	0.011208	0.273535	0.186116	0.221512	7
1.00	0.272566	0.183333	0.219217	0.014227	0.009603	0.011467	0.273535	0.186116	0.221512	7
1.00	0.272566	0.183333	0.219217	0.011636	0.009480	0.010448	0.273535	0.186116	0.221512	7
1.00	0.271277	0.182143	0.217949	0.011310	0.009432	0.010286	0.271758	0.185228	0.220301	8
1.00	0.268206	0.179762	0.215253	0.010514	0.009352	0.009899	0.268206	0.181676	0.216619	8
1.00	0.266430	0.178571	0.213828	0.011139	0.009365	0.010175	0.266430	0.178715	0.213931	8
1.00	0.264654	0.177381	0.212402	0.011115	0.009333	0.010146	0.264654	0.177827	0.212722	8
1.00	0.261101	0.175000	0.209551	0.012512	0.009269	0.010649	0.261101	0.175163	0.209668	9
1.00	0.259325	0.173810	0.208125	0.012635	0.009237	0.010672	0.259325	0.173387	0.207822	8
1.00	0.255773	0.171429	0.205274	0.012593	0.009173	0.010614	0.255773	0.169834	0.204127	7
1.00	0.257549	0.172619	0.206700	0.020405	0.009731	0.013178	0.257549	0.171610	0.205975	8
1.00	0.259325	0.173810	0.208125	0.020424	0.009763	0.013211	0.259325	0.173387	0.207822	8
1.00	0.259325	0.173810	0.208125	0.020424	0.009763	0.013211	0.259325	0.173387	0.207822	8
1.00	0.259325	0.173810	0.208125	0.020424	0.009763	0.013211	0.259325	0.173387	0.207822	8
1.00	0.262877	0.176190	0.210976	0.020458	0.009827	0.013277	0.262877	0.176939	0.211512	8
1.00	0.268206	0.179762	0.215253	0.024264	0.010047	0.014210	0.268206	0.182268	0.217039	8
1.00	0.268206	0.179762	0.215253	0.022972	0.010047	0.013980	0.268206	0.182268	0.217039	10
1.00	0.269982	0.180952	0.216679	0.022989	0.010079	0.014014	0.269982	0.184044	0.218880	10
1.00	0.269982	0.180952	0.216679	0.021957	0.010079	0.013816	0.269982	0.184044	0.218880	10
1.00	0.273535	0.183333	0.219530	0.023410	0.010158	0.014169	0.273535	0.186708	0.221931	10
1.00	0.273535	0.183333	0.219530	0.023153	0.010158	0.014121	0.273535	0.186708	0.221931	10
1.00	0.275311	0.184524	0.220955	0.023624	0.010206	0.014254	0.275311	0.188484	0.223770	10
1.00	0.273535	0.183333	0.219530	0.023793	0.010174	0.014253	0.273535	0.187596	0.222557	10
1.00	0.278863	0.186905	0.223806	0.022478	0.010226	0.014057	0.278863	0.194109	0.228892	10
1.00	0.280639	0.188095	0.225232	0.022491	0.010258	0.014089	0.280639	0.194997	0.230108	10
1.00	0.280639	0.188095	0.225232	0.021710	0.010258	0.013932	0.280639	0.194997	0.230108	9
1.00	0.278863	0.186905	0.223806	0.021017	0.010181	0.013717	0.278863	0.194109	0.228892	9
1.00	0.282416	0.189286	0.226657	0.021046	0.010245	0.013781	0.282416	0.196773	0.231941	9
1.00	0.282416	0.189286	0.226657	0.021046	0.010245	0.013781	0.282416	0.196773	0.231941	9
1.00	0.284192	0.190476	0.228083	0.021060	0.010277	0.013813	0.284192	0.198549	0.233774	9
1.00	0.285968	0.191667	0.229508	0.021618	0.010325	0.013975	0.285968	0.199438	0.234990	8
1.00	0.285968	0.191667	0.229508	0.021618	0.010325	0.013975	0.285968	0.199438	0.234990	8
1.00	0.285968	0.191667	0.229508	0.021618	0.010325	0.013975	0.285968	0.199438	0.234990	8
1.00	0.284192	0.190476	0.228083	0.021054	0.010277	0.013812	0.284192	0.198549	0.233774	7
1.00	0.285968	0.191667	0.229508	0.021625	0.010309	0.013962	0.285968	0.200326	0.235605	8
1.00	0.285968	0.191667	0.229508	0.021625	0.010309	0.013962	0.285968	0.200326	0.235605	8
1.00	0.285968	0.191667	0.229508	0.021625	0.010309	0.013962	0.285968	0.200326	0.235605	8
1.00	0.285968	0.191667	0.229508	0.021625	0.010309	0.013962	0.285968	0.200326	0.235605	8
1.00	0.284192	0.190476	0.228083	0.021612	0.010277	0.013930	0.284192	0.199438	0.234388	8
1.00	0.282416	0.189286	0.226657	0.021594	0.010245	0.013897	0.282416	0.197661	0.232557	8
1.00	0.281915	0.189286	0.226496	0.021777	0.010245	0.013935	0.282416	0.197661	0.232557	8
1.00	0.281915	0.189286	0.226496	0.021777	0.010245	0.013935	0.282416	0.197661	0.232557	8
1.00	0.281915	0.189286	0.226496	0.021777	0.010245	0.013935	0.282416	0.197661	0.232557	8
1.00	0.278369	0.186905	0.223647	0.021748	0.010181	0.013869	0.278863	0.194997	0.229509	8
1.00	0.280142	0.188095	0.225071	0.022921	0.010258	0.014173	0.280639	0.195589	0.230520	8
1.00	0.280142	0.188095	0.225071	0.022921	0.010258	0.014173	0.280639	0.195589	0.230520	8
1.00	0.278369	0.186905	0.223647	0.022908	0.010226	0.014140	0.278863	0.193813	0.228686	8
1.00	0.276596	0.185714	0.222222	0.022000	0.010178	0.013917	0.277087	0.192037	0.226852	8
1.00	0.276596	0.185714	0.222222	0.022387	0.010178	0.013994	0.277087	0.192037	0.226852	8
1.00	0.276596	0.185714	0.222222	0.022267	0.010178	0.013970	0.277087	0.192037	0.226852	8
1.00	0.278369	0.186905	0.223647	0.022284	0.010210	0.014004	0.278863	0.192925	0.228067	8
1.00	0.280142	0.188095	0.225071	0.022301	0.010242	0.014037	0.280639	0.194701	0.229902	8
1.00	0.276596	0.185714	0.222222	0.017985	0.010089	0.012926	0.277087	0.193221	0.227676	9
1.00	0.274823	0.184524	0.220798	0.017755	0.009968	0.012767	0.275311	0.192333	0.226460	9
1.00	0.274823	0.184524	0.220798	0.016471	0.009952	0.012407	0.275311	0.191445	0.225843	9
1.00	0.274823	0.184524	0.220798	0.015568	0.009907	0.012109	0.275311	0.191741	0.226049	9
1.00	0.276596	0.185714	0.222222	0.015586	0.009939	0.012138	0.277087	0.193517	0.227882	9
1.00	0.276596	0.185714	0.222222	0.015586	0.009939	0.012138	0.277087	0.193517	0.227882	9
1.00	0.278863	0.186905	0.223806	0.015216	0.009971	0.012048	0.278863	0.195293	0.229714	9
1.00	0.278863	0.186905	0.223806	0.015216	0.009971	0.012048	0.278863	0.195293	0.229714	9
1.00	0.280639	0.188095	0.225232	0.015133	0.010003	0.012045	0.280639	0.197069	0.231544	9
1.00	0.280639	0.188095	0.225232	0.015133	0.010003	0.012045	0.280639	0.197069	0.231544	9
1.00	0.280142	0.188095	0.225071	0.014951	0.010003	0.011987	0.280639	0.197069	0.231544	9
1.00	0.280142	0.188095	0.225071	0.014951	0.010003	0.011987	0.280639	0.197069	0.231544	9
1.00	0.280142	0.188095	0.225071	0.014951	0.010003	0.011987	0.280639	0.197069	0.231544	9
1.00	0.280142	0.188095	0.225071	0.014951	0.010003	0.011987	0.280639	0.197069	0.231544	9
1.00	0.278369	0.186905	0.223647	0.014796	0.009971	0.011914	0.278863	0.195293	0.229714	9
1.00	0.278369	0.186905	0.223647	0.014796	0.009971	0.011914	0.278863	0.195293	0.229714	9
1.00	0.278369	0.186905	0.223647	0.014691	0.009971	0.011880	0.278863	0.195293	0.229714	9
1.00	0.278369	0.186905	0.223647	0.014691	0.009971	0.011880	0.278863	0.195293	0.229714	9
1.00	0.278369	0.186905	0.223647	0.014691	0.009971	0.011880	0.278863	0.195293	0.229714	9
1.00	0.278369	0.186905	0.223647	0.014593	0.009971	0.011847	0.278863	0.195293	0.229714	9
1.00	0.278369	0.186905	0.223647	0.014513	0.009971	0.011821	0.278863	0.195293	0.229714	10
1.00	0.278369	0.186905	0.223647	0.014516	0.009971	0.011822	0.278863	0.195293	0.229714	10
1.00	0.278369	0.186905	0.223647	0.014424	0.009971	0.011791	0.278863	0.195293	0.229714	10
1.00	0.276596	0.185714	0.222222	0.014332	0.009939	0.011738	0.277087	0.193517	0.227882	10
1.00	0.276596	0.185714	0.222222	0.014332	0.009939	0.011738	0.277087	0.193517	0.227882	10
1.00	0.276596	0.185714	0.222222	0.014332	0.009939	0.011738	0.277087	0.193517	0.227882	10
1.00	0.278369	0.186905	0.223647	0.015538	0.009987	0.012159	0.278863	0.195293	0.229714	10
1.00	0.278369	0.186905	0.223647	0.015621	0.009987	0.012184	0.278863	0.195293	0.229714	10
1.00	0.278369	0.186905	0.223647	0.015822	0.009987	0.012245	0.278863	0.195293	0.229714	10
1.00	0.278369	0.186905	0.223647	0.015822	0.009987	0.012245	0.278863	0.195293	0.229714	10

Mon Sep  6 01:11:53 2021
65.14	0.015888	0.644860	0.031011	0.010760	0.141688	0.020001	0.015920	0.657167	0.031086	122
59.06	0.014976	0.592857	0.029214	0.010517	0.194771	0.019957	0.014979	0.608407	0.029239	124
52.91	0.015074	0.534524	0.029321	0.010821	0.176381	0.020391	0.015155	0.555417	0.029504	124
47.06	0.015060	0.475000	0.029194	0.009596	0.159724	0.018105	0.015189	0.501421	0.029486	123
41.37	0.015455	0.428571	0.029833	0.009701	0.148764	0.018214	0.015557	0.460124	0.030096	122
36.11	0.015248	0.369048	0.029287	0.009905	0.130018	0.018407	0.015265	0.403523	0.029417	118
31.31	0.014975	0.314286	0.028588	0.010047	0.118731	0.018527	0.014864	0.349053	0.028514	116
27.00	0.014736	0.266667	0.027928	0.009121	0.114762	0.016899	0.014483	0.295767	0.027614	112
22.96	0.015010	0.230952	0.028187	0.009224	0.098402	0.016867	0.014647	0.257282	0.027715	106
19.19	0.015459	0.198810	0.028687	0.007097	0.087997	0.013135	0.015090	0.220278	0.028246	104
15.79	0.015748	0.166667	0.028777	0.006473	0.072621	0.011887	0.015229	0.185583	0.028148	91
12.91	0.017199	0.148810	0.030834	0.007242	0.067099	0.013073	0.016448	0.165157	0.029917	83
10.44	0.018707	0.130952	0.032738	0.007649	0.060569	0.013582	0.018262	0.147336	0.032496	76
8.19	0.020603	0.113095	0.034856	0.008816	0.045281	0.014759	0.019962	0.128982	0.034574	70
6.34	0.022676	0.096429	0.036718	0.009976	0.028144	0.014730	0.022249	0.108407	0.036921	68
4.76	0.025354	0.080952	0.038614	0.010734	0.022183	0.014467	0.027930	0.093606	0.043023	61
3.43	0.026411	0.060714	0.036810	0.010567	0.010983	0.010771	0.031988	0.074956	0.044841	52
2.51	0.028269	0.047619	0.035477	0.009519	0.007101	0.008134	0.038159	0.058970	0.046335	48
1.86	0.033397	0.041667	0.037076	0.010096	0.006513	0.007918	0.042244	0.051510	0.046419	40
1.46	0.038835	0.038095	0.038462	0.010251	0.006372	0.007859	0.047365	0.047365	0.047365	36
1.24	0.048851	0.040476	0.044271	0.010902	0.006525	0.008164	0.054174	0.049142	0.051535	31
1.11	0.065811	0.048810	0.056049	0.010772	0.006175	0.007850	0.067496	0.060687	0.063910	30
1.06	0.080537	0.057143	0.066852	0.010355	0.006622	0.008078	0.081705	0.067792	0.074101	27
1.02	0.094241	0.064286	0.076433	0.009568	0.006903	0.008020	0.094139	0.075784	0.083970	25
1.01	0.109155	0.073810	0.088068	0.009111	0.007293	0.008102	0.108348	0.086442	0.096163	25
1.00	0.136767	0.091667	0.109765	0.008901	0.008086	0.008474	0.136767	0.105832	0.119327	26
1.00	0.150977	0.101190	0.121169	0.008526	0.008520	0.008523	0.150977	0.116489	0.131509	26
1.00	0.186501	0.125000	0.149679	0.008181	0.009165	0.008645	0.186501	0.139580	0.159664	26
1.00	0.202487	0.135714	0.162509	0.007563	0.009766	0.008524	0.202487	0.149941	0.172297	26
1.00	0.206039	0.138095	0.165360	0.007311	0.009963	0.008433	0.206039	0.150829	0.174163	26
1.00	0.222025	0.148810	0.178190	0.006797	0.010608	0.008286	0.222025	0.159118	0.185380	23
1.00	0.229130	0.153571	0.183892	0.006533	0.010959	0.008186	0.229130	0.162670	0.190263	21
1.00	0.234458	0.157143	0.188168	0.006057	0.009401	0.007367	0.234458	0.163854	0.192899	17
1.00	0.241563	0.161905	0.193870	0.005561	0.007876	0.006519	0.241563	0.167111	0.197555	14
1.00	0.245115	0.164286	0.196721	0.005325	0.008074	0.006417	0.245115	0.168591	0.199776	12
1.00	0.253996	0.170238	0.203849	0.005429	0.008457	0.006613	0.253996	0.174512	0.206882	9
1.00	0.255773	0.171429	0.205274	0.005356	0.008533	0.006581	0.255773	0.175104	0.207887	9
1.00	0.255773	0.171429	0.205274	0.005281	0.008533	0.006524	0.255773	0.175104	0.207887	8
1.00	0.257549	0.172619	0.206700	0.005260	0.008610	0.006531	0.257549	0.175459	0.208723	6
1.00	0.257549	0.172619	0.206700	0.005253	0.008610	0.006525	0.257549	0.175459	0.208723	5
1.00	0.257549	0.172619	0.206700	0.005192	0.008610	0.006478	0.257549	0.175459	0.208723	3
1.00	0.257549	0.172619	0.206700	0.005166	0.008610	0.006458	0.257549	0.175459	0.208723	3
1.00	0.257549	0.172619	0.206700	0.005192	0.008610	0.006478	0.257549	0.175459	0.208723	3
1.00	0.257549	0.172619	0.206700	0.005192	0.008610	0.006478	0.257549	0.175459	0.208723	3
1.00	0.259325	0.173810	0.208125	0.005230	0.008642	0.006517	0.259325	0.176347	0.209934	3
1.00	0.259325	0.173810	0.208125	0.005234	0.008642	0.006519	0.259325	0.176347	0.209934	4
1.00	0.259325	0.173810	0.208125	0.005238	0.008642	0.006522	0.259325	0.176347	0.209934	4
1.00	0.259325	0.173810	0.208125	0.005268	0.008642	0.006546	0.259325	0.176347	0.209934	5
1.00	0.261101	0.175000	0.209551	0.005305	0.008674	0.006584	0.261101	0.178123	0.211774	5
1.00	0.264654	0.177381	0.212402	0.005454	0.008782	0.006729	0.264654	0.180491	0.214616	6
1.00	0.264654	0.177381	0.212402	0.005438	0.008693	0.006691	0.264654	0.181676	0.215451	7
1.00	0.269504	0.180952	0.216524	0.005494	0.008789	0.006761	0.269094	0.186116	0.220042	7
1.00	0.271277	0.182143	0.217949	0.005535	0.008821	0.006802	0.270870	0.187892	0.221877	7
1.00	0.271277	0.182143	0.217949	0.007500	0.008748	0.008076	0.270870	0.187892	0.221877	8
1.00	0.269504	0.180952	0.216524	0.007511	0.008627	0.008031	0.269094	0.187537	0.221032	9
