
Mon Sep  6 06:00:20 2021
64.36	0.009322	0.373832	0.018190	0.011955	0.098550	0.021323	0.009377	0.317833	0.018216	120
58.33	0.007857	0.307143	0.015321	0.010460	0.165156	0.019674	0.007934	0.257075	0.015393	122
52.37	0.007970	0.279762	0.015499	0.010623	0.155483	0.019888	0.008094	0.228064	0.015633	119
46.32	0.008321	0.258333	0.016123	0.010553	0.141055	0.019637	0.008486	0.207046	0.016304	119
40.71	0.008638	0.235714	0.016665	0.011554	0.124448	0.021144	0.008912	0.188988	0.017022	119
35.17	0.009141	0.215476	0.017539	0.013178	0.110519	0.023548	0.009562	0.173594	0.018126	115
29.91	0.009739	0.195238	0.018553	0.015130	0.096768	0.026168	0.010240	0.155832	0.019217	112
25.44	0.010401	0.177381	0.019651	0.009333	0.078583	0.016685	0.011122	0.141622	0.020625	110
21.24	0.011289	0.160714	0.021095	0.008174	0.068947	0.014615	0.011927	0.126229	0.021795	103
17.67	0.012366	0.146429	0.022805	0.008333	0.060580	0.014651	0.012878	0.114328	0.023148	99
14.62	0.014215	0.139286	0.025796	0.008498	0.056175	0.014763	0.015053	0.108111	0.026427	93
11.77	0.016750	0.132143	0.029731	0.009401	0.045119	0.015560	0.017833	0.103079	0.030405	85
9.47	0.019498	0.123810	0.033690	0.009419	0.036102	0.014940	0.021241	0.097898	0.034908	78
7.49	0.023939	0.120238	0.039929	0.007278	0.032799	0.011913	0.026145	0.095234	0.041026	74
5.86	0.027273	0.107143	0.043478	0.002889	0.020593	0.005067	0.030193	0.086353	0.044742	69
4.46	0.034675	0.103571	0.051956	0.003812	0.017070	0.006232	0.035570	0.083689	0.049922	63
3.34	0.043617	0.097619	0.060294	0.010142	0.015921	0.012391	0.043834	0.080432	0.056744	52
2.49	0.056980	0.095238	0.071301	0.002628	0.015209	0.004481	0.057223	0.078952	0.066354	48
1.93	0.075506	0.097619	0.085151	0.003274	0.015362	0.005398	0.073091	0.080432	0.076586	44
1.58	0.090909	0.096429	0.093588	0.003828	0.011456	0.005739	0.090853	0.079544	0.084823	36
1.32	0.114401	0.101190	0.107391	0.004639	0.011763	0.006654	0.116785	0.082504	0.096696	29
1.18	0.130435	0.103571	0.115461	0.005218	0.011916	0.007257	0.132327	0.083689	0.102532	26
1.12	0.139241	0.104762	0.119565	0.003472	0.010953	0.005272	0.138544	0.084577	0.105034	22
1.08	0.151815	0.109524	0.127248	0.004499	0.011259	0.006429	0.149793	0.087833	0.110735	21
1.03	0.156357	0.108333	0.127989	0.003555	0.010800	0.005349	0.156306	0.085169	0.110259	20
1.02	0.160839	0.109524	0.130312	0.001576	0.007047	0.002576	0.161634	0.084577	0.111047	19
1.01	0.168717	0.114286	0.136267	0.009398	0.007308	0.008223	0.168739	0.090793	0.118061	19
1.01	0.174912	0.117857	0.140825	0.009391	0.007494	0.008336	0.174956	0.094346	0.122586	19
1.00	0.181172	0.121429	0.145403	0.007153	0.007590	0.007365	0.181172	0.099674	0.128599	16
1.00	0.193606	0.129762	0.155381	0.008170	0.007858	0.008011	0.193606	0.111220	0.141279	13
1.00	0.202487	0.135714	0.162509	0.007718	0.008063	0.007887	0.202487	0.119213	0.150072	14
1.00	0.218472	0.146429	0.175339	0.007785	0.008351	0.008058	0.218472	0.134310	0.166352	10
1.00	0.230906	0.154762	0.185317	0.007551	0.008620	0.008050	0.230906	0.146744	0.179447	7
1.00	0.241563	0.161905	0.193870	0.007637	0.008812	0.008183	0.241563	0.157401	0.190605	3
1.00	0.255773	0.171429	0.205274	0.007400	0.009024	0.008132	0.255773	0.172499	0.206040	3
1.00	0.282416	0.189286	0.226657	0.007461	0.009504	0.008359	0.282416	0.198253	0.232966	2
1.00	0.300178	0.201190	0.240912	0.007475	0.009779	0.008473	0.300178	0.215423	0.250835	2
1.00	0.314387	0.210714	0.252316	0.007453	0.009991	0.008537	0.314387	0.228745	0.264814	2
1.00	0.319716	0.214286	0.256593	0.007474	0.010042	0.008570	0.319716	0.233185	0.269679	2
1.00	0.314387	0.210714	0.252316	0.007194	0.009813	0.008302	0.314387	0.229929	0.265606	2
1.00	0.319716	0.214286	0.256593	0.007219	0.009909	0.008353	0.319716	0.235258	0.271060	2
1.00	0.323268	0.216667	0.259444	0.007073	0.009884	0.008245	0.323268	0.239994	0.275475	2
1.00	0.328597	0.220238	0.263721	0.007029	0.009980	0.008249	0.328597	0.245323	0.280918	2
1.00	0.328597	0.220238	0.263721	0.007029	0.009980	0.008249	0.328597	0.245323	0.280918	2
1.00	0.330373	0.221429	0.265146	0.007051	0.010012	0.008274	0.330373	0.247099	0.282732	2
1.00	0.333333	0.223810	0.267806	0.006988	0.010076	0.008253	0.333037	0.250651	0.286030	2
1.00	0.333333	0.223810	0.267806	0.006988	0.010076	0.008253	0.333037	0.250651	0.286030	2
1.00	0.333333	0.223810	0.267806	0.006988	0.010076	0.008253	0.333037	0.250651	0.286030	2
1.00	0.333333	0.223810	0.267806	0.007125	0.010076	0.008347	0.333037	0.250651	0.286030	2
1.00	0.331560	0.222619	0.266382	0.007139	0.010044	0.008346	0.331261	0.248875	0.284218	2
1.00	0.333333	0.223810	0.267806	0.007344	0.010165	0.008527	0.333037	0.249763	0.285451	2
1.00	0.333925	0.223810	0.267997	0.011279	0.010225	0.010726	0.333925	0.248875	0.285194	3
1.00	0.335702	0.225000	0.269423	0.012667	0.010273	0.011345	0.335702	0.249763	0.286425	3
1.00	0.337478	0.226190	0.270848	0.012237	0.010365	0.011224	0.337478	0.250355	0.287460	3
1.00	0.342806	0.229762	0.275125	0.013555	0.010508	0.011839	0.342806	0.253908	0.291735	3
1.00	0.342806	0.229762	0.275125	0.013204	0.010523	0.011712	0.342806	0.253020	0.291148	4
1.00	0.344583	0.230952	0.276550	0.013137	0.010542	0.011698	0.344583	0.254796	0.292964	4
1.00	0.349911	0.234524	0.280827	0.013485	0.010669	0.011913	0.349911	0.258348	0.297238	4
1.00	0.351687	0.235714	0.282252	0.013763	0.010717	0.012051	0.351687	0.260124	0.299054	4
1.00	0.351687	0.235714	0.282252	0.013763	0.010717	0.012051	0.351687	0.260124	0.299054	4
1.00	0.353464	0.236905	0.283678	0.013882	0.010765	0.012126	0.353464	0.261012	0.300283	4
1.00	0.348135	0.233333	0.279401	0.013526	0.010622	0.011899	0.348135	0.257460	0.296009	4
1.00	0.348135	0.233333	0.279401	0.014003	0.010622	0.012080	0.348135	0.257460	0.296009	4
1.00	0.346359	0.232143	0.277976	0.013685	0.010603	0.011949	0.346359	0.256572	0.294780	4
1.00	0.342806	0.229762	0.275125	0.013650	0.010539	0.011895	0.342806	0.253020	0.291148	4
1.00	0.335702	0.225000	0.269423	0.013688	0.010411	0.011827	0.335702	0.245915	0.283878	4
1.00	0.336879	0.226190	0.270655	0.013922	0.010459	0.011944	0.335702	0.246507	0.284272	4
1.00	0.333333	0.223810	0.267806	0.013946	0.010439	0.011941	0.332149	0.242066	0.280042	4
1.01	0.337456	0.227381	0.271693	0.014528	0.010671	0.012305	0.335702	0.243546	0.282293	4
1.01	0.335689	0.226190	0.270270	0.014512	0.010639	0.012277	0.333925	0.241770	0.280472	4
1.01	0.339192	0.229762	0.273953	0.014569	0.010827	0.012422	0.336590	0.244139	0.283005	4
1.01	0.346760	0.235714	0.280652	0.015106	0.011081	0.012784	0.343695	0.247099	0.287500	4
1.01	0.355517	0.241667	0.287739	0.015279	0.011287	0.012984	0.352575	0.254204	0.295415	4
1.02	0.351916	0.240476	0.285714	0.014355	0.011166	0.012562	0.348135	0.254796	0.294240	4
1.02	0.346620	0.238095	0.282287	0.014400	0.011071	0.012518	0.341918	0.253020	0.290827	4
1.03	0.347150	0.239286	0.283298	0.013955	0.011074	0.012349	0.341030	0.254796	0.291673	4
1.03	0.347676	0.240476	0.284307	0.013656	0.011046	0.012213	0.340142	0.258644	0.293847	4
1.03	0.351724	0.242857	0.287324	0.013760	0.011065	0.012267	0.344583	0.263085	0.298369	4
1.03	0.355670	0.246429	0.291139	0.013750	0.011161	0.012321	0.348135	0.268413	0.303120	4
1.03	0.357388	0.247619	0.292546	0.013714	0.011193	0.012326	0.349911	0.270189	0.304926	4
1.03	0.360825	0.250000	0.295359	0.013852	0.011289	0.012440	0.353464	0.271966	0.307405	4
1.04	0.366438	0.254762	0.300562	0.013853	0.011448	0.012536	0.357904	0.276110	0.311731	4
1.04	0.365646	0.255952	0.301120	0.013855	0.011480	0.012556	0.356128	0.277886	0.312179	4
1.04	0.367347	0.257143	0.302521	0.013873	0.011512	0.012583	0.357904	0.279663	0.313982	4
1.05	0.365482	0.257143	0.301887	0.013907	0.011481	0.012578	0.355240	0.281439	0.314062	3
1.05	0.363176	0.255952	0.300279	0.014261	0.011433	0.012691	0.352575	0.280551	0.312466	3
1.05	0.361017	0.253571	0.297902	0.014318	0.011367	0.012673	0.351687	0.278774	0.311015	3
1.05	0.356537	0.250000	0.293912	0.014134	0.011240	0.012522	0.347247	0.274334	0.306514	3
1.04	0.356164	0.247619	0.292135	0.014003	0.011144	0.012411	0.349911	0.273150	0.306802	3
1.03	0.361446	0.250000	0.295566	0.014655	0.011177	0.012682	0.356128	0.276702	0.311431	3
1.03	0.360345	0.248810	0.294366	0.014590	0.011129	0.012627	0.355240	0.275814	0.310529	3
1.03	0.364888	0.252381	0.298381	0.022394	0.011845	0.015494	0.358792	0.280255	0.314697	4
1.03	0.363167	0.251190	0.296974	0.022419	0.011813	0.015473	0.357016	0.278478	0.312894	4
1.03	0.363167	0.251190	0.296974	0.022419	0.011813	0.015473	0.357016	0.278478	0.312894	4
1.03	0.358003	0.247619	0.292752	0.022368	0.011716	0.015378	0.351687	0.274038	0.308045	4
1.03	0.348276	0.240476	0.284507	0.014466	0.010905	0.012436	0.342806	0.264269	0.298457	3
1.03	0.348276	0.240476	0.284507	0.014516	0.010921	0.012464	0.342806	0.264269	0.298457	3
1.03	0.353952	0.245238	0.289733	0.014693	0.011096	0.012643	0.346359	0.268117	0.302257	3
1.03	0.353952	0.245238	0.289733	0.014738	0.011140	0.012689	0.346359	0.267229	0.301692	3
1.03	0.353952	0.245238	0.289733	0.014785	0.011140	0.012707	0.346359	0.267229	0.301692	3
1.04	0.351629	0.244048	0.288124	0.014752	0.011140	0.012694	0.342806	0.263381	0.297890	4
1.04	0.349914	0.242857	0.286718	0.014559	0.011108	0.012601	0.341030	0.261605	0.296083	4
1.04	0.352740	0.245238	0.289326	0.014854	0.011234	0.012793	0.343695	0.261012	0.296701	4
1.04	0.361921	0.251190	0.296557	0.015078	0.011488	0.013040	0.353464	0.267229	0.304356	4
1.03	0.369603	0.254762	0.301621	0.014884	0.011586	0.013030	0.362345	0.270782	0.309942	4
1.03	0.380623	0.261905	0.310296	0.014792	0.011828	0.013145	0.373890	0.278182	0.319012	4
1.02	0.391986	0.267857	0.318246	0.013883	0.011977	0.012859	0.386323	0.283215	0.326830	5
1.02	0.406632	0.277381	0.329795	0.013939	0.012295	0.013065	0.401421	0.294760	0.339920	5
1.02	0.410122	0.279762	0.332626	0.013957	0.012391	0.013127	0.404973	0.296240	0.342177	5
1.02	0.416667	0.285714	0.338983	0.013961	0.012613	0.013253	0.409414	0.301569	0.347312	5
1.02	0.412478	0.283333	0.335921	0.013856	0.012549	0.013170	0.404973	0.298017	0.343358	5
1.03	0.416955	0.286905	0.339915	0.013755	0.012647	0.013178	0.409414	0.301569	0.347312	5
1.03	0.416235	0.286905	0.339676	0.013750	0.012647	0.013176	0.408526	0.301569	0.346992	5
1.03	0.412371	0.285714	0.337553	0.013763	0.012600	0.013156	0.404085	0.301569	0.345380	5
1.04	0.411263	0.286905	0.338008	0.013701	0.012676	0.013169	0.402309	0.303345	0.345888	5
1.04	0.412266	0.288095	0.339173	0.013710	0.012664	0.013166	0.403197	0.305121	0.347369	5
1.04	0.415385	0.289286	0.341053	0.013924	0.012740	0.013306	0.406750	0.306898	0.349838	5
1.05	0.412564	0.289286	0.340098	0.014020	0.012754	0.013357	0.404085	0.306602	0.348658	5
1.05	0.413559	0.290476	0.341259	0.014038	0.012739	0.013357	0.404973	0.310450	0.351467	5
1.05	0.426146	0.298810	0.351295	0.014204	0.012947	0.013547	0.418295	0.321995	0.363882	4
1.04	0.437819	0.305952	0.360196	0.014302	0.013019	0.013630	0.429840	0.335317	0.376740	4
1.04	0.448630	0.311905	0.367978	0.014373	0.013088	0.013700	0.441385	0.347454	0.388827	4
1.04	0.453767	0.315476	0.372191	0.014282	0.013137	0.013685	0.446714	0.355151	0.395705	4
1.04	0.460751	0.321429	0.378682	0.022302	0.013560	0.016866	0.453227	0.363144	0.403215	5
1.04	0.460751	0.321429	0.378682	0.022347	0.013545	0.016866	0.453227	0.363144	0.403215	5
1.05	0.461800	0.323810	0.380686	0.022332	0.013653	0.016946	0.454115	0.364624	0.404479	5
1.05	0.461017	0.323810	0.380420	0.022378	0.013651	0.016957	0.453227	0.365512	0.404671	5
1.05	0.457770	0.322619	0.378492	0.022454	0.013632	0.016965	0.449674	0.364624	0.402708	5
1.06	0.453936	0.322619	0.377175	0.030356	0.014855	0.019948	0.443458	0.363736	0.399660	6
1.06	0.452261	0.321429	0.375783	0.030289	0.015410	0.020428	0.440793	0.362848	0.398041	6
1.06	0.450751	0.321429	0.375261	0.030279	0.015410	0.020425	0.439017	0.362848	0.397315	6
1.07	0.447587	0.320238	0.373352	0.030644	0.015378	0.020479	0.435465	0.361072	0.394794	7
1.07	0.446844	0.320238	0.373093	0.030700	0.015378	0.020492	0.434577	0.361072	0.394429	7
1.07	0.445364	0.320238	0.372576	0.030566	0.016029	0.021030	0.431912	0.360184	0.392800	7
1.07	0.438742	0.315476	0.367036	0.030316	0.015961	0.020912	0.424808	0.353967	0.386165	7
1.07	0.431405	0.310714	0.361246	0.030250	0.015880	0.020826	0.416815	0.343606	0.376686	7
1.07	0.424793	0.305952	0.355709	0.029951	0.015722	0.020620	0.409710	0.336501	0.369514	7
1.08	0.429043	0.309524	0.359613	0.030019	0.015910	0.020797	0.414150	0.337685	0.372029	7
1.08	0.428336	0.309524	0.359364	0.029969	0.015941	0.020812	0.414150	0.336205	0.371129	7
1.08	0.434211	0.314286	0.364641	0.030122	0.016147	0.021024	0.420367	0.341533	0.376872	7
1.09	0.429739	0.313095	0.362259	0.030003	0.016165	0.021010	0.415038	0.338869	0.373106	7
1.09	0.429268	0.314286	0.362887	0.030132	0.016304	0.021159	0.414150	0.337685	0.372029	7
1.09	0.433225	0.316667	0.365887	0.029991	0.016370	0.021179	0.418591	0.339461	0.374896	7
1.09	0.436688	0.320238	0.369505	0.029948	0.016528	0.021301	0.422143	0.342126	0.377946	7
1.10	0.435981	0.320238	0.369252	0.029967	0.016560	0.021332	0.421255	0.339816	0.376179	7
1.10	0.438511	0.322619	0.371742	0.029996	0.016655	0.021418	0.423919	0.342481	0.378873	7
1.10	0.444084	0.326190	0.376115	0.030019	0.016798	0.021541	0.430136	0.344553	0.382617	7
1.10	0.453074	0.333333	0.384088	0.030077	0.017037	0.021752	0.439017	0.353789	0.391822	7
1.10	0.453958	0.334524	0.385195	0.030086	0.017659	0.022255	0.439017	0.354381	0.392185	7
1.10	0.461912	0.339286	0.391215	0.030112	0.017787	0.022364	0.447898	0.361486	0.400079	8
1.09	0.459416	0.336905	0.388736	0.030038	0.017663	0.022245	0.446122	0.360243	0.398609	8
1.09	0.455285	0.333333	0.384880	0.029985	0.017520	0.022117	0.441681	0.355802	0.394118	8
1.09	0.450980	0.328571	0.380165	0.029921	0.017361	0.021972	0.437241	0.349586	0.388531	8
1.08	0.462295	0.335714	0.388966	0.030081	0.017553	0.022169	0.449674	0.361131	0.400568	8
1.08	0.469522	0.339286	0.393918	0.030145	0.017649	0.022263	0.457667	0.366459	0.407016	8
1.07	0.477612	0.342857	0.399168	0.038109	0.017873	0.024334	0.466548	0.372084	0.413996	10
1.06	0.487437	0.346429	0.405010	0.038057	0.017880	0.024330	0.478094	0.379485	0.423120	9
1.06	0.489933	0.347619	0.406685	0.038083	0.017912	0.024365	0.480758	0.382149	0.425819	9
1.06	0.494949	0.350000	0.410042	0.038227	0.017976	0.024453	0.485198	0.384814	0.429215	10
1.05	0.497470	0.351190	0.411724	0.038248	0.018008	0.024487	0.487863	0.386590	0.431362	10
1.05	0.507614	0.357143	0.419287	0.038252	0.018137	0.024607	0.498520	0.396655	0.441792	10
1.04	0.522184	0.364286	0.429172	0.038314	0.017681	0.024196	0.514506	0.407312	0.454676	10
1.04	0.534130	0.372619	0.438990	0.038314	0.017890	0.024391	0.526939	0.418857	0.466723	10
1.04	0.550427	0.383333	0.451930	0.038361	0.018369	0.024842	0.543813	0.431291	0.481060	10
1.04	0.554795	0.385714	0.455056	0.038158	0.018359	0.024791	0.548253	0.433067	0.483900	10
1.04	0.557461	0.386905	0.456781	0.037949	0.018331	0.024721	0.551806	0.435139	0.486577	10
1.04	0.562393	0.391667	0.461754	0.037936	0.018446	0.024822	0.557134	0.440468	0.491979	9
1.04	0.574359	0.400000	0.471579	0.037926	0.019289	0.025572	0.568680	0.450237	0.502574	9
1.04	0.570940	0.397619	0.468772	0.037858	0.018929	0.025239	0.565127	0.450829	0.501549	9
1.04	0.579487	0.403571	0.475789	0.038064	0.019058	0.025399	0.574008	0.461782	0.511815	9
1.04	0.583618	0.407143	0.479663	0.038144	0.019713	0.025993	0.577561	0.467111	0.516497	9
1.04	0.580205	0.404762	0.476858	0.038088	0.019649	0.025924	0.574008	0.463558	0.512905	9
1.04	0.583618	0.407143	0.479663	0.038138	0.019758	0.026030	0.577561	0.466223	0.515954	8
1.04	0.577513	0.403571	0.475123	0.038005	0.019706	0.025954	0.570456	0.460006	0.509312	8
1.05	0.566836	0.398810	0.468204	0.030046	0.019389	0.023569	0.559799	0.452901	0.500708	8
1.05	0.567568	0.400000	0.469274	0.030084	0.019497	0.023660	0.560687	0.451421	0.500156	9
1.06	0.558923	0.395238	0.463040	0.030110	0.019369	0.023574	0.551806	0.444908	0.492625	9
1.06	0.553691	0.392857	0.459610	0.030165	0.019321	0.023555	0.546477	0.441356	0.488323	9
1.06	0.556856	0.396429	0.463143	0.030238	0.019479	0.023695	0.550030	0.443724	0.491191	9
1.07	0.559068	0.400000	0.466343	0.030306	0.019682	0.023865	0.551806	0.446744	0.493748	9
1.07	0.553897	0.397619	0.462924	0.030345	0.019618	0.023830	0.546477	0.444079	0.489986	9
1.07	0.553156	0.396429	0.461859	0.030350	0.019631	0.023841	0.545589	0.442303	0.488547	9
1.08	0.549505	0.396429	0.460581	0.030460	0.019736	0.023952	0.542925	0.442007	0.487296	9
1.08	0.531148	0.385714	0.446897	0.030312	0.019461	0.023703	0.522499	0.427501	0.470250	8
1.09	0.523732	0.380952	0.441075	0.030350	0.019333	0.023620	0.514506	0.420397	0.462715	8
1.09	0.505691	0.370238	0.427491	0.030336	0.019074	0.023421	0.494967	0.407075	0.446739	8
1.10	0.494327	0.363095	0.418669	0.030374	0.018850	0.023263	0.482534	0.399082	0.436859	9
1.10	0.481422	0.354762	0.408499	0.030378	0.018624	0.023091	0.468324	0.387537	0.424118	9
1.10	0.467742	0.345238	0.397260	0.030252	0.018352	0.022845	0.453227	0.375992	0.411012	9
1.10	0.457327	0.338095	0.388775	0.030477	0.018218	0.022804	0.442570	0.366755	0.401112	9
1.10	0.451456	0.332143	0.382716	0.030539	0.018073	0.022708	0.436353	0.356986	0.392700	9
1.10	0.451613	0.333333	0.383562	0.030478	0.018121	0.022728	0.435465	0.357342	0.392554	9
1.10	0.458065	0.338095	0.389041	0.030338	0.018265	0.022802	0.442570	0.364446	0.399727	9
1.11	0.465490	0.345238	0.396446	0.030299	0.018412	0.022905	0.450562	0.375104	0.409385	9
1.10	0.474277	0.351190	0.403557	0.030383	0.018588	0.023065	0.460332	0.383097	0.418178	9
1.11	0.473515	0.351190	0.403281	0.030264	0.018543	0.022996	0.459443	0.383097	0.417811	9
1.10	0.490323	0.361905	0.416438	0.030490	0.018863	0.023307	0.477205	0.396418	0.433076	9
1.10	0.499192	0.367857	0.423578	0.030583	0.019054	0.023480	0.486975	0.403523	0.441338	9
1.09	0.502439	0.367857	0.424742	0.030625	0.019038	0.023480	0.490527	0.403523	0.442792	9
1.09	0.502439	0.367857	0.424742	0.030631	0.019038	0.023482	0.490527	0.403523	0.442792	10
1.09	0.504078	0.367857	0.425327	0.030562	0.018949	0.023394	0.493191	0.404707	0.444589	10
1.09	0.508972	0.371429	0.429456	0.030368	0.019032	0.023399	0.498520	0.409147	0.449434	10
1.09	0.517185	0.376190	0.435562	0.030192	0.019176	0.023455	0.508289	0.414476	0.456614	9
1.08	0.543657	0.392857	0.456116	0.030281	0.019686	0.023861	0.535820	0.435790	0.480656	9
1.08	0.551895	0.398810	0.463027	0.030302	0.019862	0.023996	0.544701	0.444671	0.489630	9
1.08	0.556837	0.402381	0.467173	0.030219	0.019958	0.024039	0.550030	0.449112	0.494474	9
1.08	0.566722	0.409524	0.475466	0.030207	0.020168	0.024187	0.560687	0.455921	0.502905	9
1.08	0.567657	0.409524	0.475795	0.030082	0.020081	0.024085	0.561575	0.454589	0.502450	9
1.08	0.570017	0.411905	0.478231	0.026092	0.020145	0.022736	0.564535	0.457253	0.505262	9
1.08	0.571664	0.413095	0.479613	0.026080	0.020164	0.022744	0.566311	0.459029	0.507058	9
1.07	0.573554	0.413095	0.480277	0.026086	0.020164	0.022746	0.568088	0.459029	0.507769	9
1.07	0.577114	0.414286	0.482328	0.026198	0.020196	0.022809	0.571640	0.459917	0.509728	9
1.07	0.575456	0.413095	0.480942	0.034047	0.020366	0.025487	0.569864	0.459029	0.508477	10
1.07	0.575456	0.413095	0.480942	0.034047	0.020366	0.025487	0.569864	0.459029	0.508477	10
1.07	0.575707	0.411905	0.480222	0.034026	0.020290	0.025421	0.569864	0.459029	0.508477	11
1.07	0.575000	0.410714	0.479167	0.034140	0.020286	0.025450	0.568976	0.457253	0.507033	11
1.07	0.570715	0.408333	0.476058	0.034146	0.020425	0.025560	0.564535	0.455033	0.503904	12
1.07	0.569052	0.407143	0.474670	0.034210	0.020996	0.026022	0.561871	0.452368	0.501208	12
1.07	0.561462	0.402381	0.468793	0.034097	0.020821	0.025854	0.553878	0.449112	0.496023	12
1.08	0.557756	0.402381	0.467497	0.041964	0.021113	0.028092	0.549438	0.447336	0.493157	13
1.08	0.546952	0.395238	0.458880	0.042142	0.020858	0.027905	0.537892	0.439343	0.483648	13
1.09	0.530179	0.386905	0.447350	0.042138	0.020707	0.027769	0.520130	0.429574	0.470535	13
1.10	0.505654	0.372619	0.429061	0.041912	0.020276	0.027331	0.493487	0.410924	0.448437	13
1.10	0.495177	0.366667	0.421341	0.046018	0.020114	0.027993	0.481350	0.402635	0.438488	13
1.12	0.482540	0.361905	0.413605	0.042234	0.020075	0.027214	0.468176	0.395530	0.428798	14
1.12	0.478673	0.360714	0.411405	0.046152	0.020956	0.028824	0.463144	0.393754	0.425639	14
1.13	0.474016	0.358333	0.408136	0.046102	0.020906	0.028767	0.458703	0.389905	0.421516	14
1.13	0.473186	0.357143	0.407056	0.046089	0.020874	0.028734	0.457815	0.388129	0.420102	14

Mon Sep  6 06:39:39 2021
58.79	0.017860	0.654206	0.034771	0.010991	0.112330	0.020022	0.017993	0.670167	0.035044	124
52.12	0.017857	0.623810	0.034719	0.010350	0.147338	0.019341	0.017937	0.660568	0.034925	126
45.57	0.018981	0.579762	0.036759	0.010321	0.130759	0.019132	0.019071	0.620456	0.037005	121
39.21	0.020384	0.535714	0.039274	0.010559	0.115098	0.019344	0.020633	0.586057	0.039863	121
33.00	0.022231	0.491667	0.042538	0.010536	0.095898	0.018986	0.022673	0.548461	0.043546	119
27.29	0.024927	0.455952	0.047269	0.011819	0.088968	0.020867	0.025461	0.516726	0.048531	116
22.41	0.027428	0.411905	0.051431	0.012749	0.073882	0.021746	0.028105	0.476169	0.053077	114
17.96	0.030555	0.367857	0.056423	0.019309	0.062966	0.029555	0.031943	0.437833	0.059541	109
14.09	0.032766	0.309524	0.059259	0.018980	0.052999	0.027951	0.035324	0.371522	0.064514	103
10.97	0.036102	0.265476	0.063560	0.010930	0.040112	0.017179	0.041284	0.318828	0.073102	101
8.52	0.040434	0.230952	0.068819	0.014228	0.033912	0.020046	0.049084	0.279159	0.083488	93
6.53	0.045936	0.201190	0.074795	0.009263	0.025942	0.013651	0.056689	0.246004	0.092144	84
4.93	0.049369	0.163095	0.075795	0.007871	0.018686	0.011077	0.062781	0.203079	0.095911	78
3.67	0.056686	0.139286	0.080579	0.006815	0.008980	0.007749	0.070017	0.176436	0.100250	66
2.67	0.065737	0.117857	0.084399	0.010579	0.009084	0.009775	0.085735	0.150089	0.109132	60
1.95	0.081818	0.107143	0.092784	0.010741	0.008336	0.009387	0.100118	0.137655	0.115924	54
1.50	0.110451	0.110714	0.110583	0.016176	0.009229	0.011753	0.127146	0.139432	0.133006	48
1.19	0.130952	0.104762	0.116402	0.016682	0.009203	0.011862	0.142096	0.128774	0.135108	41
1.06	0.155259	0.110714	0.129256	0.017008	0.009675	0.012334	0.157786	0.131143	0.143236	38
1.02	0.163194	0.111905	0.132768	0.017148	0.009885	0.012541	0.165186	0.129366	0.145098	37
1.01	0.182137	0.123810	0.147413	0.016879	0.009943	0.012514	0.183837	0.140320	0.159157	37
1.01	0.195423	0.132143	0.157670	0.016689	0.010390	0.012807	0.196270	0.147721	0.168569	36
1.00	0.231858	0.155952	0.186477	0.007765	0.006993	0.007359	0.231794	0.172647	0.197895	32
1.00	0.246454	0.165476	0.198006	0.007758	0.007516	0.007635	0.246004	0.181528	0.208904	28
1.00	0.257092	0.172619	0.206553	0.007798	0.008020	0.007908	0.256661	0.185672	0.215470	25
1.00	0.265957	0.178571	0.213675	0.008080	0.008314	0.008195	0.265542	0.192481	0.223184	24
1.00	0.277087	0.185714	0.222381	0.009063	0.008640	0.008846	0.277087	0.200178	0.232436	20
1.00	0.285968	0.191667	0.229508	0.011004	0.008889	0.009834	0.285968	0.207726	0.240647	19
1.00	0.293073	0.196429	0.235210	0.010995	0.009106	0.009962	0.293073	0.212759	0.246540	15
1.00	0.296625	0.198810	0.238061	0.010964	0.009215	0.010014	0.296625	0.215127	0.249387	13
1.00	0.300178	0.201190	0.240912	0.014806	0.009324	0.011442	0.300178	0.218680	0.253028	12
1.00	0.303730	0.203571	0.243763	0.014757	0.009388	0.011476	0.303730	0.222232	0.256667	10
1.00	0.316163	0.211905	0.253742	0.007067	0.009488	0.008100	0.316163	0.234665	0.269385	9
1.00	0.330373	0.221429	0.265146	0.007074	0.009700	0.008182	0.330373	0.248283	0.283505	6
1.00	0.335702	0.225000	0.269423	0.007029	0.009796	0.008185	0.335702	0.252724	0.288362	5
1.00	0.339254	0.227381	0.272274	0.006969	0.009860	0.008166	0.339254	0.256276	0.291984	5
1.00	0.342806	0.229762	0.275125	0.006942	0.009924	0.008169	0.342806	0.259828	0.295605	4
1.00	0.341030	0.228571	0.273699	0.006943	0.009892	0.008159	0.341030	0.258052	0.293795	3
1.00	0.342806	0.229762	0.275125	0.006959	0.009924	0.008181	0.342806	0.259828	0.295605	3
1.00	0.342806	0.229762	0.275125	0.006930	0.009879	0.008146	0.342806	0.260716	0.296179	3
1.00	0.351687	0.235714	0.282252	0.006970	0.010039	0.008228	0.351687	0.267821	0.304078	3
1.00	0.355240	0.238095	0.285103	0.007008	0.010103	0.008276	0.355240	0.271374	0.307694	3
1.00	0.346359	0.232143	0.277976	0.006940	0.009943	0.008175	0.346359	0.262493	0.298650	3
1.00	0.346359	0.232143	0.277976	0.006998	0.009988	0.008230	0.346359	0.263381	0.299224	3
1.00	0.342806	0.229762	0.275125	0.006955	0.009924	0.008178	0.342806	0.259828	0.295605	3
1.00	0.337478	0.226190	0.270848	0.006954	0.009872	0.008160	0.337478	0.253316	0.289402	3
1.00	0.337478	0.226190	0.270848	0.006984	0.009917	0.008196	0.337478	0.252131	0.288628	3
1.00	0.346359	0.232143	0.277976	0.007053	0.010032	0.008283	0.346359	0.261308	0.297882	3
1.00	0.349911	0.234524	0.280827	0.007061	0.010096	0.008310	0.349911	0.264861	0.301503	3
1.00	0.349911	0.234524	0.280827	0.007032	0.010052	0.008275	0.349911	0.266045	0.302269	3
1.00	0.351687	0.235714	0.282252	0.007027	0.010084	0.008282	0.351687	0.267821	0.304078	3
1.00	0.355240	0.238095	0.285103	0.007037	0.010148	0.008311	0.355240	0.270486	0.307123	3
1.00	0.357016	0.239286	0.286529	0.007055	0.010180	0.008334	0.357016	0.271374	0.308359	3
1.00	0.374778	0.251190	0.300784	0.007235	0.010500	0.008567	0.374778	0.289136	0.326433	3
1.00	0.378330	0.253571	0.303635	0.007269	0.010564	0.008612	0.378330	0.292688	0.330044	3
1.00	0.376554	0.252381	0.302210	0.007252	0.010532	0.008589	0.376554	0.290912	0.328239	3
1.00	0.373002	0.250000	0.299359	0.007217	0.010468	0.008544	0.373002	0.287359	0.324627	3
1.00	0.369449	0.247619	0.296508	0.007182	0.010404	0.008498	0.369449	0.283807	0.321014	3
1.00	0.369449	0.247619	0.296508	0.007182	0.010404	0.008498	0.369449	0.283807	0.321014	3
1.00	0.364121	0.244048	0.292231	0.007268	0.010397	0.008555	0.364121	0.276110	0.314066	3
1.00	0.348135	0.233333	0.279401	0.007327	0.010154	0.008512	0.348135	0.259828	0.297568	3
1.00	0.342806	0.229762	0.275125	0.007377	0.010102	0.008527	0.342806	0.253316	0.291344	3
1.00	0.332149	0.222619	0.266572	0.015176	0.010034	0.012080	0.332149	0.243546	0.281030	4
1.00	0.328597	0.220238	0.263721	0.015219	0.009970	0.012047	0.328597	0.239994	0.277392	4
1.00	0.325044	0.217857	0.260870	0.015181	0.009906	0.011989	0.325044	0.236442	0.273752	4
1.00	0.326821	0.219048	0.262295	0.015241	0.009982	0.012063	0.326821	0.238218	0.275572	4
1.00	0.333925	0.223810	0.267997	0.015315	0.010110	0.012180	0.333925	0.244435	0.282256	4
1.00	0.333925	0.223810	0.267997	0.015234	0.010066	0.012122	0.333925	0.244435	0.282256	4
1.00	0.337478	0.226190	0.270848	0.015311	0.010174	0.012225	0.337478	0.247987	0.285893	4
1.00	0.346359	0.232143	0.277976	0.011457	0.010290	0.010842	0.346359	0.256868	0.294975	4
1.00	0.351687	0.235714	0.282252	0.011548	0.010431	0.010961	0.351687	0.261308	0.299835	4
1.00	0.348135	0.233333	0.279401	0.011555	0.010411	0.010953	0.348135	0.257756	0.296205	4
1.00	0.351687	0.235714	0.282252	0.011589	0.010475	0.011004	0.351687	0.261308	0.299835	4
1.00	0.351687	0.235714	0.282252	0.011550	0.010475	0.010986	0.351687	0.261308	0.299835	4
1.00	0.348135	0.233333	0.279401	0.011595	0.010411	0.010971	0.348135	0.257756	0.296205	4
1.00	0.346359	0.232143	0.277976	0.011791	0.010424	0.011065	0.346359	0.255980	0.294389	4
1.00	0.344583	0.230952	0.276550	0.011776	0.010392	0.011040	0.344583	0.254204	0.292572	4
1.00	0.348135	0.233333	0.279401	0.011807	0.010456	0.011090	0.348135	0.257756	0.296205	4
1.00	0.344583	0.230952	0.276550	0.011776	0.010392	0.011040	0.344583	0.254204	0.292572	4
1.00	0.342806	0.229762	0.275125	0.011807	0.010404	0.011061	0.342806	0.251539	0.290165	4
1.00	0.342806	0.229762	0.275125	0.011811	0.010404	0.011063	0.342806	0.251539	0.290165	4
1.00	0.362832	0.244048	0.291815	0.025266	0.011441	0.015750	0.360568	0.268117	0.307545	5
1.01	0.374558	0.252381	0.301565	0.022821	0.012239	0.015933	0.371226	0.280847	0.319773	5
1.00	0.405310	0.272619	0.325979	0.024247	0.012804	0.016758	0.403197	0.306898	0.348518	5
1.00	0.433628	0.291667	0.348754	0.024397	0.013290	0.017206	0.431616	0.330284	0.374212	5
1.00	0.449558	0.302381	0.361566	0.024208	0.013522	0.017352	0.447602	0.343606	0.388769	5
1.00	0.465487	0.313095	0.374377	0.024268	0.013739	0.017545	0.463588	0.357815	0.403891	5
1.00	0.465487	0.313095	0.374377	0.024174	0.013739	0.017521	0.463588	0.357815	0.403891	5
1.00	0.463717	0.311905	0.372954	0.023726	0.013618	0.017304	0.461812	0.356335	0.402274	5
1.00	0.490265	0.329762	0.394306	0.024192	0.014054	0.017779	0.488455	0.382386	0.428961	5
1.00	0.504425	0.339286	0.405694	0.025002	0.014252	0.018155	0.502664	0.394819	0.442262	5
1.00	0.520354	0.350000	0.418505	0.025107	0.014571	0.018440	0.518650	0.409029	0.457363	5
1.00	0.530973	0.357143	0.427046	0.025004	0.014719	0.018530	0.529307	0.420870	0.468901	5
1.00	0.534513	0.359524	0.429893	0.024003	0.014814	0.018321	0.532860	0.422054	0.471028	6
1.00	0.525664	0.353571	0.422776	0.023985	0.014699	0.018227	0.523979	0.413173	0.462025	5
1.00	0.513274	0.345238	0.412811	0.024013	0.014535	0.018109	0.511545	0.400207	0.449078	5
1.00	0.483186	0.325000	0.388612	0.024140	0.014077	0.017784	0.481350	0.372676	0.420099	5
1.00	0.474336	0.319048	0.381495	0.024313	0.013993	0.017763	0.472469	0.361723	0.409745	5
1.00	0.461947	0.310714	0.371530	0.024636	0.013829	0.017714	0.460036	0.349290	0.397085	5
1.00	0.460177	0.309524	0.370107	0.024792	0.013886	0.017801	0.458259	0.345737	0.394124	5
1.00	0.460177	0.309524	0.370107	0.024792	0.013886	0.017801	0.458259	0.345737	0.394124	5
1.01	0.457597	0.308333	0.368421	0.024753	0.013941	0.017836	0.454707	0.345441	0.392614	5
1.01	0.449735	0.303571	0.362473	0.024944	0.013811	0.017778	0.445826	0.338928	0.385096	5
1.01	0.443662	0.300000	0.357955	0.024933	0.013743	0.017720	0.438721	0.333304	0.378815	5
1.01	0.440351	0.298810	0.356028	0.025103	0.013711	0.017736	0.435169	0.331528	0.376343	5
1.01	0.438596	0.297619	0.354610	0.024648	0.013664	0.017581	0.433393	0.330639	0.375106	5
1.01	0.442105	0.300000	0.357447	0.025115	0.013743	0.017765	0.436945	0.333304	0.378152	5
1.01	0.452632	0.307143	0.365957	0.025090	0.013936	0.017919	0.447602	0.343073	0.388428	5
1.01	0.455342	0.309524	0.368533	0.024855	0.014000	0.017911	0.450266	0.346625	0.391706	5
1.02	0.454545	0.309524	0.368272	0.024498	0.013926	0.017758	0.449378	0.345737	0.390803	6
1.02	0.460733	0.314286	0.373673	0.024552	0.014085	0.017901	0.455595	0.351066	0.396558	6
1.02	0.484266	0.329762	0.392351	0.024805	0.014488	0.018292	0.479574	0.373268	0.419796	6
1.02	0.503497	0.342857	0.407932	0.024876	0.014796	0.018555	0.499112	0.391918	0.439067	6
1.02	0.519231	0.353571	0.420680	0.025076	0.015011	0.018780	0.515098	0.408200	0.455461	6
1.01	0.514886	0.350000	0.416726	0.025198	0.015001	0.018807	0.510657	0.403996	0.451108	5
1.01	0.497373	0.338095	0.402551	0.025055	0.014666	0.018501	0.492895	0.387123	0.433652	5
1.01	0.493870	0.335714	0.399716	0.025013	0.014586	0.018427	0.489343	0.384458	0.430606	5
1.01	0.481611	0.327381	0.389794	0.024925	0.014391	0.018247	0.476909	0.372913	0.418548	5
1.01	0.471103	0.320238	0.381290	0.025289	0.014196	0.018185	0.465364	0.364032	0.408508	5
1.02	0.465035	0.316667	0.376771	0.025263	0.014100	0.018099	0.459147	0.358703	0.402757	5
1.02	0.458042	0.311905	0.371105	0.025198	0.013957	0.017963	0.452043	0.352487	0.396105	5
1.02	0.456294	0.310714	0.369688	0.025233	0.013925	0.017946	0.450266	0.351599	0.394862	5
1.02	0.454545	0.309524	0.368272	0.025306	0.013966	0.017999	0.448490	0.349822	0.393059	5
1.02	0.451049	0.307143	0.365439	0.025333	0.013902	0.017952	0.444938	0.346270	0.389452	5
1.02	0.444056	0.302381	0.359773	0.025187	0.013772	0.017807	0.437833	0.340941	0.383360	5
1.02	0.435315	0.296429	0.352691	0.024918	0.013549	0.017554	0.428952	0.332060	0.374338	5
1.02	0.433566	0.295238	0.351275	0.025392	0.013562	0.017680	0.427176	0.329100	0.371779	5
1.02	0.433566	0.295238	0.351275	0.025843	0.013591	0.017813	0.427176	0.328804	0.371590	5
1.02	0.433566	0.295238	0.351275	0.025972	0.013591	0.017844	0.427176	0.328804	0.371590	5
1.02	0.433566	0.295238	0.351275	0.025972	0.013591	0.017844	0.427176	0.328804	0.371590	5
1.02	0.433566	0.295238	0.351275	0.025875	0.013591	0.017821	0.427176	0.328804	0.371590	5
1.02	0.437063	0.297619	0.354108	0.025809	0.013655	0.017860	0.430728	0.332356	0.375202	5
1.02	0.442308	0.301190	0.358357	0.025820	0.013751	0.017945	0.436057	0.337685	0.380618	5
1.02	0.443281	0.302381	0.359519	0.026131	0.013891	0.018139	0.436057	0.340645	0.382491	5
1.02	0.448517	0.305952	0.363765	0.026064	0.013942	0.018167	0.441385	0.345086	0.387340	5
1.02	0.456294	0.310714	0.369688	0.024991	0.014024	0.017966	0.452931	0.354263	0.397566	6
1.01	0.463972	0.314286	0.374734	0.024595	0.014073	0.017902	0.461812	0.361664	0.405648	5
1.01	0.461404	0.313095	0.373050	0.024049	0.014025	0.017718	0.460036	0.359888	0.403845	5

Mon Sep  6 07:04:15 2021
63.12	0.014892	0.585670	0.029046	0.011039	0.115550	0.020152	0.014705	0.555333	0.028651	127
56.58	0.014347	0.544048	0.027956	0.011030	0.189090	0.020844	0.014224	0.521847	0.027694	128
50.21	0.014647	0.492857	0.028448	0.010698	0.166322	0.020104	0.014457	0.478034	0.028066	127
44.30	0.015077	0.447619	0.029171	0.010721	0.150556	0.020017	0.014842	0.435110	0.028705	124
38.79	0.015293	0.397619	0.029453	0.011112	0.134774	0.020531	0.014909	0.384133	0.028704	124
33.73	0.015322	0.346429	0.029347	0.011096	0.109111	0.020143	0.014865	0.334103	0.028464	122
29.11	0.015070	0.294048	0.028671	0.011523	0.092471	0.020493	0.014520	0.288218	0.027647	120
24.95	0.015732	0.263095	0.029688	0.012485	0.071934	0.021277	0.015161	0.259355	0.028647	118
21.23	0.016817	0.239286	0.031426	0.014271	0.067198	0.023542	0.016074	0.237744	0.030112	115
17.90	0.016872	0.202381	0.031147	0.015355	0.052912	0.023802	0.016071	0.204589	0.029801	108
14.91	0.016802	0.167857	0.030546	0.011623	0.038361	0.017841	0.016119	0.173446	0.029497	100
12.08	0.017208	0.139286	0.030632	0.012528	0.033794	0.018279	0.016287	0.149023	0.029364	91
9.72	0.017002	0.110714	0.029477	0.012539	0.027108	0.017147	0.015805	0.119657	0.027922	79
7.71	0.016359	0.084524	0.027413	0.014014	0.019293	0.016235	0.015265	0.093310	0.026237	65
5.99	0.017799	0.071429	0.028497	0.012053	0.016487	0.013926	0.016004	0.080521	0.026702	58
4.45	0.019154	0.057143	0.028691	0.013498	0.011596	0.012475	0.018206	0.063647	0.028313	55
3.28	0.021104	0.046429	0.029018	0.012534	0.008732	0.010293	0.020752	0.052102	0.029682	52
2.37	0.019447	0.030952	0.023886	0.010063	0.004728	0.006434	0.017377	0.036412	0.023527	47
1.82	0.020448	0.025000	0.022496	0.008984	0.001390	0.002408	0.019982	0.027531	0.023157	42
1.45	0.025735	0.025000	0.025362	0.009439	0.001390	0.002423	0.020426	0.027531	0.023452	39
1.21	0.027818	0.022619	0.024951	0.010365	0.001221	0.002185	0.021906	0.025755	0.023675	36
1.11	0.030351	0.022619	0.025921	0.010592	0.001146	0.002067	0.025755	0.025755	0.025755	35
1.06	0.050251	0.035714	0.041754	0.011555	0.001883	0.003239	0.047957	0.038780	0.042883	35
1.03	0.064014	0.044048	0.052186	0.012520	0.002183	0.003718	0.062167	0.048253	0.054334	33
1.00	0.086879	0.058333	0.069801	0.012057	0.002746	0.004473	0.087034	0.064387	0.074017	32
1.00	0.117229	0.078571	0.094084	0.011342	0.003497	0.005346	0.117229	0.090142	0.101917	31
1.00	0.159858	0.107143	0.128297	0.012177	0.004669	0.006750	0.159858	0.125370	0.140529	30
1.00	0.182948	0.122619	0.146828	0.012307	0.005369	0.007476	0.182948	0.142599	0.160273	27
1.00	0.223801	0.150000	0.179615	0.012940	0.006448	0.008607	0.223801	0.172499	0.194829	24
1.00	0.253996	0.170238	0.203849	0.013232	0.007336	0.009439	0.253996	0.194405	0.220241	24
1.00	0.287744	0.192857	0.230934	0.013319	0.008508	0.010383	0.287744	0.215719	0.246580	21
1.00	0.316163	0.211905	0.253742	0.013787	0.009540	0.011277	0.316163	0.234962	0.269580	20
1.00	0.325044	0.217857	0.260870	0.013602	0.009907	0.011464	0.325044	0.239994	0.276118	18
1.00	0.326821	0.219048	0.262295	0.013044	0.010160	0.011423	0.326821	0.238218	0.275572	16
1.00	0.319716	0.214286	0.256593	0.010181	0.010014	0.010096	0.319716	0.231705	0.268687	13
1.00	0.317940	0.213095	0.255168	0.010205	0.010160	0.010182	0.317940	0.227561	0.265263	8
1.00	0.317940	0.213095	0.255168	0.010417	0.010160	0.010287	0.317940	0.227561	0.265263	8
1.00	0.317940	0.213095	0.255168	0.010413	0.010160	0.010285	0.317940	0.227561	0.265263	8
1.00	0.323268	0.216667	0.259444	0.011469	0.010271	0.010837	0.323268	0.232001	0.270134	6
1.00	0.330373	0.221429	0.265146	0.011591	0.010444	0.010988	0.330373	0.237330	0.276227	5
1.00	0.328597	0.220238	0.263721	0.011497	0.010368	0.010903	0.328597	0.236442	0.275004	5
1.00	0.323268	0.216667	0.259444	0.011545	0.010271	0.010871	0.323268	0.231113	0.269531	5
1.00	0.325044	0.217857	0.260870	0.011631	0.010304	0.010927	0.325044	0.233777	0.271958	5
1.00	0.326821	0.219048	0.262295	0.011633	0.010336	0.010946	0.326821	0.235554	0.273781	5
1.00	0.328597	0.220238	0.263721	0.011958	0.010383	0.011115	0.328597	0.236442	0.275004	4
1.00	0.326821	0.219048	0.262295	0.011536	0.010307	0.010887	0.326821	0.235554	0.273781	3
1.00	0.328597	0.220238	0.263721	0.011546	0.010339	0.010909	0.328597	0.237330	0.275604	3
1.00	0.330373	0.221429	0.265146	0.011555	0.010371	0.010931	0.330373	0.239106	0.277426	3
1.00	0.340426	0.228571	0.273504	0.011979	0.010578	0.011235	0.340142	0.248875	0.287438	3
1.00	0.345745	0.232143	0.277778	0.012157	0.010601	0.011326	0.345471	0.253316	0.292302	3
1.00	0.351064	0.235714	0.282051	0.012421	0.010713	0.011504	0.350799	0.258644	0.297754	3
1.00	0.365248	0.245238	0.293447	0.013062	0.011000	0.011943	0.365009	0.271078	0.311108	3
1.00	0.370567	0.248810	0.297721	0.013336	0.011083	0.012105	0.370337	0.274630	0.315383	3
1.00	0.374113	0.251190	0.300570	0.013470	0.011118	0.012181	0.373890	0.276406	0.317841	3
1.00	0.374113	0.251190	0.300570	0.013470	0.011118	0.012181	0.373890	0.277294	0.318428	3
1.00	0.374113	0.251190	0.300570	0.013608	0.011089	0.012220	0.373890	0.277294	0.318428	3
1.00	0.370567	0.248810	0.297721	0.013415	0.011025	0.012103	0.370337	0.275814	0.316162	3
1.00	0.368794	0.247619	0.296296	0.013651	0.011053	0.012215	0.368561	0.275814	0.315513	3
1.00	0.361062	0.242857	0.290391	0.013585	0.010954	0.012128	0.359680	0.268709	0.307610	3
1.00	0.357522	0.240476	0.287544	0.013623	0.010890	0.012104	0.356128	0.266045	0.304565	3
1.01	0.359155	0.242857	0.289773	0.013956	0.010985	0.012294	0.356128	0.267525	0.305533	3
1.01	0.356766	0.241667	0.288148	0.013958	0.010966	0.012283	0.353464	0.264565	0.302620	3
1.01	0.358524	0.242857	0.289567	0.013969	0.010998	0.012307	0.354352	0.264269	0.302751	3
1.01	0.358524	0.242857	0.289567	0.013603	0.011012	0.012171	0.354352	0.262493	0.301582	3
1.01	0.358524	0.242857	0.289567	0.013355	0.010996	0.012061	0.355240	0.263677	0.302685	3
1.01	0.359788	0.242857	0.289979	0.012721	0.010920	0.011752	0.357904	0.265749	0.305018	3
1.01	0.359155	0.242857	0.289773	0.012601	0.010831	0.011649	0.357016	0.265749	0.304695	3
1.01	0.360915	0.244048	0.291193	0.012314	0.010774	0.011492	0.358792	0.267525	0.306509	3
1.01	0.367491	0.247619	0.295875	0.012365	0.010870	0.011570	0.365897	0.271078	0.311430	3
1.01	0.369258	0.248810	0.297297	0.012380	0.010902	0.011594	0.367673	0.271966	0.312659	3
1.01	0.372792	0.251190	0.300142	0.012321	0.010966	0.011604	0.371226	0.275518	0.316290	3
1.01	0.372792	0.251190	0.300142	0.012321	0.010966	0.011604	0.371226	0.275518	0.316290	3
1.00	0.376991	0.253571	0.303203	0.012313	0.011030	0.011636	0.375666	0.277294	0.319070	3
1.01	0.383392	0.258333	0.308677	0.012534	0.011174	0.011815	0.380995	0.283215	0.324908	3
1.01	0.385563	0.260714	0.311080	0.012909	0.011225	0.012008	0.381883	0.284695	0.326204	3
1.01	0.385965	0.261905	0.312057	0.012703	0.011243	0.011929	0.380995	0.285583	0.326461	3
1.01	0.390543	0.265476	0.316088	0.020646	0.011663	0.014905	0.384843	0.289136	0.330194	4
1.02	0.399651	0.272619	0.324133	0.021435	0.011964	0.015357	0.393724	0.297128	0.338673	4
1.02	0.399651	0.272619	0.324133	0.021502	0.011980	0.015387	0.393724	0.297128	0.338673	4
1.02	0.400697	0.273810	0.325318	0.021471	0.012103	0.015480	0.394612	0.299793	0.340729	4
1.02	0.396522	0.271429	0.322262	0.021620	0.012055	0.015479	0.390172	0.297128	0.337352	4
1.03	0.404844	0.278571	0.330042	0.021810	0.012327	0.015751	0.398165	0.306898	0.346624	4
1.03	0.407599	0.280952	0.332629	0.021969	0.012454	0.015896	0.399941	0.308674	0.348430	5
1.03	0.413495	0.284524	0.337094	0.022309	0.012657	0.016151	0.406157	0.312581	0.353278	5
1.03	0.416955	0.286905	0.339915	0.022655	0.012859	0.016406	0.409710	0.312877	0.354805	5
1.03	0.416955	0.286905	0.339915	0.022528	0.012861	0.016374	0.409710	0.310509	0.353278	5
1.03	0.416955	0.286905	0.339915	0.022200	0.012832	0.016264	0.409710	0.311693	0.354043	5
1.03	0.425606	0.292857	0.346968	0.022304	0.013026	0.016447	0.418591	0.319390	0.362323	5
1.03	0.441176	0.303571	0.359661	0.022194	0.013321	0.016649	0.434577	0.333304	0.377262	5
1.03	0.449827	0.309524	0.366714	0.022113	0.013486	0.016754	0.443458	0.340113	0.384970	5
1.03	0.451557	0.310714	0.368124	0.021998	0.013475	0.016713	0.445234	0.341889	0.386777	5
1.03	0.451557	0.310714	0.368124	0.022114	0.013475	0.016746	0.445234	0.341889	0.386777	5
1.03	0.451557	0.310714	0.368124	0.022200	0.013489	0.016781	0.445234	0.342777	0.387345	5
1.03	0.451557	0.310714	0.368124	0.022853	0.013628	0.017074	0.445234	0.342777	0.387345	5
1.03	0.449827	0.309524	0.366714	0.023072	0.013623	0.017131	0.443458	0.341001	0.385538	5
1.03	0.448097	0.308333	0.365303	0.022407	0.013480	0.016833	0.441681	0.339224	0.383732	5
1.03	0.449827	0.309524	0.366714	0.022349	0.013512	0.016842	0.443458	0.341001	0.385538	5
1.03	0.446367	0.307143	0.363893	0.022345	0.013417	0.016767	0.439905	0.337448	0.381925	5
1.03	0.444637	0.305952	0.362482	0.022534	0.013456	0.016850	0.438129	0.334784	0.379547	5
1.03	0.430796	0.296429	0.351199	0.022470	0.013196	0.016627	0.423919	0.322647	0.366414	5
1.03	0.417962	0.288095	0.341085	0.022440	0.012909	0.016389	0.410598	0.314358	0.356090	5
1.03	0.409639	0.283333	0.334975	0.022586	0.012823	0.016359	0.401717	0.306365	0.347621	5
1.03	0.408935	0.283333	0.334740	0.022620	0.012868	0.016404	0.399941	0.306069	0.346764	5
1.04	0.400685	0.278571	0.328652	0.022793	0.012737	0.016342	0.391060	0.298964	0.338866	5
1.04	0.385274	0.267857	0.316011	0.022564	0.012371	0.015980	0.375074	0.286827	0.325068	4
1.04	0.380137	0.264286	0.311798	0.022471	0.012244	0.015851	0.369745	0.282386	0.320214	4
1.03	0.371134	0.257143	0.303797	0.022401	0.011989	0.015619	0.361753	0.273505	0.311499	4
1.04	0.382504	0.265476	0.313422	0.022443	0.012198	0.015805	0.373298	0.285050	0.323260	4
1.03	0.383162	0.265476	0.313643	0.029986	0.012723	0.017866	0.373298	0.288307	0.325343	5
1.03	0.386598	0.267857	0.316456	0.029889	0.012787	0.017911	0.376850	0.291859	0.328954	5
1.04	0.396226	0.275000	0.324666	0.029926	0.012982	0.018108	0.386619	0.299260	0.337376	5
1.03	0.400344	0.277381	0.327707	0.029846	0.013001	0.018112	0.391060	0.302812	0.341324	5
1.03	0.407917	0.282143	0.333568	0.029806	0.013129	0.018229	0.399053	0.309917	0.348882	5
1.03	0.411054	0.283333	0.335447	0.029828	0.013161	0.018264	0.402605	0.310805	0.350799	5
1.03	0.412781	0.284524	0.336857	0.029663	0.013177	0.018248	0.405269	0.313766	0.353695	5
1.03	0.413081	0.285714	0.337790	0.029711	0.013225	0.018303	0.404381	0.314358	0.353732	5
1.04	0.421233	0.292857	0.345506	0.029993	0.013511	0.018630	0.412374	0.322054	0.361661	5
1.04	0.423208	0.295238	0.347826	0.030211	0.013637	0.018792	0.414150	0.323535	0.363277	6
1.04	0.425894	0.297619	0.350385	0.030320	0.013764	0.018933	0.415927	0.324127	0.364333	6
1.04	0.430272	0.301190	0.354342	0.030457	0.013907	0.019095	0.420367	0.327679	0.368281	6
1.04	0.428571	0.300000	0.352941	0.030443	0.013875	0.019062	0.418591	0.325903	0.366477	6
1.05	0.426146	0.298810	0.351295	0.030425	0.013843	0.019028	0.415927	0.324127	0.364333	6
1.05	0.424448	0.297619	0.349895	0.030344	0.013842	0.019012	0.414150	0.320574	0.361403	6
1.04	0.428571	0.300000	0.352941	0.030471	0.013982	0.019168	0.418591	0.323831	0.365163	6
1.04	0.427350	0.297619	0.350877	0.030360	0.013873	0.019044	0.417703	0.322350	0.363884	6
1.04	0.430769	0.300000	0.353684	0.030395	0.014572	0.019700	0.420367	0.325015	0.366592	6
1.04	0.430769	0.300000	0.353684	0.030416	0.014588	0.019718	0.420367	0.325903	0.367156	6
1.04	0.435897	0.303571	0.357895	0.030500	0.014731	0.019866	0.425696	0.329159	0.371255	6
1.04	0.437393	0.303571	0.358398	0.030465	0.014733	0.019861	0.427472	0.328271	0.371361	7
1.03	0.448454	0.310714	0.367089	0.030534	0.014987	0.020106	0.439017	0.335968	0.380641	7
1.03	0.451890	0.313095	0.369902	0.030173	0.015009	0.020046	0.443458	0.340705	0.385349	7
1.03	0.457045	0.316667	0.374121	0.027596	0.015047	0.019475	0.448786	0.345145	0.390201	7
1.03	0.465636	0.322619	0.381153	0.027666	0.015270	0.019678	0.457667	0.354026	0.399230	7
1.03	0.465636	0.322619	0.381153	0.027572	0.015270	0.019655	0.457667	0.354026	0.399230	7
1.04	0.469983	0.326190	0.385102	0.027577	0.015381	0.019748	0.462108	0.357578	0.403178	7
1.04	0.469983	0.326190	0.385102	0.027577	0.015381	0.019748	0.462108	0.357578	0.403178	7
1.04	0.472603	0.328571	0.387640	0.027553	0.015477	0.019820	0.463884	0.359059	0.404795	7
1.04	0.470890	0.327381	0.386236	0.027528	0.015429	0.019775	0.462108	0.357282	0.402990	7
1.04	0.469178	0.326190	0.384831	0.027555	0.015426	0.019779	0.460332	0.356394	0.401749	7
1.04	0.469178	0.326190	0.384831	0.027541	0.015395	0.019750	0.460332	0.354618	0.400618	7
1.04	0.468268	0.325000	0.383696	0.027532	0.015347	0.019708	0.460332	0.353138	0.399672	7
1.04	0.468268	0.325000	0.383696	0.030242	0.015361	0.020373	0.460332	0.353138	0.399672	7
1.03	0.466437	0.322619	0.381422	0.030479	0.015265	0.020342	0.458555	0.351362	0.397865	7
1.03	0.468158	0.323810	0.382829	0.030282	0.015313	0.020340	0.460332	0.353138	0.399672	7
1.03	0.464716	0.321429	0.380014	0.030025	0.015131	0.020122	0.456779	0.349586	0.396057	7
1.03	0.465636	0.322619	0.381153	0.031349	0.015271	0.020537	0.458555	0.352250	0.398434	8
1.04	0.464837	0.322619	0.380885	0.031052	0.015226	0.020433	0.458555	0.353138	0.399001	8
1.03	0.472509	0.327381	0.386779	0.031174	0.015383	0.020601	0.466548	0.359355	0.405995	7
1.04	0.469983	0.326190	0.385102	0.030907	0.015336	0.020500	0.464772	0.357578	0.404189	7
1.04	0.468376	0.326190	0.384561	0.030814	0.015336	0.020479	0.464772	0.357578	0.404189	7
1.04	0.470085	0.327381	0.385965	0.030831	0.015368	0.020512	0.466548	0.359355	0.405995	7
1.04	0.475129	0.329762	0.389318	0.031446	0.015432	0.020703	0.470101	0.361131	0.408473	7
1.04	0.474315	0.329762	0.389045	0.030187	0.015277	0.020287	0.470101	0.362907	0.409607	7
1.04	0.465870	0.325000	0.382889	0.030037	0.015100	0.020097	0.462108	0.358467	0.403742	8
1.05	0.463497	0.325000	0.382085	0.030151	0.015173	0.020187	0.460332	0.358467	0.403063	8
1.05	0.456706	0.320238	0.376487	0.030113	0.015014	0.020037	0.453227	0.353138	0.396971	7
1.05	0.448393	0.315476	0.370370	0.030129	0.014897	0.019936	0.446122	0.347217	0.390504	7
1.05	0.448393	0.315476	0.370370	0.030124	0.014897	0.019935	0.445234	0.347217	0.390164	7
1.05	0.445946	0.314286	0.368715	0.030137	0.014865	0.019909	0.442570	0.345441	0.388019	7
1.05	0.446701	0.314286	0.368973	0.030137	0.014865	0.019909	0.442570	0.345441	0.388019	7
1.05	0.451613	0.316667	0.372288	0.030157	0.014991	0.020027	0.446122	0.346921	0.390317	7
1.05	0.455008	0.319048	0.375087	0.030191	0.015131	0.020159	0.449674	0.349586	0.393363	7
1.05	0.451014	0.317857	0.372905	0.030384	0.015794	0.020784	0.443458	0.343665	0.387235	7
1.05	0.445194	0.314286	0.368458	0.030475	0.015714	0.020735	0.437241	0.337448	0.380917	7
1.05	0.440135	0.310714	0.364271	0.030487	0.015617	0.020654	0.432800	0.333008	0.376402	7
1.06	0.435294	0.308333	0.360976	0.030396	0.015571	0.020593	0.426584	0.328567	0.371214	7
1.06	0.426174	0.302381	0.353760	0.030179	0.015458	0.020444	0.416815	0.318798	0.361276	7
1.06	0.437710	0.309524	0.362622	0.030236	0.015699	0.020668	0.428360	0.326791	0.370745	7
1.05	0.450253	0.317857	0.372645	0.030312	0.016002	0.020946	0.439905	0.337448	0.381925	7
1.06	0.457143	0.323810	0.379094	0.030299	0.016180	0.021095	0.448786	0.346329	0.390957	7
1.06	0.462185	0.327381	0.383275	0.030199	0.016868	0.021646	0.453227	0.350770	0.395470	7
1.06	0.467446	0.333333	0.389159	0.030321	0.017033	0.021812	0.461220	0.356986	0.402464	7
1.07	0.471667	0.336905	0.393056	0.030142	0.017071	0.021797	0.467436	0.362611	0.408405	7
1.06	0.480801	0.342857	0.400278	0.030183	0.017233	0.021940	0.475429	0.369716	0.415961	7
1.06	0.486622	0.346429	0.404729	0.030239	0.017329	0.022032	0.481646	0.375044	0.421713	7
1.06	0.491611	0.348810	0.408078	0.030481	0.017383	0.022140	0.486086	0.379485	0.426221	6
1.06	0.500000	0.353571	0.414226	0.030401	0.017527	0.022235	0.493191	0.385702	0.432873	6
1.05	0.497470	0.351190	0.411724	0.030400	0.016828	0.021664	0.493191	0.383925	0.431752	6
1.06	0.499160	0.353571	0.413937	0.030485	0.016937	0.021776	0.495856	0.386590	0.434458	6
1.05	0.497470	0.351190	0.411724	0.030339	0.016795	0.021621	0.494079	0.387478	0.434333	6
1.06	0.494949	0.350000	0.410042	0.029901	0.016623	0.021367	0.492303	0.386590	0.433089	6
1.06	0.491611	0.348810	0.408078	0.030224	0.016728	0.021537	0.488751	0.384813	0.430599	6
1.06	0.488294	0.347619	0.406120	0.030264	0.016710	0.021531	0.486975	0.383037	0.428797	6
1.06	0.489967	0.348810	0.407510	0.030504	0.016786	0.021656	0.489639	0.383925	0.430386	6
1.06	0.489149	0.348810	0.407227	0.030516	0.016786	0.021659	0.488751	0.383925	0.430042	6
1.06	0.484140	0.345238	0.403058	0.030419	0.016643	0.021515	0.483422	0.380373	0.425751	6
1.06	0.484140	0.345238	0.403058	0.030419	0.016643	0.021515	0.483422	0.380373	0.425751	6
1.06	0.488294	0.347619	0.406120	0.030490	0.016739	0.021612	0.487863	0.383037	0.429141	6
1.06	0.488294	0.347619	0.406120	0.030490	0.016739	0.021612	0.487863	0.383037	0.429141	6
1.06	0.491582	0.347619	0.407252	0.030610	0.016739	0.021642	0.488751	0.383037	0.429485	6
1.06	0.490756	0.347619	0.406969	0.026703	0.016739	0.020578	0.488159	0.383037	0.429256	6
1.06	0.490756	0.347619	0.406969	0.026670	0.016739	0.020568	0.488159	0.383037	0.429256	6
1.06	0.490756	0.347619	0.406969	0.026670	0.016739	0.020568	0.488159	0.383037	0.429256	6
1.06	0.489112	0.347619	0.406402	0.026601	0.016710	0.020526	0.487271	0.383037	0.428912	6
1.06	0.490787	0.348810	0.407794	0.026509	0.016773	0.020546	0.489047	0.384813	0.430714	6
1.06	0.495798	0.351190	0.411150	0.026729	0.016947	0.020743	0.493487	0.387478	0.434104	6
1.06	0.496644	0.352381	0.412256	0.026681	0.017026	0.020787	0.493487	0.386294	0.433360	6
1.06	0.493311	0.351190	0.410292	0.026529	0.016965	0.020696	0.489935	0.383629	0.430314	6
1.07	0.488372	0.350000	0.407767	0.026416	0.016965	0.020661	0.486382	0.380077	0.426708	6
1.07	0.481788	0.346429	0.403047	0.026467	0.016913	0.020638	0.480166	0.375636	0.421517	6
1.09	0.474632	0.345238	0.399724	0.026417	0.016926	0.020632	0.475725	0.374748	0.419242	7
1.09	0.471358	0.342857	0.396968	0.026424	0.016906	0.020620	0.472173	0.371196	0.415639	7
1.08	0.472039	0.341667	0.396409	0.026659	0.016858	0.020655	0.473949	0.370308	0.415767	7
1.08	0.472906	0.342857	0.397516	0.026792	0.016891	0.020719	0.475725	0.372084	0.417570	7
1.08	0.470492	0.341667	0.395862	0.026963	0.016993	0.020847	0.472173	0.371196	0.415639	7
1.09	0.464927	0.339286	0.392292	0.026948	0.016927	0.020793	0.467732	0.368532	0.412248	7
1.09	0.463295	0.338095	0.390915	0.027088	0.017032	0.020914	0.465956	0.367052	0.410632	7
1.09	0.459283	0.335714	0.387895	0.027070	0.016995	0.020881	0.461516	0.363499	0.406685	7
1.09	0.460784	0.335714	0.388430	0.027009	0.016869	0.020767	0.464180	0.363203	0.407530	7
1.09	0.455139	0.332143	0.384033	0.026779	0.016586	0.020485	0.457963	0.358763	0.402338	7
1.09	0.454992	0.330952	0.383184	0.026614	0.016384	0.020282	0.457963	0.357874	0.401779	7
1.08	0.450820	0.327381	0.379310	0.026599	0.016844	0.020627	0.452635	0.353434	0.396930	7
1.08	0.449180	0.326190	0.377931	0.026705	0.016855	0.020666	0.449082	0.352546	0.395001	8
1.09	0.441368	0.322619	0.372765	0.026561	0.016696	0.020504	0.441089	0.350178	0.390411	8
1.09	0.435065	0.319048	0.368132	0.026489	0.016569	0.020386	0.433097	0.344849	0.383968	8
1.10	0.423510	0.313095	0.360027	0.026367	0.016438	0.020251	0.419775	0.335968	0.373225	7

Mon Sep  6 07:42:03 2021
65.14	0.015888	0.644860	0.031011	0.010760	0.141688	0.020001	0.015920	0.657167	0.031086	122
59.05	0.015069	0.596429	0.029396	0.010507	0.193725	0.019932	0.015091	0.612848	0.029456	124
52.89	0.015616	0.553571	0.030375	0.011030	0.180902	0.020792	0.015707	0.575696	0.030580	124
47.06	0.015700	0.495238	0.030436	0.009937	0.165784	0.018750	0.015840	0.519242	0.030742	123
41.53	0.016039	0.446429	0.030966	0.009821	0.149979	0.018435	0.016177	0.477590	0.031294	122
36.20	0.015945	0.386905	0.030627	0.010039	0.131048	0.018649	0.015946	0.424896	0.030739	119
31.45	0.016268	0.342857	0.031061	0.010349	0.122208	0.019082	0.016258	0.377176	0.031172	116
27.15	0.016031	0.291667	0.030391	0.009929	0.108777	0.018197	0.015846	0.325074	0.030220	114
23.17	0.015642	0.242857	0.029391	0.009168	0.097655	0.016762	0.015434	0.269716	0.029198	107
19.31	0.016651	0.215476	0.030914	0.009611	0.088276	0.017334	0.016429	0.241533	0.030765	102
15.99	0.016667	0.178571	0.030488	0.006299	0.071336	0.011576	0.016170	0.197957	0.029897	92
13.06	0.018221	0.159524	0.032707	0.006576	0.064893	0.011942	0.017469	0.177531	0.031808	82
10.63	0.019709	0.140476	0.034569	0.006655	0.050702	0.011766	0.019004	0.156809	0.033899	76
8.44	0.022306	0.126190	0.037911	0.007643	0.041796	0.012923	0.021693	0.138159	0.037498	71
6.53	0.025836	0.113095	0.042063	0.008763	0.039180	0.014323	0.025375	0.124837	0.042177	66
5.01	0.028034	0.094048	0.043193	0.009366	0.024423	0.013539	0.026345	0.105003	0.042122	62
3.75	0.027501	0.069048	0.039335	0.010116	0.020237	0.013489	0.026933	0.074808	0.039607	54
2.78	0.030691	0.057143	0.039933	0.009088	0.013428	0.010839	0.033784	0.060894	0.043458	47
2.12	0.039363	0.055952	0.046214	0.009151	0.012742	0.010652	0.044523	0.059118	0.050793	39
1.66	0.042872	0.047619	0.045121	0.008921	0.009595	0.009246	0.048549	0.049290	0.048917	34
1.37	0.053247	0.048810	0.050932	0.009217	0.009627	0.009417	0.058467	0.051066	0.054516	26
1.19	0.059701	0.047619	0.052980	0.009186	0.007827	0.008452	0.063647	0.050178	0.056115	24
1.08	0.075534	0.054762	0.063492	0.008948	0.008197	0.008556	0.075192	0.056394	0.064451	25
1.03	0.088083	0.060714	0.071882	0.008896	0.009066	0.008980	0.087034	0.061723	0.072225	24
1.01	0.091711	0.061905	0.073916	0.008219	0.008038	0.008127	0.091474	0.061723	0.073710	23
1.00	0.104425	0.070238	0.083986	0.008055	0.008000	0.008027	0.103908	0.067348	0.081725	23
1.00	0.133215	0.089286	0.106914	0.008472	0.009225	0.008833	0.133215	0.080669	0.100487	23
1.00	0.149201	0.100000	0.119743	0.008493	0.009914	0.009149	0.149201	0.088958	0.111460	22
1.00	0.165186	0.110714	0.132573	0.008564	0.010604	0.009475	0.165186	0.096951	0.122188	19
1.00	0.174067	0.116667	0.139701	0.008289	0.011076	0.009482	0.174067	0.101391	0.128142	17
1.00	0.184725	0.123810	0.148254	0.008125	0.009793	0.008881	0.184725	0.105299	0.134136	15
1.00	0.188277	0.126190	0.151105	0.008209	0.009990	0.009012	0.188277	0.106779	0.136273	11
1.00	0.191829	0.128571	0.153956	0.007375	0.007737	0.007551	0.191829	0.109147	0.139132	11
1.00	0.193606	0.129762	0.155381	0.007216	0.007858	0.007523	0.193606	0.109740	0.140079	10
1.00	0.186501	0.125000	0.149679	0.006141	0.007775	0.006862	0.186501	0.102339	0.132158	8
1.00	0.190053	0.127381	0.152530	0.005712	0.007928	0.006640	0.190053	0.105891	0.136005	7
1.00	0.190053	0.127381	0.152530	0.006122	0.007928	0.006909	0.190053	0.105891	0.136005	4
1.00	0.190053	0.127381	0.152530	0.006638	0.007928	0.007226	0.190053	0.105891	0.136005	4
1.00	0.191489	0.128571	0.153846	0.006898	0.007960	0.007391	0.190941	0.107667	0.137693	4
1.00	0.191489	0.128571	0.153846	0.006896	0.007960	0.007390	0.190941	0.107667	0.137693	3
1.00	0.191489	0.128571	0.153846	0.006896	0.007960	0.007390	0.190941	0.107667	0.137693	3
1.00	0.193262	0.129762	0.155271	0.007515	0.008037	0.007767	0.192718	0.108555	0.138881	3
1.00	0.193262	0.129762	0.155271	0.008272	0.008037	0.008152	0.192718	0.108555	0.138881	3
1.00	0.195035	0.130952	0.156695	0.008383	0.008069	0.008223	0.194494	0.109443	0.140069	3
1.00	0.196809	0.132143	0.158120	0.008472	0.008101	0.008282	0.196270	0.111220	0.141983	3
1.00	0.196809	0.132143	0.158120	0.008472	0.008101	0.008282	0.196270	0.111220	0.141983	3
1.00	0.200355	0.134524	0.160969	0.008608	0.008165	0.008380	0.199822	0.114772	0.145801	3
1.00	0.205674	0.138095	0.165242	0.008746	0.008261	0.008496	0.205151	0.120101	0.151506	3
1.00	0.210619	0.141667	0.169395	0.008838	0.008357	0.008591	0.209591	0.125429	0.156939	3
1.00	0.219858	0.147619	0.176638	0.008640	0.008517	0.008578	0.219361	0.133422	0.165924	3
1.00	0.223404	0.150000	0.179487	0.008213	0.008536	0.008371	0.222913	0.137863	0.170363	3
1.00	0.226950	0.152381	0.182336	0.008288	0.008600	0.008441	0.226465	0.140527	0.173434	3
1.00	0.228723	0.153571	0.183761	0.008322	0.008632	0.008474	0.228242	0.142303	0.175307	3
1.00	0.230089	0.154762	0.185053	0.008352	0.008664	0.008505	0.229130	0.144079	0.176913	3
1.01	0.234568	0.158333	0.189055	0.008433	0.008760	0.008594	0.232682	0.149408	0.181970	3
1.01	0.238516	0.160714	0.192034	0.008311	0.008825	0.008560	0.237123	0.152960	0.185962	3
1.01	0.254417	0.171429	0.204836	0.008251	0.009113	0.008660	0.253108	0.168946	0.202636	3
1.00	0.260638	0.175000	0.209402	0.007878	0.009164	0.008472	0.260213	0.175163	0.209381	3
1.00	0.265957	0.178571	0.213675	0.007860	0.009260	0.008503	0.265542	0.178715	0.213644	3
1.00	0.265957	0.178571	0.213675	0.007490	0.009260	0.008282	0.265542	0.178715	0.213644	3
1.00	0.271758	0.182143	0.218104	0.007010	0.009312	0.007999	0.271758	0.183156	0.218829	4
1.00	0.277087	0.185714	0.222381	0.007045	0.009408	0.008057	0.277087	0.188484	0.224355	4
1.00	0.278863	0.186905	0.223806	0.009675	0.009411	0.009541	0.278863	0.190260	0.226195	4
1.00	0.284192	0.190476	0.228083	0.011019	0.009538	0.010225	0.284192	0.194701	0.231085	4
1.00	0.291297	0.195238	0.233785	0.010637	0.009653	0.010121	0.291297	0.200918	0.237810	4
1.00	0.303730	0.203571	0.243763	0.010509	0.009893	0.010192	0.303730	0.212463	0.250028	4
1.00	0.317940	0.213095	0.255168	0.011408	0.010167	0.010751	0.317940	0.225784	0.264052	4
1.00	0.326821	0.219048	0.262295	0.012114	0.010316	0.011143	0.326821	0.234665	0.273180	4
1.00	0.328597	0.220238	0.263721	0.011703	0.010321	0.010969	0.328597	0.234665	0.273799	4
1.00	0.333925	0.223810	0.267997	0.011777	0.010433	0.011064	0.333925	0.239994	0.279273	4
1.00	0.341030	0.228571	0.273699	0.012055	0.010652	0.011310	0.341030	0.245915	0.285766	4
1.00	0.353464	0.236905	0.283678	0.012335	0.010910	0.011579	0.353464	0.253612	0.295326	4
1.00	0.367673	0.246429	0.295082	0.012878	0.011275	0.012024	0.367673	0.264624	0.307751	4
1.00	0.367673	0.246429	0.295082	0.012504	0.011262	0.011851	0.367673	0.262552	0.306345	4
1.00	0.373002	0.250000	0.299359	0.012872	0.011434	0.012110	0.373002	0.265512	0.310209	4
1.00	0.374778	0.251190	0.300784	0.013135	0.011497	0.012262	0.374778	0.266400	0.311430	4
1.00	0.376554	0.252381	0.302210	0.013507	0.011576	0.012467	0.376554	0.269065	0.313861	4
1.00	0.378330	0.253571	0.303635	0.013551	0.011624	0.012513	0.378330	0.270841	0.315686	4
1.00	0.374778	0.251190	0.300784	0.013638	0.011544	0.012504	0.374778	0.267288	0.312036	4
1.00	0.373002	0.250000	0.299359	0.013620	0.011512	0.012477	0.373002	0.265512	0.310209	4
1.00	0.378330	0.253571	0.303635	0.013944	0.011728	0.012741	0.378330	0.270841	0.315686	4
1.00	0.376554	0.252381	0.302210	0.013931	0.011696	0.012716	0.376554	0.269065	0.313861	4
1.00	0.378330	0.253571	0.303635	0.013947	0.011728	0.012742	0.378330	0.270841	0.315686	4
1.00	0.378330	0.253571	0.303635	0.013875	0.011728	0.012712	0.378330	0.270841	0.315686	4
1.00	0.378330	0.253571	0.303635	0.013797	0.011684	0.012653	0.378330	0.270841	0.315686	4
1.00	0.376554	0.252381	0.302210	0.013757	0.011636	0.012608	0.376554	0.269065	0.313861	4
1.00	0.374778	0.251190	0.300784	0.013714	0.011589	0.012562	0.374778	0.268176	0.312640	4
1.00	0.373002	0.250000	0.299359	0.013783	0.011557	0.012572	0.373002	0.266400	0.310815	4
1.00	0.369449	0.247619	0.296508	0.013719	0.011417	0.012462	0.369449	0.262848	0.307162	4
1.00	0.364121	0.244048	0.292231	0.013515	0.011274	0.012293	0.364121	0.257519	0.301680	4
1.00	0.357016	0.239286	0.286529	0.013336	0.011083	0.012106	0.357016	0.252191	0.295585	4
1.00	0.351687	0.235714	0.282252	0.012989	0.010893	0.011849	0.351687	0.248046	0.290912	4
1.00	0.342806	0.229762	0.275125	0.012513	0.010655	0.011509	0.342806	0.242422	0.284004	4
1.00	0.329787	0.221429	0.264957	0.012316	0.010503	0.011338	0.328597	0.234369	0.273597	4
1.00	0.320922	0.215476	0.257835	0.011709	0.010265	0.010940	0.319716	0.227265	0.265677	4
1.00	0.317376	0.213095	0.254986	0.011703	0.010154	0.010874	0.316163	0.225784	0.263438	4
1.00	0.315603	0.211905	0.253561	0.011765	0.010076	0.010855	0.314387	0.224304	0.261814	4
1.00	0.317376	0.213095	0.254986	0.011876	0.010181	0.010964	0.316163	0.224896	0.262832	4
1.00	0.319149	0.214286	0.256410	0.013101	0.010213	0.011478	0.317940	0.226673	0.264659	4
1.00	0.313830	0.210714	0.252137	0.013069	0.010117	0.011405	0.312611	0.221344	0.259178	4
1.00	0.312057	0.209524	0.250712	0.013044	0.010085	0.011375	0.310835	0.219568	0.257349	4
1.00	0.315603	0.211905	0.253561	0.013094	0.010149	0.011435	0.314387	0.222232	0.260397	4
1.00	0.317376	0.213095	0.254986	0.013119	0.010181	0.011465	0.316163	0.224008	0.262225	4
1.00	0.317376	0.213095	0.254986	0.013076	0.010181	0.011448	0.316163	0.224008	0.262225	4
1.00	0.315603	0.211905	0.253561	0.013094	0.010149	0.011435	0.314387	0.222232	0.260397	4
1.00	0.315603	0.211905	0.253561	0.013229	0.010149	0.011486	0.314387	0.222232	0.260397	4
1.00	0.315603	0.211905	0.253561	0.012996	0.010120	0.011379	0.314387	0.222232	0.260397	4
1.00	0.319149	0.214286	0.256410	0.012724	0.010171	0.011305	0.317940	0.225784	0.264052	4
1.00	0.325664	0.219048	0.261922	0.013297	0.010317	0.011619	0.324156	0.230817	0.269637	4
1.00	0.327434	0.220238	0.263345	0.013251	0.010335	0.011613	0.325933	0.231705	0.270858	4
1.00	0.333333	0.223810	0.267806	0.011968	0.010326	0.011087	0.333037	0.234962	0.275532	4
1.01	0.356890	0.240476	0.287340	0.012957	0.010993	0.011894	0.356128	0.252191	0.295280	4
1.01	0.368607	0.248810	0.297086	0.013340	0.011326	0.012251	0.366785	0.260480	0.304624	4
1.01	0.375000	0.253571	0.302557	0.021319	0.012104	0.015441	0.372114	0.265808	0.310103	5
1.01	0.379613	0.257143	0.306600	0.021379	0.012247	0.015573	0.375666	0.268176	0.312949	5
1.01	0.385289	0.261905	0.311836	0.021513	0.012409	0.015739	0.380107	0.273209	0.317912	5
1.02	0.384615	0.261905	0.311615	0.021448	0.012409	0.015722	0.379218	0.273209	0.317601	5
1.02	0.389180	0.265476	0.315640	0.021401	0.012552	0.015823	0.382771	0.277057	0.321446	5
1.02	0.388889	0.266667	0.316384	0.021474	0.013218	0.016364	0.380995	0.277946	0.321412	5
1.02	0.391681	0.269048	0.318984	0.024263	0.013482	0.017333	0.382771	0.280610	0.323824	5
1.02	0.394783	0.270238	0.320848	0.021710	0.013361	0.016542	0.387211	0.282386	0.326594	5
1.02	0.396522	0.271429	0.322262	0.021680	0.013409	0.016570	0.388988	0.283274	0.327819	5
1.02	0.405217	0.277381	0.329329	0.021812	0.013616	0.016766	0.397869	0.290379	0.335730	5
1.02	0.406957	0.278571	0.330742	0.021719	0.013664	0.016774	0.399645	0.291267	0.336956	5
1.02	0.407986	0.279762	0.331921	0.021562	0.013667	0.016730	0.400533	0.292155	0.337866	5
1.02	0.413194	0.283333	0.336158	0.021702	0.013794	0.016867	0.405861	0.295411	0.341939	5
1.02	0.420139	0.288095	0.341808	0.021713	0.013922	0.016966	0.412966	0.303700	0.350004	5
1.02	0.423345	0.289286	0.343706	0.021503	0.013878	0.016869	0.416519	0.303700	0.351273	5
1.02	0.433798	0.296429	0.352192	0.021560	0.014055	0.017017	0.427176	0.314358	0.362185	5
1.02	0.436300	0.297619	0.353857	0.021484	0.014040	0.016982	0.429840	0.317910	0.365498	5
1.02	0.442308	0.301190	0.358357	0.021423	0.014601	0.017366	0.436057	0.326199	0.373211	5
1.01	0.439580	0.298810	0.355776	0.021331	0.014490	0.017257	0.434281	0.324719	0.371592	5
1.01	0.429072	0.291667	0.347271	0.023774	0.014386	0.017925	0.423623	0.315838	0.361875	5
1.01	0.413310	0.280952	0.334515	0.023305	0.013973	0.017471	0.407638	0.305417	0.349201	5
1.01	0.407018	0.276190	0.329078	0.022593	0.013827	0.017155	0.401421	0.299201	0.342854	5
1.01	0.401754	0.272619	0.324823	0.023400	0.013837	0.017390	0.395204	0.295944	0.338447	5
1.01	0.395431	0.267857	0.319375	0.022959	0.013646	0.017118	0.389876	0.291800	0.333782	5
1.01	0.385563	0.260714	0.311080	0.022055	0.013407	0.016677	0.380107	0.283807	0.324973	5
1.01	0.383803	0.259524	0.309659	0.022051	0.013360	0.016639	0.378330	0.282031	0.323159	5
1.01	0.378521	0.255952	0.305398	0.021565	0.013232	0.016401	0.373002	0.277886	0.318494	5
1.01	0.376098	0.254762	0.303762	0.021922	0.013819	0.016952	0.369449	0.275222	0.315449	5
1.01	0.374341	0.253571	0.302342	0.021748	0.013772	0.016864	0.367673	0.274630	0.314413	5
1.01	0.377856	0.255952	0.305181	0.021912	0.013851	0.016973	0.371226	0.276998	0.317263	5
1.01	0.383128	0.259524	0.309439	0.021971	0.013947	0.017063	0.376554	0.282327	0.322703	5
1.01	0.381371	0.258333	0.308020	0.021585	0.013915	0.016921	0.374778	0.280551	0.320890	5
1.01	0.376098	0.254762	0.303762	0.021524	0.013819	0.016832	0.369449	0.275222	0.315449	5
1.01	0.379613	0.257143	0.306600	0.021796	0.013943	0.017007	0.373002	0.277590	0.318300	5
1.01	0.376098	0.254762	0.303762	0.021546	0.013879	0.016883	0.369449	0.274038	0.314670	5
1.01	0.372583	0.252381	0.300923	0.021577	0.013815	0.016845	0.365897	0.270485	0.311039	6
1.01	0.363796	0.246429	0.293825	0.021981	0.013715	0.016891	0.357016	0.260716	0.301360	6
1.01	0.358524	0.242857	0.289567	0.021935	0.013651	0.016829	0.351687	0.257164	0.297088	6
1.01	0.358524	0.242857	0.289567	0.022071	0.013698	0.016904	0.351687	0.256276	0.296495	6
1.01	0.368421	0.250000	0.297872	0.021046	0.013983	0.016803	0.361456	0.262256	0.303967	6
1.01	0.371930	0.252381	0.300709	0.021224	0.014079	0.016928	0.365009	0.264624	0.306814	6
1.01	0.373684	0.253571	0.302128	0.021141	0.014126	0.016936	0.366785	0.265512	0.308038	6
1.01	0.375439	0.254762	0.303546	0.021579	0.014265	0.017176	0.368561	0.265512	0.308663	6
1.02	0.381119	0.259524	0.308782	0.022571	0.014529	0.017679	0.373002	0.270249	0.313418	6
1.02	0.378709	0.258333	0.307148	0.021776	0.014497	0.017406	0.370337	0.268472	0.311283	6
1.02	0.378709	0.258333	0.307148	0.021776	0.014497	0.017406	0.370337	0.268472	0.311283	6
1.02	0.378709	0.258333	0.307148	0.021490	0.014497	0.017314	0.370337	0.268472	0.311283	6
1.02	0.380454	0.259524	0.308563	0.021121	0.014485	0.017184	0.372114	0.270249	0.313104	6
1.02	0.378709	0.258333	0.307148	0.020819	0.014364	0.016999	0.370337	0.268472	0.311283	6
1.02	0.385689	0.263095	0.312810	0.020688	0.014492	0.017044	0.377442	0.275577	0.318565	6
1.01	0.392294	0.266667	0.317505	0.022357	0.014572	0.017644	0.385435	0.281202	0.325170	6
1.01	0.397548	0.270238	0.321758	0.022250	0.014684	0.017692	0.390764	0.284754	0.329441	6
1.02	0.403846	0.275000	0.327195	0.022387	0.014770	0.017797	0.396092	0.290675	0.335293	6
1.02	0.408377	0.278571	0.331210	0.022382	0.014913	0.017899	0.400533	0.294227	0.339247	6
1.02	0.410122	0.279762	0.332626	0.022010	0.014913	0.017780	0.402309	0.295115	0.340474	6
1.01	0.409807	0.278571	0.331680	0.021935	0.013643	0.016823	0.404085	0.295115	0.341109	6
1.01	0.420315	0.285714	0.340184	0.021966	0.013869	0.017002	0.414742	0.303108	0.350245	6
1.01	0.430823	0.292857	0.348689	0.021999	0.014063	0.017158	0.425400	0.313173	0.360760	5
1.02	0.433566	0.295238	0.351275	0.021905	0.014114	0.017167	0.427176	0.316726	0.363751	5
1.02	0.439024	0.300000	0.356436	0.021978	0.014273	0.017307	0.432504	0.321758	0.369001	5
1.03	0.442907	0.304762	0.361072	0.022430	0.014769	0.017811	0.433393	0.325015	0.371460	5
1.04	0.440068	0.305952	0.360955	0.022748	0.015169	0.018201	0.428952	0.323239	0.368667	5
1.05	0.445008	0.313095	0.367575	0.023258	0.015942	0.018917	0.430728	0.330343	0.373915	5
1.06	0.454850	0.323810	0.378303	0.023919	0.017556	0.020249	0.436057	0.339224	0.381593	5
1.08	0.460396	0.332143	0.385892	0.024364	0.018363	0.020942	0.438425	0.346033	0.386788	5
1.09	0.459283	0.335714	0.387895	0.024350	0.019140	0.021433	0.435761	0.346921	0.386299	5
1.09	0.461039	0.338095	0.390110	0.024385	0.019236	0.021507	0.437833	0.350474	0.389313	5
1.09	0.466558	0.340476	0.393668	0.024805	0.019347	0.021738	0.442866	0.354026	0.393494	5
1.10	0.468395	0.344048	0.396706	0.024768	0.019258	0.021668	0.446714	0.356394	0.396475	5
1.08	0.465574	0.338095	0.391724	0.023979	0.018707	0.021017	0.448490	0.351954	0.394401	5
1.08	0.468647	0.338095	0.392808	0.024385	0.018707	0.021172	0.451155	0.352842	0.395987	5
1.06	0.455760	0.325000	0.379430	0.022578	0.017756	0.019879	0.439609	0.336856	0.381434	5
1.06	0.451505	0.321429	0.375522	0.022820	0.017505	0.019812	0.436057	0.333304	0.377819	5
1.06	0.448161	0.319048	0.372740	0.023472	0.017921	0.020324	0.432504	0.331528	0.375343	5
1.06	0.446488	0.317857	0.371349	0.024907	0.017867	0.020808	0.430728	0.329455	0.373346	5
1.06	0.441275	0.313095	0.366295	0.026289	0.018296	0.021576	0.424512	0.324127	0.367589	5
1.05	0.429054	0.302381	0.354749	0.025617	0.017927	0.021093	0.413854	0.315542	0.358072	5
1.05	0.423729	0.297619	0.349650	0.025634	0.017766	0.020987	0.408526	0.310213	0.352646	5
1.04	0.414676	0.289286	0.340813	0.025593	0.017448	0.020750	0.399645	0.300444	0.343016	5
