
Mon Sep  6 04:08:13 2021
64.36	0.009322	0.373832	0.018190	0.011955	0.098550	0.021323	0.009377	0.317833	0.018216	120
58.35	0.008280	0.323810	0.016148	0.010993	0.167482	0.020631	0.008369	0.272469	0.016238	122
52.33	0.008316	0.291667	0.016171	0.010735	0.155755	0.020086	0.008430	0.239905	0.016288	119
46.26	0.008639	0.267857	0.016739	0.010705	0.145208	0.019940	0.008838	0.215335	0.016980	119
40.65	0.009045	0.246429	0.017450	0.011636	0.123991	0.021275	0.009319	0.198905	0.017804	117
35.03	0.009582	0.225000	0.018382	0.011648	0.109942	0.021065	0.009979	0.180847	0.018914	116
29.92	0.009915	0.198810	0.018888	0.013394	0.087648	0.023237	0.010430	0.162789	0.019603	112
25.34	0.010863	0.184524	0.020519	0.014277	0.076399	0.024058	0.011598	0.152872	0.021560	109
21.19	0.011905	0.169048	0.022243	0.013905	0.066645	0.023009	0.012577	0.137478	0.023045	103
17.65	0.012682	0.150000	0.023387	0.008851	0.056899	0.015319	0.013409	0.119420	0.024111	99
14.56	0.014155	0.138095	0.025678	0.008993	0.052212	0.015344	0.014789	0.109591	0.026061	94
11.74	0.016195	0.127381	0.028736	0.010327	0.041013	0.016500	0.017249	0.101007	0.029467	84
9.44	0.019390	0.122619	0.033485	0.010320	0.039886	0.016397	0.020875	0.097750	0.034403	78
7.43	0.023200	0.115476	0.038638	0.010397	0.032922	0.015803	0.024884	0.092866	0.039251	73
5.70	0.027103	0.103571	0.042963	0.013087	0.022832	0.016637	0.028569	0.083393	0.042559	69
4.28	0.030303	0.086905	0.044937	0.006469	0.016469	0.009289	0.030037	0.070219	0.042076	61
3.18	0.036810	0.078571	0.050133	0.006557	0.014666	0.009063	0.032792	0.064594	0.043501	54
2.33	0.047292	0.073810	0.057648	0.013510	0.014360	0.013922	0.042777	0.059266	0.049689	48
1.83	0.054264	0.066667	0.059829	0.007083	0.009512	0.008120	0.048816	0.052753	0.050708	42
1.48	0.067066	0.066667	0.066866	0.011515	0.009512	0.010418	0.062522	0.053049	0.057397	40
1.23	0.079251	0.065476	0.071708	0.011825	0.009436	0.010496	0.073712	0.052457	0.061294	36
1.12	0.097134	0.072619	0.083106	0.012477	0.009895	0.011037	0.095915	0.058378	0.072580	33
1.07	0.117355	0.084524	0.098270	0.020581	0.010617	0.014008	0.115453	0.067555	0.085236	32
1.03	0.131261	0.090476	0.107118	0.012844	0.010984	0.011841	0.127886	0.071995	0.092127	27
1.01	0.149123	0.101190	0.120567	0.013673	0.011246	0.012341	0.147425	0.080580	0.104204	26
1.00	0.161062	0.108333	0.129537	0.009499	0.006792	0.007920	0.160746	0.086057	0.112100	25
1.00	0.168440	0.113095	0.135328	0.008299	0.007009	0.007599	0.167851	0.091978	0.118836	21
1.00	0.181172	0.121429	0.145403	0.008548	0.007456	0.007965	0.181172	0.102339	0.130795	18
1.00	0.188277	0.126190	0.151105	0.008688	0.007673	0.008149	0.188277	0.107667	0.136994	15
1.00	0.193606	0.129762	0.155381	0.008637	0.007903	0.008254	0.193606	0.110332	0.140561	12
1.00	0.198934	0.133333	0.159658	0.009325	0.008133	0.008688	0.198934	0.114772	0.145564	9
1.00	0.198934	0.133333	0.159658	0.008570	0.008133	0.008346	0.198934	0.114772	0.145564	3
1.00	0.204263	0.136905	0.163934	0.008719	0.008229	0.008467	0.204263	0.120101	0.151263	3
1.00	0.207815	0.139286	0.166785	0.008789	0.008293	0.008534	0.207815	0.123653	0.155049	3
1.00	0.213144	0.142857	0.171062	0.008869	0.008389	0.008622	0.213144	0.128982	0.160711	3
1.00	0.218472	0.146429	0.175339	0.008930	0.008485	0.008702	0.218472	0.133422	0.165669	2
1.00	0.218472	0.146429	0.175339	0.008930	0.008485	0.008702	0.218472	0.133422	0.165669	2
1.00	0.220249	0.147619	0.176764	0.008949	0.008517	0.008727	0.220249	0.135198	0.167548	2
1.00	0.220249	0.147619	0.176764	0.008949	0.008517	0.008727	0.220249	0.135198	0.167548	2
1.00	0.225577	0.151190	0.181041	0.008996	0.008613	0.008800	0.225577	0.139639	0.172497	2
1.00	0.232682	0.155952	0.186743	0.008806	0.008741	0.008774	0.232682	0.146744	0.179980	2
1.00	0.245115	0.164286	0.196721	0.008226	0.008965	0.008580	0.245115	0.159177	0.193013	2
1.00	0.253996	0.170238	0.203849	0.008101	0.009081	0.008563	0.253996	0.168946	0.202920	2
1.00	0.264654	0.177381	0.212402	0.008138	0.009273	0.008669	0.264654	0.177827	0.212722	2
1.00	0.271758	0.182143	0.218104	0.008035	0.009356	0.008646	0.271758	0.184932	0.220091	2
1.00	0.285968	0.191667	0.229508	0.008127	0.009568	0.008789	0.285968	0.199141	0.234785	2
1.00	0.304965	0.204762	0.245014	0.008177	0.009920	0.008964	0.304618	0.218680	0.254592	2
1.00	0.318584	0.214286	0.256228	0.007879	0.010087	0.008847	0.317940	0.232297	0.268453	2
1.00	0.324468	0.217857	0.260684	0.007730	0.010094	0.008755	0.324156	0.239698	0.275602	2
1.00	0.330973	0.222619	0.266192	0.007567	0.010222	0.008696	0.330373	0.246803	0.282538	2
1.00	0.335106	0.225000	0.269231	0.007362	0.010242	0.008566	0.334814	0.250355	0.286489	2
1.00	0.337478	0.226190	0.270848	0.007347	0.010274	0.008567	0.337478	0.252131	0.288628	2
1.00	0.333925	0.223810	0.267997	0.007091	0.010120	0.008339	0.333925	0.250651	0.286357	2
1.00	0.337478	0.226190	0.270848	0.007347	0.010274	0.008567	0.337478	0.252131	0.288628	2
1.00	0.339254	0.227381	0.272274	0.007443	0.010350	0.008659	0.339254	0.253908	0.290441	2
1.00	0.339254	0.227381	0.272274	0.015305	0.010381	0.012371	0.339254	0.252131	0.289275	3
1.00	0.341030	0.228571	0.273699	0.013908	0.010445	0.011930	0.341030	0.252131	0.289919	3
1.00	0.349291	0.234524	0.280627	0.014800	0.010683	0.012409	0.349023	0.259236	0.297503	4
1.01	0.354497	0.239286	0.285714	0.014792	0.010934	0.012574	0.352575	0.261605	0.300353	4
1.01	0.354386	0.240476	0.286525	0.014912	0.011062	0.012701	0.351687	0.258052	0.297680	4
1.01	0.354386	0.240476	0.286525	0.014205	0.011037	0.012422	0.351687	0.255684	0.296098	4
1.02	0.340314	0.232143	0.276008	0.014384	0.010978	0.012452	0.336590	0.238218	0.278986	4
1.02	0.333913	0.228571	0.271378	0.014100	0.010913	0.012304	0.329485	0.232001	0.272281	4
1.02	0.328125	0.225000	0.266949	0.013997	0.010833	0.012213	0.323268	0.226673	0.266487	4
1.02	0.329289	0.226190	0.268172	0.013875	0.010867	0.012188	0.324156	0.226673	0.266788	4
1.03	0.337370	0.232143	0.275035	0.014130	0.011076	0.012418	0.332149	0.231409	0.272775	4
1.03	0.342513	0.236905	0.280084	0.014035	0.011267	0.012499	0.336590	0.235850	0.277355	4
1.03	0.344234	0.238095	0.281492	0.013928	0.011314	0.012486	0.338366	0.236738	0.278572	4
1.03	0.347079	0.240476	0.284107	0.013999	0.011410	0.012573	0.341030	0.238218	0.280500	4
1.04	0.348199	0.241667	0.285313	0.013964	0.011457	0.012587	0.341918	0.239994	0.282030	4
1.04	0.351027	0.244048	0.287921	0.014013	0.011537	0.012655	0.344583	0.242658	0.284775	4
1.04	0.351629	0.244048	0.288124	0.014082	0.011492	0.012656	0.345471	0.242658	0.285078	4
1.03	0.350000	0.241667	0.285915	0.014089	0.011353	0.012574	0.345471	0.242066	0.284669	4
1.03	0.346552	0.239286	0.283099	0.014003	0.011271	0.012489	0.341030	0.240882	0.282338	4
1.02	0.336222	0.230952	0.273818	0.014087	0.010966	0.012332	0.331261	0.232889	0.273499	4
1.02	0.333333	0.228571	0.271186	0.014398	0.010958	0.012445	0.328597	0.230225	0.270752	4
1.02	0.331023	0.227381	0.269584	0.014635	0.010910	0.012501	0.325933	0.229337	0.269233	4
1.02	0.322917	0.221429	0.262712	0.014760	0.010672	0.012388	0.317940	0.223120	0.262221	4
1.02	0.320000	0.219048	0.260071	0.022810	0.010839	0.014695	0.315275	0.221048	0.259884	5
1.02	0.315331	0.215476	0.256011	0.022905	0.010725	0.014609	0.310835	0.217496	0.255920	5
1.02	0.317708	0.217857	0.258475	0.022812	0.010773	0.014635	0.312611	0.221048	0.258974	5
1.03	0.323529	0.222619	0.263752	0.022781	0.011121	0.014946	0.317940	0.227265	0.265062	5
1.03	0.323529	0.222619	0.263752	0.022703	0.011121	0.014929	0.317940	0.227265	0.265062	5
1.02	0.321181	0.220238	0.261299	0.022671	0.011057	0.014865	0.316163	0.223712	0.262022	5
1.02	0.321181	0.220238	0.261299	0.022212	0.010986	0.014701	0.316163	0.224896	0.262832	5
1.02	0.328696	0.225000	0.267138	0.022384	0.011163	0.014897	0.324156	0.229337	0.268625	5
1.02	0.331597	0.227381	0.269774	0.019932	0.011259	0.014389	0.326821	0.231113	0.270758	5
1.02	0.338542	0.232143	0.275424	0.019776	0.011402	0.014465	0.333925	0.236442	0.276853	5
1.02	0.344948	0.235714	0.280057	0.020531	0.011689	0.014897	0.341030	0.241178	0.282542	5
1.02	0.350785	0.239286	0.284501	0.020378	0.011712	0.014875	0.348135	0.247987	0.289649	5
1.02	0.368237	0.251190	0.298655	0.020499	0.012126	0.015238	0.365897	0.261308	0.304882	5
1.02	0.382199	0.260714	0.309979	0.022204	0.012369	0.015887	0.380107	0.275518	0.319470	5
1.02	0.393357	0.267857	0.318697	0.022145	0.012490	0.015971	0.391652	0.287359	0.331496	5
1.02	0.405594	0.276190	0.328612	0.021994	0.012716	0.016115	0.404085	0.298609	0.343431	5
1.01	0.416813	0.283333	0.337349	0.022120	0.012924	0.016315	0.415631	0.307490	0.353474	5
1.01	0.429072	0.291667	0.347271	0.022248	0.013163	0.016540	0.428064	0.319035	0.365594	5
1.01	0.444834	0.302381	0.360028	0.022367	0.013467	0.016812	0.444050	0.334133	0.381328	5
1.01	0.454386	0.308333	0.367376	0.022357	0.013643	0.016945	0.453819	0.343014	0.390712	5
1.01	0.463158	0.314286	0.374468	0.030166	0.015059	0.020089	0.461812	0.349230	0.397707	6
1.01	0.468421	0.317857	0.378723	0.030189	0.015186	0.020207	0.467140	0.352250	0.401640	7
1.01	0.466667	0.316667	0.377305	0.030127	0.015139	0.020151	0.465364	0.351362	0.400406	7
1.02	0.465035	0.316667	0.376771	0.030272	0.015168	0.020209	0.462700	0.351895	0.399761	7
1.02	0.450262	0.307143	0.365180	0.030239	0.014629	0.019719	0.447602	0.340349	0.386676	7
1.02	0.441536	0.301190	0.358103	0.030317	0.014435	0.019558	0.438721	0.333245	0.378777	7
1.02	0.427574	0.291667	0.346780	0.030794	0.014208	0.019445	0.424512	0.318739	0.364099	6
1.02	0.405217	0.277381	0.329329	0.030802	0.014412	0.019636	0.400533	0.299497	0.342723	6
1.02	0.395470	0.270238	0.321075	0.030695	0.014157	0.019377	0.390764	0.291504	0.333913	6
1.02	0.386482	0.265476	0.314749	0.030592	0.014661	0.019823	0.380107	0.284399	0.325361	6
1.04	0.384220	0.266667	0.314828	0.030610	0.015976	0.020995	0.373890	0.284103	0.322870	6
1.04	0.380137	0.264286	0.311798	0.030682	0.015928	0.020970	0.369449	0.279663	0.318346	6
1.04	0.375427	0.261905	0.308555	0.030480	0.015864	0.020867	0.364121	0.276110	0.314066	6
1.05	0.375635	0.264286	0.310273	0.030440	0.015844	0.020840	0.362345	0.276702	0.313785	6
1.05	0.379427	0.267857	0.314027	0.030565	0.016002	0.021007	0.365897	0.278182	0.316067	6
1.06	0.380872	0.270238	0.316156	0.030594	0.016142	0.021134	0.365897	0.278478	0.316258	6
1.06	0.375421	0.265476	0.311018	0.030644	0.016132	0.021137	0.359680	0.269005	0.307804	5
1.05	0.366554	0.258333	0.303073	0.030527	0.015924	0.020930	0.350799	0.259236	0.298146	5
1.05	0.367622	0.259524	0.304257	0.030615	0.015988	0.021006	0.350799	0.259236	0.298146	5
1.05	0.369309	0.260714	0.305652	0.030565	0.016035	0.021035	0.352575	0.259828	0.299179	6
1.06	0.370370	0.261905	0.306834	0.022782	0.015878	0.018714	0.353464	0.260716	0.300087	5
1.05	0.369932	0.260714	0.305866	0.022772	0.015802	0.018657	0.354352	0.259828	0.299816	5
1.05	0.372250	0.261905	0.307477	0.022364	0.015821	0.018532	0.357016	0.261901	0.302150	5
1.05	0.374576	0.263095	0.309091	0.022395	0.015824	0.018544	0.360568	0.263973	0.304801	5
1.05	0.380306	0.266667	0.313506	0.022334	0.015877	0.018560	0.367673	0.271670	0.312463	5
1.04	0.391823	0.273810	0.322355	0.022381	0.016103	0.018730	0.380995	0.280314	0.322990	5
1.04	0.395548	0.275000	0.324438	0.022332	0.016090	0.018704	0.386323	0.283274	0.326869	5
1.04	0.402397	0.279762	0.330056	0.022352	0.016208	0.018790	0.393428	0.287419	0.332170	5
1.04	0.402397	0.279762	0.330056	0.022352	0.016208	0.018790	0.393428	0.287419	0.332170	5
1.04	0.404110	0.280952	0.331461	0.022295	0.016240	0.018791	0.395204	0.289195	0.333989	5
1.03	0.400344	0.277381	0.327707	0.022127	0.014905	0.017812	0.393428	0.285642	0.330981	6
1.03	0.395869	0.273810	0.323716	0.022030	0.014146	0.017229	0.389876	0.282090	0.327338	7
1.03	0.396552	0.273810	0.323944	0.022052	0.013542	0.016780	0.391652	0.282090	0.327963	7
1.03	0.399654	0.275000	0.325811	0.022100	0.012955	0.016335	0.396092	0.284754	0.331320	7
1.02	0.398614	0.273810	0.324630	0.014292	0.012304	0.013224	0.396092	0.283866	0.330718	6
1.02	0.402080	0.276190	0.327452	0.014205	0.012400	0.013241	0.399645	0.286530	0.333764	6
1.02	0.402080	0.276190	0.327452	0.014276	0.012415	0.013281	0.399645	0.285642	0.333161	6
1.02	0.400347	0.275000	0.326041	0.014201	0.012383	0.013230	0.397869	0.283866	0.331335	6
1.03	0.400000	0.276190	0.326761	0.018107	0.013360	0.015375	0.396684	0.284754	0.331527	7
1.03	0.406196	0.280952	0.332160	0.017940	0.013519	0.015419	0.402013	0.290083	0.336997	7
1.03	0.409639	0.283333	0.334975	0.017757	0.013570	0.015384	0.405565	0.292747	0.340043	7
1.03	0.426117	0.295238	0.348805	0.017927	0.013952	0.015692	0.422439	0.306069	0.354960	8
1.04	0.429302	0.300000	0.353189	0.017865	0.014127	0.015778	0.424216	0.310805	0.358761	8
1.05	0.438031	0.307143	0.361092	0.017984	0.014351	0.015963	0.433097	0.319390	0.367652	8
1.05	0.457627	0.321429	0.377622	0.018022	0.014753	0.016224	0.453523	0.339816	0.388521	8
1.05	0.461800	0.323810	0.380686	0.017927	0.014817	0.016224	0.457963	0.343369	0.392472	8
1.05	0.466102	0.327381	0.384615	0.017857	0.014900	0.016245	0.462404	0.348105	0.397195	8
1.05	0.467005	0.328571	0.385744	0.017762	0.014947	0.016233	0.463292	0.349882	0.398678	8
1.06	0.464765	0.329762	0.385794	0.017696	0.014995	0.016234	0.460628	0.351658	0.398833	8
1.07	0.468333	0.334524	0.390278	0.025362	0.016980	0.020341	0.462108	0.356098	0.402236	8
1.08	0.460526	0.333333	0.386740	0.026655	0.019068	0.022232	0.450562	0.353434	0.396131	8
1.09	0.460912	0.336905	0.389271	0.026912	0.019828	0.022833	0.449674	0.356690	0.397821	9
1.09	0.461039	0.338095	0.390110	0.026947	0.019904	0.022896	0.449674	0.358467	0.398924	8
1.09	0.452922	0.332143	0.383242	0.026966	0.019697	0.022766	0.440793	0.350770	0.390662	8
1.10	0.445880	0.328571	0.378341	0.033516	0.019862	0.024943	0.431912	0.346625	0.384597	9
1.09	0.436688	0.320238	0.369505	0.033377	0.019560	0.024665	0.422143	0.335968	0.374158	9
1.09	0.439739	0.321429	0.371389	0.033450	0.019621	0.024734	0.425696	0.337744	0.376654	9
1.08	0.440984	0.320238	0.371034	0.032770	0.019441	0.024404	0.428952	0.338040	0.378108	9
1.08	0.442434	0.320238	0.371547	0.032252	0.019661	0.024430	0.430728	0.337152	0.378238	9
1.08	0.448845	0.323810	0.376210	0.032275	0.019773	0.024522	0.437833	0.342481	0.384331	9
1.07	0.450166	0.322619	0.375867	0.032284	0.019756	0.024512	0.439609	0.341593	0.384452	9
1.06	0.461409	0.327381	0.383008	0.032413	0.019900	0.024660	0.452043	0.348697	0.393701	10
1.06	0.468227	0.333333	0.389430	0.032271	0.020076	0.024753	0.460687	0.356690	0.402073	12
1.06	0.475712	0.338095	0.395268	0.032223	0.020190	0.024826	0.468680	0.362907	0.409067	12
1.06	0.482412	0.342857	0.400835	0.030255	0.020525	0.024458	0.475784	0.370308	0.416472	12
1.06	0.488294	0.347619	0.406120	0.030248	0.020640	0.024537	0.482534	0.376525	0.422988	12
1.06	0.501678	0.355952	0.416435	0.030467	0.020942	0.024822	0.496744	0.385406	0.434049	12
1.06	0.505017	0.359524	0.420028	0.030555	0.021085	0.024952	0.500000	0.388514	0.437263	12
1.06	0.510888	0.363095	0.424495	0.030636	0.020567	0.024611	0.507105	0.390882	0.441472	12
1.06	0.522538	0.372619	0.435024	0.029494	0.020315	0.024059	0.520722	0.401243	0.453241	12
1.07	0.533333	0.380952	0.444444	0.029611	0.020573	0.024278	0.531380	0.412789	0.464636	12
1.07	0.531561	0.380952	0.443828	0.030034	0.020161	0.024126	0.529899	0.412789	0.464070	12
1.07	0.526490	0.378571	0.440443	0.029853	0.019522	0.023607	0.524571	0.409236	0.459781	12
1.07	0.527273	0.379762	0.441522	0.029896	0.019585	0.023667	0.526347	0.408940	0.460275	12
1.07	0.525620	0.378571	0.440138	0.029929	0.019569	0.023665	0.524571	0.406276	0.457907	12

Mon Sep  6 04:37:28 2021
58.79	0.017860	0.654206	0.034771	0.010991	0.112330	0.020022	0.017993	0.670167	0.035044	124
52.12	0.017754	0.620238	0.034519	0.010284	0.143729	0.019195	0.017815	0.657312	0.034690	125
45.62	0.018843	0.576190	0.036492	0.010292	0.128522	0.019058	0.018902	0.617940	0.036682	122
39.19	0.020170	0.529762	0.038861	0.010498	0.113835	0.019224	0.020382	0.580787	0.039382	120
32.97	0.022302	0.492857	0.042674	0.010635	0.097624	0.019180	0.022705	0.549053	0.043606	118
27.27	0.024165	0.441667	0.045822	0.011278	0.088015	0.019994	0.024777	0.501095	0.047219	116
22.22	0.025739	0.383333	0.048240	0.012934	0.071464	0.021903	0.026672	0.441829	0.050307	113
17.75	0.027911	0.332143	0.051495	0.019164	0.061774	0.029253	0.029796	0.384843	0.055310	109
13.95	0.030820	0.288095	0.055683	0.019141	0.052002	0.027982	0.034218	0.336590	0.062121	103
10.88	0.034601	0.252381	0.060858	0.011246	0.039620	0.017519	0.040268	0.298697	0.070969	101
8.51	0.038839	0.221429	0.066086	0.014392	0.034368	0.020288	0.047085	0.263469	0.079892	90
6.52	0.044154	0.192857	0.071856	0.009701	0.027608	0.014357	0.055044	0.231202	0.088918	84
4.91	0.049602	0.163095	0.076069	0.009140	0.021032	0.012743	0.066141	0.203671	0.099855	79
3.72	0.055423	0.138095	0.079100	0.006933	0.009135	0.007883	0.072807	0.174660	0.102773	68
2.75	0.063995	0.117857	0.082949	0.006557	0.005739	0.006121	0.084566	0.153641	0.109089	60
1.97	0.085663	0.113095	0.097486	0.007296	0.004601	0.005643	0.111723	0.151865	0.128737	52
1.51	0.113074	0.114286	0.113677	0.008611	0.004520	0.005928	0.136619	0.150089	0.143038	45
1.23	0.136035	0.111905	0.122796	0.008901	0.004545	0.006017	0.145648	0.145352	0.145500	43
1.07	0.179700	0.128571	0.149896	0.010859	0.006013	0.007740	0.184429	0.160450	0.171606	41
1.03	0.200345	0.138095	0.163495	0.010337	0.006448	0.007942	0.201599	0.170219	0.184585	42
1.01	0.222807	0.151190	0.180142	0.009198	0.006448	0.007582	0.224689	0.184429	0.202578	40
1.01	0.238516	0.160714	0.192034	0.008944	0.007017	0.007864	0.239787	0.191830	0.213144	36
1.00	0.248668	0.166667	0.199572	0.007835	0.006691	0.007218	0.248668	0.198046	0.220489	33
1.00	0.266430	0.178571	0.213828	0.007698	0.007279	0.007482	0.266430	0.209592	0.234617	32
1.00	0.287744	0.192857	0.230934	0.007689	0.007886	0.007786	0.287744	0.225636	0.252934	30
1.00	0.307282	0.205952	0.246614	0.007557	0.008506	0.008003	0.307282	0.240734	0.269968	27
1.00	0.317940	0.213095	0.255168	0.007254	0.008842	0.007970	0.317940	0.247247	0.278172	23
1.00	0.316163	0.211905	0.253742	0.007288	0.008943	0.008031	0.316163	0.242806	0.274671	20
1.00	0.314387	0.210714	0.252316	0.007639	0.009268	0.008375	0.314387	0.236146	0.269707	15
1.00	0.321492	0.215476	0.258019	0.007987	0.009619	0.008728	0.321492	0.241474	0.275796	13
1.00	0.316163	0.211905	0.253742	0.008385	0.009612	0.008957	0.316163	0.234665	0.269385	12
1.00	0.309059	0.207143	0.248040	0.008461	0.009484	0.008943	0.309059	0.227561	0.262121	9
1.00	0.305506	0.204762	0.245189	0.009129	0.009509	0.009315	0.305506	0.221640	0.256902	7
1.00	0.303730	0.203571	0.243763	0.009833	0.009521	0.009675	0.303730	0.219864	0.255080	6
1.00	0.294849	0.197619	0.236636	0.011146	0.009406	0.010202	0.294849	0.210983	0.245963	4
1.00	0.284192	0.190476	0.228083	0.010997	0.009214	0.010027	0.284192	0.200326	0.235000	3
1.00	0.277087	0.185714	0.222381	0.011358	0.009175	0.010150	0.277087	0.192037	0.226852	3
1.00	0.273535	0.183333	0.219530	0.011495	0.009245	0.010248	0.273535	0.188484	0.223181	3
1.00	0.273535	0.183333	0.219530	0.011891	0.009334	0.010458	0.273535	0.188484	0.223181	3
1.00	0.273535	0.183333	0.219530	0.011891	0.009334	0.010458	0.273535	0.188484	0.223181	3
1.00	0.271758	0.182143	0.218104	0.011960	0.009302	0.010465	0.271758	0.186708	0.221344	3
1.00	0.277087	0.185714	0.222381	0.011934	0.009398	0.010515	0.277087	0.192037	0.226852	3
1.00	0.282416	0.189286	0.226657	0.011917	0.009449	0.010541	0.282416	0.197365	0.232352	3
1.00	0.289520	0.194048	0.232359	0.011778	0.009488	0.010510	0.289520	0.203582	0.239062	3
1.00	0.294849	0.197619	0.236636	0.015092	0.009451	0.011623	0.294849	0.209207	0.244752	3
1.00	0.294849	0.197619	0.236636	0.015046	0.009406	0.011576	0.294849	0.209207	0.244752	3
1.00	0.300178	0.201190	0.240912	0.015114	0.009502	0.011668	0.300178	0.213647	0.249626	3
1.00	0.300178	0.201190	0.240912	0.015114	0.009502	0.011668	0.300178	0.213647	0.249626	3
1.00	0.303730	0.203571	0.243763	0.015157	0.009566	0.011729	0.303730	0.216311	0.252673	3
1.00	0.307282	0.205952	0.246614	0.014966	0.009630	0.011719	0.307282	0.219864	0.256325	3
1.00	0.305506	0.204762	0.245189	0.014861	0.009553	0.011630	0.305506	0.218088	0.254499	3
1.00	0.305506	0.204762	0.245189	0.014865	0.009553	0.011632	0.305506	0.218088	0.254499	4
1.00	0.307282	0.205952	0.246614	0.014809	0.009541	0.011605	0.307282	0.221048	0.257128	4
1.00	0.317940	0.213095	0.255168	0.014824	0.009733	0.011751	0.317940	0.230817	0.267462	4
1.00	0.317940	0.213095	0.255168	0.014786	0.009733	0.011739	0.317940	0.230817	0.267462	4
1.00	0.319716	0.214286	0.256593	0.014772	0.009765	0.011758	0.319716	0.232593	0.269283	4
1.00	0.325044	0.217857	0.260870	0.014836	0.009861	0.011847	0.325044	0.237034	0.274149	4
1.00	0.332149	0.222619	0.266572	0.014753	0.009900	0.011849	0.332149	0.245619	0.282404	4
1.00	0.341030	0.228571	0.273699	0.014791	0.010060	0.011975	0.341030	0.254500	0.291479	4
1.00	0.342806	0.229762	0.275125	0.017287	0.010063	0.012721	0.342806	0.257460	0.294066	4
1.00	0.357016	0.239286	0.286529	0.017257	0.010230	0.012845	0.357016	0.272558	0.309122	4
1.00	0.364121	0.244048	0.292231	0.018594	0.010329	0.013281	0.364121	0.279663	0.316352	4
1.00	0.365897	0.245238	0.293656	0.018636	0.010361	0.013318	0.365897	0.281439	0.318158	4
1.00	0.351687	0.235714	0.282252	0.018562	0.010150	0.013124	0.351687	0.266045	0.302929	4
1.00	0.341030	0.228571	0.273699	0.018744	0.010076	0.013106	0.341030	0.253612	0.290895	4
1.00	0.333925	0.223810	0.267997	0.014995	0.010081	0.012057	0.333925	0.245027	0.282651	4
1.00	0.332149	0.222619	0.266572	0.015284	0.010183	0.012223	0.332149	0.242954	0.280635	4
1.00	0.325044	0.217857	0.260870	0.015249	0.010055	0.012119	0.325044	0.235850	0.273355	4
1.00	0.321492	0.215476	0.258019	0.015208	0.009991	0.012060	0.321492	0.232297	0.269712	4
1.00	0.317940	0.213095	0.255168	0.015167	0.009927	0.012000	0.317940	0.228745	0.266066	4
1.00	0.319149	0.214286	0.256410	0.019126	0.010048	0.013175	0.317940	0.229633	0.266666	4
1.00	0.313830	0.210714	0.252137	0.011225	0.009892	0.010516	0.312611	0.224304	0.261196	3
1.00	0.317376	0.213095	0.254986	0.011268	0.009956	0.010571	0.316163	0.227857	0.264843	3
1.00	0.317376	0.213095	0.254986	0.011268	0.009956	0.010571	0.316163	0.227857	0.264843	3
1.00	0.319149	0.214286	0.256410	0.011288	0.009988	0.010598	0.317940	0.229633	0.266666	3
1.00	0.320922	0.215476	0.257835	0.011265	0.010020	0.010606	0.319716	0.230521	0.267889	3
1.00	0.331560	0.222619	0.266382	0.011343	0.010212	0.010748	0.330373	0.240290	0.278221	3
1.00	0.338652	0.227381	0.272080	0.011339	0.010340	0.010817	0.337478	0.247395	0.285499	3
1.00	0.357016	0.239286	0.286529	0.011412	0.010527	0.010952	0.357016	0.266341	0.305084	3
1.00	0.365897	0.245238	0.293656	0.010065	0.010642	0.010346	0.365897	0.276110	0.314725	3
1.00	0.384752	0.258333	0.309117	0.027012	0.011753	0.016379	0.383659	0.295056	0.333574	5
1.00	0.391844	0.263095	0.314815	0.027026	0.011881	0.016506	0.390764	0.302161	0.340798	6
1.00	0.398936	0.267857	0.320513	0.026998	0.011875	0.016495	0.397869	0.311634	0.349511	6
1.00	0.400709	0.269048	0.321937	0.026232	0.011863	0.016337	0.399645	0.313410	0.351313	6
1.00	0.406028	0.272619	0.326211	0.026259	0.011959	0.016433	0.404973	0.318739	0.356718	6
1.00	0.417699	0.280952	0.335943	0.027073	0.012802	0.017384	0.415631	0.329396	0.367523	6
1.00	0.426549	0.286905	0.343060	0.027094	0.012917	0.017494	0.424512	0.336501	0.375417	6
1.00	0.430088	0.289286	0.345907	0.027125	0.012981	0.017559	0.428064	0.340053	0.379016	6
1.00	0.431858	0.290476	0.347331	0.027143	0.013058	0.017633	0.429840	0.341830	0.380816	6
1.00	0.430088	0.289286	0.345907	0.027170	0.013026	0.017609	0.428064	0.340053	0.379016	6
1.00	0.430088	0.289286	0.345907	0.027170	0.013026	0.017609	0.428064	0.340053	0.379016	6
1.00	0.424779	0.285714	0.341637	0.027228	0.013019	0.017615	0.422735	0.334429	0.373432	6
1.00	0.415929	0.279762	0.334520	0.027249	0.012859	0.017472	0.413854	0.325548	0.364428	6
1.00	0.410619	0.276190	0.330249	0.027289	0.012852	0.017474	0.408526	0.319923	0.358836	6
1.00	0.410619	0.276190	0.330249	0.027323	0.012897	0.017522	0.408526	0.318739	0.358090	6
1.00	0.405310	0.272619	0.325979	0.027323	0.012800	0.017434	0.403197	0.314298	0.353240	6
1.00	0.400000	0.269048	0.321708	0.027282	0.012704	0.017336	0.397869	0.308970	0.347829	6
1.00	0.398230	0.267857	0.320285	0.027276	0.012672	0.017305	0.396092	0.307194	0.346024	6
1.00	0.385841	0.259524	0.310320	0.027191	0.012493	0.017120	0.383659	0.293576	0.332626	6
1.00	0.380531	0.255952	0.306050	0.027141	0.012397	0.017020	0.378330	0.288247	0.327202	6
1.00	0.375221	0.252381	0.301779	0.027156	0.012301	0.016932	0.373002	0.282919	0.321774	6
1.00	0.368142	0.247619	0.296085	0.027122	0.012173	0.016804	0.365897	0.275814	0.314533	6
1.01	0.362191	0.244048	0.291607	0.027060	0.012121	0.016743	0.358792	0.269597	0.307865	6
1.01	0.355124	0.239286	0.285917	0.026988	0.011993	0.016607	0.351687	0.262493	0.300613	6
1.01	0.346290	0.233333	0.278805	0.026891	0.011833	0.016434	0.342806	0.254500	0.292125	6
1.01	0.340989	0.229762	0.274538	0.028167	0.011782	0.016614	0.337478	0.250947	0.287850	6
1.01	0.339223	0.228571	0.273115	0.028265	0.011750	0.016599	0.335702	0.249171	0.286035	6
1.01	0.337456	0.227381	0.271693	0.028366	0.011762	0.016629	0.333925	0.246507	0.283633	6
1.01	0.337456	0.227381	0.271693	0.028449	0.011762	0.016643	0.333925	0.246507	0.283633	5
1.01	0.337456	0.227381	0.271693	0.028449	0.011762	0.016643	0.333925	0.246507	0.283633	5
1.01	0.337456	0.227381	0.271693	0.027064	0.011762	0.016398	0.333925	0.246507	0.283633	5
1.01	0.337456	0.227381	0.271693	0.026939	0.011718	0.016332	0.333925	0.247395	0.284220	5
1.01	0.339223	0.228571	0.273115	0.026884	0.011750	0.016352	0.335702	0.249171	0.286035	6
1.01	0.344523	0.232143	0.277383	0.026908	0.011846	0.016450	0.341030	0.253612	0.290895	6
1.01	0.348057	0.234524	0.280228	0.026905	0.011910	0.016511	0.344583	0.256276	0.293940	6
1.01	0.355124	0.239286	0.285917	0.026985	0.012038	0.016649	0.351687	0.262493	0.300613	7
1.01	0.360424	0.242857	0.290185	0.027007	0.012089	0.016702	0.357016	0.267821	0.306052	8
1.01	0.362191	0.244048	0.291607	0.023127	0.012121	0.015906	0.358792	0.269597	0.307865	8
1.01	0.376325	0.253571	0.302987	0.023224	0.012377	0.016148	0.373002	0.282031	0.321199	6
1.01	0.378092	0.254762	0.304410	0.023177	0.012409	0.016164	0.374778	0.283807	0.323010	6
1.01	0.388693	0.261905	0.312945	0.023246	0.012601	0.016343	0.385435	0.293576	0.333292	6
1.01	0.403880	0.272619	0.325515	0.024104	0.013058	0.016939	0.399645	0.307786	0.347751	6
1.01	0.421517	0.284524	0.339730	0.024181	0.013378	0.017226	0.417407	0.323771	0.364674	6
1.01	0.433862	0.292857	0.349680	0.024645	0.013405	0.017365	0.430728	0.335317	0.377081	6
1.01	0.443662	0.300000	0.357955	0.025288	0.013524	0.017623	0.440497	0.347158	0.388297	7
1.01	0.443662	0.300000	0.357955	0.024530	0.013463	0.017385	0.440497	0.349230	0.389590	7
1.01	0.444444	0.300000	0.358209	0.023781	0.013222	0.016994	0.442274	0.350118	0.390837	7
1.01	0.448944	0.303571	0.362216	0.024317	0.013260	0.017161	0.446714	0.355743	0.396072	7
1.01	0.456942	0.309524	0.369056	0.024311	0.013420	0.017294	0.454707	0.364624	0.404713	7
1.01	0.462214	0.313095	0.373314	0.024268	0.013471	0.017325	0.460036	0.371137	0.410832	7
1.01	0.471930	0.320238	0.381560	0.024510	0.013679	0.017559	0.469805	0.380906	0.420710	7
1.01	0.481611	0.327381	0.389794	0.024253	0.013829	0.017614	0.480166	0.390675	0.430822	7
1.01	0.488616	0.332143	0.395464	0.023933	0.013973	0.017644	0.487271	0.396892	0.437462	7
1.01	0.492119	0.334524	0.398299	0.024279	0.014083	0.017826	0.490823	0.398668	0.439972	7
1.02	0.487762	0.332143	0.395184	0.024115	0.014140	0.017827	0.486975	0.390675	0.433542	7
1.01	0.483363	0.328571	0.391212	0.024152	0.014015	0.017737	0.482534	0.385346	0.428499	7
1.01	0.474517	0.321429	0.383251	0.024133	0.013823	0.017577	0.473653	0.374689	0.418399	7
1.01	0.461404	0.313095	0.373050	0.023721	0.013627	0.017310	0.460332	0.362256	0.405447	7
1.01	0.457093	0.310714	0.369950	0.023485	0.013563	0.017196	0.455891	0.358703	0.401500	7
1.01	0.455342	0.309524	0.368533	0.023083	0.013576	0.017097	0.454115	0.355743	0.398954	7
1.01	0.454386	0.308333	0.367376	0.023226	0.013633	0.017181	0.452635	0.352783	0.396519	7
1.01	0.455342	0.309524	0.368533	0.024642	0.013833	0.017719	0.452635	0.353671	0.397079	8
1.01	0.453590	0.308333	0.367116	0.025043	0.013925	0.017898	0.450858	0.351007	0.394715	8
1.01	0.454386	0.308333	0.367376	0.025265	0.013941	0.017968	0.451155	0.350118	0.394266	8
1.01	0.450877	0.305952	0.364539	0.025144	0.013819	0.017836	0.447602	0.345678	0.390092	8
1.01	0.445614	0.302381	0.360284	0.024613	0.013754	0.017647	0.442274	0.338277	0.383347	8
1.01	0.443860	0.301190	0.358865	0.024489	0.013722	0.017588	0.440497	0.336501	0.381539	9
1.01	0.433333	0.294048	0.350355	0.024429	0.013574	0.017451	0.429840	0.324956	0.370111	9
1.01	0.432574	0.294048	0.350106	0.024726	0.013606	0.017553	0.428064	0.322587	0.367915	9
1.02	0.431818	0.294048	0.349858	0.024207	0.013650	0.017457	0.426288	0.321699	0.366681	9
1.02	0.419861	0.286905	0.340877	0.024162	0.013471	0.017298	0.413854	0.313706	0.356888	10
1.02	0.407665	0.278571	0.330976	0.023896	0.013232	0.017032	0.401421	0.303937	0.345943	10
1.02	0.408696	0.279762	0.332155	0.023621	0.013324	0.017037	0.401421	0.304529	0.346326	10
1.02	0.415652	0.284524	0.337809	0.024361	0.013499	0.017372	0.408526	0.308970	0.351841	10
1.02	0.422609	0.289286	0.343463	0.024548	0.013658	0.017551	0.415631	0.314298	0.357931	10
1.02	0.424348	0.290476	0.344876	0.025096	0.013632	0.017668	0.417407	0.314298	0.358588	10
1.02	0.426087	0.291667	0.346290	0.025110	0.013664	0.017698	0.419183	0.316075	0.360399	10
1.02	0.422609	0.289286	0.343463	0.024897	0.013582	0.017576	0.415631	0.316075	0.359080	10
1.02	0.423611	0.290476	0.344633	0.025435	0.013583	0.017709	0.417111	0.318739	0.361349	10
1.02	0.421144	0.289286	0.342978	0.025109	0.013549	0.017600	0.415038	0.319035	0.360759	10
1.02	0.420139	0.288095	0.341808	0.025270	0.013515	0.017611	0.415038	0.319331	0.360948	10
1.02	0.413194	0.283333	0.336158	0.024594	0.013353	0.017309	0.407934	0.315779	0.355989	10
1.02	0.412892	0.282143	0.335219	0.024590	0.013290	0.017254	0.407934	0.315187	0.355612	10
1.02	0.417832	0.284524	0.338527	0.025261	0.013354	0.017471	0.412670	0.318739	0.359673	10
1.02	0.416084	0.283333	0.337110	0.024977	0.013306	0.017363	0.410894	0.318147	0.358621	10

Mon Sep  6 05:05:38 2021
63.12	0.014892	0.585670	0.029046	0.011039	0.115550	0.020152	0.014705	0.555333	0.028651	127
56.63	0.013958	0.529762	0.027199	0.010738	0.186810	0.020309	0.013856	0.504381	0.026970	128
50.20	0.014013	0.471429	0.027216	0.010219	0.160122	0.019212	0.013855	0.452279	0.026886	127
44.18	0.014394	0.426190	0.027848	0.010392	0.149386	0.019433	0.014166	0.404914	0.027375	125
38.66	0.014610	0.378571	0.028134	0.010788	0.130957	0.019934	0.014330	0.359414	0.027562	124
33.64	0.014205	0.320238	0.027203	0.010635	0.104783	0.019311	0.013833	0.306128	0.026470	123
29.08	0.013865	0.270238	0.026377	0.010603	0.087239	0.018908	0.013438	0.260539	0.025558	121
24.88	0.014566	0.242857	0.027484	0.011475	0.072427	0.019811	0.014013	0.234488	0.026446	117
21.23	0.015226	0.216667	0.028453	0.013504	0.066928	0.022474	0.014660	0.209917	0.027406	115
17.85	0.015527	0.185714	0.028658	0.014987	0.051694	0.023237	0.015077	0.183274	0.027861	108
14.95	0.015324	0.153571	0.027868	0.015185	0.043028	0.022448	0.014867	0.155447	0.027138	99
12.18	0.015600	0.127381	0.027796	0.013763	0.033859	0.019571	0.015030	0.130965	0.026965	91
9.68	0.015413	0.100000	0.026709	0.015058	0.025946	0.019056	0.014665	0.105743	0.025758	79
7.71	0.015197	0.078571	0.025468	0.018369	0.022481	0.020218	0.014151	0.082652	0.024164	68
5.91	0.016832	0.066667	0.026878	0.011217	0.019454	0.014229	0.015612	0.068443	0.025425	58
4.44	0.015594	0.046429	0.023346	0.009294	0.010243	0.009745	0.013665	0.049438	0.021412	54
3.19	0.016713	0.035714	0.022770	0.009470	0.007226	0.008198	0.016992	0.037892	0.023463	51
2.33	0.017517	0.027381	0.021366	0.008416	0.005013	0.006283	0.016637	0.027531	0.020741	46
1.76	0.017172	0.020238	0.018579	0.007684	0.002168	0.003382	0.014654	0.020722	0.017167	43
1.39	0.017834	0.016667	0.017231	0.006783	0.000928	0.001632	0.013321	0.017170	0.015003	41
1.17	0.021341	0.016667	0.018717	0.006686	0.000985	0.001718	0.017762	0.015394	0.016493	38
1.09	0.026101	0.019048	0.022023	0.005895	0.001168	0.001949	0.023091	0.017170	0.019695	37
1.04	0.045918	0.032143	0.037815	0.004200	0.002023	0.002731	0.044405	0.026347	0.033071	36
1.01	0.068301	0.046429	0.055280	0.005558	0.002853	0.003771	0.067496	0.039668	0.049969	33
1.00	0.081560	0.054762	0.065527	0.005958	0.003345	0.004285	0.080817	0.047069	0.059490	33
1.00	0.097518	0.065476	0.078348	0.008783	0.003916	0.005417	0.096803	0.056986	0.071740	31
1.00	0.120782	0.080952	0.096935	0.009862	0.004555	0.006232	0.120782	0.076525	0.093690	30
1.00	0.150977	0.101190	0.121169	0.009579	0.005456	0.006952	0.150977	0.100207	0.120461	27
1.00	0.182948	0.122619	0.146828	0.011247	0.006331	0.008102	0.182948	0.125074	0.148574	25
1.00	0.223801	0.150000	0.179615	0.012291	0.007529	0.009338	0.223801	0.155033	0.183175	23
1.00	0.245115	0.164286	0.196721	0.010783	0.008239	0.009341	0.245115	0.170722	0.201264	22
1.00	0.255773	0.171429	0.205274	0.008051	0.008712	0.008368	0.255773	0.176051	0.208553	16
1.00	0.280639	0.188095	0.225232	0.008155	0.009294	0.008687	0.280639	0.197069	0.231544	14
1.00	0.287744	0.192857	0.230934	0.008028	0.009511	0.008707	0.287744	0.202102	0.237436	12
1.00	0.300178	0.201190	0.240912	0.007986	0.009779	0.008792	0.300178	0.210687	0.247594	10
1.00	0.307282	0.205952	0.246614	0.008049	0.009952	0.008900	0.307282	0.216015	0.253690	8
1.00	0.309059	0.207143	0.248040	0.007997	0.009984	0.008880	0.309059	0.217792	0.255520	8
1.00	0.314387	0.210714	0.252316	0.008048	0.010080	0.008950	0.314387	0.223120	0.261005	7
1.00	0.319716	0.214286	0.256593	0.008088	0.010176	0.009013	0.319716	0.228449	0.266485	6
1.00	0.319716	0.214286	0.256593	0.008021	0.010176	0.008971	0.319716	0.228449	0.266485	5
1.00	0.326821	0.219048	0.262295	0.008032	0.010260	0.009010	0.326821	0.235554	0.273781	5
1.00	0.335702	0.225000	0.269423	0.008049	0.010420	0.009082	0.335702	0.244435	0.282889	3
1.00	0.339254	0.227381	0.272274	0.007979	0.010395	0.009028	0.339254	0.247987	0.286528	3
1.00	0.339254	0.227381	0.272274	0.007930	0.010395	0.008997	0.339254	0.247987	0.286528	3
1.00	0.342806	0.229762	0.275125	0.007692	0.010370	0.008832	0.342806	0.250651	0.289574	3
1.00	0.346359	0.232143	0.277976	0.007526	0.010344	0.008713	0.346359	0.254204	0.293211	3
1.00	0.346359	0.232143	0.277976	0.007207	0.010300	0.008480	0.346359	0.253316	0.292619	3
1.00	0.344583	0.230952	0.276550	0.007123	0.010223	0.008396	0.344583	0.252427	0.291392	3
1.00	0.348135	0.233333	0.279401	0.007132	0.010287	0.008424	0.348135	0.255092	0.294438	3
1.00	0.342806	0.229762	0.275125	0.006868	0.010013	0.008147	0.342806	0.252723	0.290952	3
1.00	0.342199	0.229762	0.274929	0.006678	0.009968	0.007998	0.341918	0.252723	0.290631	3
1.00	0.342199	0.229762	0.274929	0.006604	0.009968	0.007945	0.341918	0.252723	0.290631	3
1.00	0.349291	0.234524	0.280627	0.006573	0.010052	0.007949	0.349023	0.259828	0.297892	3
1.00	0.351064	0.235714	0.282051	0.006508	0.010039	0.007897	0.350799	0.262493	0.300288	3
1.00	0.354610	0.238095	0.284900	0.006489	0.010103	0.007902	0.354352	0.265157	0.303333	3
1.00	0.354610	0.238095	0.284900	0.006430	0.010059	0.007845	0.354352	0.266045	0.303914	3
1.00	0.359929	0.241667	0.289174	0.011195	0.010202	0.010675	0.359680	0.271374	0.309348	3
1.00	0.363475	0.244048	0.292023	0.011529	0.010386	0.010928	0.363233	0.272262	0.311236	3
1.00	0.365248	0.245238	0.293447	0.010683	0.010478	0.010580	0.365009	0.273150	0.312468	3
1.00	0.372340	0.250000	0.299145	0.011194	0.010756	0.010970	0.372114	0.276702	0.317393	3
1.00	0.371226	0.248810	0.297933	0.011731	0.010755	0.011222	0.371226	0.275814	0.316485	3
1.00	0.372340	0.250000	0.299145	0.012041	0.010849	0.011414	0.372114	0.274926	0.316221	3
1.00	0.377660	0.253571	0.303419	0.012191	0.010992	0.011561	0.377442	0.279366	0.321082	3
1.00	0.379433	0.254762	0.304843	0.012397	0.011071	0.011697	0.379218	0.282031	0.323482	3
1.00	0.384752	0.258333	0.309117	0.012869	0.011259	0.012010	0.384547	0.286471	0.328342	3
1.00	0.386525	0.259524	0.310541	0.013068	0.011351	0.012149	0.386323	0.287359	0.329572	3
1.00	0.375221	0.252381	0.301779	0.012616	0.011141	0.011833	0.374778	0.279366	0.320114	3
1.01	0.372792	0.251190	0.300142	0.012606	0.011093	0.011802	0.372114	0.278478	0.318558	3
1.01	0.374558	0.252381	0.301565	0.012888	0.011199	0.011984	0.373890	0.279366	0.319790	3
1.01	0.372792	0.251190	0.300142	0.012755	0.011196	0.011925	0.372114	0.279366	0.319138	3
1.01	0.365724	0.246429	0.294452	0.012788	0.011097	0.011882	0.365009	0.274038	0.313048	3
1.01	0.352113	0.238095	0.284091	0.012809	0.010826	0.011734	0.350799	0.263381	0.300869	3
1.01	0.346221	0.234524	0.279631	0.013513	0.010788	0.011998	0.344583	0.258940	0.295685	4
1.01	0.345070	0.233333	0.278409	0.013800	0.010769	0.012097	0.343695	0.255980	0.293422	3
1.01	0.338624	0.228571	0.272921	0.013236	0.010610	0.011778	0.337478	0.249763	0.287070	4
1.01	0.336861	0.227381	0.271500	0.013227	0.010578	0.011755	0.335702	0.248875	0.285840	4
1.01	0.335097	0.226190	0.270078	0.013641	0.010546	0.011895	0.333925	0.247099	0.284025	4
1.01	0.335097	0.226190	0.270078	0.014158	0.010546	0.012088	0.333925	0.247099	0.284025	4
1.00	0.332743	0.223810	0.267616	0.013414	0.010450	0.011748	0.332149	0.243546	0.281030	4
1.00	0.329204	0.221429	0.264769	0.013395	0.010386	0.011700	0.328597	0.239994	0.277392	4
1.00	0.329204	0.221429	0.264769	0.013399	0.010386	0.011702	0.328597	0.239994	0.277392	4
1.01	0.333922	0.225000	0.268848	0.013836	0.010498	0.011938	0.333037	0.244435	0.281939	4
1.01	0.338028	0.228571	0.272727	0.013236	0.010610	0.011778	0.336590	0.249763	0.286748	4
1.01	0.339789	0.229762	0.274148	0.012893	0.010642	0.011660	0.338366	0.250651	0.287977	4
1.01	0.340949	0.230952	0.275373	0.013047	0.010645	0.011724	0.339254	0.252427	0.289470	4
1.01	0.347368	0.235714	0.280851	0.013198	0.010775	0.011864	0.345471	0.259828	0.296591	4
1.01	0.343860	0.233333	0.278014	0.012466	0.010577	0.011444	0.341918	0.256276	0.292966	4
1.01	0.356140	0.241667	0.287943	0.012528	0.010788	0.011593	0.354352	0.266045	0.303914	4
1.01	0.363796	0.246429	0.293825	0.012829	0.010963	0.011823	0.362345	0.272262	0.310909	4
1.01	0.368421	0.250000	0.297872	0.013071	0.011061	0.011983	0.366785	0.277590	0.316014	4
1.02	0.379371	0.258333	0.307365	0.020856	0.011967	0.015208	0.376554	0.288247	0.326536	5
1.01	0.387040	0.263095	0.313253	0.020745	0.012113	0.015295	0.384547	0.293576	0.332960	5
1.01	0.405263	0.275000	0.327660	0.020991	0.012487	0.015659	0.403197	0.303996	0.346639	5
1.01	0.424296	0.286905	0.342330	0.021076	0.012843	0.015960	0.422735	0.322054	0.365590	5
1.01	0.425044	0.286905	0.342573	0.021007	0.012843	0.015940	0.423623	0.322054	0.365922	5
1.01	0.433862	0.292857	0.349680	0.021036	0.013081	0.016131	0.432504	0.330935	0.374963	5
1.01	0.432099	0.291667	0.348259	0.020944	0.012946	0.016002	0.430728	0.330047	0.373726	5
1.01	0.430335	0.290476	0.346837	0.020873	0.012870	0.015922	0.428952	0.329159	0.372488	5
1.01	0.430335	0.290476	0.346837	0.020873	0.012870	0.015922	0.428952	0.329159	0.372488	5
1.01	0.429577	0.290476	0.346591	0.021015	0.012972	0.016042	0.428064	0.328271	0.371584	5
1.01	0.424296	0.286905	0.342330	0.021002	0.012874	0.015963	0.422735	0.322054	0.365590	5
1.01	0.416813	0.283333	0.337349	0.021015	0.012791	0.015903	0.414742	0.316726	0.359167	5
1.01	0.415061	0.282143	0.335932	0.021248	0.012759	0.015944	0.412966	0.314950	0.357359	5
1.01	0.410526	0.278571	0.331915	0.021253	0.012648	0.015858	0.408526	0.310509	0.352837	5
1.01	0.408772	0.277381	0.330496	0.021258	0.012629	0.015845	0.406750	0.309621	0.351601	5
1.02	0.403846	0.275000	0.327195	0.021155	0.012534	0.015741	0.401421	0.306957	0.347890	5
1.02	0.402098	0.273810	0.325779	0.021288	0.012502	0.015753	0.399645	0.305181	0.346082	5
1.02	0.392670	0.267857	0.318471	0.021406	0.012386	0.015692	0.389876	0.296004	0.336516	5
1.02	0.388502	0.265476	0.315417	0.021387	0.012320	0.015634	0.385435	0.293339	0.333139	5
1.02	0.379549	0.260714	0.309104	0.021199	0.012145	0.015443	0.375666	0.286234	0.324909	5
1.03	0.376511	0.259524	0.307259	0.021056	0.012097	0.015366	0.373002	0.284458	0.322768	5
1.02	0.376083	0.258333	0.306281	0.021218	0.012065	0.015383	0.373002	0.282682	0.321621	5
1.02	0.378709	0.258333	0.307148	0.021145	0.012065	0.015364	0.375666	0.282682	0.322608	5
1.02	0.378709	0.258333	0.307148	0.021215	0.012110	0.015418	0.375666	0.281794	0.322028	5
1.02	0.384615	0.261905	0.311615	0.021423	0.012224	0.015566	0.381883	0.288011	0.328370	6
1.01	0.385289	0.261905	0.311836	0.021353	0.012224	0.015547	0.382771	0.288011	0.328697	7
1.01	0.389474	0.264286	0.314894	0.021394	0.012319	0.015635	0.387211	0.290675	0.332069	6
1.01	0.385965	0.261905	0.312057	0.021357	0.012224	0.015548	0.383659	0.288011	0.329024	7
1.02	0.383944	0.261905	0.311394	0.021393	0.012856	0.016061	0.380995	0.286234	0.326886	7
1.02	0.383944	0.261905	0.311394	0.021470	0.012856	0.016082	0.380995	0.286234	0.326886	6
1.02	0.379791	0.259524	0.308345	0.021482	0.012776	0.016023	0.376554	0.282682	0.322935	6
1.02	0.378049	0.258333	0.306931	0.021473	0.012744	0.015996	0.374778	0.280906	0.321122	6
1.02	0.379130	0.259524	0.308127	0.021524	0.012792	0.016047	0.375666	0.282682	0.322608	6
1.02	0.375652	0.257143	0.305300	0.021548	0.012712	0.015991	0.372114	0.279130	0.318984	5
1.03	0.370690	0.255952	0.302817	0.021623	0.012680	0.015986	0.367673	0.277353	0.316190	5
1.04	0.369863	0.257143	0.303371	0.029340	0.014634	0.019527	0.366785	0.278242	0.316436	6
1.04	0.373288	0.259524	0.306180	0.025557	0.014729	0.018688	0.372114	0.280906	0.320140	6
1.04	0.373288	0.259524	0.306180	0.025557	0.014729	0.018688	0.372114	0.280906	0.320140	6
1.04	0.381849	0.265476	0.313202	0.025726	0.014936	0.018899	0.380995	0.288899	0.328616	6
1.04	0.387650	0.269048	0.317639	0.025435	0.014974	0.018850	0.387211	0.295115	0.334948	6
1.04	0.394511	0.273810	0.323261	0.023197	0.014999	0.018219	0.393428	0.303996	0.342978	6
1.03	0.406897	0.280952	0.332394	0.023041	0.015225	0.018335	0.404973	0.312877	0.353018	6
1.02	0.411458	0.282143	0.334746	0.022814	0.015184	0.018233	0.409414	0.315838	0.356589	6
1.02	0.409722	0.280952	0.333333	0.022782	0.015136	0.018188	0.407638	0.315838	0.355914	7
1.02	0.418848	0.285714	0.339703	0.022783	0.015280	0.018292	0.415631	0.322943	0.363471	7
1.02	0.420593	0.286905	0.341118	0.022725	0.015296	0.018285	0.417407	0.324719	0.365275	7
1.02	0.421603	0.288095	0.342291	0.022567	0.015312	0.018245	0.418295	0.326495	0.366737	8
1.02	0.425087	0.290476	0.345120	0.022610	0.015376	0.018305	0.421847	0.330047	0.370343	8
1.02	0.427574	0.291667	0.346780	0.022591	0.015408	0.018321	0.423623	0.331824	0.372146	8

Mon Sep  6 05:30:59 2021
65.14	0.015888	0.644860	0.031011	0.010760	0.141688	0.020001	0.015920	0.657167	0.031086	122
59.10	0.014997	0.594048	0.029256	0.010473	0.193779	0.019873	0.015024	0.608999	0.029325	124
53.03	0.015373	0.546429	0.029905	0.010833	0.173570	0.020393	0.015479	0.565779	0.030134	124
47.23	0.015683	0.496429	0.030405	0.009875	0.164407	0.018631	0.015837	0.517703	0.030733	123
41.63	0.015870	0.442857	0.030643	0.009935	0.149658	0.018632	0.016050	0.471078	0.031043	122
36.47	0.015974	0.390476	0.030693	0.010103	0.134202	0.018792	0.016039	0.421285	0.030902	119
31.58	0.015917	0.336905	0.030397	0.010109	0.119351	0.018640	0.015929	0.362670	0.030518	116
27.24	0.015780	0.288095	0.029921	0.010047	0.112374	0.018445	0.015575	0.311752	0.029667	113
23.40	0.015942	0.250000	0.029972	0.009593	0.098734	0.017487	0.015829	0.268532	0.029896	107
19.58	0.016234	0.213095	0.030170	0.009082	0.086300	0.016434	0.016176	0.230876	0.030233	102
16.18	0.017238	0.186905	0.031564	0.006698	0.073388	0.012276	0.017046	0.197425	0.031382	96
13.29	0.017645	0.157143	0.031727	0.006432	0.065938	0.011720	0.017377	0.165394	0.031450	88
10.74	0.019189	0.138095	0.033696	0.006821	0.058551	0.012219	0.018621	0.145856	0.033025	78
8.58	0.021334	0.122619	0.036344	0.007815	0.041438	0.013150	0.020933	0.128390	0.035997	70
6.72	0.023526	0.105952	0.038503	0.008280	0.029776	0.012957	0.023305	0.107667	0.038316	70
5.13	0.027008	0.092857	0.041845	0.009370	0.026221	0.013806	0.026490	0.093754	0.041308	65
3.86	0.029926	0.077381	0.043161	0.008820	0.018161	0.011874	0.032769	0.078360	0.046213	57
2.90	0.034293	0.066667	0.045289	0.008902	0.015258	0.011244	0.037495	0.065038	0.047567	45
2.19	0.039676	0.058333	0.047229	0.008910	0.013331	0.010681	0.047395	0.055269	0.051030	40
1.75	0.045593	0.053571	0.049261	0.008282	0.010112	0.009106	0.054470	0.051658	0.053027	33
1.41	0.055485	0.052381	0.053889	0.008443	0.008841	0.008638	0.063055	0.050770	0.056249	25
1.22	0.071118	0.058333	0.064094	0.008669	0.009135	0.008896	0.074896	0.056986	0.064725	23
1.09	0.079675	0.058333	0.067354	0.008340	0.007986	0.008160	0.079633	0.057282	0.066633	23
1.04	0.092624	0.064286	0.075896	0.008404	0.008325	0.008364	0.092066	0.062019	0.074113	24
1.02	0.106457	0.072619	0.086341	0.008409	0.008197	0.008302	0.105684	0.069124	0.083581	24
1.00	0.120567	0.080952	0.096866	0.008343	0.009263	0.008779	0.119893	0.075636	0.092756	24
1.00	0.138544	0.092857	0.111190	0.008436	0.010029	0.009164	0.138544	0.083925	0.104530	23
1.00	0.149201	0.100000	0.119743	0.008210	0.009914	0.008982	0.149201	0.088662	0.111227	21
1.00	0.165186	0.110714	0.132573	0.008004	0.010515	0.009089	0.165186	0.098727	0.123589	19
1.00	0.175844	0.117857	0.141126	0.008241	0.010885	0.009380	0.175844	0.106720	0.132827	19
1.00	0.193606	0.129762	0.155381	0.008558	0.009730	0.009106	0.193606	0.116252	0.145274	16
1.00	0.200710	0.134524	0.161083	0.008582	0.010081	0.009271	0.200710	0.120397	0.150510	16
1.00	0.200710	0.134524	0.161083	0.007223	0.007719	0.007463	0.200710	0.118324	0.148880	12
1.00	0.209591	0.140476	0.168211	0.007298	0.008057	0.007659	0.209591	0.126021	0.157402	11
1.00	0.209591	0.140476	0.168211	0.007009	0.008102	0.007516	0.209591	0.124837	0.156475	10
1.00	0.216696	0.145238	0.173913	0.007150	0.008319	0.007690	0.216696	0.130758	0.163099	9
1.00	0.220249	0.147619	0.176764	0.006795	0.008383	0.007506	0.220249	0.134310	0.166865	9
1.00	0.220249	0.147619	0.176764	0.006379	0.008383	0.007245	0.220249	0.134310	0.166865	6
1.00	0.227353	0.152381	0.182466	0.006435	0.008600	0.007362	0.227353	0.140527	0.173694	5
1.00	0.227353	0.152381	0.182466	0.006320	0.008600	0.007286	0.227353	0.140527	0.173694	4
1.00	0.229130	0.153571	0.183892	0.006498	0.008632	0.007415	0.229130	0.142303	0.175568	4
1.00	0.230906	0.154762	0.185317	0.006457	0.008664	0.007400	0.230906	0.144079	0.177440	4
1.00	0.234458	0.157143	0.188168	0.006481	0.008728	0.007439	0.234458	0.147632	0.181180	3
1.00	0.234458	0.157143	0.188168	0.006168	0.008684	0.007213	0.234458	0.148520	0.181847	3
1.00	0.236234	0.158333	0.189594	0.006228	0.008716	0.007265	0.236234	0.150296	0.183712	3
1.00	0.236234	0.158333	0.189594	0.006490	0.008716	0.007440	0.236234	0.150296	0.183712	3
1.00	0.236234	0.158333	0.189594	0.006587	0.008716	0.007503	0.236234	0.150296	0.183712	4
1.00	0.245115	0.164286	0.196721	0.006848	0.008876	0.007731	0.245115	0.159177	0.193013	4
1.00	0.246892	0.165476	0.198147	0.006638	0.008908	0.007607	0.246892	0.160953	0.194868	4
1.00	0.250444	0.167857	0.200998	0.006503	0.008972	0.007541	0.250444	0.164506	0.198576	4
1.00	0.261101	0.175000	0.209551	0.006766	0.009164	0.007785	0.261101	0.173387	0.208390	4
1.00	0.264654	0.177381	0.212402	0.006914	0.009228	0.007906	0.264654	0.176051	0.211446	4
1.00	0.266430	0.178571	0.213828	0.007099	0.009260	0.008037	0.266430	0.177827	0.213293	4
1.00	0.266430	0.178571	0.213828	0.008851	0.009187	0.009016	0.266430	0.178715	0.213931	4
1.00	0.269982	0.180952	0.216679	0.009749	0.009266	0.009502	0.269982	0.181380	0.216984	4
1.00	0.275311	0.184524	0.220955	0.008754	0.009362	0.009048	0.275311	0.185820	0.221882	4
1.00	0.277087	0.185714	0.222381	0.008288	0.009305	0.008767	0.277087	0.188780	0.224564	4
1.00	0.280639	0.188095	0.225232	0.008087	0.009236	0.008623	0.280639	0.193221	0.228867	4
1.00	0.291297	0.195238	0.233785	0.008608	0.009443	0.009006	0.291297	0.202102	0.238637	4
1.00	0.293073	0.196429	0.235210	0.008324	0.009431	0.008843	0.293073	0.203878	0.240471	4
1.00	0.300178	0.201190	0.240912	0.009192	0.009590	0.009387	0.300178	0.210095	0.247185	4
1.00	0.312611	0.209524	0.250891	0.009132	0.009814	0.009461	0.312611	0.220752	0.258771	4
1.00	0.317940	0.213095	0.255168	0.009193	0.009866	0.009518	0.317940	0.226081	0.264255	4
1.00	0.319716	0.214286	0.256593	0.008771	0.009882	0.009293	0.319716	0.226969	0.265475	4
1.00	0.323268	0.216667	0.259444	0.008717	0.009946	0.009291	0.323268	0.229633	0.268522	4
1.00	0.325044	0.217857	0.260870	0.008724	0.009934	0.009290	0.325044	0.231409	0.270349	4
1.00	0.325664	0.219048	0.261922	0.008786	0.010010	0.009358	0.325044	0.232297	0.270954	4
1.01	0.325088	0.219048	0.261735	0.012666	0.010178	0.011287	0.323268	0.232297	0.270335	4
1.01	0.319788	0.215476	0.257468	0.012332	0.010067	0.011085	0.317940	0.227857	0.265464	4
1.01	0.323322	0.217857	0.260313	0.012411	0.010131	0.011156	0.321492	0.231409	0.269112	4
1.01	0.323322	0.217857	0.260313	0.012593	0.010131	0.011229	0.321492	0.231409	0.269112	4
1.01	0.320988	0.216667	0.258706	0.012616	0.010099	0.011218	0.318828	0.229633	0.266978	4
1.01	0.324515	0.219048	0.261549	0.011599	0.010163	0.010834	0.322380	0.233185	0.270623	4
1.01	0.325088	0.219048	0.261735	0.009640	0.010132	0.009880	0.323268	0.234961	0.272130	4
1.01	0.322751	0.217857	0.260128	0.008966	0.010100	0.009499	0.320604	0.233185	0.269995	4
1.01	0.326855	0.220238	0.263158	0.008877	0.010164	0.009477	0.325044	0.235850	0.273355	4
1.01	0.323322	0.217857	0.260313	0.008834	0.010100	0.009425	0.321492	0.232297	0.269712	4
1.00	0.323894	0.217857	0.260498	0.009160	0.010115	0.009614	0.322380	0.232297	0.270024	4
1.00	0.322124	0.216667	0.259075	0.008873	0.010083	0.009439	0.320604	0.230521	0.268200	4
1.00	0.318584	0.214286	0.256228	0.008645	0.010019	0.009281	0.317052	0.226969	0.264552	4
1.00	0.318584	0.214286	0.256228	0.009409	0.010079	0.009733	0.317052	0.226081	0.263947	4
1.00	0.325664	0.219048	0.261922	0.010675	0.010286	0.010477	0.324156	0.231113	0.269839	4
1.00	0.331560	0.222619	0.266382	0.011322	0.010399	0.010841	0.330373	0.233185	0.273399	4
1.00	0.336879	0.226190	0.270655	0.011698	0.010542	0.011090	0.335702	0.237330	0.278072	4
1.00	0.342199	0.229762	0.274929	0.012233	0.010701	0.011416	0.341030	0.239461	0.281360	5
1.00	0.343972	0.230952	0.276353	0.012335	0.010749	0.011487	0.342806	0.241237	0.283190	5
1.00	0.347518	0.233333	0.279202	0.012450	0.010755	0.011540	0.346359	0.244494	0.286645	5
1.00	0.345745	0.232143	0.277778	0.012439	0.010723	0.011517	0.344583	0.242718	0.284816	5
1.00	0.352212	0.236905	0.283274	0.012709	0.010898	0.011734	0.350799	0.248046	0.290607	5
1.00	0.350442	0.235714	0.281851	0.012523	0.010792	0.011593	0.349023	0.247454	0.289591	5
1.00	0.357522	0.240476	0.287544	0.012691	0.010878	0.011715	0.356128	0.253671	0.296292	4
1.00	0.361062	0.242857	0.290391	0.012711	0.010942	0.011760	0.359680	0.255447	0.298732	4
1.00	0.364602	0.245238	0.293238	0.012764	0.011037	0.011838	0.363233	0.257223	0.301172	4
1.00	0.362832	0.244048	0.291815	0.012856	0.010961	0.011833	0.361456	0.255447	0.299343	4
1.00	0.364602	0.245238	0.293238	0.012724	0.010961	0.011777	0.363233	0.257223	0.301172	4
1.00	0.368142	0.247619	0.296085	0.012901	0.011010	0.011881	0.366785	0.260776	0.304827	4
1.00	0.363475	0.244048	0.292023	0.011667	0.010683	0.011153	0.363233	0.259591	0.302789	4
1.00	0.359929	0.241667	0.289174	0.011268	0.010585	0.010916	0.359680	0.259887	0.301747	4
1.00	0.356383	0.239286	0.286325	0.011081	0.010637	0.010855	0.356128	0.255684	0.297661	4
1.00	0.352837	0.236905	0.283476	0.010930	0.010631	0.010778	0.352575	0.253020	0.294614	4
1.00	0.343972	0.230952	0.276353	0.010871	0.010471	0.010667	0.343695	0.244139	0.285486	4
1.00	0.343972	0.230952	0.276353	0.011256	0.010487	0.010858	0.343695	0.242718	0.284512	4
1.00	0.343972	0.230952	0.276353	0.011358	0.010487	0.010905	0.343695	0.242718	0.284512	4
1.00	0.345745	0.232143	0.277778	0.011545	0.010550	0.011025	0.345471	0.242422	0.284915	4
1.00	0.347518	0.233333	0.279202	0.011568	0.010582	0.011053	0.347247	0.244198	0.286745	4
1.00	0.347518	0.233333	0.279202	0.011427	0.010566	0.010980	0.347247	0.245086	0.287356	4
1.00	0.348673	0.234524	0.280427	0.015496	0.010767	0.012705	0.347247	0.245974	0.287966	4
1.01	0.351590	0.236905	0.283073	0.015809	0.010862	0.012877	0.349911	0.247454	0.289896	4
1.01	0.350970	0.236905	0.282871	0.015969	0.010877	0.012940	0.349023	0.246270	0.288778	4
1.01	0.348057	0.234524	0.280228	0.016096	0.010813	0.012936	0.346359	0.242718	0.285421	4
1.01	0.348057	0.234524	0.280228	0.016135	0.010813	0.012949	0.346359	0.242718	0.285421	4
1.00	0.350442	0.235714	0.281851	0.013872	0.010845	0.012173	0.349023	0.244494	0.287554	4
1.00	0.350442	0.235714	0.281851	0.013112	0.010845	0.011871	0.349023	0.244494	0.287554	4
1.00	0.350442	0.235714	0.281851	0.012947	0.010845	0.011803	0.349023	0.244494	0.287554	4
1.00	0.350442	0.235714	0.281851	0.013044	0.010845	0.011843	0.349023	0.244494	0.287554	4
1.00	0.348673	0.234524	0.280427	0.012900	0.010798	0.011755	0.347247	0.243606	0.286336	4
1.00	0.348673	0.234524	0.280427	0.012829	0.010798	0.011726	0.347247	0.243606	0.286336	4
1.00	0.348673	0.234524	0.280427	0.012846	0.010798	0.011733	0.347247	0.243606	0.286336	4
1.01	0.351590	0.236905	0.283073	0.013611	0.011154	0.012260	0.349023	0.246270	0.288778	4
1.01	0.351590	0.236905	0.283073	0.013611	0.011154	0.012260	0.349023	0.246270	0.288778	4
1.01	0.352734	0.238095	0.284293	0.013608	0.011186	0.012279	0.349911	0.248046	0.290302	4
1.01	0.352734	0.238095	0.284293	0.013608	0.011186	0.012279	0.349911	0.248046	0.290302	4
1.01	0.348592	0.235714	0.281250	0.013433	0.011033	0.012115	0.345471	0.245915	0.287313	4
1.01	0.353251	0.239286	0.285309	0.013669	0.011297	0.012370	0.349023	0.250355	0.291568	5
1.01	0.355009	0.240476	0.286728	0.013535	0.011345	0.012343	0.350799	0.251243	0.292790	5
1.01	0.362039	0.245238	0.292406	0.013711	0.011535	0.012529	0.357904	0.255388	0.298078	6
1.01	0.363796	0.246429	0.293825	0.013814	0.011583	0.012600	0.359680	0.257164	0.299903	6
1.01	0.369069	0.250000	0.298084	0.013817	0.011592	0.012607	0.365009	0.262789	0.305577	6
1.01	0.376532	0.255952	0.304748	0.013854	0.011801	0.012746	0.372114	0.267229	0.311068	6
1.02	0.381533	0.260714	0.309760	0.013834	0.011992	0.012847	0.375666	0.271078	0.314915	5
1.02	0.380454	0.259524	0.308563	0.013645	0.011791	0.012651	0.375666	0.270189	0.314315	5
1.02	0.382199	0.260714	0.309979	0.013618	0.011839	0.012666	0.377442	0.271078	0.315537	5
1.02	0.389565	0.266667	0.316608	0.013697	0.012075	0.012835	0.384547	0.275873	0.321269	5
1.02	0.394097	0.270238	0.320621	0.013801	0.012247	0.012977	0.388988	0.279426	0.325227	5
1.02	0.396880	0.272619	0.323218	0.013705	0.012327	0.012979	0.391652	0.282090	0.327963	5
1.03	0.397924	0.273810	0.324401	0.013589	0.012343	0.012936	0.392540	0.283866	0.329473	5
1.03	0.402418	0.277381	0.328400	0.013234	0.012182	0.012686	0.397869	0.291267	0.336323	5
1.03	0.404145	0.278571	0.329810	0.013204	0.012214	0.012690	0.399645	0.293043	0.338141	5
1.03	0.406897	0.280952	0.332394	0.013190	0.012278	0.012717	0.402309	0.296596	0.341457	5
1.03	0.406897	0.280952	0.332394	0.013059	0.012231	0.012632	0.402309	0.298372	0.342632	4
1.03	0.408621	0.282143	0.333803	0.013127	0.012247	0.012672	0.404085	0.301332	0.345225	4
1.03	0.405172	0.279762	0.330986	0.012974	0.012152	0.012549	0.400533	0.298668	0.342180	4
1.03	0.404844	0.278571	0.330042	0.012952	0.012162	0.012544	0.400533	0.297780	0.341597	4
1.03	0.394464	0.271429	0.321580	0.012956	0.011939	0.012427	0.389876	0.288899	0.331876	4
1.03	0.397237	0.273810	0.324172	0.020863	0.012695	0.015785	0.391652	0.290379	0.333497	5
1.03	0.396552	0.273810	0.323944	0.020893	0.012695	0.015794	0.390764	0.290379	0.333174	5
1.03	0.396552	0.273810	0.323944	0.020916	0.012695	0.015800	0.390764	0.290379	0.333174	5
1.03	0.395869	0.273810	0.323716	0.020845	0.012695	0.015780	0.389876	0.290379	0.332851	5
1.03	0.405498	0.280952	0.331927	0.020976	0.013585	0.016490	0.398165	0.296004	0.339567	5
1.04	0.407534	0.283333	0.334270	0.021047	0.013638	0.016551	0.399053	0.297780	0.341057	5
1.04	0.407534	0.283333	0.334270	0.020909	0.013609	0.016487	0.400829	0.299260	0.342677	5
1.04	0.403087	0.279762	0.330288	0.020919	0.013542	0.016441	0.396092	0.293931	0.337449	7
1.04	0.406518	0.282143	0.333099	0.021079	0.013637	0.016560	0.399645	0.296596	0.340494	7
1.04	0.408547	0.284524	0.335439	0.021069	0.013703	0.016606	0.400533	0.297780	0.341596	6
1.04	0.409556	0.285714	0.336606	0.021092	0.013780	0.016669	0.400533	0.298372	0.341986	6
1.05	0.409168	0.286905	0.337299	0.020982	0.013841	0.016679	0.399053	0.299260	0.342026	6
1.05	0.410169	0.288095	0.338462	0.020930	0.013873	0.016686	0.399941	0.301036	0.343511	6
1.06	0.420168	0.297619	0.348432	0.021415	0.014963	0.017617	0.406157	0.311397	0.352520	6
1.06	0.418487	0.296429	0.347038	0.021262	0.014915	0.017532	0.404381	0.310509	0.351282	6
1.06	0.421405	0.300000	0.350487	0.019242	0.014983	0.016847	0.407934	0.314950	0.355461	6
1.07	0.420000	0.300000	0.350000	0.017998	0.014893	0.016299	0.407046	0.316726	0.356250	6
1.07	0.427621	0.305952	0.356697	0.018075	0.015085	0.016445	0.415038	0.323831	0.363805	6
1.07	0.437811	0.314286	0.365904	0.018210	0.015340	0.016652	0.425696	0.334488	0.374620	6
1.07	0.451827	0.323810	0.377254	0.018270	0.015536	0.016792	0.440793	0.350770	0.390662	6
1.07	0.458472	0.328571	0.382802	0.018307	0.015620	0.016857	0.447898	0.359059	0.398588	6
1.07	0.470000	0.335714	0.391667	0.018527	0.015812	0.017062	0.460332	0.368828	0.409531	6
1.07	0.478333	0.341667	0.398611	0.018225	0.015788	0.016919	0.469805	0.378597	0.419298	7
1.06	0.483221	0.342857	0.401114	0.019455	0.015670	0.017359	0.476021	0.382741	0.424315	7
1.06	0.484848	0.342857	0.401674	0.019544	0.015566	0.017330	0.477798	0.384814	0.426294	8
1.05	0.488176	0.344048	0.403631	0.019538	0.015540	0.017311	0.481942	0.385702	0.428484	7
1.05	0.488176	0.344048	0.403631	0.019492	0.015540	0.017293	0.481942	0.385702	0.428484	7
