
Mon Sep  6 08:16:40 2021
64.36	0.009322	0.373832	0.018190	0.011955	0.098550	0.021323	0.009377	0.317833	0.018216	120
58.32	0.007949	0.310714	0.015502	0.010519	0.165268	0.019778	0.008031	0.262404	0.015584	122
52.17	0.008069	0.282143	0.015689	0.011264	0.152032	0.020973	0.008186	0.231024	0.015812	119
46.20	0.008536	0.264286	0.016537	0.010992	0.143108	0.020416	0.008718	0.212078	0.016747	119
40.57	0.008974	0.244048	0.017312	0.011784	0.124840	0.021536	0.009287	0.195352	0.017732	118
34.96	0.009398	0.220238	0.018028	0.012632	0.110710	0.022676	0.009879	0.178034	0.018719	116
29.86	0.010113	0.202381	0.019263	0.013393	0.091108	0.023354	0.010731	0.165009	0.020152	112
25.28	0.010467	0.177381	0.019768	0.013805	0.078792	0.023493	0.011297	0.142806	0.020937	110
21.18	0.011658	0.165476	0.021782	0.009413	0.070884	0.016619	0.012493	0.130965	0.022810	104
17.53	0.012666	0.148810	0.023345	0.008324	0.061441	0.014661	0.013637	0.114979	0.024382	100
14.46	0.014495	0.140476	0.026278	0.009026	0.052335	0.015396	0.015571	0.109295	0.027258	96
11.80	0.017467	0.138095	0.031012	0.010626	0.045415	0.017222	0.019166	0.108407	0.032573	84
9.50	0.020748	0.132143	0.035864	0.009593	0.041945	0.015615	0.023136	0.103375	0.037810	78
7.64	0.024861	0.127381	0.041602	0.011027	0.033421	0.016582	0.027622	0.100562	0.043339	74
6.00	0.030178	0.121429	0.048341	0.010995	0.020899	0.014409	0.034014	0.095530	0.050166	70
4.68	0.037600	0.117857	0.057011	0.011628	0.018755	0.014356	0.041439	0.093162	0.057363	64
3.55	0.049500	0.117857	0.069718	0.018074	0.018372	0.018222	0.053958	0.093458	0.068416	55
2.72	0.062622	0.114286	0.080910	0.002725	0.016435	0.004675	0.067703	0.091089	0.077674	49
2.10	0.077834	0.109524	0.090999	0.003437	0.016128	0.005667	0.081824	0.088129	0.084859	44
1.71	0.094693	0.108333	0.101055	0.004371	0.012222	0.006439	0.098046	0.087241	0.092329	31
1.42	0.118899	0.113095	0.115924	0.006372	0.012528	0.008448	0.125962	0.090201	0.105124	25
1.27	0.132682	0.113095	0.122108	0.007519	0.012528	0.009398	0.137951	0.090201	0.109080	22
1.16	0.142638	0.110714	0.124665	0.001636	0.007123	0.002661	0.146536	0.087833	0.109833	17
1.11	0.147200	0.109524	0.125597	0.001612	0.007047	0.002623	0.147425	0.086945	0.109381	15
1.05	0.159322	0.111905	0.131469	0.001607	0.007200	0.002627	0.156898	0.088425	0.113106	15
1.03	0.165517	0.114286	0.135211	0.001609	0.007353	0.002641	0.165186	0.089905	0.116438	14
1.01	0.173684	0.117857	0.140426	0.009411	0.007494	0.008344	0.174067	0.094346	0.122368	15
1.01	0.176367	0.119048	0.142146	0.009401	0.007570	0.008387	0.176732	0.095234	0.123772	14
1.00	0.179396	0.120238	0.143977	0.009394	0.007647	0.008431	0.179396	0.096122	0.125174	12
1.00	0.181172	0.121429	0.145403	0.009369	0.007679	0.008440	0.181172	0.097898	0.127111	12
1.00	0.188277	0.126190	0.151105	0.008389	0.007807	0.008087	0.188277	0.105003	0.134818	10
1.00	0.200710	0.134524	0.161083	0.008389	0.008031	0.008206	0.200710	0.117436	0.148175	9
1.00	0.216696	0.145238	0.173913	0.008422	0.008364	0.008393	0.216696	0.132534	0.164474	6
1.00	0.239787	0.160714	0.192445	0.008583	0.008780	0.008680	0.239787	0.155625	0.188749	6
1.00	0.255773	0.171429	0.205274	0.008433	0.009157	0.008780	0.255773	0.171610	0.205405	6
1.00	0.271758	0.182143	0.218104	0.008463	0.009445	0.008927	0.271758	0.185820	0.220719	5
1.00	0.278863	0.186905	0.223806	0.008311	0.009574	0.008898	0.278863	0.192925	0.228067	2
1.00	0.280639	0.188095	0.225232	0.008331	0.009606	0.008923	0.280639	0.194701	0.229902	2
1.00	0.289520	0.194048	0.232359	0.008424	0.009766	0.009046	0.289520	0.203582	0.239062	2
1.00	0.282416	0.189286	0.226657	0.008555	0.009638	0.009064	0.282416	0.196477	0.231735	2
1.00	0.273535	0.183333	0.219530	0.008582	0.009477	0.009008	0.273535	0.187596	0.222557	2
1.00	0.278863	0.186905	0.223806	0.008746	0.009574	0.009141	0.278863	0.192037	0.227445	2
1.00	0.277087	0.185714	0.222381	0.008976	0.009541	0.009250	0.277087	0.190260	0.225608	2
1.00	0.277087	0.185714	0.222381	0.008976	0.009541	0.009250	0.277087	0.190260	0.225608	2
1.00	0.269982	0.180952	0.216679	0.008933	0.009413	0.009167	0.269982	0.184044	0.218880	2
1.00	0.255773	0.171429	0.205274	0.008993	0.009157	0.009074	0.255773	0.169834	0.204127	2
1.00	0.246892	0.165476	0.198147	0.008933	0.008997	0.008965	0.246892	0.160953	0.194868	2
1.00	0.243339	0.163095	0.195296	0.009108	0.008933	0.009020	0.243339	0.157401	0.191155	2
1.00	0.243339	0.163095	0.195296	0.009108	0.008933	0.009020	0.243339	0.157401	0.191155	2
1.00	0.245115	0.164286	0.196721	0.009116	0.008965	0.009040	0.245115	0.159177	0.193013	2
1.00	0.245115	0.164286	0.196721	0.009116	0.008965	0.009040	0.245115	0.159177	0.193013	2
1.00	0.245115	0.164286	0.196721	0.009325	0.008965	0.009141	0.245115	0.159177	0.193013	2
1.00	0.245115	0.164286	0.196721	0.009325	0.008965	0.009141	0.245115	0.159177	0.193013	2
1.00	0.239787	0.160714	0.192445	0.009316	0.008869	0.009087	0.239787	0.153848	0.187437	2
1.00	0.239787	0.160714	0.192445	0.009316	0.008869	0.009087	0.239787	0.153848	0.187437	2
1.00	0.243339	0.163095	0.195296	0.009322	0.008933	0.009123	0.243339	0.157401	0.191155	2
1.00	0.248668	0.166667	0.199572	0.009330	0.009029	0.009177	0.248668	0.162729	0.196723	2
1.00	0.252220	0.169048	0.202423	0.009336	0.009093	0.009213	0.252220	0.166282	0.200427	2
1.00	0.252220	0.169048	0.202423	0.009336	0.009093	0.009213	0.252220	0.166282	0.200427	2
1.00	0.252220	0.169048	0.202423	0.009336	0.009093	0.009213	0.252220	0.166282	0.200427	2
1.00	0.253996	0.170238	0.203849	0.009339	0.009125	0.009231	0.253996	0.168058	0.202278	2
1.00	0.253996	0.170238	0.203849	0.009339	0.009125	0.009231	0.253996	0.168058	0.202278	2
1.00	0.257549	0.172619	0.206700	0.009345	0.009189	0.009266	0.257549	0.170722	0.205334	2
1.00	0.259325	0.173810	0.208125	0.009351	0.009221	0.009286	0.259325	0.171610	0.206541	3
1.00	0.259325	0.173810	0.208125	0.009351	0.009221	0.009286	0.259325	0.171610	0.206541	3
1.00	0.259325	0.173810	0.208125	0.009351	0.009221	0.009286	0.259325	0.171610	0.206541	3
1.00	0.264654	0.177381	0.212402	0.009363	0.009317	0.009340	0.264654	0.176051	0.211446	3
1.00	0.264654	0.177381	0.212402	0.009044	0.009273	0.009157	0.264654	0.176939	0.212085	3
1.00	0.262877	0.176190	0.210976	0.008745	0.009152	0.008944	0.262877	0.176939	0.211512	3
1.00	0.269982	0.180952	0.216679	0.008683	0.009280	0.008971	0.269982	0.183156	0.218250	3
1.00	0.273535	0.183333	0.219530	0.008711	0.009344	0.009017	0.273535	0.185820	0.221303	3
1.00	0.275311	0.184524	0.220955	0.008728	0.009376	0.009040	0.275311	0.187596	0.223143	3
1.00	0.278863	0.186905	0.223806	0.008758	0.009440	0.009086	0.278863	0.190260	0.226195	3
1.00	0.280639	0.188095	0.225232	0.008777	0.009472	0.009111	0.280639	0.192037	0.228034	3
1.00	0.285968	0.191667	0.229508	0.008611	0.009568	0.009064	0.285968	0.197365	0.233546	3
1.00	0.287744	0.192857	0.230934	0.008266	0.009600	0.008883	0.287744	0.198253	0.234759	3
1.00	0.294849	0.197619	0.236636	0.016148	0.009744	0.012154	0.294849	0.204470	0.241480	4
1.00	0.312611	0.209524	0.250891	0.016071	0.010111	0.012412	0.312611	0.220456	0.258568	4
1.00	0.326821	0.219048	0.262295	0.015951	0.010322	0.012534	0.326821	0.235850	0.273981	4
1.00	0.330373	0.221429	0.265146	0.015762	0.010297	0.012456	0.330373	0.241474	0.279014	4
1.00	0.332149	0.222619	0.266572	0.023288	0.010518	0.014491	0.332149	0.244139	0.281423	5
1.00	0.340426	0.228571	0.273504	0.031163	0.011297	0.016583	0.339254	0.250355	0.288103	6
1.00	0.341593	0.229762	0.274733	0.031023	0.012507	0.017827	0.339254	0.251243	0.288690	6
1.00	0.339823	0.228571	0.273310	0.030922	0.012386	0.017687	0.337478	0.251539	0.288239	6
1.00	0.339823	0.228571	0.273310	0.030836	0.012386	0.017673	0.337478	0.251539	0.288239	6
1.01	0.351590	0.236905	0.283073	0.030969	0.012654	0.017967	0.348135	0.261308	0.298537	6
1.01	0.349823	0.235714	0.281650	0.030829	0.012578	0.017866	0.346359	0.260420	0.297304	6
1.01	0.353357	0.238095	0.284495	0.030792	0.012642	0.017925	0.349911	0.263085	0.300349	6
1.01	0.355124	0.239286	0.285917	0.030738	0.012674	0.017948	0.351687	0.263973	0.301582	6
1.01	0.356890	0.240476	0.287340	0.030792	0.012706	0.017989	0.353464	0.265749	0.303394	6
1.01	0.358657	0.241667	0.288762	0.030845	0.012782	0.018075	0.355240	0.266637	0.304627	6
1.01	0.358657	0.241667	0.288762	0.030811	0.012782	0.018069	0.355240	0.266637	0.304627	6
1.01	0.360424	0.242857	0.290185	0.030747	0.012830	0.018105	0.357016	0.267525	0.305859	6
1.01	0.362191	0.244048	0.291607	0.030763	0.012862	0.018140	0.358792	0.269301	0.307671	5
1.01	0.357394	0.241667	0.288352	0.023020	0.012578	0.016268	0.353464	0.266637	0.303972	4
1.01	0.349123	0.236905	0.282269	0.023043	0.012450	0.016166	0.344583	0.261308	0.297223	4
1.01	0.343257	0.233333	0.277817	0.023019	0.012354	0.016079	0.338366	0.255980	0.291463	4
1.02	0.341463	0.233333	0.277228	0.023046	0.012354	0.016085	0.335702	0.255980	0.290470	4
1.02	0.344887	0.236905	0.280875	0.023100	0.012526	0.016244	0.337478	0.258052	0.292468	4
1.03	0.345423	0.238095	0.281889	0.023206	0.012589	0.016323	0.337478	0.258940	0.293038	4
1.03	0.346552	0.239286	0.283099	0.022319	0.012681	0.016173	0.338366	0.260716	0.294509	4
1.03	0.346552	0.239286	0.283099	0.022364	0.012681	0.016185	0.338366	0.260716	0.294509	4
1.03	0.337931	0.233333	0.276056	0.022415	0.012521	0.016067	0.329485	0.251835	0.285474	4
1.03	0.341379	0.235714	0.278873	0.022032	0.012616	0.016045	0.333037	0.253612	0.287948	4
1.03	0.343103	0.236905	0.280282	0.022154	0.012664	0.016116	0.334814	0.254500	0.289184	4
1.03	0.343696	0.236905	0.280479	0.022157	0.012664	0.016117	0.335702	0.254500	0.289515	4
1.02	0.343154	0.235714	0.279464	0.022161	0.012013	0.015580	0.336590	0.253612	0.289268	4
1.02	0.347295	0.236905	0.281670	0.022194	0.012045	0.015615	0.341918	0.255388	0.292385	4
1.02	0.349650	0.238095	0.283286	0.022302	0.012093	0.015682	0.344583	0.257164	0.294523	4
1.01	0.355517	0.241667	0.287739	0.021891	0.012189	0.015659	0.350799	0.261605	0.299706	4
1.01	0.355517	0.241667	0.287739	0.021891	0.012189	0.015659	0.350799	0.261605	0.299706	4
1.02	0.356643	0.242857	0.288952	0.021891	0.012840	0.016186	0.350799	0.262493	0.300288	4
1.02	0.353147	0.240476	0.286119	0.022133	0.012745	0.016175	0.347247	0.259828	0.297243	4
1.02	0.356643	0.242857	0.288952	0.022167	0.012809	0.016236	0.350799	0.263381	0.300869	4
1.01	0.359649	0.244048	0.290780	0.021800	0.012856	0.016174	0.354352	0.265157	0.303333	4
1.01	0.367958	0.248810	0.296875	0.021759	0.013031	0.016300	0.363233	0.269597	0.309488	4
1.01	0.375661	0.253571	0.302772	0.021994	0.013222	0.016515	0.371226	0.273150	0.314724	4
1.01	0.392226	0.264286	0.315789	0.021752	0.013485	0.016649	0.388988	0.287359	0.330538	4
1.01	0.395760	0.266667	0.318634	0.021788	0.013565	0.016720	0.392540	0.290912	0.334170	4
1.01	0.395062	0.266667	0.318408	0.022103	0.013570	0.016816	0.391652	0.289136	0.332675	5
1.01	0.396127	0.267857	0.319602	0.021710	0.013604	0.016727	0.392540	0.289136	0.332995	5
1.01	0.394366	0.266667	0.318182	0.021605	0.013527	0.016638	0.390764	0.288247	0.331767	5
1.01	0.401754	0.272619	0.324823	0.021890	0.013708	0.016858	0.397869	0.293576	0.337857	5
1.01	0.419298	0.284524	0.339007	0.021666	0.014137	0.017110	0.415631	0.306898	0.353082	5
1.01	0.422807	0.286905	0.341844	0.021454	0.014172	0.017069	0.419183	0.309562	0.356128	5
1.02	0.436300	0.297619	0.353857	0.021357	0.015173	0.017742	0.431616	0.320574	0.367899	5
1.02	0.438261	0.300000	0.356184	0.021346	0.015872	0.018206	0.432504	0.322351	0.369390	5
1.02	0.440000	0.301190	0.357597	0.021379	0.015919	0.018250	0.434281	0.324127	0.371204	5
1.02	0.441739	0.302381	0.359011	0.029198	0.016376	0.020983	0.436057	0.325015	0.372435	6
1.02	0.440000	0.301190	0.357597	0.029206	0.016533	0.021114	0.434281	0.323239	0.370621	6
1.02	0.437063	0.297619	0.354108	0.029355	0.016390	0.021035	0.431616	0.321107	0.368250	6
1.02	0.433566	0.295238	0.351275	0.029496	0.016308	0.021003	0.428064	0.318443	0.365205	6
1.02	0.424825	0.289286	0.344193	0.029385	0.016070	0.020777	0.419183	0.312226	0.357884	6
1.01	0.422067	0.286905	0.341602	0.029464	0.015770	0.020544	0.416519	0.310450	0.355746	6
1.01	0.420315	0.285714	0.340184	0.029747	0.015751	0.020596	0.414742	0.309562	0.354515	6
1.01	0.410526	0.278571	0.331915	0.029416	0.015523	0.020322	0.404973	0.303345	0.346869	7
1.01	0.406305	0.276190	0.328845	0.031838	0.015581	0.020922	0.399645	0.300681	0.343170	7
1.02	0.400350	0.272619	0.324363	0.031739	0.015469	0.020800	0.393428	0.295352	0.337408	7
1.02	0.398955	0.272619	0.323904	0.031083	0.015469	0.020658	0.391652	0.295056	0.336560	7
1.03	0.397237	0.273810	0.324172	0.031289	0.015575	0.020797	0.387211	0.294464	0.334528	7
1.04	0.396226	0.275000	0.324666	0.031397	0.015667	0.020903	0.384547	0.294168	0.333340	7
1.04	0.384354	0.269048	0.316527	0.031814	0.015460	0.020808	0.371226	0.287063	0.323764	7
1.05	0.383051	0.269048	0.316084	0.033125	0.015613	0.021222	0.368561	0.287951	0.323308	7
1.05	0.372881	0.261905	0.307692	0.033001	0.015371	0.020974	0.357904	0.279070	0.313609	7
1.05	0.370558	0.260714	0.306080	0.032460	0.015339	0.020834	0.355240	0.277294	0.311465	7
1.05	0.367797	0.258333	0.303496	0.032625	0.015244	0.020779	0.353464	0.275814	0.309848	7
1.05	0.350847	0.246429	0.289510	0.032311	0.014877	0.020373	0.335702	0.263381	0.295176	7
1.04	0.348639	0.244048	0.287115	0.032079	0.014782	0.020238	0.335702	0.262197	0.294431	7
1.04	0.345238	0.241667	0.284314	0.031885	0.014702	0.020125	0.332149	0.259532	0.291385	7
1.04	0.345238	0.241667	0.284314	0.031885	0.014702	0.020125	0.332149	0.259532	0.291385	7
1.04	0.347603	0.241667	0.285112	0.032351	0.014702	0.020217	0.335702	0.260420	0.293308	8
1.04	0.356164	0.247619	0.292135	0.032350	0.014862	0.020367	0.344583	0.267525	0.301204	8
1.02	0.367418	0.252381	0.299224	0.031043	0.014824	0.020066	0.359680	0.273150	0.310499	8
1.02	0.377816	0.259524	0.307692	0.030694	0.015065	0.020211	0.370337	0.281143	0.319634	8
1.02	0.397906	0.271429	0.322718	0.031819	0.015453	0.020803	0.390764	0.293576	0.335269	7
1.02	0.412587	0.280952	0.334278	0.031797	0.015803	0.021112	0.405861	0.305121	0.348354	7
1.02	0.419580	0.285714	0.339943	0.031972	0.015977	0.021307	0.412966	0.310154	0.354251	7
1.01	0.420315	0.285714	0.340184	0.031675	0.015917	0.021188	0.413854	0.312226	0.355928	7
1.02	0.426573	0.290476	0.345609	0.031824	0.015859	0.021169	0.420071	0.316371	0.360920	7
1.02	0.419580	0.285714	0.339943	0.032994	0.015668	0.021247	0.412966	0.311338	0.355022	7
1.02	0.421329	0.286905	0.341360	0.034208	0.016645	0.022393	0.414742	0.313114	0.356833	7
1.02	0.417832	0.284524	0.338527	0.034071	0.016579	0.022304	0.411190	0.310450	0.353788	7
1.02	0.417103	0.284524	0.338287	0.036977	0.015679	0.022020	0.409414	0.309266	0.352362	7
1.02	0.414634	0.283333	0.336634	0.037071	0.015631	0.021990	0.406750	0.308378	0.350798	7
1.02	0.413913	0.283333	0.336396	0.037378	0.015631	0.022044	0.405861	0.308378	0.350467	7
1.02	0.414931	0.284524	0.337571	0.037368	0.015679	0.022089	0.406750	0.310154	0.351944	7
1.03	0.413081	0.285714	0.337790	0.037247	0.015815	0.022203	0.402309	0.309562	0.349894	7
1.04	0.412671	0.286905	0.338483	0.037310	0.015879	0.022277	0.401421	0.309562	0.349557	7
1.05	0.409168	0.286905	0.337299	0.037135	0.015879	0.022245	0.396980	0.309562	0.347863	7
1.05	0.415541	0.292857	0.343575	0.034669	0.016889	0.022713	0.402309	0.314002	0.352713	7
1.06	0.407035	0.289286	0.338205	0.034485	0.016777	0.022572	0.392540	0.308378	0.345406	7
1.07	0.409318	0.292857	0.341430	0.034621	0.016904	0.022717	0.394316	0.311042	0.347763	6
1.08	0.401639	0.291667	0.337931	0.035102	0.017069	0.022969	0.382771	0.309858	0.342477	6
1.09	0.397709	0.289286	0.334941	0.027340	0.016785	0.020800	0.378330	0.306305	0.338529	5
1.09	0.393791	0.286905	0.331956	0.027578	0.016766	0.020854	0.373002	0.300977	0.333141	5
1.09	0.396748	0.290476	0.335395	0.026428	0.017543	0.021088	0.375370	0.303345	0.335536	6
1.09	0.397727	0.291667	0.336538	0.026458	0.017591	0.021132	0.375370	0.304233	0.336079	6
1.10	0.396440	0.291667	0.336077	0.025492	0.017591	0.020817	0.374186	0.304233	0.335603	6
1.10	0.394525	0.291667	0.335387	0.025066	0.017622	0.020695	0.371522	0.302812	0.333666	6
1.10	0.390675	0.289286	0.332421	0.024941	0.017558	0.020608	0.367081	0.301036	0.330794	6
1.11	0.387821	0.288095	0.330601	0.024623	0.017555	0.020497	0.363529	0.298076	0.327565	6
1.11	0.384000	0.285714	0.327645	0.024890	0.017460	0.020523	0.359088	0.296300	0.324686	6
1.11	0.383387	0.285714	0.327422	0.024738	0.017460	0.020471	0.358200	0.296300	0.324323	6
1.10	0.385852	0.285714	0.328317	0.025456	0.017552	0.020778	0.361753	0.298017	0.326806	6
1.11	0.390048	0.289286	0.332194	0.026380	0.017985	0.021388	0.364417	0.300681	0.329495	6
1.11	0.390048	0.289286	0.332194	0.034298	0.018174	0.023759	0.364417	0.300977	0.329673	7
1.10	0.387460	0.286905	0.329685	0.033623	0.018079	0.023514	0.363529	0.298313	0.327708	7
1.10	0.385484	0.284524	0.327397	0.033715	0.018325	0.023744	0.360864	0.296536	0.325553	7
1.10	0.379645	0.279762	0.322138	0.033106	0.018134	0.023433	0.355832	0.292984	0.321364	7
1.10	0.375806	0.277381	0.319178	0.032802	0.018039	0.023277	0.352279	0.291208	0.318846	8
1.10	0.376013	0.276190	0.318463	0.032913	0.017976	0.023252	0.352575	0.291208	0.318967	8
1.10	0.380259	0.279762	0.322359	0.033150	0.018256	0.023545	0.356128	0.295648	0.323082	8
1.09	0.386992	0.283333	0.327148	0.033260	0.018230	0.023552	0.364121	0.298905	0.328305	8
1.09	0.388618	0.284524	0.328522	0.033271	0.017998	0.023359	0.365897	0.302457	0.331166	8
1.09	0.391870	0.286905	0.331271	0.033003	0.018077	0.023360	0.369449	0.305121	0.334218	8
1.09	0.394137	0.288095	0.332875	0.033568	0.018125	0.023540	0.371226	0.306009	0.335477	8
1.09	0.394137	0.288095	0.332875	0.033568	0.018125	0.023540	0.371226	0.306009	0.335477	8
1.09	0.392508	0.286905	0.331499	0.033523	0.018077	0.023489	0.369449	0.305121	0.334218	8
1.09	0.390523	0.284524	0.329201	0.033108	0.017677	0.023048	0.369449	0.303345	0.333150	9
1.09	0.389525	0.283333	0.328050	0.033647	0.017629	0.023136	0.368561	0.302457	0.332253	9
1.08	0.392447	0.284524	0.329883	0.034199	0.017677	0.023307	0.372114	0.303345	0.334229	9
1.09	0.400982	0.291667	0.337698	0.034260	0.017963	0.023568	0.380995	0.310450	0.342124	9
1.08	0.402961	0.291667	0.338398	0.033161	0.017657	0.023044	0.385435	0.312226	0.344990	9
1.08	0.406557	0.295238	0.342069	0.033183	0.017152	0.022615	0.391356	0.315779	0.349528	9
1.09	0.417618	0.304762	0.352374	0.033351	0.017518	0.022970	0.401717	0.324364	0.358920	10
1.09	0.428339	0.313095	0.361761	0.033439	0.017820	0.023250	0.412078	0.334133	0.369034	10
1.09	0.442088	0.322619	0.373021	0.033715	0.018156	0.023602	0.427176	0.343902	0.381042	10
1.09	0.442997	0.323810	0.374140	0.034414	0.018175	0.023787	0.427472	0.345678	0.382248	11
1.10	0.445705	0.327381	0.377488	0.034479	0.018302	0.023912	0.430136	0.350118	0.386024	11
1.09	0.451140	0.329762	0.381018	0.034474	0.017732	0.023418	0.437241	0.356335	0.392664	11
1.09	0.455285	0.333333	0.384880	0.033687	0.017843	0.023329	0.441681	0.361664	0.397687	11
1.09	0.458537	0.335714	0.387629	0.033785	0.018114	0.023584	0.445234	0.363440	0.400200	12
1.09	0.458537	0.335714	0.387629	0.033210	0.018289	0.023588	0.446714	0.363440	0.400797	12
1.09	0.459150	0.334524	0.387052	0.033088	0.018229	0.023507	0.447602	0.360480	0.399344	12
1.09	0.459150	0.334524	0.387052	0.033196	0.018333	0.023621	0.446714	0.358703	0.397900	12
1.09	0.455139	0.332143	0.384033	0.033152	0.018269	0.023557	0.442273	0.355151	0.393953	12
1.09	0.455139	0.332143	0.384033	0.033152	0.018269	0.023557	0.442273	0.355151	0.393953	12
1.09	0.456770	0.333333	0.385410	0.033710	0.018470	0.023864	0.443162	0.356039	0.394852	12
1.09	0.456770	0.333333	0.385410	0.033705	0.018470	0.023863	0.442570	0.356039	0.394616	12
1.09	0.456911	0.334524	0.386254	0.034133	0.018670	0.024137	0.441681	0.356927	0.394807	12
1.10	0.455429	0.334524	0.385724	0.034109	0.019289	0.024642	0.439017	0.356039	0.393198	12
1.10	0.457050	0.335714	0.387097	0.034131	0.019337	0.024687	0.440793	0.357815	0.394993	12
1.10	0.455429	0.334524	0.385724	0.034143	0.019305	0.024664	0.439017	0.356039	0.393198	11
1.10	0.453958	0.334524	0.385195	0.041498	0.019626	0.026648	0.436649	0.355151	0.391706	12
1.10	0.454839	0.335714	0.386301	0.041853	0.019826	0.026906	0.436649	0.356039	0.392245	12
1.10	0.457327	0.338095	0.388775	0.041935	0.019921	0.027011	0.439313	0.358407	0.394757	12
1.11	0.452648	0.335714	0.385509	0.041802	0.019857	0.026924	0.433985	0.354855	0.390451	12
1.11	0.447833	0.332143	0.381408	0.041766	0.019745	0.026814	0.428656	0.349526	0.385068	12
1.11	0.444623	0.329762	0.378674	0.041727	0.020282	0.027297	0.424215	0.346270	0.381300	12
1.11	0.444089	0.330952	0.379263	0.042228	0.020620	0.027709	0.421551	0.347158	0.380755	12
1.12	0.439490	0.328571	0.376022	0.042353	0.020662	0.027774	0.415335	0.344494	0.376612	12
1.12	0.435612	0.326190	0.373043	0.042066	0.020414	0.027488	0.411782	0.343014	0.374265	12
1.12	0.434231	0.326190	0.372536	0.042386	0.020451	0.027590	0.408230	0.341829	0.372090	12
1.12	0.427892	0.321429	0.367097	0.042096	0.020139	0.027244	0.402013	0.336501	0.366351	11
1.12	0.428797	0.322619	0.368207	0.042311	0.020339	0.027472	0.402013	0.337389	0.366877	11
1.12	0.425633	0.320238	0.365489	0.042422	0.020304	0.027464	0.398461	0.333837	0.363297	11
1.12	0.424051	0.319048	0.364130	0.042435	0.020301	0.027464	0.396684	0.331764	0.361332	11
1.12	0.420635	0.315476	0.360544	0.042358	0.020158	0.027317	0.393132	0.327324	0.357222	10
1.12	0.415873	0.311905	0.356463	0.042201	0.019987	0.027126	0.387803	0.324956	0.353609	10
1.12	0.416534	0.311905	0.356705	0.042350	0.019987	0.027157	0.388692	0.324956	0.353977	10
1.12	0.413355	0.309524	0.353982	0.042309	0.019716	0.026898	0.385139	0.321107	0.350220	10
1.12	0.414286	0.310714	0.355102	0.042438	0.019916	0.027110	0.385139	0.321995	0.350748	10
1.12	0.416534	0.311905	0.356705	0.042553	0.019979	0.027192	0.387803	0.323771	0.352906	10
1.12	0.419048	0.314286	0.359184	0.042840	0.020243	0.027494	0.389580	0.324068	0.353817	10
1.12	0.414944	0.310714	0.355344	0.042866	0.020116	0.027382	0.385435	0.319627	0.349460	11
1.12	0.413355	0.309524	0.353982	0.042836	0.020068	0.027332	0.383659	0.317851	0.347668	11
1.12	0.409524	0.307143	0.351020	0.042979	0.020125	0.027414	0.378330	0.314298	0.343355	11
1.12	0.410175	0.307143	0.351259	0.042889	0.020125	0.027396	0.379218	0.314298	0.343720	11

Mon Sep  6 09:02:49 2021
58.79	0.017860	0.654206	0.034771	0.010991	0.112330	0.020022	0.017993	0.670167	0.035044	124
52.22	0.018162	0.635714	0.035315	0.010365	0.146736	0.019362	0.018247	0.669805	0.035526	125
45.75	0.019412	0.595238	0.037598	0.010474	0.131392	0.019401	0.019487	0.633777	0.037811	122
39.54	0.020889	0.553571	0.040258	0.010705	0.117120	0.019618	0.021134	0.597602	0.040824	121
33.23	0.022931	0.510714	0.043892	0.010592	0.098750	0.019132	0.023372	0.560006	0.044872	119
27.69	0.024820	0.460714	0.047103	0.011644	0.091100	0.020649	0.025298	0.508200	0.048197	117
22.57	0.025494	0.385714	0.047826	0.012958	0.074816	0.022090	0.026112	0.426436	0.049211	115
18.11	0.026873	0.326190	0.049656	0.013313	0.062502	0.021951	0.028028	0.359532	0.052002	109
14.28	0.029236	0.279762	0.052940	0.010759	0.048940	0.017640	0.031241	0.312019	0.056796	102
11.16	0.032479	0.242857	0.057295	0.009976	0.040932	0.016042	0.036311	0.272054	0.064070	101
8.70	0.036531	0.213095	0.062369	0.013697	0.034207	0.019561	0.041224	0.237715	0.070262	92
6.71	0.040519	0.182143	0.066291	0.008831	0.026524	0.013250	0.045655	0.204855	0.074669	85
5.02	0.047400	0.159524	0.073084	0.008368	0.021046	0.011975	0.055115	0.178804	0.084258	79
3.77	0.053647	0.135714	0.076897	0.007561	0.011384	0.009086	0.061017	0.153345	0.087298	66
2.69	0.066579	0.120238	0.085702	0.007697	0.007289	0.007487	0.076660	0.135879	0.098019	61
1.94	0.083333	0.108333	0.094203	0.008319	0.006216	0.007115	0.089964	0.121670	0.103442	54
1.49	0.101311	0.101190	0.101251	0.008880	0.006015	0.007172	0.114269	0.114565	0.114417	49
1.20	0.122600	0.098810	0.109427	0.009290	0.005871	0.007195	0.129218	0.110124	0.118910	40
1.08	0.144975	0.104762	0.121631	0.009604	0.006121	0.007476	0.147425	0.115453	0.129495	36
1.02	0.159445	0.109524	0.129852	0.009184	0.006214	0.007413	0.160746	0.120485	0.137734	33
1.02	0.181818	0.123810	0.147309	0.008744	0.006247	0.007287	0.182948	0.137063	0.156716	34
1.01	0.197531	0.133333	0.159204	0.008024	0.006330	0.007077	0.198046	0.144227	0.166906	34
1.00	0.214159	0.144048	0.172242	0.008108	0.006707	0.007341	0.214032	0.157845	0.181694	34
1.00	0.234043	0.157143	0.188034	0.007982	0.007282	0.007616	0.233570	0.170278	0.196965	33
1.00	0.251773	0.169048	0.202279	0.008353	0.007959	0.008151	0.251332	0.180639	0.210201	30
1.00	0.264184	0.177381	0.212251	0.008334	0.008317	0.008325	0.263766	0.191889	0.222158	26
1.00	0.276596	0.185714	0.222222	0.007856	0.008462	0.008148	0.276199	0.203434	0.234297	24
1.00	0.285461	0.191667	0.229345	0.007843	0.008756	0.008274	0.285080	0.209355	0.241418	19
1.00	0.294326	0.197619	0.236467	0.007882	0.009094	0.008445	0.293961	0.214535	0.248045	16
1.00	0.300178	0.201190	0.240912	0.008164	0.009368	0.008725	0.300178	0.217496	0.252234	15
1.00	0.296625	0.198810	0.238061	0.008566	0.009304	0.008920	0.296625	0.213943	0.248589	12
1.00	0.294849	0.197619	0.236636	0.009807	0.009317	0.009556	0.294849	0.210983	0.245963	11
1.00	0.293073	0.196429	0.235210	0.011072	0.009285	0.010100	0.293073	0.209207	0.244138	9
1.00	0.291297	0.195238	0.233785	0.014974	0.009297	0.011472	0.291297	0.207430	0.242312	7
1.00	0.289520	0.194048	0.232359	0.015038	0.009310	0.011500	0.289520	0.204470	0.239674	6
1.00	0.285968	0.191667	0.229508	0.015086	0.009290	0.011499	0.285968	0.200918	0.236014	4
1.00	0.282416	0.189286	0.226657	0.015086	0.009271	0.011484	0.282416	0.197365	0.232352	4
1.00	0.282416	0.189286	0.226657	0.015385	0.009360	0.011639	0.282416	0.195589	0.231117	3
1.00	0.280639	0.188095	0.225232	0.007445	0.009115	0.008196	0.280639	0.195589	0.230520	2
1.00	0.284192	0.190476	0.228083	0.007309	0.009179	0.008138	0.284192	0.199141	0.234184	2
1.00	0.289520	0.194048	0.232359	0.007325	0.009275	0.008185	0.289520	0.204470	0.239674	2
1.00	0.289520	0.194048	0.232359	0.007382	0.009275	0.008221	0.289520	0.204470	0.239674	2
1.00	0.291297	0.195238	0.233785	0.007405	0.009307	0.008248	0.291297	0.206246	0.241502	2
1.00	0.293073	0.196429	0.235210	0.007323	0.009295	0.008192	0.293073	0.208022	0.243330	2
1.00	0.300178	0.201190	0.240912	0.007361	0.009423	0.008265	0.300178	0.214239	0.250030	2
1.00	0.301954	0.202381	0.242338	0.007151	0.009366	0.008110	0.301954	0.216311	0.252056	2
1.00	0.307282	0.205952	0.246614	0.007173	0.009462	0.008160	0.307282	0.221640	0.257528	2
1.00	0.305506	0.204762	0.245189	0.006944	0.009385	0.007982	0.305506	0.221048	0.256504	2
1.00	0.305506	0.204762	0.245189	0.014586	0.009509	0.011513	0.305506	0.221048	0.256504	3
1.00	0.305506	0.204762	0.245189	0.014586	0.009509	0.011513	0.305506	0.221048	0.256504	3
1.00	0.305506	0.204762	0.245189	0.014586	0.009509	0.011513	0.305506	0.221048	0.256504	3
1.00	0.305506	0.204762	0.245189	0.014624	0.009509	0.011524	0.305506	0.221048	0.256504	3
1.00	0.307282	0.205952	0.246614	0.014610	0.009541	0.011543	0.307282	0.222824	0.258325	3
1.00	0.312611	0.209524	0.250891	0.014683	0.009637	0.011636	0.312611	0.226377	0.262595	4
1.00	0.312611	0.209524	0.250891	0.014683	0.009637	0.011636	0.312611	0.226377	0.262595	4
1.00	0.314387	0.210714	0.252316	0.014705	0.009669	0.011667	0.314387	0.228153	0.264417	4
1.00	0.317940	0.213095	0.255168	0.014717	0.009733	0.011717	0.317940	0.231705	0.268058	4
1.00	0.325044	0.217857	0.260870	0.014769	0.009861	0.011826	0.325044	0.237922	0.274742	4
1.00	0.323268	0.216667	0.259444	0.014686	0.009740	0.011712	0.323268	0.238514	0.274498	4
1.00	0.323268	0.216667	0.259444	0.014689	0.009740	0.011713	0.323268	0.238514	0.274498	4
1.00	0.323268	0.216667	0.259444	0.014689	0.009740	0.011713	0.323268	0.238514	0.274498	4
1.00	0.323268	0.216667	0.259444	0.016208	0.009711	0.012145	0.323268	0.238514	0.274498	4
1.00	0.323268	0.216667	0.259444	0.014058	0.009698	0.011478	0.323268	0.238514	0.274498	4
1.00	0.328597	0.220238	0.263721	0.014006	0.009825	0.011549	0.328597	0.242066	0.278771	4
1.00	0.330373	0.221429	0.265146	0.014981	0.009830	0.011871	0.330373	0.241474	0.279014	4
1.00	0.342806	0.229762	0.275125	0.015496	0.010164	0.012276	0.342806	0.250059	0.289178	4
1.00	0.351687	0.235714	0.282252	0.014801	0.010402	0.012218	0.351687	0.256276	0.296495	4
1.00	0.351687	0.235714	0.282252	0.014603	0.010402	0.012150	0.351687	0.256276	0.296495	4
1.00	0.355240	0.238095	0.285103	0.014714	0.010482	0.012242	0.355240	0.258940	0.299540	4
1.00	0.356383	0.239286	0.286325	0.014691	0.010514	0.012256	0.357016	0.260716	0.301360	4
1.00	0.356383	0.239286	0.286325	0.014691	0.010514	0.012256	0.357016	0.260716	0.301360	4
1.00	0.354610	0.238095	0.284900	0.014695	0.010466	0.012225	0.355240	0.259828	0.300134	4
1.00	0.356383	0.239286	0.286325	0.014519	0.010632	0.012275	0.357016	0.259236	0.300369	4
1.00	0.341030	0.228571	0.273699	0.014847	0.010294	0.012158	0.341030	0.247691	0.286961	4
1.00	0.336879	0.226190	0.270655	0.014506	0.010228	0.011997	0.337478	0.245027	0.283916	4
1.00	0.333333	0.223810	0.267806	0.014380	0.010238	0.011960	0.333925	0.240586	0.279674	4
1.00	0.328014	0.220238	0.263533	0.014317	0.010142	0.011873	0.328597	0.235258	0.274202	4
1.00	0.320922	0.215476	0.257835	0.013926	0.009998	0.011639	0.321492	0.228153	0.266897	4
1.00	0.321492	0.215476	0.258019	0.014298	0.009998	0.011767	0.321492	0.228153	0.266897	4
1.00	0.326821	0.219048	0.262295	0.014492	0.010110	0.011910	0.326821	0.233481	0.272376	4
1.00	0.333925	0.223810	0.267997	0.014834	0.010269	0.012136	0.333925	0.240586	0.279673	4
1.00	0.348135	0.233333	0.279401	0.015239	0.010530	0.012454	0.348135	0.251243	0.291858	4
1.00	0.365897	0.245238	0.293656	0.015254	0.010868	0.012692	0.365897	0.267525	0.309072	4
1.00	0.374778	0.251190	0.300784	0.015339	0.010999	0.012811	0.374778	0.276406	0.318162	4
1.00	0.371226	0.248810	0.297933	0.015149	0.010801	0.012611	0.371226	0.275814	0.316485	5
1.00	0.371226	0.248810	0.297933	0.015149	0.010801	0.012611	0.371226	0.275814	0.316485	5
1.00	0.373002	0.250000	0.299359	0.015689	0.010878	0.012848	0.373002	0.277590	0.318300	5
1.00	0.369449	0.247619	0.296508	0.015938	0.010798	0.012874	0.369449	0.274038	0.314670	5
1.00	0.365897	0.245238	0.293656	0.016480	0.010732	0.012999	0.365897	0.271374	0.311625	4
1.00	0.365897	0.245238	0.293656	0.016443	0.010732	0.012987	0.365897	0.271374	0.311625	4
1.00	0.367673	0.246429	0.295082	0.017758	0.010750	0.013393	0.367673	0.272262	0.312855	4
1.00	0.374778	0.251190	0.300784	0.017926	0.010910	0.013564	0.374778	0.278478	0.319530	4
1.00	0.371226	0.248810	0.297933	0.017698	0.010890	0.013483	0.371226	0.274630	0.315704	4
1.00	0.369449	0.247619	0.296508	0.017832	0.010947	0.013566	0.369449	0.271078	0.312710	4
1.00	0.362345	0.242857	0.290805	0.017878	0.010908	0.013549	0.362345	0.262197	0.304241	4
1.00	0.362345	0.242857	0.290805	0.016864	0.010984	0.013303	0.362345	0.261012	0.303442	4
1.00	0.367673	0.246429	0.295082	0.017120	0.011158	0.013511	0.367673	0.261368	0.305538	4
1.00	0.365897	0.245238	0.293656	0.017115	0.011142	0.013497	0.365897	0.259591	0.303711	4
1.00	0.357016	0.239286	0.286529	0.017005	0.010982	0.013345	0.357016	0.250710	0.294566	4
1.00	0.346359	0.232143	0.277976	0.016887	0.010743	0.013132	0.346359	0.240941	0.284189	4
1.00	0.342806	0.229762	0.275125	0.017076	0.010663	0.013128	0.342806	0.239165	0.281757	4
1.00	0.338652	0.227381	0.272080	0.016987	0.010612	0.013064	0.337478	0.235613	0.277492	4
1.00	0.336879	0.226190	0.270655	0.016294	0.010565	0.012818	0.335702	0.234725	0.276276	4
1.00	0.338652	0.227381	0.272080	0.016533	0.010641	0.012948	0.337478	0.235317	0.277287	4
1.00	0.341593	0.229762	0.274733	0.024306	0.011280	0.015409	0.339254	0.239165	0.280550	5
1.00	0.341593	0.229762	0.274733	0.024088	0.011249	0.015336	0.339254	0.240586	0.281525	5
1.01	0.346290	0.233333	0.278805	0.023704	0.011345	0.015345	0.344583	0.245915	0.287005	5
1.01	0.343915	0.232143	0.277185	0.023352	0.011281	0.015213	0.342806	0.245915	0.286387	6
1.01	0.346760	0.235714	0.280652	0.023015	0.011391	0.015239	0.346359	0.250947	0.291033	6
1.02	0.345486	0.236905	0.281073	0.022645	0.011363	0.015132	0.348135	0.253612	0.293449	6
1.03	0.346021	0.238095	0.282087	0.022525	0.011379	0.015120	0.349911	0.255388	0.295269	7
1.03	0.340206	0.235714	0.278481	0.022610	0.011313	0.015080	0.345471	0.253908	0.292695	7
1.04	0.339623	0.235714	0.278285	0.022860	0.011465	0.015272	0.345471	0.254204	0.292892	7
1.03	0.340206	0.235714	0.278481	0.022856	0.011465	0.015271	0.346359	0.254204	0.293211	6
1.03	0.338488	0.234524	0.277075	0.022734	0.011418	0.015201	0.344583	0.253612	0.292180	6
1.03	0.338488	0.234524	0.277075	0.022734	0.011418	0.015201	0.344583	0.253612	0.292180	6
1.04	0.337907	0.234524	0.276880	0.022703	0.011418	0.015194	0.344583	0.253612	0.292180	6
1.04	0.338462	0.235714	0.277895	0.022961	0.011618	0.015429	0.344583	0.254500	0.292768	6
1.04	0.338462	0.235714	0.277895	0.023033	0.011589	0.015420	0.344583	0.253316	0.291983	6
1.04	0.341297	0.238095	0.280505	0.023088	0.011669	0.015502	0.346359	0.255684	0.294193	6
1.04	0.339590	0.236905	0.279102	0.022998	0.011592	0.015415	0.344583	0.254796	0.292964	6
1.04	0.344710	0.240476	0.283310	0.023208	0.011735	0.015588	0.349911	0.257460	0.296649	6
1.04	0.351536	0.245238	0.288920	0.023456	0.011926	0.015812	0.357016	0.261604	0.301952	6
1.04	0.356048	0.248810	0.292922	0.023259	0.012069	0.015891	0.361456	0.264269	0.305315	7
1.04	0.354949	0.247619	0.291725	0.022982	0.011963	0.015735	0.361456	0.263677	0.304920	7
1.04	0.358974	0.250000	0.294737	0.023093	0.012058	0.015844	0.365009	0.267229	0.308558	7
1.04	0.363014	0.252381	0.297753	0.022949	0.012138	0.015878	0.368561	0.269893	0.311603	7
1.03	0.372852	0.258333	0.305204	0.022806	0.012345	0.016019	0.377442	0.277886	0.320102	7
1.03	0.383420	0.264286	0.312896	0.022709	0.012505	0.016129	0.386323	0.285879	0.328597	7
1.03	0.389273	0.267857	0.317348	0.022753	0.012617	0.016232	0.391652	0.290320	0.333457	7
1.02	0.396880	0.272619	0.323218	0.022789	0.012745	0.016347	0.398757	0.297425	0.340716	7
1.02	0.400347	0.275000	0.326041	0.022924	0.012869	0.016484	0.401421	0.299556	0.343087	7
1.02	0.406957	0.278571	0.330742	0.022928	0.012876	0.016491	0.406750	0.306069	0.349299	8
1.02	0.420593	0.286905	0.341118	0.022394	0.013025	0.016471	0.420959	0.317614	0.362056	8
1.02	0.430070	0.292857	0.348442	0.022371	0.013203	0.016606	0.429840	0.322943	0.368801	8
1.02	0.436300	0.297619	0.353857	0.022576	0.013940	0.017236	0.436057	0.327087	0.373792	8
1.02	0.437282	0.298810	0.355021	0.022605	0.014016	0.017303	0.436057	0.327975	0.374371	8
1.02	0.435540	0.297619	0.353607	0.022640	0.014000	0.017301	0.434281	0.325311	0.371979	8
1.02	0.432056	0.295238	0.350778	0.022436	0.013781	0.017074	0.430728	0.323535	0.369514	8
1.02	0.418848	0.285714	0.339703	0.022742	0.013554	0.016985	0.416519	0.311101	0.356174	8
1.02	0.400697	0.273810	0.325318	0.022555	0.013213	0.016664	0.397869	0.296596	0.339848	7
1.02	0.387826	0.265476	0.315194	0.022867	0.012987	0.016566	0.384547	0.283866	0.326624	7
1.02	0.386482	0.265476	0.314749	0.022748	0.013060	0.016594	0.382771	0.281794	0.324611	7
1.03	0.378007	0.261905	0.309423	0.022420	0.013009	0.016465	0.377442	0.275577	0.318565	7
1.04	0.372014	0.259524	0.305750	0.022972	0.013113	0.016696	0.371226	0.272025	0.313976	7
1.05	0.368866	0.259524	0.304682	0.022809	0.013113	0.016653	0.369449	0.272025	0.313339	7
1.05	0.368866	0.259524	0.304682	0.022783	0.013097	0.016633	0.369449	0.272025	0.313339	7
1.05	0.364250	0.257143	0.301465	0.022680	0.013002	0.016529	0.365009	0.269361	0.309974	7
1.06	0.366387	0.259524	0.303833	0.023446	0.013234	0.016919	0.365897	0.272025	0.312054	7
1.06	0.368067	0.260714	0.305226	0.023742	0.013311	0.017058	0.367673	0.272617	0.313089	7
1.06	0.366387	0.259524	0.303833	0.023709	0.013263	0.017011	0.365897	0.270841	0.311274	7
1.06	0.368067	0.260714	0.305226	0.023481	0.013282	0.016967	0.367673	0.272913	0.313284	8
1.06	0.371429	0.263095	0.308014	0.023160	0.013362	0.016947	0.371226	0.275577	0.316329	8
1.06	0.377104	0.266667	0.312413	0.023024	0.014048	0.017449	0.376554	0.280906	0.321772	8
1.05	0.389545	0.275000	0.322401	0.023085	0.014288	0.017651	0.389876	0.292451	0.334208	9
1.05	0.398649	0.280952	0.329609	0.023053	0.015038	0.018202	0.398757	0.300444	0.342689	9
1.05	0.405405	0.285714	0.335196	0.023046	0.015197	0.018316	0.405861	0.306661	0.349355	9
1.05	0.424704	0.298810	0.350804	0.023182	0.015596	0.018647	0.424512	0.322647	0.366635	10
1.04	0.437819	0.305952	0.360196	0.022986	0.015746	0.018689	0.435169	0.333304	0.377485	10
1.04	0.452381	0.316667	0.372549	0.023042	0.016065	0.018931	0.450858	0.349290	0.393628	10
1.05	0.457627	0.321429	0.377622	0.021402	0.016225	0.018457	0.454411	0.354618	0.398360	10
1.05	0.466893	0.327381	0.384885	0.021430	0.016314	0.018525	0.464180	0.362907	0.407343	10
1.04	0.486348	0.339286	0.399719	0.021537	0.016667	0.018792	0.483718	0.375932	0.423068	9
1.05	0.483871	0.339286	0.398880	0.021766	0.017346	0.019307	0.480462	0.372972	0.419948	8
1.05	0.485569	0.340476	0.400280	0.021664	0.017334	0.019259	0.482238	0.374748	0.421752	8
1.04	0.488055	0.340476	0.401122	0.021482	0.017305	0.019169	0.483126	0.374748	0.422091	7
1.04	0.493174	0.344048	0.405330	0.021508	0.017401	0.019238	0.488455	0.379189	0.426942	7
1.04	0.493197	0.345238	0.406162	0.021506	0.017404	0.019239	0.488455	0.380817	0.427972	8
1.04	0.502555	0.351190	0.413455	0.021507	0.017549	0.019327	0.498224	0.389698	0.437329	8
1.04	0.498299	0.348810	0.410364	0.021417	0.017469	0.019243	0.495560	0.387478	0.434904	7
1.05	0.495756	0.347619	0.408677	0.021524	0.017437	0.019266	0.493783	0.385702	0.433101	7
1.05	0.491525	0.345238	0.405594	0.021642	0.017402	0.019292	0.490231	0.383037	0.430055	7
1.05	0.483980	0.341667	0.400558	0.021542	0.017288	0.019182	0.484902	0.379781	0.425952	7
1.06	0.480672	0.340476	0.398606	0.021663	0.017343	0.019263	0.483126	0.377709	0.423963	7
1.06	0.463987	0.329762	0.385525	0.021331	0.016961	0.018896	0.466252	0.364920	0.409409	7
1.06	0.451505	0.321429	0.375522	0.021489	0.016719	0.018806	0.452043	0.354263	0.397224	7
1.06	0.439799	0.313095	0.365786	0.021328	0.016492	0.018601	0.439609	0.343606	0.385724	7
1.06	0.441472	0.314286	0.367177	0.021493	0.016569	0.018713	0.441385	0.344494	0.386967	7
1.07	0.436667	0.311905	0.363889	0.021664	0.016534	0.018754	0.435169	0.340053	0.381776	7
1.07	0.431667	0.308333	0.359722	0.023172	0.016438	0.019232	0.429840	0.334725	0.376366	7
1.07	0.426667	0.304762	0.355556	0.023120	0.016342	0.019149	0.424512	0.330284	0.371516	7
1.07	0.420000	0.300000	0.350000	0.022915	0.016214	0.018991	0.417407	0.324068	0.364862	7
1.07	0.413333	0.295238	0.344444	0.023042	0.016086	0.018946	0.410302	0.318739	0.358771	7
1.07	0.413333	0.295238	0.344444	0.023029	0.016101	0.018952	0.410302	0.319627	0.359332	7
1.07	0.412935	0.296429	0.345114	0.023016	0.016165	0.018991	0.410302	0.319094	0.358995	7
1.07	0.408264	0.294048	0.341868	0.022892	0.016116	0.018916	0.404973	0.316430	0.355268	8
1.08	0.404918	0.294048	0.340690	0.022947	0.016132	0.018945	0.401421	0.315542	0.353338	8
1.09	0.396411	0.289286	0.334480	0.022946	0.016019	0.018867	0.393724	0.307549	0.345342	9
1.10	0.391935	0.289286	0.332877	0.022964	0.016035	0.018884	0.388396	0.306661	0.342722	9
1.11	0.391374	0.291667	0.334243	0.023245	0.016267	0.019140	0.386619	0.309325	0.343680	9

Mon Sep  6 09:36:56 2021
63.12	0.014892	0.585670	0.029046	0.011039	0.115550	0.020152	0.014705	0.555333	0.028651	127
56.50	0.013926	0.527381	0.027135	0.010793	0.186987	0.020409	0.013812	0.499053	0.026881	128
50.05	0.013804	0.463095	0.026809	0.010212	0.161838	0.019212	0.013604	0.436590	0.026385	127
44.19	0.013988	0.414286	0.027062	0.010307	0.145979	0.019254	0.013790	0.389816	0.026637	125
38.65	0.014338	0.371429	0.027609	0.010950	0.135542	0.020263	0.014034	0.348313	0.026981	124
33.60	0.013796	0.310714	0.026418	0.010726	0.107815	0.019510	0.013399	0.286738	0.025603	123
29.04	0.013333	0.259524	0.025364	0.010533	0.090751	0.018875	0.012917	0.243073	0.024531	121
24.89	0.014128	0.235714	0.026658	0.012026	0.078344	0.020851	0.013616	0.222054	0.025659	119
21.16	0.015027	0.213095	0.028074	0.012609	0.064434	0.021091	0.014551	0.201628	0.027143	113
17.90	0.015282	0.183333	0.028213	0.015023	0.052928	0.023403	0.014998	0.173505	0.027609	106
14.94	0.014500	0.145238	0.026367	0.018147	0.041343	0.025222	0.013667	0.143398	0.024956	98
12.18	0.015171	0.123810	0.027031	0.010733	0.032220	0.016102	0.014173	0.124452	0.025448	89
9.73	0.016250	0.105952	0.028178	0.012240	0.028492	0.017124	0.015446	0.105743	0.026954	80
7.77	0.017612	0.091667	0.029547	0.014836	0.025270	0.018696	0.017731	0.091533	0.029708	69
6.00	0.019532	0.078571	0.031287	0.013876	0.020462	0.016538	0.021788	0.076081	0.033874	60
4.46	0.021523	0.064286	0.032248	0.016964	0.011957	0.014027	0.021462	0.062759	0.031986	57
3.22	0.024793	0.053571	0.033898	0.009306	0.008944	0.009121	0.024442	0.051214	0.033092	52
2.39	0.028211	0.045238	0.034751	0.008766	0.007055	0.007818	0.026038	0.044109	0.032746	46
1.80	0.029674	0.035714	0.032415	0.008037	0.003192	0.004570	0.025755	0.034636	0.029542	42
1.44	0.034568	0.033333	0.033939	0.008241	0.002058	0.003293	0.031380	0.031083	0.031231	39
1.20	0.044577	0.035714	0.039656	0.007782	0.002240	0.003479	0.039668	0.031676	0.035224	36
1.10	0.048309	0.035714	0.041068	0.005669	0.002209	0.003179	0.044405	0.031676	0.036975	34
1.05	0.060708	0.042857	0.050244	0.005952	0.002624	0.003642	0.059503	0.038188	0.046520	34
1.01	0.082456	0.055952	0.066667	0.007529	0.003377	0.004663	0.080817	0.049734	0.061575	33
1.00	0.102837	0.069048	0.082621	0.008013	0.004041	0.005373	0.102131	0.062315	0.077403	32
1.00	0.129433	0.086905	0.103989	0.010896	0.004671	0.006539	0.128774	0.086294	0.103339	31
1.00	0.156306	0.104762	0.125445	0.011513	0.005256	0.007217	0.156306	0.112049	0.130528	29
1.00	0.188277	0.126190	0.151105	0.013079	0.006191	0.008404	0.188277	0.136679	0.158381	27
1.00	0.225577	0.151190	0.181041	0.013299	0.007325	0.009447	0.225577	0.163025	0.189267	25
1.00	0.246892	0.165476	0.198147	0.013009	0.008110	0.009992	0.246892	0.175755	0.205337	22
1.00	0.271758	0.182143	0.218104	0.013821	0.008857	0.010796	0.271758	0.192037	0.225046	21
1.00	0.287744	0.192857	0.230934	0.014257	0.009339	0.011286	0.287744	0.204470	0.239063	20
1.00	0.301954	0.202381	0.242338	0.014583	0.009758	0.011692	0.301954	0.214239	0.250644	18
1.00	0.310835	0.208333	0.249465	0.013569	0.009976	0.011498	0.310835	0.222824	0.259572	15
1.00	0.317940	0.213095	0.255168	0.012790	0.010207	0.011353	0.317940	0.225784	0.264052	12
1.00	0.312611	0.209524	0.250891	0.012643	0.010155	0.011263	0.312611	0.220456	0.258568	9
1.00	0.305506	0.204762	0.245189	0.012495	0.010056	0.011144	0.305506	0.212463	0.250628	7
1.00	0.300178	0.201190	0.240912	0.012463	0.009960	0.011072	0.300178	0.207134	0.245124	8
1.00	0.300178	0.201190	0.240912	0.012460	0.009960	0.011071	0.300178	0.208022	0.245745	7
1.00	0.287744	0.192857	0.230934	0.012393	0.009736	0.010905	0.287744	0.195589	0.232881	6
1.00	0.285968	0.191667	0.229508	0.012380	0.009704	0.010880	0.285968	0.193813	0.231040	5
1.00	0.278863	0.186905	0.223806	0.011727	0.009576	0.010543	0.278863	0.186708	0.223665	6
1.00	0.277087	0.185714	0.222381	0.012224	0.009559	0.010729	0.277087	0.184932	0.221819	4
1.00	0.277087	0.185714	0.222381	0.012221	0.009559	0.010727	0.277087	0.184932	0.221819	3
1.00	0.282416	0.189286	0.226657	0.012060	0.009684	0.010742	0.282416	0.190260	0.227355	3
1.00	0.282416	0.189286	0.226657	0.011736	0.009669	0.010603	0.282416	0.191149	0.227987	3
1.00	0.285968	0.191667	0.229508	0.012491	0.009748	0.010951	0.285968	0.194701	0.231670	3
1.00	0.289520	0.194048	0.232359	0.012630	0.009828	0.011054	0.289520	0.197365	0.234722	3
1.00	0.293073	0.196429	0.235210	0.012293	0.009848	0.010935	0.293073	0.200918	0.238399	3
1.00	0.294849	0.197619	0.236636	0.012300	0.009880	0.010958	0.294849	0.201806	0.239612	3
1.00	0.298401	0.200000	0.239487	0.012736	0.009959	0.011178	0.298401	0.203582	0.242037	3
1.00	0.301954	0.202381	0.242338	0.012805	0.010039	0.011254	0.301954	0.206246	0.245088	3
1.00	0.303730	0.203571	0.243763	0.012561	0.010058	0.011171	0.303730	0.208911	0.247551	3
1.00	0.310835	0.208333	0.249465	0.013200	0.010233	0.011528	0.310835	0.214239	0.253652	3
1.00	0.317940	0.213095	0.255168	0.013505	0.010407	0.011756	0.317940	0.220456	0.260372	3
1.00	0.326821	0.219048	0.262295	0.013777	0.010556	0.011954	0.326821	0.229337	0.269535	3
1.00	0.330373	0.221429	0.265146	0.013635	0.010594	0.011924	0.330373	0.234073	0.274008	3
1.00	0.335702	0.225000	0.269423	0.013711	0.010721	0.012033	0.335702	0.238514	0.278883	3
1.00	0.353464	0.236905	0.283678	0.014234	0.011108	0.012479	0.353464	0.254500	0.295927	3
1.00	0.346359	0.232143	0.277976	0.013548	0.010744	0.011984	0.346359	0.250059	0.290435	3
1.00	0.351687	0.235714	0.282252	0.013665	0.010871	0.012109	0.351687	0.255388	0.295900	3
1.00	0.355240	0.238095	0.285103	0.013589	0.010938	0.012120	0.355240	0.259828	0.300134	3
1.00	0.351687	0.235714	0.282252	0.013697	0.010842	0.012104	0.351687	0.256276	0.296495	3
1.00	0.348135	0.233333	0.279401	0.013673	0.010778	0.012054	0.348135	0.252724	0.292854	3
1.00	0.344583	0.230952	0.276550	0.013729	0.010696	0.012024	0.344583	0.248283	0.288612	3
1.00	0.348135	0.233333	0.279401	0.013864	0.010876	0.012190	0.348135	0.251835	0.292257	3
1.00	0.357016	0.239286	0.286529	0.014060	0.010952	0.012313	0.357016	0.260716	0.301360	3
1.00	0.357016	0.239286	0.286529	0.014060	0.010952	0.012313	0.357016	0.260716	0.301360	3
1.00	0.357016	0.239286	0.286529	0.014050	0.011039	0.012364	0.357016	0.260716	0.301360	3
1.00	0.351687	0.235714	0.282252	0.013946	0.010969	0.012280	0.351687	0.255388	0.295900	4
1.00	0.355240	0.238095	0.285103	0.014018	0.011049	0.012358	0.355240	0.258940	0.299540	4
1.00	0.351687	0.235714	0.282252	0.014050	0.010969	0.012320	0.351687	0.255388	0.295900	4
1.00	0.351687	0.235714	0.282252	0.014063	0.010983	0.012334	0.351687	0.255388	0.295900	4
1.00	0.351687	0.235714	0.282252	0.014386	0.011012	0.012474	0.351687	0.255388	0.295900	4
1.00	0.353464	0.236905	0.283678	0.014343	0.011028	0.012469	0.353464	0.257164	0.297720	4
1.00	0.353464	0.236905	0.283678	0.014346	0.011012	0.012460	0.353464	0.257164	0.297720	4
1.00	0.349291	0.234524	0.280627	0.014202	0.010917	0.012345	0.349023	0.255388	0.294953	4
1.00	0.342199	0.229762	0.274929	0.013959	0.010724	0.012130	0.341918	0.249171	0.288268	4
1.00	0.342199	0.229762	0.274929	0.014009	0.010767	0.012175	0.341918	0.247987	0.287474	4
1.00	0.338652	0.227381	0.272080	0.013782	0.010642	0.012010	0.338366	0.245323	0.284428	4
1.00	0.351064	0.235714	0.282051	0.014239	0.010895	0.012345	0.350799	0.256868	0.296574	4
1.00	0.359292	0.241667	0.288968	0.014157	0.011040	0.012406	0.358792	0.265749	0.305340	4
1.00	0.368794	0.247619	0.296296	0.014469	0.011231	0.012646	0.368561	0.274630	0.314737	3
1.00	0.374778	0.251190	0.300784	0.014505	0.011327	0.012721	0.374778	0.279070	0.319920	3
1.00	0.378330	0.253571	0.303635	0.014342	0.011362	0.012679	0.378330	0.281735	0.322965	3
1.00	0.383659	0.257143	0.307912	0.013997	0.011429	0.012584	0.383659	0.287359	0.328599	3
1.00	0.392540	0.263095	0.315039	0.014317	0.011623	0.012830	0.392540	0.295352	0.337081	3
1.00	0.403197	0.270238	0.323592	0.014573	0.011878	0.013088	0.403197	0.302457	0.345636	3
1.00	0.420959	0.282143	0.337847	0.014562	0.012263	0.013314	0.420959	0.318443	0.362594	3
1.00	0.422735	0.283333	0.339273	0.014526	0.012252	0.013292	0.422735	0.321107	0.364979	3
1.00	0.428064	0.286905	0.343550	0.014300	0.012306	0.013228	0.428064	0.325548	0.369833	3
1.00	0.431616	0.289286	0.346401	0.014310	0.012341	0.013253	0.431616	0.328212	0.372878	3
1.00	0.440497	0.295238	0.353528	0.014224	0.012504	0.013309	0.440497	0.336205	0.381349	3
1.00	0.438721	0.294048	0.352103	0.013958	0.012309	0.013082	0.438721	0.333896	0.379197	3
1.00	0.436945	0.292857	0.350677	0.013646	0.012174	0.012868	0.436945	0.331824	0.377197	3
1.00	0.436945	0.292857	0.350677	0.013646	0.012174	0.012868	0.436945	0.331824	0.377197	3
1.00	0.442274	0.296429	0.354954	0.013904	0.012406	0.013113	0.442274	0.338336	0.383385	3
1.00	0.442274	0.296429	0.354954	0.013921	0.012422	0.013129	0.442274	0.338336	0.383385	3
1.00	0.436945	0.292857	0.350677	0.013916	0.012326	0.013073	0.436945	0.333896	0.378532	3
1.00	0.436945	0.292857	0.350677	0.013949	0.012386	0.013121	0.436945	0.333896	0.378532	3
1.00	0.430851	0.289286	0.346154	0.021821	0.012998	0.016292	0.429840	0.329455	0.373012	4
1.00	0.421986	0.283333	0.339031	0.021778	0.012838	0.016154	0.420959	0.322351	0.365114	4
1.00	0.423759	0.284524	0.340456	0.022237	0.012944	0.016363	0.422735	0.324127	0.366921	4
1.01	0.402827	0.271429	0.324324	0.022258	0.012560	0.016059	0.400533	0.305181	0.346415	4
1.01	0.398589	0.269048	0.321251	0.022521	0.012675	0.016220	0.396092	0.298668	0.340549	4
1.01	0.390845	0.264286	0.315341	0.022537	0.012531	0.016106	0.388099	0.291563	0.332975	4
1.01	0.390158	0.264286	0.315117	0.022640	0.012591	0.016182	0.386323	0.289491	0.330970	4
1.01	0.373239	0.252381	0.301136	0.022333	0.012162	0.015748	0.370337	0.277294	0.317132	4
1.01	0.372583	0.252381	0.300923	0.022336	0.012206	0.015786	0.368561	0.276406	0.315900	4
1.01	0.374341	0.253571	0.302342	0.022655	0.012312	0.015954	0.370337	0.277294	0.317132	5
1.02	0.375874	0.255952	0.304533	0.022635	0.012378	0.016004	0.369449	0.278478	0.317578	5
1.02	0.382199	0.260714	0.309979	0.022601	0.012540	0.016130	0.374778	0.280906	0.321122	5
1.02	0.390925	0.266667	0.317056	0.022639	0.012746	0.016310	0.383659	0.288899	0.329603	5
1.02	0.397213	0.271429	0.322489	0.022368	0.012848	0.016321	0.389876	0.297188	0.337280	5
1.02	0.395470	0.270238	0.321075	0.022303	0.012742	0.016219	0.388099	0.296300	0.336043	5
1.02	0.405923	0.277381	0.329562	0.022392	0.012997	0.016447	0.398757	0.303700	0.344797	5
1.02	0.410435	0.280952	0.333569	0.022482	0.013140	0.016586	0.403197	0.307253	0.348746	5
1.02	0.410435	0.280952	0.333569	0.022482	0.013140	0.016586	0.403197	0.307253	0.348746	5
1.02	0.409408	0.279762	0.332390	0.022507	0.013092	0.016555	0.402309	0.306365	0.347842	5
1.02	0.409408	0.279762	0.332390	0.022512	0.013092	0.016556	0.402309	0.306365	0.347842	5
1.02	0.404887	0.276190	0.328379	0.022361	0.012920	0.016378	0.397869	0.303996	0.344655	5
1.02	0.405594	0.276190	0.328612	0.022361	0.012920	0.016377	0.399645	0.303996	0.345320	5
1.02	0.411867	0.280952	0.334041	0.022398	0.013667	0.016976	0.404973	0.309325	0.350745	5
1.02	0.422339	0.288095	0.342534	0.022331	0.013860	0.017104	0.415631	0.319094	0.361020	5
1.02	0.427574	0.291667	0.346780	0.022324	0.013911	0.017141	0.420959	0.324423	0.366440	5
1.02	0.428322	0.291667	0.347025	0.022253	0.013835	0.017062	0.422735	0.325903	0.368057	5
1.02	0.432056	0.295238	0.350778	0.021979	0.013889	0.017021	0.425400	0.330639	0.372081	6
1.02	0.446771	0.304762	0.362350	0.022087	0.014145	0.017246	0.441385	0.342481	0.385693	6
1.01	0.446585	0.303571	0.361446	0.022090	0.014053	0.017178	0.442274	0.342777	0.386220	6
1.02	0.448517	0.305952	0.363765	0.022237	0.014130	0.017280	0.443162	0.344257	0.387498	6
1.02	0.446771	0.304762	0.362350	0.021991	0.013996	0.017105	0.442274	0.343665	0.386783	7
1.02	0.458333	0.314286	0.372881	0.022082	0.014314	0.017369	0.452931	0.354026	0.397417	7
1.02	0.463542	0.317857	0.377119	0.021810	0.014413	0.017356	0.459147	0.359355	0.403168	6
1.03	0.461140	0.317857	0.376321	0.021563	0.014355	0.017235	0.455595	0.356986	0.400308	6
1.03	0.478411	0.329762	0.390416	0.021787	0.014769	0.017604	0.473357	0.369124	0.414792	5
1.03	0.479310	0.330952	0.391549	0.021812	0.014816	0.017646	0.474245	0.370900	0.416254	5
1.03	0.477586	0.329762	0.390141	0.021674	0.014695	0.017515	0.472469	0.371196	0.415754	5
1.03	0.481034	0.332143	0.392958	0.021676	0.014762	0.017563	0.476021	0.372972	0.418243	5
1.03	0.477586	0.329762	0.390141	0.021651	0.014742	0.017541	0.472469	0.369420	0.414638	5
1.03	0.469880	0.325000	0.384236	0.021604	0.014614	0.017434	0.464476	0.362019	0.406897	6
1.03	0.469880	0.325000	0.384236	0.021640	0.014614	0.017446	0.464476	0.362019	0.406897	6
1.04	0.469983	0.326190	0.385102	0.021665	0.014662	0.017488	0.464476	0.363795	0.408016	6
1.03	0.473322	0.327381	0.387051	0.021733	0.014709	0.017544	0.468028	0.364387	0.409756	6
1.03	0.478485	0.330952	0.391274	0.021829	0.014852	0.017677	0.473357	0.367052	0.413481	6
1.03	0.474227	0.328571	0.388186	0.021751	0.014788	0.017606	0.468917	0.364387	0.410096	6
1.03	0.475945	0.329762	0.389592	0.021731	0.014836	0.017633	0.470693	0.365275	0.411337	6
1.03	0.475945	0.329762	0.389592	0.021874	0.014854	0.017693	0.470693	0.362315	0.409454	6
1.03	0.474227	0.328571	0.388186	0.021861	0.014822	0.017666	0.468917	0.360539	0.407647	6
1.04	0.480342	0.334524	0.394386	0.022000	0.015089	0.017900	0.474245	0.365867	0.413066	5
1.04	0.477816	0.333333	0.392707	0.022045	0.015072	0.017904	0.471581	0.363203	0.410357	5
1.04	0.477816	0.333333	0.392707	0.022091	0.015043	0.017899	0.471581	0.363203	0.410357	5
1.04	0.477816	0.333333	0.392707	0.022015	0.015043	0.017874	0.471581	0.363203	0.410357	5
1.04	0.481229	0.335714	0.395512	0.022052	0.015123	0.017942	0.475133	0.366755	0.413969	5
1.04	0.479522	0.334524	0.394109	0.022038	0.015091	0.017915	0.473357	0.364979	0.412163	5
1.04	0.480409	0.335714	0.395235	0.022067	0.015139	0.017958	0.473357	0.365571	0.412540	5
1.04	0.481293	0.336905	0.396359	0.022130	0.015218	0.018034	0.474245	0.365571	0.412877	5
1.04	0.479592	0.335714	0.394958	0.022117	0.015186	0.018007	0.472469	0.363795	0.411071	5
1.04	0.477891	0.334524	0.393557	0.022210	0.015154	0.018015	0.470693	0.362019	0.409265	5
1.04	0.474490	0.332143	0.390756	0.022277	0.015118	0.018013	0.467140	0.358467	0.405651	5
1.04	0.471891	0.329762	0.388227	0.022253	0.015054	0.017959	0.464476	0.354914	0.402370	5
1.04	0.467687	0.327381	0.385154	0.022222	0.014990	0.017904	0.460036	0.351362	0.398421	5
1.04	0.465986	0.326190	0.383754	0.022215	0.015003	0.017910	0.457371	0.348697	0.395709	5
1.04	0.461670	0.322619	0.379818	0.022182	0.014907	0.017831	0.453819	0.343369	0.390942	6
1.05	0.458404	0.321429	0.377887	0.022242	0.014875	0.017827	0.452931	0.342481	0.390037	7
1.05	0.455932	0.320238	0.376224	0.023002	0.015011	0.018167	0.451155	0.341593	0.388803	7
1.05	0.455161	0.320238	0.375961	0.022820	0.015011	0.018110	0.452043	0.341593	0.389132	6
1.05	0.455161	0.320238	0.375961	0.022761	0.015011	0.018091	0.452043	0.341593	0.389132	6
1.05	0.453469	0.319048	0.374563	0.022802	0.014995	0.018092	0.450266	0.338928	0.386744	6
1.05	0.455161	0.320238	0.375961	0.022824	0.015042	0.018133	0.452043	0.340705	0.388555	6
1.05	0.457627	0.321429	0.377622	0.022922	0.015119	0.018220	0.454707	0.341593	0.390116	6
1.04	0.454855	0.317857	0.374212	0.022216	0.014765	0.017740	0.452931	0.338928	0.387723	6
1.04	0.465753	0.323810	0.382022	0.022295	0.014972	0.017914	0.461812	0.346033	0.395626	6
1.03	0.470690	0.325000	0.384507	0.022290	0.015020	0.017947	0.464476	0.346921	0.397183	6
1.03	0.472414	0.326190	0.385915	0.022280	0.015068	0.017977	0.466252	0.347809	0.398414	6
1.03	0.474957	0.327381	0.387597	0.022268	0.015100	0.017996	0.468028	0.348697	0.399645	6
1.03	0.479239	0.329762	0.390691	0.022317	0.015195	0.018080	0.472469	0.350474	0.402429	6
1.03	0.477509	0.328571	0.389281	0.022289	0.015147	0.018037	0.470693	0.349586	0.401199	6
1.03	0.473230	0.326190	0.386187	0.022234	0.015052	0.017951	0.466252	0.347809	0.398414	6
1.03	0.471503	0.325000	0.384778	0.022232	0.015004	0.017917	0.464476	0.346921	0.397183	6
1.03	0.468158	0.323810	0.382829	0.022347	0.015001	0.017952	0.461812	0.346033	0.395626	6
1.04	0.464957	0.323810	0.381754	0.022348	0.015046	0.017984	0.459147	0.345145	0.394067	6
1.04	0.460884	0.322619	0.379552	0.022334	0.015030	0.017968	0.455595	0.342481	0.391022	6
1.05	0.459459	0.323810	0.379888	0.022317	0.015077	0.017996	0.456483	0.343369	0.391928	6
1.06	0.458824	0.325000	0.380488	0.022305	0.016347	0.018867	0.454707	0.343369	0.391272	6
1.06	0.463087	0.328571	0.384401	0.022875	0.016627	0.019257	0.458259	0.346921	0.394893	6
1.06	0.461538	0.328571	0.383867	0.022800	0.016598	0.019211	0.457371	0.346921	0.394562	6
1.07	0.463333	0.330952	0.386111	0.022793	0.017297	0.019668	0.457371	0.348165	0.395365	6
1.07	0.464226	0.332143	0.387231	0.022180	0.017176	0.019360	0.459147	0.349053	0.396601	6
1.07	0.465000	0.332143	0.387500	0.022102	0.017176	0.019330	0.459147	0.349053	0.396601	5
1.06	0.465776	0.332143	0.387769	0.022096	0.017176	0.019328	0.459147	0.349053	0.396601	5
1.07	0.466667	0.333333	0.388889	0.022114	0.017253	0.019383	0.459147	0.349645	0.396983	5
1.07	0.465116	0.333333	0.388350	0.022173	0.017253	0.019406	0.458259	0.349645	0.396651	6
1.07	0.462687	0.332143	0.386694	0.022152	0.017205	0.019368	0.456483	0.348757	0.395414	6
1.07	0.468543	0.336905	0.391967	0.022930	0.017515	0.019860	0.461812	0.354973	0.401405	6
1.07	0.469421	0.338095	0.393080	0.022975	0.017547	0.019897	0.462700	0.355861	0.402308	6
1.08	0.463696	0.334524	0.388658	0.022944	0.017404	0.019794	0.456483	0.351421	0.397121	6
1.08	0.467105	0.338095	0.392265	0.038625	0.018099	0.024649	0.458555	0.354973	0.400170	8
1.09	0.464169	0.339286	0.392022	0.038541	0.018982	0.025436	0.454115	0.355861	0.399029	9
1.09	0.461789	0.338095	0.390378	0.038459	0.018963	0.025401	0.451451	0.354677	0.397255	9
1.09	0.457655	0.334524	0.386520	0.038404	0.019052	0.025469	0.447898	0.351658	0.393986	9
1.09	0.457655	0.334524	0.386520	0.038387	0.019036	0.025451	0.447898	0.352546	0.394543	9
1.10	0.450567	0.330952	0.381606	0.038203	0.018909	0.025297	0.443458	0.348994	0.390595	9
1.10	0.447496	0.329762	0.379712	0.038145	0.019464	0.025776	0.440793	0.348105	0.389004	9
1.10	0.442464	0.325000	0.374743	0.038061	0.019305	0.025617	0.436353	0.343073	0.384131	9
1.10	0.444984	0.327381	0.377229	0.038194	0.019458	0.025782	0.439017	0.346625	0.387389	9
1.10	0.445705	0.327381	0.377488	0.038150	0.019487	0.025797	0.440793	0.346625	0.388079	9
1.09	0.443902	0.325000	0.375258	0.036226	0.019423	0.025288	0.439017	0.344849	0.386277	9
1.09	0.442997	0.323810	0.374140	0.036530	0.019544	0.025464	0.437241	0.343073	0.384475	8
1.09	0.438825	0.320238	0.370268	0.036544	0.019401	0.025346	0.433689	0.340705	0.381614	8
1.09	0.437909	0.319048	0.369146	0.037141	0.019703	0.025747	0.431912	0.339224	0.379998	8
1.09	0.434641	0.316667	0.366391	0.037101	0.019624	0.025670	0.428360	0.336560	0.376951	8
1.09	0.429038	0.313095	0.362010	0.037212	0.019585	0.025664	0.421255	0.330047	0.370115	8
1.09	0.426710	0.311905	0.360385	0.037554	0.019735	0.025873	0.418591	0.330343	0.369268	8
1.09	0.424144	0.309524	0.357880	0.037249	0.019518	0.025615	0.416815	0.326495	0.366167	8
1.09	0.426471	0.310714	0.359504	0.037282	0.019582	0.025677	0.418591	0.326495	0.366851	9
1.09	0.436482	0.319048	0.368638	0.037330	0.019871	0.025936	0.428360	0.334784	0.375835	9
1.09	0.436274	0.317857	0.367769	0.044800	0.020107	0.027757	0.430136	0.335968	0.377265	9
1.09	0.439542	0.320238	0.370523	0.044777	0.020202	0.027843	0.433689	0.337744	0.379750	9
1.09	0.440457	0.321429	0.371645	0.044513	0.020097	0.027692	0.435465	0.338632	0.380992	9
1.09	0.436274	0.317857	0.367769	0.044392	0.019883	0.027465	0.431024	0.333304	0.375917	9
1.09	0.435563	0.317857	0.367515	0.044838	0.020130	0.027786	0.430728	0.332416	0.375239	11
1.09	0.439024	0.321429	0.371134	0.044597	0.020120	0.027730	0.434281	0.335080	0.378285	11
1.09	0.443902	0.325000	0.375258	0.038295	0.018887	0.025297	0.439609	0.338632	0.382570	9
1.09	0.449675	0.329762	0.380495	0.038258	0.019017	0.025406	0.446418	0.343961	0.388549	9

Mon Sep  6 10:17:14 2021
65.14	0.015888	0.644860	0.031011	0.010760	0.141688	0.020001	0.015920	0.657167	0.031086	122
59.03	0.015014	0.594048	0.029288	0.010460	0.193808	0.019849	0.015028	0.608999	0.029331	124
52.87	0.015520	0.550000	0.030188	0.011250	0.174010	0.021134	0.015590	0.568887	0.030349	124
46.99	0.015723	0.495238	0.030478	0.009910	0.160702	0.018668	0.015813	0.521255	0.030695	123
41.48	0.016230	0.451190	0.031333	0.009968	0.149791	0.018693	0.016335	0.479959	0.031595	121
36.25	0.016266	0.395238	0.031246	0.010024	0.141643	0.018723	0.016190	0.430166	0.031205	118
31.53	0.016562	0.350000	0.031627	0.009934	0.122856	0.018382	0.016447	0.381320	0.031534	116
27.27	0.016611	0.303571	0.031499	0.010088	0.113283	0.018526	0.016264	0.336323	0.031028	114
23.29	0.016775	0.261905	0.031530	0.009339	0.099903	0.017081	0.016278	0.289254	0.030821	107
19.50	0.017849	0.233333	0.033161	0.009412	0.090249	0.017046	0.017340	0.257519	0.032492	101
16.12	0.018288	0.197619	0.033478	0.006507	0.071825	0.011933	0.017733	0.218384	0.032803	95
13.23	0.018926	0.167857	0.034017	0.006316	0.064770	0.011510	0.018128	0.185820	0.033033	82
10.75	0.020159	0.145238	0.035403	0.006359	0.050784	0.011303	0.019097	0.159473	0.034109	76
8.61	0.023304	0.134524	0.039726	0.007342	0.049022	0.012771	0.022670	0.146152	0.039252	71
6.70	0.027579	0.123810	0.045110	0.008385	0.037476	0.013704	0.025878	0.136086	0.043486	69
5.10	0.031707	0.108333	0.049057	0.009220	0.025266	0.013510	0.029968	0.120397	0.047990	63
3.84	0.036969	0.095238	0.053262	0.010509	0.019678	0.013701	0.035818	0.107963	0.053790	55
2.83	0.038317	0.072619	0.050164	0.008391	0.013899	0.010464	0.039969	0.079544	0.053204	45
2.10	0.043956	0.061905	0.051409	0.009090	0.011689	0.010227	0.049260	0.064742	0.055950	39
1.65	0.055016	0.060714	0.057725	0.009266	0.010655	0.009912	0.062019	0.065571	0.063746	35
1.36	0.067974	0.061905	0.064798	0.009714	0.010821	0.010238	0.074304	0.063499	0.068478	26
1.19	0.081845	0.065476	0.072751	0.009468	0.009238	0.009352	0.086146	0.066755	0.075221	25
1.09	0.092683	0.067857	0.078351	0.009059	0.008817	0.008937	0.091770	0.068532	0.078467	24
1.03	0.103448	0.071429	0.084507	0.008636	0.009047	0.008836	0.102131	0.070308	0.083283	24
1.02	0.115385	0.078571	0.093484	0.008390	0.008887	0.008632	0.113677	0.077117	0.091894	24
1.00	0.145133	0.097619	0.116726	0.008661	0.010113	0.009331	0.144760	0.090438	0.111326	23
1.00	0.166963	0.111905	0.133999	0.008418	0.010279	0.009256	0.166963	0.104056	0.128208	24
1.00	0.182948	0.122619	0.146828	0.008538	0.010835	0.009550	0.182948	0.114713	0.141010	20
1.00	0.186501	0.125000	0.149679	0.008386	0.011033	0.009529	0.186501	0.115601	0.142731	19
1.00	0.197158	0.132143	0.158232	0.008486	0.011403	0.009731	0.197158	0.123594	0.151940	18
1.00	0.207815	0.139286	0.166785	0.008457	0.011818	0.009859	0.207815	0.130107	0.160026	15
1.00	0.214920	0.144048	0.172488	0.008577	0.010337	0.009375	0.214920	0.135139	0.165938	16
1.00	0.216696	0.145238	0.173913	0.008730	0.010458	0.009516	0.216696	0.135731	0.166913	14
1.00	0.223801	0.150000	0.179615	0.010344	0.008888	0.009561	0.223801	0.139343	0.171750	12
1.00	0.225577	0.151190	0.181041	0.007415	0.008390	0.007873	0.225577	0.141119	0.173622	10
1.00	0.223801	0.150000	0.179615	0.006740	0.008403	0.007480	0.223801	0.138159	0.170848	8
1.00	0.227353	0.152381	0.182466	0.006066	0.008511	0.007083	0.227353	0.141711	0.174596	7
1.00	0.227353	0.152381	0.182466	0.005882	0.008511	0.006957	0.227353	0.141711	0.174596	5
1.00	0.227353	0.152381	0.182466	0.005959	0.008511	0.007010	0.227353	0.141711	0.174596	4
1.00	0.225577	0.151190	0.181041	0.006580	0.008479	0.007410	0.225577	0.139935	0.172723	4
1.00	0.223801	0.150000	0.179615	0.014726	0.008507	0.010784	0.223801	0.138159	0.170848	4
1.00	0.227353	0.152381	0.182466	0.015004	0.008571	0.010910	0.227353	0.141711	0.174596	4
1.00	0.229130	0.153571	0.183892	0.015339	0.008648	0.011060	0.229130	0.142303	0.175568	4
1.00	0.225577	0.151190	0.181041	0.015408	0.008584	0.011025	0.225577	0.138751	0.171818	4
1.00	0.225577	0.151190	0.181041	0.015602	0.008584	0.011075	0.225577	0.138751	0.171818	4
1.00	0.225577	0.151190	0.181041	0.016004	0.008629	0.011212	0.225577	0.137863	0.171135	4
1.00	0.225577	0.151190	0.181041	0.016249	0.008629	0.011272	0.225577	0.137863	0.171135	4
1.00	0.229130	0.153571	0.183892	0.016315	0.008693	0.011342	0.229130	0.141415	0.174891	4
1.00	0.229130	0.153571	0.183892	0.016084	0.008693	0.011286	0.229130	0.141415	0.174891	4
1.00	0.236234	0.158333	0.189594	0.016218	0.008821	0.011427	0.236234	0.148520	0.182379	4
1.00	0.236234	0.158333	0.189594	0.011961	0.008776	0.010124	0.236234	0.149408	0.183047	4
1.00	0.238011	0.159524	0.191019	0.011997	0.008808	0.010158	0.238011	0.151184	0.184912	4
1.00	0.239787	0.160714	0.192445	0.011715	0.008840	0.010076	0.239787	0.152960	0.186776	4
1.00	0.246892	0.165476	0.198147	0.011262	0.008924	0.009957	0.246892	0.159177	0.193561	4
1.00	0.261101	0.175000	0.209551	0.012829	0.009195	0.010713	0.261101	0.173387	0.208390	4
1.00	0.268206	0.179762	0.215253	0.013579	0.009339	0.011067	0.268206	0.179603	0.215139	4
1.00	0.268206	0.179762	0.215253	0.013483	0.009339	0.011035	0.268206	0.179603	0.215139	4
1.00	0.269982	0.180952	0.216679	0.013514	0.009371	0.011068	0.269982	0.181380	0.216984	4
1.00	0.269982	0.180952	0.216679	0.010619	0.009282	0.009905	0.269982	0.182564	0.217830	4
1.00	0.280639	0.188095	0.225232	0.009314	0.009458	0.009385	0.280639	0.192333	0.228242	4
1.00	0.287744	0.192857	0.230934	0.008875	0.009587	0.009217	0.287744	0.198549	0.234967	4
1.00	0.291297	0.195238	0.233785	0.007986	0.009590	0.008715	0.291297	0.202990	0.239255	4
1.00	0.294849	0.197619	0.236636	0.008087	0.009654	0.008801	0.294849	0.206542	0.242919	4
1.00	0.303730	0.203571	0.243763	0.008186	0.009815	0.008927	0.303730	0.213647	0.250846	4
1.00	0.309059	0.207143	0.248040	0.008187	0.009911	0.008967	0.309059	0.218088	0.255724	4
1.00	0.312611	0.209524	0.250891	0.008521	0.009901	0.009159	0.312611	0.220752	0.258771	4
1.00	0.317940	0.213095	0.255168	0.008464	0.009953	0.009148	0.317940	0.227501	0.265223	4
1.00	0.321492	0.215476	0.258019	0.008482	0.010017	0.009185	0.321492	0.231054	0.268872	4
1.00	0.323268	0.216667	0.259444	0.008391	0.009959	0.009108	0.323268	0.231942	0.270094	4
1.00	0.326821	0.219048	0.262295	0.008381	0.010024	0.009129	0.326821	0.234606	0.273140	4
1.00	0.326821	0.219048	0.262295	0.008381	0.010024	0.009129	0.326821	0.234606	0.273140	4
1.00	0.328597	0.220238	0.263721	0.008517	0.010145	0.009260	0.328597	0.234073	0.273396	4
1.00	0.328597	0.220238	0.263721	0.008548	0.010145	0.009278	0.328597	0.234073	0.273396	4
1.00	0.330373	0.221429	0.265146	0.009609	0.010208	0.009899	0.330373	0.235850	0.275222	4
1.00	0.335702	0.225000	0.269423	0.010947	0.010366	0.010649	0.335702	0.241178	0.280696	4
1.00	0.348135	0.233333	0.279401	0.012308	0.010700	0.011448	0.348135	0.249763	0.290857	4
1.00	0.357016	0.239286	0.286529	0.013020	0.010956	0.011899	0.357016	0.256572	0.298573	4
1.00	0.360568	0.241667	0.289380	0.013459	0.011096	0.012164	0.360568	0.261012	0.302818	4
1.00	0.349911	0.234524	0.280827	0.013573	0.010933	0.012110	0.349911	0.252427	0.293281	4
1.00	0.339254	0.227381	0.272274	0.013225	0.010723	0.011843	0.339254	0.244731	0.284343	4
1.00	0.326821	0.219048	0.262295	0.013138	0.010467	0.011652	0.326821	0.234073	0.272779	4
1.00	0.321492	0.215476	0.258019	0.012983	0.010340	0.011512	0.321492	0.230521	0.268511	4
1.00	0.314387	0.210714	0.252316	0.013155	0.010257	0.011526	0.314387	0.222232	0.260397	4
1.00	0.312611	0.209524	0.250891	0.013380	0.010240	0.011602	0.312611	0.220456	0.258568	4
1.00	0.312611	0.209524	0.250891	0.013380	0.010240	0.011602	0.312611	0.220456	0.258568	4
1.00	0.312611	0.209524	0.250891	0.013577	0.010240	0.011675	0.312611	0.220456	0.258568	4
1.00	0.316163	0.211905	0.253742	0.013933	0.010335	0.011867	0.316163	0.224008	0.262225	4
1.00	0.319716	0.214286	0.256593	0.013970	0.010399	0.011923	0.319716	0.227561	0.265879	4
1.00	0.325044	0.217857	0.260870	0.013850	0.010498	0.011943	0.325044	0.231409	0.270349	4
1.00	0.325044	0.217857	0.260870	0.013850	0.010498	0.011943	0.325044	0.231409	0.270349	4
1.00	0.325044	0.217857	0.260870	0.013764	0.010498	0.011911	0.325044	0.231409	0.270349	4
1.00	0.328014	0.220238	0.263533	0.013852	0.010577	0.011995	0.327709	0.234073	0.273088	4
1.00	0.333333	0.223810	0.267806	0.014005	0.010705	0.012135	0.333037	0.237034	0.276952	4
1.00	0.338652	0.227381	0.272080	0.013957	0.010772	0.012159	0.338366	0.241474	0.281825	4
1.00	0.352837	0.236905	0.283476	0.014101	0.011059	0.012396	0.352575	0.254796	0.295815	4
1.00	0.361702	0.242857	0.290598	0.013843	0.011219	0.012394	0.361456	0.262789	0.304325	4
1.00	0.368794	0.247619	0.296296	0.013864	0.011289	0.012445	0.368561	0.267821	0.310218	4
1.00	0.370567	0.248810	0.297721	0.013598	0.011321	0.012356	0.370337	0.268709	0.311442	4
1.00	0.376991	0.253571	0.303203	0.013493	0.011450	0.012388	0.376554	0.274334	0.317417	4
1.00	0.384071	0.258333	0.308897	0.013610	0.011624	0.012539	0.383659	0.277649	0.322157	4
1.00	0.382301	0.257143	0.307473	0.013431	0.011548	0.012419	0.381883	0.275873	0.320335	4
1.00	0.386525	0.259524	0.310541	0.013353	0.011583	0.012405	0.386323	0.278538	0.323693	4
1.00	0.386525	0.259524	0.310541	0.013353	0.011583	0.012405	0.386323	0.278538	0.323693	4
1.00	0.377660	0.253571	0.303419	0.012786	0.011316	0.012006	0.377442	0.272262	0.316338	4
1.00	0.375887	0.252381	0.301994	0.012554	0.011253	0.011868	0.375666	0.269597	0.313914	4
1.00	0.378330	0.253571	0.303635	0.012634	0.011253	0.011904	0.378330	0.272262	0.316650	4
1.00	0.378330	0.253571	0.303635	0.012963	0.011251	0.012046	0.378330	0.273150	0.317249	4
1.00	0.377660	0.253571	0.303419	0.020371	0.011808	0.014950	0.376554	0.274630	0.317615	5
1.00	0.367021	0.246429	0.294872	0.020011	0.011493	0.014600	0.365897	0.266933	0.308677	5
1.00	0.356383	0.239286	0.286325	0.019389	0.011207	0.014204	0.355240	0.256276	0.297750	5
1.00	0.349291	0.234524	0.280627	0.019459	0.011108	0.014143	0.348135	0.248283	0.289850	5
1.00	0.343972	0.230952	0.276353	0.018910	0.010981	0.013894	0.342806	0.244731	0.285583	5
1.00	0.340426	0.228571	0.273504	0.018108	0.010930	0.013632	0.339254	0.242954	0.283140	5
1.00	0.342199	0.229762	0.274929	0.018557	0.011007	0.013818	0.341030	0.243546	0.284160	5
1.00	0.342199	0.229762	0.274929	0.018557	0.011007	0.013818	0.341030	0.243546	0.284160	5
1.00	0.342199	0.229762	0.274929	0.019111	0.011007	0.013968	0.341030	0.243546	0.284160	5
1.00	0.340426	0.228571	0.273504	0.019149	0.010974	0.013953	0.339254	0.241770	0.282334	5
1.00	0.338652	0.227381	0.272080	0.018650	0.010927	0.013780	0.337478	0.240882	0.281113	5
1.00	0.338652	0.227381	0.272080	0.018682	0.010927	0.013789	0.337478	0.240882	0.281113	5
1.00	0.338652	0.227381	0.272080	0.018618	0.010927	0.013771	0.337478	0.240882	0.281113	5
1.00	0.342199	0.229762	0.274929	0.018557	0.011007	0.013818	0.341030	0.243546	0.284160	5
1.01	0.344523	0.232143	0.277383	0.019280	0.011102	0.014090	0.341918	0.245323	0.285676	5
1.01	0.350970	0.236905	0.282871	0.019287	0.011185	0.014159	0.348135	0.252427	0.292655	5
1.01	0.348592	0.235714	0.281250	0.019346	0.011140	0.014139	0.345471	0.250947	0.290719	5
1.01	0.347979	0.235714	0.281050	0.019905	0.011216	0.014347	0.344583	0.247987	0.288412	5
1.01	0.347368	0.235714	0.280851	0.019109	0.011216	0.014135	0.343695	0.247987	0.288100	5
1.02	0.356643	0.242857	0.288952	0.020354	0.011517	0.014711	0.352575	0.256868	0.297207	5
1.02	0.369151	0.253571	0.300635	0.020562	0.011946	0.015112	0.363233	0.267821	0.308314	5
1.03	0.382353	0.263095	0.311707	0.020876	0.012327	0.015501	0.375666	0.276702	0.318678	5
1.03	0.382353	0.263095	0.311707	0.020943	0.012343	0.015532	0.375666	0.276702	0.318678	5
1.03	0.383420	0.264286	0.312896	0.020670	0.012346	0.015458	0.376554	0.278774	0.320370	5
1.03	0.386207	0.266667	0.315493	0.024733	0.012609	0.016703	0.378330	0.280551	0.322185	5
1.03	0.389655	0.269048	0.318310	0.023516	0.012705	0.016497	0.381883	0.284103	0.325815	5
1.03	0.382759	0.264286	0.312676	0.023816	0.012623	0.016501	0.374778	0.276702	0.318358	5
1.03	0.387263	0.267857	0.316678	0.025380	0.012981	0.017177	0.378330	0.277353	0.320067	5
1.03	0.392055	0.270238	0.319944	0.024934	0.013108	0.017183	0.383659	0.279130	0.323152	5
1.03	0.390328	0.269048	0.318534	0.025133	0.013120	0.017241	0.381883	0.277353	0.321331	5
1.03	0.378238	0.260714	0.308668	0.024154	0.012849	0.016775	0.369449	0.267584	0.310373	5
1.03	0.372852	0.258333	0.305204	0.023391	0.012783	0.016532	0.365009	0.265216	0.307212	5
1.04	0.364103	0.253571	0.298947	0.022818	0.012608	0.016242	0.357904	0.260420	0.301478	5
1.05	0.359932	0.252381	0.296711	0.022737	0.012592	0.016208	0.356128	0.258644	0.299657	5
1.05	0.355330	0.250000	0.293501	0.022768	0.012541	0.016173	0.353464	0.255980	0.296925	5
1.05	0.351946	0.247619	0.290706	0.022783	0.012461	0.016111	0.351687	0.253612	0.294704	5
1.05	0.341794	0.240476	0.282320	0.022445	0.012205	0.015812	0.342806	0.244139	0.285179	5
1.05	0.346870	0.244048	0.286513	0.022550	0.012319	0.015933	0.348135	0.250651	0.291458	5
1.04	0.345238	0.241667	0.284314	0.022631	0.012281	0.015922	0.345471	0.246803	0.287918	5
1.04	0.341880	0.238095	0.280702	0.022654	0.012123	0.015794	0.341030	0.242658	0.283555	5
1.03	0.345361	0.239286	0.282700	0.022539	0.012094	0.015742	0.344583	0.246211	0.287207	5
1.04	0.349914	0.242857	0.286718	0.022666	0.012222	0.015881	0.349023	0.250651	0.291769	5
1.03	0.351211	0.241667	0.286319	0.022833	0.012174	0.015881	0.348135	0.248875	0.290253	5
1.03	0.347751	0.239286	0.283498	0.022662	0.012063	0.015745	0.344583	0.245323	0.286602	5
1.02	0.351304	0.240476	0.285512	0.022852	0.012080	0.015805	0.347247	0.247099	0.288735	5
1.02	0.360627	0.246429	0.292786	0.023080	0.012271	0.016023	0.356128	0.255092	0.297259	5
1.02	0.360140	0.245238	0.291785	0.023334	0.012223	0.016043	0.354352	0.253316	0.295434	5
1.02	0.363636	0.247619	0.294618	0.023581	0.012290	0.016158	0.357904	0.256276	0.298682	5
1.02	0.368237	0.251190	0.298655	0.023930	0.012404	0.016338	0.362345	0.259295	0.302279	5
1.02	0.371080	0.253571	0.301273	0.024934	0.012499	0.016651	0.365009	0.261960	0.305016	5
1.02	0.372174	0.254762	0.302473	0.024758	0.012547	0.016654	0.365897	0.262552	0.305727	5
1.02	0.380208	0.260714	0.309322	0.024824	0.012740	0.016838	0.373890	0.270545	0.313931	5
1.02	0.380208	0.260714	0.309322	0.024824	0.012740	0.016838	0.373890	0.270545	0.313931	5
1.02	0.376736	0.258333	0.306497	0.025710	0.012676	0.016980	0.370337	0.266992	0.310286	5
1.02	0.373264	0.255952	0.303672	0.024903	0.012612	0.016744	0.366785	0.263440	0.306639	5
1.03	0.379310	0.261905	0.309859	0.024491	0.012850	0.016856	0.371226	0.268176	0.311397	5
1.04	0.387650	0.269048	0.317639	0.021535	0.013724	0.016764	0.379218	0.274689	0.318599	5
1.04	0.394511	0.273810	0.323261	0.020878	0.013839	0.016645	0.386323	0.279722	0.324492	5
1.04	0.411263	0.286905	0.338008	0.020841	0.014302	0.016964	0.405861	0.293635	0.340746	5
1.05	0.412564	0.289286	0.340098	0.023112	0.014353	0.017709	0.405861	0.293043	0.340347	5
1.05	0.412162	0.290476	0.340782	0.022835	0.014401	0.017663	0.406750	0.293931	0.341258	5
1.06	0.420875	0.297619	0.348675	0.022617	0.014566	0.017720	0.415631	0.302812	0.350363	5
1.06	0.425710	0.303571	0.354413	0.022568	0.015392	0.018302	0.421847	0.309917	0.357322	5
1.06	0.434057	0.309524	0.361362	0.022641	0.015570	0.018451	0.430728	0.316134	0.364640	5
1.07	0.445000	0.317857	0.370833	0.022787	0.015814	0.018671	0.442274	0.325903	0.375274	5
1.06	0.459098	0.327381	0.382210	0.023003	0.016089	0.018934	0.456483	0.341001	0.390380	5
1.06	0.467337	0.332143	0.388309	0.023055	0.016203	0.019031	0.463588	0.348105	0.397632	5
1.06	0.476431	0.336905	0.394700	0.023225	0.016318	0.019168	0.472469	0.356098	0.406112	5
1.05	0.478041	0.336905	0.395251	0.023147	0.016273	0.019111	0.472469	0.357282	0.406881	5
1.05	0.476351	0.335714	0.393855	0.022986	0.016226	0.019023	0.470693	0.356394	0.405646	5
1.05	0.482293	0.340476	0.399163	0.022996	0.016973	0.019530	0.476021	0.361723	0.411075	5
1.05	0.483980	0.341667	0.400558	0.023061	0.016963	0.019547	0.477798	0.363499	0.412884	5
1.06	0.480737	0.341667	0.399443	0.022937	0.017036	0.019551	0.477798	0.362611	0.412311	5
1.07	0.475874	0.340476	0.396947	0.022844	0.017049	0.019525	0.473357	0.359947	0.408934	5
1.07	0.473422	0.339286	0.395284	0.022906	0.017046	0.019546	0.471581	0.356986	0.406359	5
1.07	0.459504	0.330952	0.384775	0.022668	0.016862	0.019338	0.457371	0.342777	0.391868	5
1.07	0.444628	0.320238	0.372318	0.022941	0.016706	0.019333	0.440497	0.328567	0.376387	5
1.07	0.432836	0.310714	0.361746	0.022771	0.016372	0.019048	0.429840	0.317910	0.365498	5
1.08	0.420792	0.303571	0.352697	0.021027	0.016159	0.018274	0.419183	0.308733	0.355578	6
1.08	0.401316	0.290476	0.337017	0.021190	0.015895	0.018164	0.396980	0.293043	0.337184	6
1.08	0.390805	0.283333	0.328502	0.021339	0.015762	0.018131	0.385435	0.287715	0.329482	6
1.08	0.383224	0.277381	0.321823	0.021595	0.015676	0.018166	0.376554	0.282682	0.322935	6
1.08	0.380328	0.276190	0.320000	0.021763	0.015781	0.018296	0.372114	0.280018	0.319563	6
1.08	0.374384	0.271429	0.314700	0.021410	0.015591	0.018043	0.367673	0.277353	0.316190	6
1.08	0.366776	0.265476	0.308011	0.021327	0.015368	0.017864	0.359680	0.269361	0.308036	6
1.08	0.362890	0.263095	0.305038	0.020992	0.015257	0.017671	0.355536	0.267229	0.305122	6
1.08	0.360791	0.260714	0.302695	0.020804	0.015038	0.017458	0.355536	0.265749	0.304154	6
1.08	0.359736	0.259524	0.301521	0.020682	0.014809	0.017260	0.355536	0.264861	0.303572	6
1.07	0.365289	0.263095	0.305882	0.020760	0.014936	0.017373	0.359088	0.267229	0.306422	6
1.07	0.374793	0.269048	0.313236	0.020673	0.014944	0.017348	0.369745	0.276998	0.316722	6
1.07	0.372093	0.266667	0.310680	0.020140	0.014696	0.016992	0.367081	0.275518	0.314776	6
1.07	0.382060	0.273810	0.319001	0.020164	0.014830	0.017091	0.377738	0.287655	0.326599	5
1.07	0.394343	0.282143	0.328938	0.020226	0.015085	0.017282	0.390172	0.297128	0.337352	5
1.07	0.396667	0.283333	0.330556	0.020225	0.015117	0.017302	0.392836	0.298905	0.339493	5
1.06	0.402337	0.286905	0.334955	0.020373	0.015229	0.017430	0.398165	0.304233	0.344918	5
1.06	0.408710	0.290476	0.339596	0.020741	0.015341	0.017637	0.403493	0.308674	0.349771	5
1.06	0.415126	0.294048	0.344251	0.021177	0.015437	0.017857	0.408822	0.313114	0.354624	5
1.06	0.418760	0.297619	0.347947	0.021245	0.015595	0.017987	0.410598	0.316075	0.357189	5
1.06	0.423529	0.300000	0.351220	0.021074	0.015569	0.017908	0.415927	0.317555	0.360144	5
1.06	0.428811	0.304762	0.356298	0.021222	0.015822	0.018128	0.420367	0.318798	0.362604	5
1.06	0.433110	0.308333	0.360223	0.021386	0.016010	0.018311	0.424808	0.323239	0.367128	5
1.06	0.434057	0.309524	0.361362	0.021545	0.016151	0.018462	0.425696	0.322054	0.366693	6
1.06	0.452101	0.320238	0.374913	0.022304	0.016551	0.019002	0.443162	0.334192	0.381039	6
1.06	0.457912	0.323810	0.379358	0.022587	0.016634	0.019158	0.448490	0.337744	0.385318	6
1.05	0.458685	0.323810	0.379623	0.022550	0.016605	0.019126	0.449378	0.337744	0.385645	6
1.06	0.466330	0.329762	0.386332	0.022622	0.016827	0.019299	0.457371	0.343073	0.392061	6
1.06	0.468227	0.333333	0.389430	0.021881	0.016954	0.019105	0.460924	0.347513	0.396264	7
1.06	0.477462	0.340476	0.397498	0.021896	0.017196	0.019263	0.471581	0.356098	0.405783	7
1.06	0.478261	0.340476	0.397775	0.022005	0.017262	0.019347	0.472469	0.356690	0.406496	9
1.06	0.477387	0.339286	0.396660	0.021816	0.017185	0.019226	0.472469	0.355802	0.405919	9
1.06	0.478261	0.340476	0.397775	0.021971	0.017385	0.019411	0.472469	0.356394	0.406304	10
1.07	0.470199	0.338095	0.393352	0.021663	0.017319	0.019249	0.467140	0.351954	0.401448	10
1.07	0.469421	0.338095	0.393080	0.021607	0.017377	0.019262	0.465364	0.351362	0.400406	10
1.07	0.467769	0.336905	0.391695	0.021799	0.017540	0.019439	0.464476	0.348697	0.398345	10
1.08	0.460396	0.332143	0.385892	0.021566	0.017349	0.019229	0.458259	0.344553	0.393354	10
1.08	0.464696	0.336905	0.390614	0.022060	0.017814	0.019711	0.461812	0.349882	0.398129	10
1.08	0.463934	0.336905	0.390345	0.022169	0.017967	0.019848	0.460036	0.349882	0.397468	10
1.09	0.464812	0.338095	0.391454	0.023908	0.018167	0.020646	0.460036	0.350770	0.398040	9
1.09	0.460033	0.335714	0.388162	0.024228	0.018393	0.020911	0.452931	0.347217	0.393091	8
1.09	0.453659	0.332143	0.383505	0.024478	0.018602	0.021139	0.444050	0.341001	0.385762	8
1.09	0.451299	0.330952	0.381868	0.024586	0.018586	0.021169	0.441385	0.339224	0.383620	8
1.10	0.450000	0.332143	0.382192	0.024565	0.018680	0.021222	0.438721	0.338336	0.382045	8
1.11	0.455859	0.338095	0.388243	0.024959	0.019007	0.021580	0.444938	0.343369	0.387610	7
1.10	0.454984	0.336905	0.387141	0.024807	0.018807	0.021394	0.444938	0.342481	0.387044	7
1.11	0.451923	0.335714	0.385246	0.024697	0.018775	0.021333	0.441681	0.340705	0.384677	7
1.11	0.456140	0.340476	0.389911	0.024777	0.018950	0.021475	0.445530	0.344612	0.388626	8
1.12	0.461783	0.345238	0.395095	0.024627	0.018883	0.021376	0.452635	0.352013	0.396032	9
1.12	0.462758	0.347619	0.397009	0.024722	0.019115	0.021560	0.452635	0.354677	0.397713	9
1.12	0.458861	0.345238	0.394022	0.024813	0.019220	0.021661	0.447306	0.350237	0.392864	8
1.12	0.458861	0.345238	0.394022	0.024813	0.019220	0.021661	0.447306	0.350237	0.392864	8
1.13	0.459119	0.347619	0.395664	0.024906	0.019436	0.021834	0.447010	0.352901	0.394420	9
1.13	0.461538	0.350000	0.398104	0.024944	0.019500	0.021889	0.450385	0.356454	0.397952	10
1.13	0.467818	0.354762	0.403521	0.024896	0.019629	0.021951	0.457490	0.363558	0.405151	11
1.13	0.472613	0.359524	0.408384	0.025170	0.019925	0.022242	0.461930	0.369775	0.410747	11
1.14	0.468847	0.358333	0.406208	0.025140	0.020151	0.022371	0.456602	0.366223	0.406448	11
1.14	0.481308	0.367857	0.417004	0.025217	0.020392	0.022549	0.470811	0.378656	0.419735	10
1.14	0.479814	0.367857	0.416442	0.023638	0.020484	0.021948	0.469035	0.380432	0.420113	10
1.15	0.472952	0.364286	0.411567	0.023468	0.020739	0.022019	0.460332	0.376525	0.414232	10
1.15	0.465116	0.357143	0.404040	0.023322	0.020454	0.021794	0.451747	0.371492	0.407707	10
1.15	0.468315	0.360714	0.407532	0.023633	0.020910	0.022188	0.455299	0.372972	0.410044	9
1.15	0.459042	0.353571	0.399462	0.023568	0.020837	0.022118	0.444642	0.365275	0.401070	9
1.14	0.453416	0.347619	0.393531	0.023431	0.020614	0.021933	0.437655	0.359355	0.394659	10
1.14	0.453416	0.347619	0.393531	0.023392	0.020567	0.021889	0.439313	0.359355	0.395331	10
1.14	0.447040	0.341667	0.387314	0.023070	0.020313	0.021604	0.432208	0.354026	0.389230	10
1.13	0.441315	0.335714	0.381339	0.023248	0.020275	0.021660	0.425992	0.347750	0.382915	10
1.13	0.442879	0.336905	0.382691	0.025238	0.021251	0.023074	0.428656	0.349526	0.385068	9
1.15	0.443411	0.340476	0.385185	0.025024	0.021563	0.023165	0.428656	0.350474	0.385642	9
1.15	0.446512	0.342857	0.387879	0.024696	0.021642	0.023069	0.432208	0.353138	0.388693	9
1.15	0.448062	0.344048	0.389226	0.024135	0.021645	0.022822	0.433985	0.355802	0.391024	9
1.15	0.450464	0.346429	0.391655	0.024195	0.021740	0.022902	0.437537	0.358171	0.393896	9
1.15	0.458204	0.352381	0.398385	0.024301	0.021997	0.023092	0.446418	0.362315	0.399993	9
1.15	0.459042	0.353571	0.399462	0.024376	0.022060	0.023160	0.446418	0.362019	0.399813	9
1.15	0.462250	0.357143	0.402955	0.024196	0.022189	0.023149	0.449497	0.364091	0.402311	10
1.16	0.465438	0.360714	0.406439	0.024300	0.022290	0.023252	0.453049	0.367644	0.405902	11
1.16	0.463902	0.359524	0.405097	0.023229	0.022305	0.022758	0.451569	0.364091	0.403139	10
1.16	0.465544	0.361905	0.407234	0.023248	0.022400	0.022816	0.452457	0.366223	0.404798	11
1.16	0.476263	0.370238	0.416611	0.023805	0.022600	0.023187	0.464002	0.377472	0.416288	11
1.16	0.482335	0.373810	0.421194	0.022470	0.021493	0.021970	0.472883	0.381912	0.422557	11
1.16	0.487768	0.379762	0.427041	0.022813	0.022303	0.022555	0.479278	0.389905	0.429997	12
1.16	0.480916	0.375000	0.421405	0.022707	0.022175	0.022438	0.471285	0.382800	0.422459	12
1.16	0.485407	0.376190	0.423877	0.022613	0.021871	0.022236	0.478094	0.386353	0.427355	11
1.16	0.490015	0.379762	0.427901	0.022666	0.021982	0.022319	0.483422	0.391681	0.432743	11
1.16	0.492355	0.383333	0.431058	0.022898	0.022583	0.022740	0.483718	0.394346	0.434484	11
1.16	0.486239	0.378571	0.425703	0.022106	0.022408	0.022256	0.476613	0.388129	0.427844	11
1.16	0.483180	0.376190	0.423025	0.022052	0.022497	0.022272	0.472173	0.383689	0.423357	11
1.16	0.471756	0.367857	0.413378	0.021746	0.022226	0.021983	0.461431	0.373564	0.412875	12
1.17	0.468798	0.366667	0.411490	0.021828	0.022407	0.022114	0.459063	0.370900	0.410299	12
1.16	0.465649	0.363095	0.408027	0.021761	0.022233	0.021994	0.455214	0.369124	0.407674	12
1.16	0.465649	0.363095	0.408027	0.024301	0.022404	0.023314	0.454622	0.369124	0.407436	12
1.16	0.471756	0.367857	0.413378	0.024419	0.022548	0.023446	0.461727	0.376229	0.414616	12
1.17	0.474085	0.370238	0.415775	0.024389	0.022583	0.023451	0.464391	0.379781	0.417846	14
1.17	0.486322	0.380952	0.427236	0.024646	0.022918	0.023750	0.478601	0.393991	0.432194	14
1.17	0.492401	0.385714	0.432577	0.024781	0.023061	0.023890	0.485114	0.401095	0.439122	14
1.17	0.494673	0.386905	0.434202	0.024701	0.022714	0.023666	0.488666	0.405536	0.443237	14
1.17	0.495455	0.389286	0.436000	0.024088	0.022765	0.023408	0.490379	0.408851	0.445919	14
1.17	0.498485	0.391667	0.438667	0.025100	0.023092	0.024054	0.493931	0.410628	0.448444	14
1.17	0.500000	0.392857	0.440000	0.025178	0.023168	0.024131	0.494819	0.412404	0.449868	14
1.17	0.500756	0.394048	0.441039	0.025277	0.023200	0.024194	0.496004	0.414180	0.451414	14
1.18	0.497738	0.392857	0.439122	0.025038	0.023168	0.024067	0.492451	0.412404	0.448887	14
1.18	0.496988	0.392857	0.438830	0.025075	0.023229	0.024117	0.491267	0.411220	0.447693	14
1.18	0.496241	0.392857	0.438538	0.025158	0.023134	0.024104	0.490675	0.412108	0.447973	14
1.18	0.496988	0.392857	0.438830	0.025655	0.023029	0.024271	0.492155	0.412996	0.449114	14
1.19	0.495509	0.394048	0.438992	0.026147	0.023155	0.024560	0.489935	0.413884	0.448710	14
1.18	0.496252	0.394048	0.439283	0.026189	0.023155	0.024579	0.490823	0.413884	0.449082	14
1.18	0.491729	0.389286	0.434551	0.026792	0.024580	0.025639	0.487123	0.408555	0.444393	14
1.18	0.486486	0.385714	0.430279	0.026947	0.024484	0.025656	0.481498	0.403227	0.438900	14
1.18	0.485671	0.383333	0.428476	0.026406	0.024020	0.025157	0.481202	0.401451	0.437723	14
1.18	0.478130	0.377381	0.421823	0.026659	0.023598	0.025035	0.473209	0.394346	0.430193	15
1.18	0.464768	0.369048	0.411413	0.025962	0.023124	0.024461	0.458407	0.381912	0.416678	15
1.20	0.457652	0.366667	0.407138	0.025886	0.023060	0.024392	0.449526	0.378360	0.410884	15
1.20	0.455621	0.366667	0.406332	0.023382	0.022858	0.023117	0.448638	0.378360	0.410513	15
1.21	0.450000	0.364286	0.402632	0.023334	0.022823	0.023075	0.442125	0.375696	0.406213	15
1.21	0.445748	0.361905	0.399474	0.023303	0.022619	0.022956	0.438277	0.372143	0.402512	14
1.21	0.452276	0.366667	0.404997	0.023419	0.022716	0.023062	0.445382	0.380136	0.410181	14
1.21	0.458824	0.371429	0.410526	0.023424	0.022862	0.023140	0.452783	0.386353	0.416938	14
1.20	0.465185	0.373810	0.414521	0.023536	0.022913	0.023220	0.459591	0.389905	0.421890	14
1.20	0.476401	0.384524	0.425560	0.023580	0.023219	0.023398	0.473949	0.404115	0.436255	15
1.20	0.480769	0.386905	0.428760	0.023852	0.023889	0.023870	0.477649	0.406779	0.439375	15
1.20	0.483013	0.389286	0.431114	0.023765	0.023955	0.023859	0.481794	0.409739	0.442855	15
1.20	0.498516	0.400000	0.443857	0.024133	0.024259	0.024196	0.498964	0.423949	0.458408	15
1.20	0.499259	0.401190	0.444885	0.024237	0.024428	0.024332	0.498964	0.423949	0.458408	16
1.20	0.506667	0.407143	0.451485	0.024272	0.024680	0.024474	0.506957	0.433718	0.467486	15
1.19	0.512668	0.409524	0.455328	0.024152	0.024713	0.024429	0.513174	0.437271	0.472191	15
1.20	0.510386	0.409524	0.454425	0.023861	0.024608	0.024229	0.511101	0.438159	0.471827	15
1.19	0.516418	0.411905	0.458278	0.023671	0.024130	0.023898	0.517318	0.443487	0.477566	15
1.19	0.523169	0.416667	0.463883	0.024059	0.024427	0.024241	0.524423	0.449704	0.484198	15
1.18	0.530827	0.420238	0.469103	0.024851	0.024523	0.024686	0.533896	0.455033	0.491320	15
1.18	0.524812	0.415476	0.463787	0.024791	0.024514	0.024652	0.527087	0.448461	0.484605	16
1.18	0.524812	0.415476	0.463787	0.024802	0.024666	0.024734	0.526199	0.448461	0.484230	16
1.19	0.522388	0.416667	0.463576	0.024935	0.025146	0.025040	0.522647	0.447040	0.481896	16
1.19	0.520179	0.414286	0.461233	0.024930	0.024973	0.024952	0.519094	0.442599	0.477804	16
1.18	0.512782	0.405952	0.453156	0.024650	0.024244	0.024445	0.513173	0.433718	0.470112	16
1.18	0.510511	0.404762	0.451527	0.024903	0.024275	0.024585	0.510805	0.431054	0.467553	16
1.19	0.511976	0.407143	0.453581	0.025379	0.024204	0.024777	0.513173	0.433718	0.470112	16
1.19	0.514881	0.411905	0.457672	0.025445	0.024484	0.024955	0.516726	0.439047	0.474730	16
1.20	0.511144	0.409524	0.454726	0.025831	0.024962	0.025389	0.511989	0.433718	0.469615	16
1.19	0.508197	0.405952	0.451357	0.025684	0.024713	0.025189	0.509029	0.429278	0.465764	15
