
Sat Jul 24 12:14:25 2021
25.41	0.033458	0.524691	0.062905	0.029833	0.351479	0.054997	0.033720	0.470000	0.062925	46
7.40	0.026515	0.117587	0.043272	0.030399	0.136356	0.049714	0.029154	0.111912	0.046257	47
1.34	0.038010	0.030477	0.033829	0.021724	0.020334	0.021006	0.041021	0.028018	0.033295	32
1.00	0.115167	0.069203	0.086456	0.035818	0.022789	0.027855	0.115313	0.076484	0.091968	28
1.00	0.274192	0.164321	0.205492	0.038394	0.029884	0.033609	0.274192	0.192931	0.226493	22
1.00	0.332335	0.199165	0.249067	0.037199	0.033761	0.035397	0.332335	0.235485	0.275650	15
1.00	0.365293	0.218917	0.273767	0.033283	0.036817	0.034960	0.365293	0.252652	0.298706	13
1.00	0.391167	0.234689	0.293366	0.036453	0.039633	0.037977	0.391611	0.263301	0.314886	13
1.00	0.395591	0.237746	0.296999	0.034080	0.039874	0.036750	0.396429	0.260588	0.314466	14
1.01	0.394085	0.237989	0.296762	0.038383	0.042267	0.040231	0.394715	0.261317	0.314453	13
1.01	0.400768	0.243133	0.302655	0.041413	0.043253	0.042313	0.400613	0.267228	0.320600	14
1.01	0.407532	0.247355	0.307855	0.042099	0.042720	0.042407	0.407442	0.274881	0.328284	14
1.01	0.412597	0.250510	0.311743	0.044907	0.042752	0.043803	0.412476	0.282371	0.335243	14
1.01	0.415928	0.252693	0.314385	0.044950	0.042587	0.043737	0.415756	0.275731	0.331566	13
1.02	0.421221	0.256236	0.318639	0.043732	0.044737	0.044229	0.421154	0.274354	0.332262	13
1.02	0.417311	0.254101	0.315869	0.042581	0.046801	0.044592	0.417213	0.271925	0.329254	15
1.02	0.403125	0.245365	0.305056	0.043647	0.046397	0.044980	0.402880	0.268281	0.322084	15
1.02	0.393906	0.239639	0.297990	0.043901	0.047555	0.045655	0.393730	0.264110	0.316150	15
1.02	0.398198	0.242308	0.301282	0.045384	0.044270	0.044820	0.398102	0.271722	0.322990	15
1.02	0.410471	0.249976	0.310722	0.047929	0.044468	0.046134	0.410533	0.276784	0.330645	15

Sat Jul 24 12:23:45 2021
25.00	0.035193	0.543210	0.066103	0.032750	0.365789	0.060118	0.034539	0.497500	0.064593	47
5.82	0.080304	0.280210	0.124832	0.031323	0.101711	0.047896	0.086589	0.242611	0.127628	46
1.41	0.302463	0.255023	0.276725	0.022057	0.028041	0.024691	0.315590	0.214633	0.255500	24
1.22	0.383177	0.279433	0.323184	0.026200	0.026988	0.026588	0.359381	0.235566	0.284590	14
1.27	0.414101	0.314666	0.357600	0.037639	0.030363	0.033612	0.381799	0.271925	0.317628	6
1.30	0.438279	0.341502	0.383885	0.039974	0.033836	0.036649	0.402934	0.305045	0.347222	4
1.35	0.462907	0.373678	0.413534	0.040867	0.037951	0.039355	0.427835	0.335857	0.376307	4
1.38	0.466981	0.385033	0.422066	0.062991	0.040212	0.049088	0.430143	0.349016	0.385356	5
1.39	0.483751	0.403086	0.439750	0.064356	0.043575	0.051965	0.450374	0.361973	0.401363	8
1.39	0.489349	0.408037	0.445009	0.070440	0.044957	0.054885	0.456299	0.367722	0.407250	9
1.38	0.502343	0.416238	0.455255	0.102190	0.048661	0.065928	0.468904	0.376670	0.417757	10
1.40	0.505510	0.425167	0.461871	0.103048	0.049742	0.067096	0.472494	0.383229	0.423206	10
1.43	0.509060	0.437640	0.470656	0.092851	0.051343	0.066123	0.478230	0.395660	0.433044	10
1.46	0.515873	0.450306	0.480864	0.093316	0.053038	0.067635	0.487435	0.409466	0.445062	10
1.45	0.522623	0.455159	0.486564	0.114859	0.054770	0.074172	0.496005	0.413353	0.450923	11
1.44	0.525887	0.453994	0.487303	0.114232	0.055093	0.074335	0.498326	0.412827	0.451565	11
1.44	0.529899	0.456275	0.490339	0.124984	0.055657	0.077018	0.502578	0.414366	0.454229	11
1.46	0.529637	0.462681	0.493900	0.124819	0.056191	0.077495	0.504278	0.417281	0.456673	11
1.45	0.530075	0.460594	0.492898	0.125125	0.056283	0.077642	0.503765	0.418738	0.457333	11
1.45	0.529461	0.460934	0.492827	0.125363	0.056361	0.077762	0.502632	0.420601	0.457972	11
1.46	0.532708	0.465932	0.497088	0.114571	0.058207	0.077195	0.507194	0.423921	0.461834	11
1.46	0.535052	0.469281	0.500013	0.125003	0.058917	0.080087	0.510001	0.426998	0.464823	11
1.46	0.537121	0.469766	0.501191	0.124424	0.059452	0.080459	0.511755	0.428294	0.466320	11
1.46	0.534221	0.467048	0.498382	0.110838	0.059515	0.077445	0.507410	0.427686	0.464150	11
1.46	0.535182	0.468407	0.499573	0.110531	0.059650	0.077484	0.508273	0.428942	0.465250	11
1.46	0.537840	0.471804	0.502663	0.110374	0.060253	0.077952	0.512025	0.431007	0.468036	11
1.45	0.542169	0.469523	0.503238	0.110129	0.060292	0.077924	0.516317	0.428820	0.468519	11
1.43	0.545739	0.466126	0.502801	0.109638	0.060592	0.078049	0.519043	0.427039	0.468567	11
1.44	0.545798	0.469620	0.504852	0.104068	0.061374	0.077213	0.519934	0.429711	0.470537	11

Sat Jul 24 12:36:38 2021
23.27	0.032438	0.466049	0.060655	0.028650	0.278026	0.051947	0.032049	0.482500	0.060106	44
6.49	0.063249	0.246045	0.100629	0.030481	0.107860	0.047530	0.062447	0.249858	0.099921	44
1.48	0.148595	0.131612	0.139589	0.025422	0.016091	0.019708	0.145054	0.126974	0.135413	35
1.02	0.196235	0.119383	0.148452	0.046256	0.017393	0.025280	0.195468	0.150498	0.170060	28
1.00	0.224300	0.134475	0.168143	0.071275	0.021563	0.033109	0.224269	0.202931	0.213067	23
1.00	0.242024	0.145055	0.181393	0.087938	0.025039	0.038979	0.242003	0.216981	0.228810	18
1.00	0.268419	0.161070	0.201328	0.079321	0.030210	0.043755	0.268159	0.226375	0.245502	13
1.00	0.270235	0.162671	0.203090	0.080315	0.033034	0.046813	0.268942	0.220423	0.242277	13
1.01	0.286265	0.172959	0.215634	0.084123	0.038956	0.053252	0.283694	0.220544	0.248165	13
1.01	0.284835	0.172911	0.215190	0.080476	0.039293	0.052804	0.280198	0.222326	0.247930	13
1.02	0.281225	0.171552	0.213106	0.123102	0.043306	0.064072	0.274705	0.212892	0.239880	14
1.02	0.287647	0.176405	0.218693	0.125974	0.047180	0.068649	0.279523	0.215564	0.243412	14
1.03	0.290419	0.178443	0.221060	0.128934	0.049696	0.071741	0.281656	0.219734	0.246871	14
1.03	0.298692	0.183976	0.227701	0.128241	0.052609	0.074610	0.288755	0.223054	0.251688	14
1.03	0.302911	0.187324	0.231491	0.129479	0.052740	0.074950	0.291724	0.229614	0.256969	14
1.03	0.305736	0.189071	0.233650	0.131646	0.053525	0.076107	0.294477	0.231962	0.259508	14
1.03	0.319765	0.197855	0.244454	0.131628	0.058585	0.081082	0.308352	0.231841	0.264678	14
1.03	0.324704	0.200864	0.248194	0.108833	0.059306	0.076775	0.313224	0.232407	0.266831	13

Sat Jul 24 12:45:19 2021
22.99	0.049587	0.703704	0.092645	0.028671	0.317072	0.052587	0.049846	0.670000	0.092789	46
6.57	0.056634	0.223139	0.090339	0.038257	0.151332	0.061074	0.054210	0.226213	0.087460	45
1.37	0.049447	0.040571	0.044571	0.048754	0.036552	0.041780	0.049156	0.047453	0.048290	34
1.00	0.152199	0.091381	0.114197	0.048956	0.022188	0.030536	0.152280	0.132440	0.141668	31
1.00	0.223176	0.133747	0.167258	0.052240	0.031453	0.039265	0.223176	0.210381	0.216590	21
1.00	0.230303	0.138164	0.172713	0.044615	0.030948	0.036546	0.230221	0.222731	0.226414	16
1.00	0.230993	0.138892	0.173476	0.057234	0.034835	0.043309	0.230680	0.220463	0.225456	13
1.01	0.229848	0.138795	0.173076	0.072550	0.038286	0.050121	0.229222	0.215281	0.222033	12
1.01	0.254125	0.153984	0.191768	0.082899	0.041459	0.055274	0.253327	0.228035	0.240016	13
1.02	0.277760	0.169223	0.210314	0.108751	0.043671	0.062318	0.276973	0.239938	0.257129	14
1.02	0.267389	0.163981	0.203291	0.121339	0.042797	0.063276	0.266533	0.234999	0.249775	14
1.04	0.254533	0.158061	0.195018	0.117457	0.043696	0.063696	0.255952	0.225200	0.239593	14
1.04	0.259535	0.162137	0.199588	0.117565	0.044403	0.064461	0.262241	0.225808	0.242665	15
1.04	0.266042	0.166602	0.204894	0.124921	0.046074	0.067319	0.269536	0.232691	0.249762	15
1.05	0.265481	0.166650	0.204764	0.121602	0.047345	0.068154	0.269212	0.235404	0.251175	15
1.05	0.257110	0.161895	0.198684	0.114620	0.046474	0.066134	0.260547	0.230545	0.244630	15
