
Sun Aug 22 06:55:18 2021
42.62	0.016657	0.514493	0.032269	0.015672	0.074054	0.025870	0.016545	0.546250	0.032118	89
37.17	0.014833	0.368999	0.028520	0.018322	0.323229	0.034678	0.014607	0.349991	0.028043	89
31.42	0.015782	0.331890	0.030131	0.018736	0.278879	0.035113	0.015407	0.317632	0.029389	89
26.10	0.017166	0.299783	0.032473	0.019302	0.228493	0.035597	0.016563	0.291071	0.031343	89
21.22	0.019018	0.270066	0.035534	0.019807	0.182878	0.035743	0.017997	0.265750	0.033710	89
16.91	0.021673	0.245277	0.039826	0.020746	0.164580	0.036847	0.020177	0.244418	0.037277	89
13.28	0.025008	0.222206	0.044957	0.021857	0.147935	0.038086	0.022856	0.223829	0.041476	89
10.32	0.029485	0.203614	0.051510	0.022805	0.117756	0.038210	0.026693	0.207174	0.047292	89
7.91	0.035180	0.186142	0.059175	0.023833	0.102800	0.038695	0.031578	0.190959	0.054195	89
6.02	0.042902	0.172702	0.068731	0.024802	0.091087	0.038988	0.038234	0.177971	0.062946	89
4.56	0.052353	0.159785	0.078866	0.026339	0.059650	0.036543	0.046752	0.165531	0.072911	89
3.48	0.064266	0.149780	0.089941	0.028049	0.055789	0.037330	0.058218	0.155843	0.084769	89
2.71	0.078513	0.142388	0.101215	0.030824	0.048579	0.037716	0.071805	0.148804	0.096867	89
2.15	0.092886	0.133951	0.109701	0.032249	0.033985	0.033094	0.086081	0.140465	0.106745	88
1.78	0.106807	0.127231	0.116128	0.033159	0.031430	0.032271	0.100465	0.133460	0.114636	85
1.52	0.120471	0.122153	0.121306	0.035957	0.030511	0.033011	0.113322	0.127156	0.119841	84
1.34	0.131767	0.118121	0.124572	0.037137	0.028169	0.032037	0.124435	0.122656	0.123539	77
1.22	0.142621	0.116105	0.128005	0.036120	0.025849	0.030133	0.134765	0.121085	0.127559	74
1.14	0.155560	0.118868	0.134761	0.035955	0.025082	0.029550	0.149103	0.125157	0.136084	70
1.09	0.169763	0.123497	0.142981	0.036993	0.023699	0.028890	0.164626	0.132158	0.146616	66
1.05	0.183037	0.128425	0.150943	0.035573	0.022964	0.027910	0.179447	0.139940	0.157250	59
1.03	0.190259	0.130665	0.154929	0.037378	0.021803	0.027541	0.187839	0.142887	0.162308	50
1.02	0.193945	0.132009	0.157093	0.035461	0.021911	0.027086	0.192041	0.144003	0.164589	45
1.01	0.197241	0.133428	0.159177	0.033763	0.022608	0.027082	0.195781	0.143668	0.165724	36
1.01	0.200399	0.135145	0.161427	0.037427	0.022976	0.028473	0.198959	0.144803	0.167615	28
1.01	0.204412	0.137684	0.164540	0.043163	0.023451	0.030390	0.203260	0.147257	0.170785	24
1.01	0.205638	0.138356	0.165417	0.037591	0.023191	0.028685	0.204982	0.147397	0.171484	20
1.00	0.201666	0.135593	0.162157	0.037862	0.023254	0.028812	0.201012	0.143278	0.167304	18
1.00	0.201312	0.135220	0.161776	0.038350	0.023221	0.028927	0.200816	0.142962	0.167021	14
1.00	0.201581	0.135220	0.161863	0.028117	0.022975	0.025287	0.201374	0.143771	0.167766	10
1.00	0.203097	0.136116	0.162993	0.028792	0.022664	0.025363	0.202834	0.144663	0.168880	9
1.00	0.203256	0.136116	0.163044	0.029400	0.022041	0.025195	0.203206	0.145091	0.169300	7
1.00	0.202609	0.135668	0.162515	0.029943	0.021511	0.025037	0.202555	0.144617	0.168751	6
1.00	0.199955	0.133876	0.160376	0.030619	0.020736	0.024727	0.199933	0.142739	0.166563	6
1.00	0.197456	0.132159	0.158340	0.031290	0.020094	0.024472	0.197423	0.140749	0.164337	5
1.00	0.192994	0.129172	0.154761	0.031313	0.019330	0.023904	0.192960	0.137421	0.160522	5
1.00	0.192458	0.128799	0.154321	0.031604	0.018924	0.023673	0.192458	0.137374	0.160316	5
1.00	0.193574	0.129545	0.155216	0.031755	0.018324	0.023238	0.193574	0.139113	0.161885	5
1.00	0.202164	0.135295	0.162104	0.032443	0.017491	0.022728	0.202164	0.146913	0.170166	5
1.00	0.222470	0.148884	0.178386	0.032793	0.017534	0.022851	0.222470	0.163742	0.188641	5
1.00	0.239206	0.160084	0.191805	0.033062	0.017457	0.022849	0.239206	0.177521	0.203798	5
1.00	0.246569	0.165012	0.197710	0.033135	0.017273	0.022709	0.246569	0.183936	0.210696	4
1.00	0.262635	0.175763	0.210592	0.033268	0.017235	0.022706	0.262635	0.197715	0.225597	4
1.00	0.303693	0.203240	0.243514	0.033385	0.017827	0.023243	0.303693	0.234291	0.264515	4
1.00	0.332924	0.222803	0.266953	0.022268	0.018134	0.019990	0.332924	0.261533	0.292942	3
1.00	0.347651	0.232659	0.278762	0.022231	0.018160	0.019990	0.347651	0.275656	0.307495	3
1.00	0.393060	0.263048	0.315173	0.022313	0.018499	0.020228	0.393060	0.318638	0.351958	3
1.00	0.449403	0.300754	0.360351	0.022373	0.019153	0.020638	0.449403	0.370732	0.406294	3
1.00	0.485775	0.325095	0.389515	0.022437	0.019472	0.020850	0.485775	0.404507	0.441432	3
1.00	0.505411	0.338236	0.405260	0.022496	0.019552	0.020921	0.505411	0.423344	0.460752	3
1.00	0.539551	0.361084	0.432636	0.022612	0.019536	0.020962	0.539551	0.455346	0.493885	3
1.00	0.551601	0.369148	0.442297	0.022660	0.019443	0.020929	0.551601	0.467089	0.505839	3
1.00	0.545911	0.365340	0.437735	0.022616	0.019335	0.020847	0.545911	0.461975	0.500448	3
1.00	0.500390	0.334876	0.401235	0.022463	0.019330	0.020779	0.500390	0.419514	0.456397	3
1.00	0.421957	0.282386	0.338343	0.022431	0.018767	0.020436	0.421957	0.346177	0.380329	3
1.00	0.395069	0.264392	0.316783	0.022391	0.019015	0.020565	0.395069	0.318749	0.352829	3
1.00	0.318197	0.212947	0.255144	0.022207	0.018481	0.020173	0.318197	0.245113	0.276914	3
1.00	0.277920	0.185993	0.222848	0.022211	0.018471	0.020169	0.277920	0.206966	0.237252	3
1.00	0.264755	0.177182	0.212292	0.022191	0.019038	0.020494	0.264755	0.192369	0.222831	3
1.00	0.273904	0.183305	0.219628	0.021764	0.019646	0.020651	0.273904	0.198881	0.230440	3
1.00	0.323329	0.216382	0.259259	0.020929	0.020997	0.020963	0.323329	0.240710	0.275969	3
1.00	0.379114	0.253715	0.303990	0.019540	0.022276	0.020819	0.379114	0.290916	0.329210	3
1.00	0.390271	0.261181	0.312936	0.018409	0.022597	0.020289	0.390271	0.300167	0.339340	3
1.00	0.415263	0.277906	0.332975	0.017764	0.022993	0.020043	0.415263	0.323439	0.363644	3
1.00	0.490572	0.328306	0.393362	0.017374	0.023780	0.020078	0.490572	0.393821	0.436904	3
1.00	0.532857	0.356604	0.427268	0.017046	0.023703	0.019831	0.532857	0.433469	0.478052	3
1.00	0.623675	0.417382	0.500089	0.017885	0.023962	0.020482	0.623675	0.513753	0.563402	3
1.00	0.676782	0.452923	0.542673	0.019151	0.023610	0.021148	0.676782	0.560268	0.613038	3
1.00	0.694522	0.464795	0.556897	0.020448	0.023115	0.021700	0.694522	0.575700	0.629553	3
1.00	0.709695	0.474950	0.569064	0.021597	0.022829	0.022196	0.709695	0.590167	0.644436	3
1.00	0.725204	0.485328	0.581499	0.022522	0.022558	0.022540	0.725204	0.603918	0.659027	3
1.00	0.741381	0.496155	0.594471	0.024350	0.021652	0.022922	0.741381	0.618924	0.674641	3
1.00	0.744505	0.498245	0.596976	0.025400	0.021031	0.023010	0.744505	0.622866	0.678275	3
1.00	0.740823	0.495781	0.594024	0.025994	0.020200	0.022734	0.740823	0.621397	0.675875	3
1.00	0.738480	0.494213	0.592145	0.026200	0.019807	0.022559	0.738480	0.620114	0.674141	3
1.00	0.737588	0.493616	0.591430	0.026418	0.019585	0.022494	0.737588	0.620086	0.673752	3
1.00	0.737030	0.493243	0.590982	0.026697	0.019395	0.022467	0.737030	0.620170	0.673569	3
1.00	0.735245	0.492048	0.589551	0.026844	0.019150	0.022354	0.735245	0.619147	0.672220	3
1.00	0.726654	0.486299	0.582662	0.027069	0.018205	0.021770	0.726654	0.614006	0.665597	3
1.00	0.721187	0.482640	0.578279	0.027430	0.017660	0.021487	0.721187	0.610268	0.661108	3
1.00	0.717952	0.480475	0.575684	0.027824	0.017318	0.021348	0.717952	0.608437	0.658673	3
1.00	0.719402	0.481446	0.576847	0.027566	0.017456	0.021376	0.719402	0.609534	0.659926	3
1.00	0.722638	0.483611	0.579442	0.027361	0.017754	0.021534	0.722638	0.611709	0.662562	3
1.00	0.726877	0.486448	0.582841	0.027171	0.018168	0.021776	0.726877	0.614657	0.666073	3
1.00	0.730336	0.488763	0.585615	0.026837	0.018542	0.021931	0.730336	0.616888	0.668835	3
1.00	0.743947	0.497872	0.596529	0.026459	0.019966	0.022758	0.743947	0.625925	0.679852	3
1.00	0.754435	0.504891	0.604938	0.025158	0.021904	0.023418	0.754435	0.631717	0.687644	3
1.00	0.745509	0.498917	0.597781	0.023984	0.022908	0.023434	0.745509	0.622104	0.678239	3
1.00	0.721187	0.482640	0.578279	0.023101	0.023475	0.023286	0.721187	0.600874	0.655556	3
1.00	0.691956	0.463078	0.554840	0.022514	0.023847	0.023161	0.691956	0.575711	0.628504	3
1.00	0.645320	0.431867	0.517445	0.022082	0.023838	0.022926	0.645320	0.535425	0.585258	3
1.00	0.603035	0.403569	0.483539	0.021991	0.023831	0.022874	0.603035	0.499435	0.546367	3
1.00	0.502287	0.336146	0.402755	0.021774	0.023063	0.022400	0.502287	0.408260	0.450419	3
1.00	0.414035	0.277085	0.331991	0.021322	0.022264	0.021783	0.414035	0.325317	0.364353	3
1.00	0.361151	0.241693	0.289587	0.021005	0.021792	0.021391	0.361151	0.274664	0.312026	3
1.00	0.317974	0.212798	0.254965	0.020541	0.021257	0.020893	0.317974	0.234564	0.269973	3
1.00	0.316412	0.211752	0.253713	0.019943	0.021414	0.020652	0.316412	0.232277	0.267894	3
1.00	0.306482	0.205107	0.245751	0.019261	0.021406	0.020277	0.306482	0.222803	0.258028	3
1.00	0.294767	0.197267	0.236357	0.018683	0.021246	0.019882	0.294767	0.211981	0.246612	3
1.00	0.303358	0.203017	0.243246	0.018092	0.021443	0.019625	0.303358	0.219614	0.254781	3
1.00	0.306928	0.205406	0.246108	0.017713	0.021572	0.019453	0.306928	0.222301	0.257848	3
1.00	0.291643	0.195177	0.233852	0.017692	0.021344	0.019347	0.291643	0.208318	0.243037	3
1.00	0.285061	0.190771	0.228574	0.017466	0.021276	0.019183	0.285061	0.202287	0.236645	3
1.00	0.278813	0.186590	0.223564	0.017008	0.021102	0.018835	0.278813	0.196857	0.230775	3
1.00	0.284168	0.190174	0.227858	0.016594	0.020933	0.018513	0.284168	0.201701	0.235936	3
1.00	0.287181	0.192190	0.230274	0.016176	0.020601	0.018122	0.287181	0.204890	0.239155	3
1.00	0.299676	0.200553	0.240293	0.016073	0.020370	0.017968	0.299676	0.217163	0.251833	3
1.00	0.294210	0.196894	0.235910	0.016079	0.019905	0.017789	0.294210	0.214030	0.247795	3
1.00	0.303358	0.203017	0.243246	0.016257	0.019739	0.017830	0.303358	0.222955	0.257015	3
1.00	0.299676	0.200553	0.240293	0.016237	0.019668	0.017789	0.299676	0.220008	0.253736	3
1.00	0.313957	0.210110	0.251744	0.016200	0.020226	0.017990	0.313957	0.231584	0.266551	3

Sun Aug 22 07:28:34 2021
47.15	0.016755	0.572464	0.032557	0.014278	0.079458	0.024206	0.016937	0.545833	0.032855	89
40.36	0.022843	0.616964	0.044055	0.016661	0.425143	0.032065	0.022941	0.651993	0.044322	89
34.82	0.024433	0.569402	0.046855	0.016657	0.383770	0.031928	0.024511	0.605833	0.047116	89
29.62	0.026572	0.526693	0.050592	0.016754	0.363840	0.032032	0.026695	0.565735	0.050985	89
24.73	0.029392	0.486373	0.055434	0.016973	0.334471	0.032307	0.029578	0.526431	0.056010	89
20.36	0.033290	0.453521	0.062027	0.017341	0.271325	0.032598	0.033700	0.494792	0.063101	89
16.47	0.037858	0.417233	0.069417	0.017663	0.226925	0.032775	0.038643	0.458859	0.071284	89
13.29	0.042680	0.379527	0.076731	0.017557	0.175363	0.031918	0.044068	0.421167	0.079788	89
10.63	0.048590	0.345778	0.085206	0.018030	0.132859	0.031751	0.051020	0.386238	0.090133	89
8.46	0.055846	0.316135	0.094923	0.018860	0.116865	0.032479	0.060409	0.354416	0.103224	89
6.70	0.064843	0.290749	0.106037	0.019408	0.103140	0.032669	0.073356	0.326989	0.119830	89
5.30	0.075225	0.266632	0.117344	0.021133	0.079158	0.033360	0.090094	0.300342	0.138609	89
4.19	0.087332	0.245128	0.128783	0.021965	0.066816	0.033061	0.107961	0.276773	0.155332	88
3.33	0.101011	0.225192	0.139465	0.026296	0.051149	0.034735	0.126192	0.254041	0.168622	87
2.68	0.116541	0.208691	0.149561	0.021511	0.040244	0.028037	0.142755	0.235529	0.177766	87
2.20	0.130609	0.192115	0.155501	0.025856	0.024221	0.025012	0.154350	0.216444	0.180198	84
1.83	0.145663	0.178302	0.160338	0.028337	0.022036	0.024792	0.162579	0.201000	0.179759	80
1.56	0.159669	0.166953	0.163230	0.032934	0.018945	0.024054	0.168570	0.187785	0.177660	73
1.37	0.170563	0.156873	0.163432	0.035008	0.017229	0.023093	0.171962	0.175791	0.173856	65
1.24	0.176154	0.146718	0.160095	0.033565	0.015535	0.021240	0.172769	0.163868	0.168201	57
1.15	0.179691	0.138729	0.156575	0.027030	0.014729	0.019068	0.172034	0.154561	0.162830	50
1.10	0.178226	0.130665	0.150784	0.028551	0.014372	0.019119	0.169733	0.145301	0.156570	44
1.06	0.174610	0.123647	0.144774	0.029472	0.014010	0.018992	0.166821	0.136766	0.150306	41
1.04	0.172810	0.120063	0.141686	0.030462	0.013825	0.019019	0.166182	0.132461	0.147418	35
1.02	0.169157	0.115807	0.137488	0.030697	0.013590	0.018840	0.164646	0.127348	0.143615	32
1.01	0.165749	0.112372	0.133939	0.030536	0.013208	0.018440	0.163007	0.123536	0.140553	25
1.01	0.164118	0.110580	0.132132	0.031025	0.013135	0.018456	0.162639	0.121360	0.139000	23
1.00	0.161699	0.108564	0.129908	0.031213	0.012931	0.018286	0.161135	0.119129	0.136984	19
1.00	0.159929	0.107220	0.128375	0.031018	0.012782	0.018104	0.159628	0.117920	0.135640	18
1.00	0.156633	0.104906	0.125654	0.030982	0.012598	0.017912	0.156588	0.115568	0.132987	14
1.00	0.154842	0.103636	0.124167	0.032218	0.012517	0.018030	0.154859	0.114331	0.131544	9
1.00	0.152610	0.102143	0.122378	0.033125	0.012468	0.018117	0.152627	0.112611	0.129601	9
1.00	0.151830	0.101620	0.121752	0.033596	0.012427	0.018143	0.151846	0.111867	0.128826	7
1.00	0.151606	0.101471	0.121573	0.035040	0.012449	0.018371	0.151623	0.111653	0.128604	7
1.00	0.151177	0.101172	0.121220	0.035369	0.012417	0.018381	0.151177	0.111347	0.128240	6
1.00	0.150619	0.100799	0.120773	0.043913	0.012417	0.019360	0.150619	0.110900	0.127744	6
1.00	0.150619	0.100799	0.120773	0.043967	0.012445	0.019399	0.150619	0.110789	0.127670	6
1.00	0.150396	0.100650	0.120594	0.043887	0.012459	0.019408	0.150396	0.110584	0.127454	6
1.00	0.151735	0.101546	0.121668	0.032660	0.012493	0.018073	0.151735	0.111458	0.128515	5
1.00	0.153185	0.102516	0.122831	0.032675	0.012545	0.018130	0.153185	0.112500	0.129727	5
1.00	0.158541	0.106100	0.127125	0.032451	0.012649	0.018203	0.158541	0.116600	0.134374	4
1.00	0.165235	0.110580	0.132492	0.021454	0.012742	0.015988	0.165235	0.122085	0.140420	3
1.00	0.183421	0.122751	0.147075	0.021580	0.013122	0.016320	0.183421	0.137538	0.157200	3
1.00	0.217003	0.145225	0.174002	0.021520	0.013567	0.016642	0.217003	0.166131	0.188190	3
1.00	0.256164	0.171433	0.205403	0.021272	0.014025	0.016904	0.256164	0.201056	0.225289	3
1.00	0.326788	0.218696	0.262033	0.021123	0.014678	0.017320	0.326788	0.263117	0.291516	3
1.00	0.382908	0.256253	0.307032	0.021287	0.015050	0.017634	0.382908	0.312542	0.344165	3
1.00	0.479192	0.320690	0.384237	0.021797	0.015774	0.018302	0.479192	0.396489	0.433935	3
1.00	0.576927	0.386097	0.462605	0.022197	0.015854	0.018497	0.576927	0.485687	0.527390	3
1.00	0.649894	0.434929	0.521113	0.022866	0.015327	0.018353	0.649894	0.554056	0.598160	3
1.00	0.676001	0.452401	0.542047	0.024206	0.014515	0.018148	0.676001	0.580079	0.624378	3
1.00	0.678121	0.453819	0.543747	0.026078	0.013371	0.017678	0.678121	0.585072	0.628169	3
1.00	0.669753	0.448219	0.537037	0.028333	0.012324	0.017176	0.669753	0.579456	0.621341	3
1.00	0.663171	0.443814	0.531759	0.029394	0.011718	0.016756	0.663171	0.574454	0.615633	3
1.00	0.659824	0.441574	0.529075	0.029878	0.011410	0.016514	0.659824	0.571758	0.612642	3
1.00	0.658820	0.440902	0.528270	0.029871	0.011321	0.016419	0.658820	0.570754	0.611633	3
1.00	0.658708	0.440827	0.528180	0.029870	0.011311	0.016408	0.658708	0.570698	0.611553	3
1.00	0.658485	0.440678	0.528001	0.018633	0.011291	0.014061	0.658485	0.570475	0.611329	2
1.00	0.658708	0.440827	0.528180	0.029870	0.011311	0.016408	0.658708	0.570698	0.611553	3
1.00	0.659043	0.441051	0.528449	0.029873	0.011343	0.016442	0.659043	0.570865	0.611793	3
1.00	0.659154	0.441126	0.528538	0.029873	0.011353	0.016453	0.659154	0.570977	0.611905	3
1.00	0.659377	0.441275	0.528717	0.029875	0.011374	0.016475	0.659377	0.571144	0.612098	3
1.00	0.660270	0.441873	0.529433	0.029882	0.011462	0.016569	0.660270	0.571591	0.612738	3
1.00	0.660493	0.442022	0.529612	0.029883	0.011486	0.016594	0.660493	0.571591	0.612834	3
1.00	0.661497	0.442694	0.530417	0.029891	0.011584	0.016697	0.661497	0.572121	0.613571	3
1.00	0.662613	0.443441	0.531312	0.029899	0.011694	0.016813	0.662613	0.572650	0.614356	3
1.00	0.666629	0.446129	0.534532	0.029614	0.012094	0.017174	0.666629	0.574993	0.617430	3
1.00	0.674663	0.451505	0.540973	0.028912	0.012897	0.017837	0.674663	0.580293	0.623930	3
1.00	0.687605	0.460166	0.551351	0.026095	0.014241	0.018426	0.687605	0.589516	0.634794	3
1.00	0.691733	0.462928	0.554661	0.020163	0.016761	0.018305	0.691733	0.588912	0.636195	3
1.00	0.607832	0.406780	0.487386	0.016672	0.018692	0.017624	0.607832	0.510419	0.554883	3
1.00	0.468258	0.313373	0.375470	0.016319	0.018738	0.017445	0.468258	0.382562	0.421094	3
1.00	0.320094	0.214216	0.256665	0.016419	0.017498	0.016941	0.320094	0.250041	0.280764	3
1.00	0.222916	0.149182	0.178744	0.017279	0.016287	0.016768	0.222916	0.165709	0.190102	3
1.00	0.184871	0.123721	0.148238	0.018378	0.015385	0.016749	0.184871	0.133837	0.155268	3
1.00	0.167801	0.112297	0.134550	0.018508	0.014920	0.016521	0.167801	0.119714	0.139736	3
1.00	0.167243	0.111924	0.134103	0.017515	0.015147	0.016245	0.167243	0.119277	0.139245	3
1.00	0.166239	0.111252	0.133298	0.018785	0.015121	0.016755	0.166239	0.118729	0.138523	3
1.00	0.166908	0.111700	0.133834	0.018616	0.015205	0.016739	0.166908	0.119157	0.139047	3
1.00	0.166351	0.111327	0.133387	0.018873	0.015141	0.016802	0.166351	0.118803	0.138613	3
1.00	0.166462	0.111401	0.133476	0.018855	0.015143	0.016796	0.166462	0.118840	0.138677	3
1.00	0.167020	0.111775	0.133924	0.018069	0.015096	0.016450	0.167020	0.119333	0.139206	3
1.00	0.169586	0.113492	0.135981	0.018622	0.015149	0.016707	0.169586	0.120886	0.141153	3
1.00	0.172041	0.115135	0.137950	0.018763	0.015165	0.016773	0.172041	0.122550	0.143138	3
1.00	0.181524	0.121481	0.145554	0.018440	0.015437	0.016806	0.181524	0.130128	0.151588	3
1.00	0.195136	0.130591	0.156468	0.018304	0.015736	0.016923	0.195136	0.142447	0.164679	3
1.00	0.204396	0.136788	0.163893	0.018254	0.015836	0.016959	0.204396	0.150192	0.173151	3
1.00	0.209640	0.140297	0.168098	0.018166	0.015944	0.016983	0.209640	0.154757	0.178065	3
1.00	0.229834	0.153812	0.184291	0.017990	0.016191	0.017043	0.229834	0.171808	0.196629	3
1.00	0.264086	0.176734	0.211755	0.017424	0.016788	0.017100	0.264086	0.200922	0.228214	3
1.00	0.338168	0.226312	0.271158	0.016772	0.017847	0.017293	0.338168	0.265131	0.297228	3
1.00	0.436684	0.292242	0.350152	0.016771	0.018911	0.017777	0.436684	0.353461	0.390689	3
1.00	0.535200	0.358172	0.429147	0.016601	0.019546	0.017954	0.535200	0.440972	0.483538	3
1.00	0.629811	0.421489	0.505010	0.017414	0.019777	0.018520	0.629811	0.527628	0.574209	3
1.00	0.698204	0.467259	0.559850	0.019477	0.019210	0.019343	0.698204	0.589265	0.639126	3
1.00	0.712373	0.476742	0.571211	0.021737	0.017974	0.019677	0.712373	0.603974	0.653710	3
1.00	0.708245	0.473979	0.567901	0.023888	0.016680	0.019644	0.708245	0.602021	0.650827	3
1.00	0.701774	0.469648	0.562712	0.025642	0.015704	0.019479	0.701774	0.598498	0.646034	3
1.00	0.698315	0.467334	0.559939	0.026654	0.015226	0.019381	0.698315	0.596182	0.643220	3
1.00	0.697423	0.466736	0.559223	0.027173	0.015074	0.019391	0.697423	0.595643	0.642527	3
1.00	0.691621	0.462854	0.554571	0.027789	0.014469	0.019030	0.691621	0.591896	0.637885	3
1.00	0.684592	0.458150	0.548935	0.028385	0.013794	0.018565	0.684592	0.587015	0.632060	3
1.00	0.681134	0.455835	0.546162	0.028946	0.013464	0.018380	0.681134	0.584914	0.629367	3
1.00	0.679906	0.455014	0.545178	0.028786	0.013355	0.018245	0.679906	0.584142	0.628397	3
1.00	0.680464	0.455387	0.545625	0.028820	0.013405	0.018299	0.680464	0.584514	0.628850	3
1.00	0.681357	0.455984	0.546341	0.028869	0.013484	0.018382	0.681357	0.585165	0.629608	3
1.00	0.684481	0.458075	0.548846	0.028457	0.013787	0.018575	0.684481	0.586792	0.631883	3
1.00	0.689167	0.461211	0.552603	0.027915	0.014226	0.018847	0.689167	0.589962	0.635718	3
1.00	0.692737	0.463600	0.555466	0.027952	0.014551	0.019138	0.692737	0.592426	0.638667	3
1.00	0.697646	0.466886	0.559402	0.027524	0.015067	0.019474	0.697646	0.595699	0.642654	3
1.00	0.703113	0.470544	0.563786	0.026806	0.015669	0.019777	0.703113	0.599167	0.646991	3
1.00	0.708914	0.474427	0.568438	0.025922	0.016349	0.020051	0.708914	0.603081	0.651729	3
1.00	0.713154	0.477264	0.571837	0.024826	0.016977	0.020165	0.713154	0.605629	0.655008	3
1.00	0.715832	0.479056	0.573985	0.024326	0.017437	0.020313	0.715832	0.606819	0.656833	3
1.00	0.719067	0.481222	0.576579	0.023469	0.018238	0.020525	0.719067	0.608390	0.659115	3
1.00	0.718733	0.480998	0.576311	0.022846	0.018667	0.020546	0.718733	0.607200	0.658275	3
1.00	0.718844	0.481072	0.576400	0.023109	0.018527	0.020566	0.718844	0.607367	0.658420	3
1.00	0.720964	0.482491	0.578100	0.022859	0.018810	0.020637	0.720964	0.608650	0.660064	3
1.00	0.722638	0.483611	0.579442	0.022369	0.019157	0.020639	0.722638	0.609599	0.661323	3
1.00	0.722414	0.483461	0.579263	0.021423	0.019969	0.020670	0.722414	0.607972	0.660271	3
1.00	0.716613	0.479579	0.574611	0.020443	0.020463	0.020453	0.716613	0.602031	0.654343	3
1.00	0.708245	0.473979	0.567901	0.019639	0.020926	0.020262	0.708245	0.594165	0.646209	3
1.00	0.694076	0.464496	0.556540	0.018902	0.021219	0.019994	0.694076	0.581102	0.632584	3
1.00	0.664286	0.444561	0.532653	0.017851	0.021491	0.019503	0.664286	0.553609	0.603919	3
1.00	0.640857	0.428881	0.513866	0.017327	0.021718	0.019276	0.640857	0.532309	0.581561	3
1.00	0.591766	0.396028	0.474503	0.027979	0.021898	0.024567	0.591766	0.486441	0.533959	4
1.00	0.541113	0.362129	0.433888	0.027602	0.021693	0.024294	0.541113	0.439488	0.485035	4
1.00	0.490349	0.328157	0.393183	0.027476	0.021449	0.024091	0.490349	0.392173	0.435801	4
1.00	0.457101	0.305906	0.366524	0.027578	0.021236	0.023995	0.457101	0.363928	0.405228	4
1.00	0.408457	0.273352	0.327518	0.027689	0.020587	0.023616	0.408457	0.320542	0.359198	4
1.00	0.370970	0.248264	0.297459	0.027910	0.020026	0.023320	0.370970	0.287244	0.323782	4
1.00	0.339061	0.226910	0.271873	0.028231	0.019403	0.022999	0.339061	0.260110	0.294384	4
1.00	0.321098	0.214888	0.257470	0.028407	0.019130	0.022863	0.321098	0.243895	0.277222	4
1.00	0.296552	0.198462	0.237789	0.028578	0.018826	0.022699	0.296552	0.222223	0.254063	4
1.00	0.274573	0.183753	0.220165	0.028776	0.018477	0.022504	0.274573	0.202735	0.233248	4
1.00	0.260292	0.174195	0.208714	0.028682	0.018375	0.022400	0.260292	0.189877	0.219577	4
1.00	0.257726	0.172478	0.206656	0.028563	0.018584	0.022518	0.257726	0.186837	0.216629	4
1.00	0.257280	0.172179	0.206298	0.028345	0.018919	0.022692	0.257280	0.185293	0.215432	4
1.00	0.256164	0.171433	0.205403	0.028143	0.019104	0.022759	0.256164	0.183601	0.213896	4
1.00	0.261631	0.175091	0.209787	0.027952	0.019419	0.022917	0.261631	0.187277	0.218297	4
1.00	0.261854	0.175241	0.209966	0.027849	0.019580	0.022994	0.261854	0.186812	0.218058	4
1.00	0.270557	0.181065	0.216944	0.027625	0.019933	0.023157	0.270557	0.193213	0.225435	4
1.00	0.285396	0.190995	0.228842	0.027351	0.020461	0.023409	0.285396	0.204305	0.238136	4
1.00	0.303135	0.202867	0.243067	0.027141	0.020977	0.023664	0.303135	0.218734	0.254110	4
1.00	0.317416	0.212424	0.254518	0.027082	0.021366	0.023887	0.317416	0.230170	0.266843	4
1.00	0.330247	0.221011	0.264806	0.027089	0.021522	0.023987	0.330247	0.242201	0.279453	4
1.00	0.357358	0.239155	0.286545	0.027149	0.021766	0.024162	0.357358	0.265491	0.304650	4
1.00	0.389044	0.260360	0.311952	0.027323	0.022149	0.024465	0.389044	0.293951	0.334878	4
1.00	0.428205	0.286568	0.343353	0.016205	0.022293	0.018768	0.428205	0.329272	0.372278	3
1.00	0.459221	0.307325	0.368223	0.016541	0.022470	0.019055	0.459221	0.356467	0.401372	3
1.00	0.486110	0.325319	0.389784	0.016956	0.022586	0.019370	0.486110	0.381264	0.427350	3
1.00	0.504965	0.337938	0.404902	0.017139	0.022665	0.019518	0.504965	0.398855	0.445681	3
1.00	0.532746	0.356530	0.427178	0.017324	0.022939	0.019740	0.532746	0.424358	0.472414	3
1.00	0.560527	0.375121	0.449454	0.017367	0.022986	0.019785	0.560527	0.450511	0.499533	3
1.00	0.586969	0.392817	0.470657	0.017502	0.022872	0.019830	0.586969	0.476148	0.525782	3
1.00	0.603481	0.403868	0.483897	0.017500	0.022948	0.019857	0.603481	0.491666	0.541865	3
1.00	0.617092	0.412977	0.494811	0.017519	0.022873	0.019841	0.617092	0.505352	0.555660	3
1.00	0.628584	0.420667	0.504026	0.017571	0.022758	0.019831	0.628584	0.516760	0.567213	3
1.00	0.638291	0.427163	0.511809	0.017596	0.022568	0.019774	0.638291	0.526535	0.577052	3
1.00	0.644873	0.431569	0.517087	0.017646	0.022428	0.019752	0.644873	0.533387	0.583856	3
1.00	0.642754	0.430150	0.515387	0.017678	0.022391	0.019757	0.642754	0.531267	0.581717	3
1.00	0.640857	0.428881	0.513866	0.017900	0.022343	0.019876	0.640857	0.528962	0.579558	3
1.00	0.631485	0.422609	0.506352	0.018052	0.022191	0.019909	0.631485	0.520083	0.570395	3
1.00	0.618208	0.413724	0.495706	0.018148	0.022040	0.019906	0.618208	0.508085	0.557763	3
1.00	0.597233	0.399686	0.478887	0.029420	0.021745	0.025007	0.597233	0.488867	0.537644	4
1.00	0.566328	0.379004	0.454106	0.029501	0.021299	0.024738	0.566328	0.461254	0.508419	4
1.00	0.554390	0.371015	0.444534	0.029783	0.021099	0.024700	0.554390	0.450208	0.496897	4
1.00	0.536316	0.358919	0.430041	0.030201	0.020724	0.024580	0.536316	0.434306	0.479950	4
1.00	0.515229	0.344807	0.413133	0.030479	0.020396	0.024438	0.515229	0.415865	0.460245	4
1.00	0.489903	0.327858	0.392825	0.030695	0.020111	0.024301	0.489903	0.393551	0.436473	4
1.00	0.474060	0.317255	0.380122	0.031040	0.019899	0.024251	0.474060	0.379670	0.421647	4
1.00	0.461290	0.308743	0.369907	0.031178	0.019817	0.024232	0.461285	0.368569	0.409748	5
1.00	0.454261	0.304039	0.364271	0.031327	0.019755	0.024230	0.454256	0.362386	0.403154	5
1.00	0.448461	0.300157	0.359619	0.031413	0.019823	0.024307	0.448455	0.356733	0.397370	5
1.00	0.451868	0.302471	0.362376	0.031414	0.020094	0.024510	0.451858	0.358500	0.399801	5
1.00	0.447853	0.299783	0.359156	0.031342	0.020408	0.024720	0.447841	0.353423	0.395069	5
1.00	0.438818	0.293736	0.351910	0.031077	0.020701	0.024849	0.438804	0.343094	0.385091	5
1.00	0.440602	0.294930	0.353341	0.030871	0.021294	0.025204	0.440589	0.341513	0.384776	5
1.00	0.445238	0.298066	0.357082	0.030575	0.021813	0.025461	0.445219	0.343336	0.387696	5
1.00	0.459848	0.307847	0.368800	0.030464	0.022558	0.025921	0.459835	0.353014	0.399406	5
1.00	0.484162	0.324125	0.388300	0.029747	0.023396	0.026192	0.484157	0.371814	0.420613	5
1.00	0.507584	0.339804	0.407084	0.028896	0.024325	0.026414	0.507587	0.389135	0.440537	5
1.00	0.517511	0.346450	0.415045	0.028406	0.025024	0.026608	0.517516	0.394704	0.447843	5
1.00	0.528998	0.354140	0.424259	0.027810	0.025565	0.026640	0.529008	0.402254	0.457005	5
1.00	0.543944	0.364145	0.436245	0.027193	0.026179	0.026676	0.543958	0.413046	0.469548	5
1.00	0.558492	0.373927	0.447943	0.038044	0.026709	0.031384	0.558463	0.424672	0.482464	6
1.00	0.573866	0.384305	0.460334	0.037830	0.027106	0.031582	0.573748	0.437995	0.496764	6
1.00	0.584950	0.391772	0.469257	0.037891	0.027336	0.031759	0.584793	0.447999	0.507337	6
1.00	0.602586	0.403718	0.483502	0.038088	0.027547	0.031971	0.602365	0.464632	0.524609	6
1.00	0.613079	0.410886	0.492020	0.038280	0.027593	0.032070	0.612741	0.475148	0.535243	6
1.00	0.612008	0.410214	0.491194	0.038320	0.027295	0.031881	0.611626	0.476608	0.535741	6
1.00	0.608976	0.408273	0.488825	0.038346	0.027030	0.031708	0.608502	0.476334	0.534367	6
1.00	0.606388	0.406854	0.486974	0.038688	0.027057	0.031843	0.605601	0.475990	0.533030	6
1.00	0.611859	0.410662	0.491466	0.038924	0.027002	0.031885	0.610956	0.482526	0.539199	6
1.00	0.613161	0.411857	0.492742	0.039105	0.027268	0.032131	0.611960	0.484367	0.540739	6
1.00	0.617222	0.414769	0.496137	0.039192	0.027426	0.032270	0.615865	0.488625	0.544916	6
1.00	0.621084	0.417457	0.499308	0.039261	0.027654	0.032450	0.619659	0.491378	0.548112	6
1.00	0.628609	0.422609	0.505425	0.039346	0.027859	0.032621	0.627134	0.497997	0.555155	6
1.00	0.633759	0.426118	0.509599	0.039286	0.028040	0.032723	0.632322	0.501837	0.559573	6
1.01	0.640582	0.430897	0.515222	0.039245	0.028339	0.032912	0.639072	0.507490	0.565731	6
1.01	0.651759	0.438513	0.524281	0.039437	0.028585	0.033145	0.650229	0.516894	0.575945	6
1.01	0.669625	0.450683	0.538760	0.050883	0.028941	0.036897	0.668098	0.532876	0.592875	7
1.01	0.689927	0.464347	0.555094	0.051154	0.029102	0.037099	0.688516	0.550244	0.611663	7
1.01	0.697571	0.469648	0.561357	0.051324	0.029288	0.037294	0.696158	0.556752	0.618699	7
1.01	0.695840	0.468379	0.559889	0.051257	0.029223	0.037224	0.694485	0.555078	0.617005	7
1.01	0.692734	0.466288	0.557390	0.051137	0.029101	0.037093	0.691472	0.552103	0.613978	7
1.01	0.692376	0.465840	0.556954	0.051131	0.028999	0.037008	0.691249	0.551322	0.613407	7
1.01	0.690677	0.464646	0.555551	0.051087	0.028975	0.036978	0.689576	0.549611	0.611689	7
1.01	0.685905	0.461435	0.551712	0.050842	0.028990	0.036925	0.684834	0.545065	0.607008	7
1.01	0.682504	0.459046	0.548904	0.050593	0.029004	0.036871	0.681487	0.541430	0.603438	7
1.00	0.679249	0.456806	0.546250	0.050384	0.029145	0.036928	0.678251	0.537395	0.599662	7
1.00	0.685210	0.460763	0.551007	0.050491	0.029403	0.037164	0.684276	0.541374	0.604494	7
1.00	0.679551	0.456806	0.546348	0.050346	0.029357	0.037088	0.678642	0.535368	0.598550	7
1.00	0.676108	0.454491	0.543579	0.050265	0.029347	0.037058	0.675183	0.532411	0.595357	7
1.00	0.674147	0.453072	0.541931	0.050277	0.029219	0.036959	0.673286	0.530626	0.593504	7
1.00	0.679595	0.456582	0.546202	0.050395	0.029242	0.037009	0.678828	0.535145	0.598483	7
1.00	0.689640	0.463227	0.554201	0.050619	0.029269	0.037091	0.688981	0.543549	0.607685	7
1.00	0.691649	0.464422	0.555704	0.050780	0.029182	0.037064	0.691100	0.545223	0.609555	7
1.00	0.690614	0.463675	0.554836	0.050992	0.029092	0.037048	0.690096	0.544163	0.608502	7
1.00	0.683076	0.458971	0.549035	0.052688	0.029154	0.037538	0.682677	0.537822	0.601654	7
1.00	0.670814	0.450833	0.539252	0.052713	0.028978	0.037397	0.670404	0.527548	0.590459	7
1.00	0.650339	0.437169	0.522861	0.052264	0.028684	0.037040	0.649931	0.509809	0.571405	7
1.00	0.632760	0.425446	0.508795	0.052126	0.028446	0.036806	0.632303	0.494050	0.554691	7
1.00	0.613301	0.412454	0.493214	0.051846	0.028273	0.036592	0.612778	0.477221	0.536571	7
1.01	0.592630	0.398641	0.476654	0.051713	0.028073	0.036391	0.592026	0.459035	0.517117	7
1.01	0.577960	0.388860	0.464917	0.051634	0.028068	0.036367	0.577132	0.446279	0.503340	7
1.01	0.568671	0.382737	0.457536	0.051358	0.028332	0.036518	0.567425	0.438618	0.494776	7
1.01	0.570082	0.383857	0.458793	0.051131	0.028769	0.036821	0.568541	0.438785	0.495306	7
1.01	0.566977	0.381767	0.456294	0.051036	0.028800	0.036822	0.565306	0.436238	0.492455	7
1.01	0.573978	0.386695	0.462081	0.050897	0.029276	0.037171	0.572056	0.442160	0.498790	7
1.01	0.578295	0.389905	0.465772	0.050641	0.029615	0.037373	0.576128	0.445656	0.502562	7
1.01	0.582337	0.392892	0.469214	0.050623	0.030146	0.037788	0.579865	0.448711	0.505927	7
1.01	0.587786	0.396700	0.473698	0.050612	0.030543	0.038096	0.585165	0.452756	0.510515	7
1.01	0.595114	0.402001	0.479857	0.050619	0.030962	0.038422	0.592194	0.459552	0.517509	7
1.01	0.604744	0.409318	0.488200	0.050482	0.031889	0.039087	0.601175	0.467678	0.526090	7
1.01	0.614215	0.416188	0.496172	0.050470	0.032432	0.039489	0.610380	0.476464	0.535172	7
1.01	0.621229	0.421265	0.502069	0.050166	0.032635	0.039545	0.617632	0.483084	0.542135	7
1.01	0.625371	0.424401	0.505649	0.049699	0.032822	0.039535	0.621946	0.486840	0.546162	7
1.01	0.620367	0.421190	0.501734	0.049446	0.033031	0.039605	0.616758	0.481122	0.540562	7
1.02	0.612460	0.416188	0.495599	0.049065	0.033271	0.039653	0.608557	0.473647	0.532693	7
1.02	0.612368	0.416262	0.495622	0.048808	0.033503	0.039733	0.608390	0.472727	0.532047	7
1.02	0.615300	0.418577	0.498223	0.049534	0.033932	0.040275	0.611235	0.475163	0.534677	7
1.02	0.614751	0.418204	0.497778	0.049387	0.034018	0.040286	0.610733	0.474010	0.533755	8
1.02	0.618844	0.421265	0.501288	0.049646	0.034312	0.040579	0.615028	0.477059	0.537329	8
1.02	0.629894	0.428881	0.510306	0.049825	0.034543	0.040800	0.626297	0.487129	0.548015	8
1.02	0.633264	0.431270	0.513103	0.049762	0.034672	0.040869	0.629756	0.489565	0.550881	8
1.02	0.636204	0.433510	0.515653	0.049694	0.034875	0.040986	0.632656	0.492177	0.553645	8
1.02	0.637857	0.434779	0.517094	0.049645	0.035077	0.041109	0.634386	0.492707	0.554642	8
1.02	0.639400	0.435974	0.518446	0.049419	0.035272	0.041164	0.636004	0.492729	0.555273	8
1.02	0.639169	0.436198	0.518528	0.047512	0.035580	0.040689	0.635948	0.492255	0.554951	8
1.02	0.639396	0.436497	0.518814	0.047933	0.035706	0.040926	0.636227	0.491865	0.554809	8
1.02	0.639913	0.436945	0.519301	0.047981	0.035860	0.041044	0.636729	0.491855	0.554994	8
1.02	0.639414	0.436795	0.519031	0.047967	0.035912	0.041073	0.636283	0.491019	0.554291	8
1.02	0.636046	0.434779	0.516498	0.048009	0.036018	0.041158	0.632880	0.487169	0.550547	8
1.02	0.631769	0.432091	0.513191	0.048546	0.036097	0.041406	0.628491	0.483785	0.546725	8
1.02	0.630442	0.431419	0.512280	0.048363	0.036150	0.041374	0.627208	0.482474	0.545403	8
1.02	0.626131	0.429030	0.509171	0.059591	0.036523	0.045289	0.622578	0.478737	0.541264	9
1.02	0.622767	0.426865	0.506534	0.059459	0.036633	0.045335	0.619119	0.475910	0.538150	9
1.03	0.620783	0.425969	0.505247	0.059165	0.037027	0.045548	0.616832	0.473958	0.536038	9
1.03	0.614432	0.422161	0.500465	0.059218	0.037485	0.045909	0.610194	0.468500	0.530041	9
1.03	0.607298	0.417532	0.494845	0.058876	0.037464	0.045790	0.603053	0.462568	0.523550	9
1.03	0.600564	0.413126	0.489516	0.058670	0.037466	0.045729	0.596192	0.457172	0.517508	9
1.03	0.597441	0.411334	0.487220	0.058213	0.037406	0.045546	0.592956	0.455117	0.514973	9
1.03	0.592585	0.408124	0.483353	0.058148	0.037392	0.045515	0.588066	0.451268	0.510664	9
1.03	0.591668	0.407228	0.482420	0.058265	0.037364	0.045530	0.586838	0.450924	0.509981	9
1.03	0.598069	0.411633	0.487639	0.058243	0.037303	0.045478	0.593421	0.457209	0.516485	9
1.03	0.602301	0.414321	0.490932	0.058428	0.037242	0.045489	0.597717	0.461319	0.520734	9
1.03	0.604886	0.415964	0.492943	0.058089	0.036917	0.045144	0.600431	0.463829	0.523363	9
1.03	0.605446	0.416710	0.493654	0.058186	0.036842	0.045117	0.600989	0.465112	0.524392	9
1.03	0.605466	0.416860	0.493765	0.058215	0.036693	0.045014	0.601212	0.465503	0.524725	9
1.03	0.601734	0.414694	0.491005	0.058218	0.036772	0.045074	0.597512	0.462593	0.521467	9
1.03	0.598051	0.412380	0.488156	0.058600	0.036814	0.045220	0.593849	0.460045	0.518453	9
1.03	0.589203	0.406630	0.481180	0.058651	0.036756	0.045191	0.584774	0.452802	0.510395	9
1.03	0.579818	0.400284	0.473607	0.058835	0.036642	0.045159	0.575068	0.444565	0.501465	9
1.03	0.569284	0.393564	0.465389	0.058718	0.036423	0.044958	0.564450	0.436364	0.492211	9
1.03	0.558290	0.386172	0.456548	0.058842	0.036385	0.044966	0.553237	0.425988	0.481345	9
1.03	0.550943	0.381543	0.450856	0.056818	0.036206	0.044228	0.546060	0.419740	0.474639	9
1.04	0.542796	0.376913	0.444895	0.056996	0.036317	0.044365	0.537822	0.412275	0.466753	9
1.04	0.538958	0.374449	0.441889	0.055604	0.036233	0.043876	0.534085	0.408816	0.463129	9
1.04	0.538916	0.374300	0.441771	0.055068	0.036220	0.043698	0.534233	0.408397	0.462916	9
1.04	0.540735	0.375644	0.443318	0.055367	0.036333	0.043875	0.536186	0.409178	0.464151	9
1.04	0.537743	0.373927	0.441117	0.054907	0.036307	0.043710	0.533211	0.406947	0.461600	9
1.04	0.535703	0.372508	0.439443	0.055020	0.036329	0.043763	0.531258	0.405385	0.459864	9
1.04	0.530680	0.369372	0.435571	0.054694	0.036408	0.043716	0.526115	0.401201	0.455245	10
1.04	0.530674	0.369447	0.435621	0.054703	0.036418	0.043726	0.526003	0.401740	0.455550	10
1.04	0.532661	0.370791	0.437225	0.054725	0.036472	0.043772	0.528112	0.404056	0.457829	10
1.04	0.540317	0.376241	0.443594	0.054743	0.036700	0.043941	0.536033	0.411317	0.465466	10
1.04	0.550675	0.383783	0.452325	0.054894	0.036922	0.044149	0.546856	0.421247	0.475902	10
1.04	0.557779	0.389233	0.458507	0.054563	0.037006	0.044101	0.554535	0.428647	0.483532	10
1.04	0.560595	0.391324	0.460909	0.054627	0.037236	0.044285	0.557436	0.431427	0.486403	10
1.04	0.566179	0.395729	0.465852	0.054956	0.037530	0.044601	0.563145	0.437443	0.492398	11
1.05	0.570408	0.399238	0.469715	0.054686	0.037678	0.044616	0.567701	0.441524	0.496725	11
1.05	0.574094	0.402076	0.472928	0.054786	0.037968	0.044852	0.571522	0.444741	0.500224	11
1.05	0.572463	0.401404	0.471910	0.054381	0.038016	0.044749	0.569904	0.443626	0.498898	11
1.05	0.574425	0.402822	0.473557	0.054382	0.038245	0.044908	0.571745	0.444853	0.500380	11
1.05	0.579183	0.406332	0.477599	0.054722	0.038423	0.045147	0.576728	0.449083	0.504964	11
1.05	0.590382	0.414321	0.486925	0.055410	0.038574	0.045484	0.588294	0.459338	0.515880	11
1.05	0.596512	0.418801	0.492104	0.055895	0.038645	0.045696	0.594394	0.464935	0.521754	11
1.05	0.594244	0.417830	0.490662	0.055700	0.038727	0.045689	0.592237	0.462555	0.519424	11
1.05	0.593210	0.417457	0.490052	0.056105	0.038821	0.045889	0.591307	0.461356	0.518310	11
1.05	0.587263	0.413798	0.485502	0.059160	0.039070	0.047061	0.585208	0.455926	0.512540	11
1.05	0.586703	0.413798	0.485310	0.057193	0.039067	0.046424	0.584873	0.455945	0.512424	11
1.05	0.585061	0.412902	0.484132	0.056873	0.039093	0.046336	0.583237	0.454811	0.511079	11
1.05	0.584030	0.412305	0.483368	0.055936	0.039047	0.045990	0.582121	0.454355	0.510363	11
1.06	0.587819	0.415068	0.486565	0.055489	0.039057	0.045845	0.586212	0.457888	0.514164	11
1.06	0.596219	0.421489	0.493854	0.055700	0.039220	0.046029	0.595230	0.466404	0.523001	11
1.06	0.604796	0.427462	0.500897	0.056839	0.039217	0.046412	0.604212	0.474986	0.531862	11
1.06	0.614888	0.434182	0.508972	0.057110	0.039167	0.046467	0.614922	0.484674	0.542084	11
1.05	0.620963	0.437915	0.513618	0.056919	0.038844	0.046175	0.621412	0.490513	0.548258	11
1.05	0.624086	0.439931	0.516073	0.056457	0.038610	0.045858	0.624927	0.493618	0.551565	11
1.05	0.624167	0.440454	0.516459	0.057705	0.038821	0.046416	0.625364	0.494576	0.552333	11
1.06	0.618927	0.437542	0.512663	0.057809	0.039443	0.046891	0.620138	0.490745	0.547906	11
1.06	0.616617	0.436646	0.511256	0.056091	0.039754	0.046530	0.618056	0.488402	0.545633	11
1.06	0.614129	0.435526	0.509633	0.055331	0.039649	0.046196	0.616308	0.487528	0.544406	11
1.06	0.612622	0.435601	0.509164	0.055152	0.039807	0.046240	0.615229	0.486915	0.543603	11
1.07	0.610554	0.436273	0.508906	0.055043	0.040339	0.046557	0.614355	0.487076	0.543362	11
1.07	0.612251	0.438811	0.511221	0.056222	0.041007	0.047424	0.616444	0.490293	0.546179	11
1.07	0.614249	0.440977	0.513387	0.055681	0.041168	0.047337	0.618742	0.492739	0.548598	11
1.07	0.607725	0.437019	0.508426	0.054559	0.041366	0.047055	0.612048	0.486946	0.542377	11
1.08	0.603920	0.434779	0.505578	0.055238	0.042203	0.047849	0.607845	0.483237	0.538425	11
1.08	0.597930	0.431270	0.501106	0.055144	0.042562	0.048043	0.601504	0.478579	0.533046	11
1.08	0.592658	0.427910	0.496987	0.055590	0.043086	0.048546	0.595852	0.474330	0.528191	11
1.08	0.595531	0.429851	0.499306	0.055603	0.043129	0.048578	0.599003	0.477342	0.531297	11
1.08	0.600103	0.433510	0.503381	0.055879	0.043378	0.048841	0.604098	0.482521	0.536508	11
1.08	0.597790	0.432241	0.501712	0.055545	0.043336	0.048687	0.601874	0.481135	0.534775	11
1.08	0.601714	0.435078	0.505005	0.055429	0.043031	0.048449	0.606068	0.484882	0.538744	11
1.08	0.602853	0.435451	0.505657	0.055687	0.042970	0.048509	0.606962	0.485347	0.539384	11
1.08	0.605916	0.437393	0.508044	0.055466	0.042807	0.048321	0.610365	0.487644	0.542146	11
1.08	0.611629	0.440603	0.512217	0.055614	0.042781	0.048361	0.616055	0.491614	0.546844	11
1.08	0.617235	0.444411	0.516756	0.055543	0.042706	0.048286	0.621894	0.496327	0.552061	11
1.08	0.617427	0.444411	0.516824	0.055461	0.042770	0.048296	0.622173	0.495946	0.551934	11
1.08	0.613455	0.441873	0.513715	0.055361	0.042746	0.048243	0.617710	0.491762	0.547587	11
1.08	0.607594	0.438513	0.509389	0.055410	0.042798	0.048294	0.611629	0.486766	0.542100	11
1.08	0.595420	0.430971	0.500022	0.055506	0.043364	0.048689	0.598929	0.476771	0.530914	11
1.08	0.589308	0.427163	0.495303	0.055618	0.043936	0.049092	0.592653	0.471741	0.525330	11
1.08	0.582047	0.422161	0.489376	0.055500	0.043861	0.048999	0.584973	0.464833	0.518029	11
1.09	0.573910	0.416860	0.482938	0.055362	0.044312	0.049224	0.576383	0.457702	0.510232	11
1.09	0.572029	0.416561	0.482070	0.054467	0.044554	0.049015	0.575006	0.457609	0.509634	11
1.09	0.569703	0.415590	0.480594	0.054561	0.044843	0.049227	0.572645	0.455697	0.507521	11
1.09	0.571604	0.417532	0.482568	0.055633	0.046708	0.050781	0.574021	0.457827	0.509382	11
1.09	0.568735	0.416710	0.480996	0.055380	0.047424	0.051094	0.571250	0.456860	0.507691	11
1.10	0.568466	0.417532	0.481446	0.055211	0.048135	0.051431	0.570934	0.457817	0.508157	11
1.10	0.568401	0.418502	0.482068	0.066371	0.049021	0.056392	0.570953	0.458477	0.508571	12
1.10	0.572340	0.421788	0.485664	0.066794	0.049513	0.056869	0.574995	0.462606	0.512714	12
1.10	0.576311	0.424326	0.488776	0.066803	0.049663	0.056972	0.579077	0.465646	0.516203	12
1.10	0.581693	0.427985	0.493139	0.066976	0.049967	0.057235	0.584860	0.469885	0.521106	12
1.10	0.593296	0.436123	0.502711	0.066981	0.050063	0.057299	0.597003	0.480224	0.532284	12
1.10	0.599817	0.440603	0.508028	0.067215	0.050231	0.057495	0.603838	0.486351	0.538764	12
1.09	0.610353	0.447249	0.516224	0.067494	0.050134	0.057533	0.614577	0.495379	0.548578	12
1.09	0.617998	0.452251	0.522290	0.067735	0.049880	0.057452	0.622554	0.502222	0.555951	12
1.09	0.626763	0.457776	0.529105	0.067315	0.049495	0.057046	0.631963	0.509604	0.564226	12
1.09	0.629986	0.459942	0.531699	0.066389	0.049283	0.056571	0.635468	0.512635	0.567481	12
1.09	0.632079	0.461659	0.533592	0.066228	0.049705	0.056789	0.637495	0.515025	0.569753	12
1.09	0.629214	0.459942	0.531424	0.065751	0.049729	0.056629	0.634371	0.513147	0.567356	12
1.09	0.634812	0.463750	0.535962	0.065740	0.049695	0.056603	0.639959	0.518669	0.572966	12
1.09	0.634753	0.462854	0.535343	0.065714	0.049875	0.056709	0.639252	0.517470	0.571950	12
1.09	0.628501	0.459046	0.530572	0.065523	0.049699	0.056524	0.632484	0.512050	0.565930	12
1.10	0.620444	0.455014	0.525005	0.064625	0.050200	0.056507	0.624265	0.506071	0.558988	12
1.10	0.615883	0.453968	0.522674	0.064179	0.050352	0.056431	0.619142	0.503310	0.555249	12
1.11	0.612828	0.454416	0.521866	0.064311	0.051003	0.056889	0.615144	0.502018	0.552853	12
1.11	0.608953	0.452998	0.519524	0.064093	0.050973	0.056785	0.610941	0.499386	0.549560	12
1.12	0.605389	0.452923	0.518174	0.064491	0.051716	0.057401	0.606981	0.497527	0.546830	12
1.12	0.603293	0.454192	0.518231	0.064611	0.052480	0.057917	0.604414	0.497545	0.545798	12
