
Sun Aug 22 09:14:53 2021
42.62	0.016657	0.514493	0.032269	0.015672	0.074054	0.025870	0.016545	0.546250	0.032118	89
37.33	0.015041	0.375719	0.028924	0.018131	0.323202	0.034336	0.014819	0.360990	0.028469	89
31.62	0.015856	0.335548	0.030280	0.018642	0.277863	0.034939	0.015522	0.322407	0.029618	89
26.28	0.017321	0.304637	0.032777	0.019008	0.228089	0.035092	0.016868	0.298007	0.031928	89
21.52	0.018816	0.271037	0.035190	0.019269	0.181799	0.034845	0.018105	0.269363	0.033930	89
17.32	0.021383	0.247816	0.039368	0.020235	0.166949	0.036095	0.020334	0.248546	0.037592	89
13.70	0.024660	0.226163	0.044471	0.021018	0.150339	0.036880	0.023191	0.228316	0.042105	89
10.68	0.029063	0.207795	0.050995	0.022547	0.113953	0.037645	0.027173	0.211423	0.048157	89
8.22	0.034485	0.189801	0.058365	0.023871	0.106164	0.038978	0.031892	0.195031	0.054820	89
6.28	0.041920	0.176211	0.067728	0.024933	0.095301	0.039525	0.038769	0.182424	0.063948	89
4.75	0.051273	0.162996	0.078007	0.026362	0.052812	0.035169	0.048548	0.169686	0.075496	89
3.60	0.063372	0.152542	0.089544	0.028369	0.043889	0.034462	0.061442	0.159283	0.088677	89
2.75	0.078075	0.143657	0.101167	0.030742	0.036936	0.033556	0.075380	0.150385	0.100423	89
2.16	0.093210	0.134473	0.110102	0.031985	0.032466	0.032224	0.090219	0.141599	0.110215	87
1.75	0.110637	0.129695	0.119410	0.032601	0.028083	0.030174	0.108458	0.138133	0.121510	85
1.47	0.129733	0.127903	0.128812	0.036125	0.023905	0.028771	0.126693	0.138077	0.132140	85
1.30	0.150146	0.130292	0.139516	0.036135	0.022119	0.027441	0.146687	0.142084	0.144349	80
1.19	0.173099	0.137311	0.153142	0.036221	0.021254	0.026789	0.169002	0.151242	0.159630	75
1.12	0.194116	0.144852	0.165904	0.040128	0.021058	0.027621	0.190323	0.161321	0.174626	75
1.08	0.214027	0.154260	0.179294	0.038946	0.021123	0.027390	0.210131	0.172664	0.189564	69
1.05	0.247765	0.173822	0.204309	0.037392	0.020858	0.026779	0.244995	0.198427	0.219266	63
1.03	0.279635	0.192339	0.227914	0.037918	0.021121	0.027130	0.278522	0.222926	0.247642	60
1.02	0.313179	0.213096	0.253621	0.041761	0.021166	0.028093	0.312946	0.250469	0.278243	52
1.01	0.353941	0.239379	0.285600	0.046949	0.021504	0.029498	0.354278	0.285316	0.316079	45
1.01	0.390433	0.263272	0.314484	0.048349	0.022435	0.030648	0.390977	0.317280	0.350294	34
1.01	0.415806	0.279698	0.334434	0.044923	0.022648	0.030114	0.416378	0.339185	0.373839	27
1.00	0.443000	0.297693	0.356093	0.045330	0.023296	0.030776	0.443810	0.362531	0.399074	27
1.00	0.479533	0.321885	0.385203	0.036430	0.023782	0.028777	0.480373	0.396188	0.434238	22
1.00	0.512019	0.343538	0.411189	0.036997	0.024195	0.029257	0.512896	0.425252	0.464980	15
1.00	0.542701	0.363921	0.435684	0.038827	0.024629	0.030140	0.543364	0.452382	0.493716	14
1.00	0.578384	0.387591	0.464145	0.038649	0.024985	0.030350	0.578815	0.483650	0.526970	13
1.00	0.613396	0.410961	0.492176	0.042386	0.025161	0.031577	0.613773	0.514108	0.559537	11
1.00	0.628122	0.420593	0.503824	0.043150	0.024742	0.031451	0.628287	0.527747	0.573645	9
1.00	0.665551	0.445606	0.533810	0.032353	0.024677	0.027999	0.665681	0.560897	0.608813	6
1.00	0.676854	0.453072	0.542803	0.032991	0.024102	0.027854	0.676950	0.571797	0.619946	6
1.00	0.682285	0.456656	0.547122	0.033832	0.023623	0.027820	0.682361	0.577199	0.625390	6
1.00	0.674328	0.451281	0.540705	0.034600	0.022989	0.027624	0.674328	0.571239	0.618517	5
1.00	0.657592	0.440081	0.527286	0.034682	0.022516	0.027305	0.657592	0.557243	0.603273	4
1.00	0.639295	0.427835	0.512614	0.034754	0.021866	0.026843	0.639295	0.542242	0.586783	4
1.00	0.616535	0.412604	0.494364	0.034784	0.021456	0.026541	0.616535	0.522885	0.565861	4
1.00	0.602254	0.403046	0.482913	0.034760	0.021015	0.026194	0.602254	0.511216	0.553014	4
1.00	0.590316	0.395057	0.473340	0.023526	0.020457	0.021884	0.590316	0.501919	0.542540	3
1.00	0.563204	0.376913	0.451601	0.023643	0.019725	0.021507	0.563204	0.478871	0.517625	3
1.00	0.555952	0.372060	0.445786	0.023608	0.019427	0.021315	0.555952	0.473385	0.511357	3
1.00	0.565436	0.378407	0.453391	0.023577	0.019292	0.021220	0.565436	0.482608	0.520749	3
1.00	0.572018	0.382812	0.458669	0.023601	0.019086	0.021105	0.572018	0.488559	0.527005	3
1.00	0.580498	0.388487	0.465468	0.023540	0.018940	0.020991	0.580498	0.496378	0.535152	3
1.00	0.603816	0.404092	0.484165	0.023478	0.018875	0.020926	0.603816	0.518115	0.557692	3
1.00	0.618878	0.414172	0.496243	0.023571	0.018790	0.020911	0.618878	0.532028	0.572176	3
1.00	0.625795	0.418801	0.501789	0.023723	0.018569	0.020832	0.625795	0.538871	0.579089	3
1.00	0.633382	0.423878	0.507873	0.023727	0.018469	0.020770	0.633382	0.545547	0.586192	3
1.00	0.641192	0.429105	0.514135	0.023730	0.018419	0.020739	0.641192	0.552445	0.593519	3
1.00	0.654915	0.438289	0.525139	0.023821	0.018544	0.020854	0.654915	0.563169	0.605587	3
1.00	0.664844	0.444934	0.533101	0.023776	0.018951	0.021091	0.664844	0.569519	0.613501	3
1.00	0.679795	0.454939	0.545089	0.023901	0.019375	0.021402	0.679795	0.581234	0.626663	3
1.00	0.711257	0.475995	0.570317	0.024486	0.018729	0.021224	0.711257	0.605207	0.653960	3
1.00	0.720741	0.482342	0.577921	0.025198	0.017925	0.020948	0.720741	0.612936	0.662482	3
1.00	0.715385	0.478758	0.573627	0.025644	0.016966	0.020421	0.715385	0.609171	0.658020	3
1.00	0.713489	0.477488	0.572106	0.026173	0.016603	0.020318	0.713489	0.607851	0.656447	3
1.00	0.714270	0.478011	0.572732	0.026138	0.016705	0.020383	0.714270	0.607563	0.656609	3
1.00	0.717394	0.480102	0.575237	0.026074	0.017052	0.020619	0.717394	0.609422	0.659015	3
1.00	0.722080	0.483238	0.578994	0.026064	0.017540	0.020969	0.722080	0.612248	0.662644	3
1.00	0.730001	0.488539	0.585346	0.026061	0.018374	0.021553	0.730001	0.617799	0.669230	3
1.00	0.731452	0.489509	0.586509	0.026079	0.018515	0.021655	0.731452	0.618878	0.670472	3
1.00	0.729778	0.488389	0.585167	0.026073	0.018330	0.021526	0.729778	0.617650	0.669049	3
1.00	0.729220	0.488016	0.584720	0.026152	0.018260	0.021505	0.729220	0.617483	0.668716	3
1.00	0.729555	0.488240	0.584988	0.026033	0.018338	0.021518	0.729555	0.617604	0.668928	3
1.00	0.733460	0.490853	0.588119	0.025762	0.018825	0.021754	0.733460	0.620430	0.672227	3
1.00	0.740600	0.495632	0.593845	0.025200	0.020322	0.022499	0.740600	0.624503	0.677615	3
1.00	0.732009	0.489883	0.586957	0.024443	0.021437	0.022841	0.732009	0.616410	0.669254	3
1.00	0.711592	0.476219	0.570585	0.024023	0.022757	0.023373	0.711592	0.599197	0.650576	3
1.00	0.626576	0.419324	0.502415	0.023600	0.022788	0.023187	0.626576	0.526102	0.571960	3
1.00	0.542787	0.363249	0.435230	0.023598	0.022117	0.022833	0.542787	0.454214	0.494566	3
1.00	0.421064	0.281789	0.337627	0.023525	0.020401	0.021852	0.421064	0.343137	0.378127	3
1.00	0.305255	0.204286	0.244767	0.023399	0.018413	0.020609	0.305255	0.236606	0.266582	3
1.00	0.254268	0.170164	0.203883	0.023404	0.017556	0.020063	0.254268	0.189133	0.216916	3
1.00	0.237644	0.159038	0.190553	0.023378	0.017180	0.019806	0.237644	0.174499	0.201234	3
1.00	0.237644	0.159038	0.190553	0.023408	0.017016	0.019707	0.237644	0.175020	0.201580	3
1.00	0.218565	0.146270	0.175255	0.023443	0.016126	0.019108	0.218565	0.159632	0.184507	3
1.00	0.208747	0.139700	0.167382	0.023496	0.015766	0.018870	0.208747	0.151595	0.175639	3
1.00	0.203280	0.136041	0.162999	0.023493	0.015572	0.018729	0.203280	0.147151	0.170721	3
1.00	0.196028	0.131188	0.157184	0.023482	0.015339	0.018556	0.196028	0.141443	0.164321	3
1.00	0.191677	0.128276	0.153695	0.023489	0.015228	0.018477	0.191677	0.137696	0.160263	3
1.00	0.187103	0.125215	0.150027	0.023511	0.014867	0.018215	0.187103	0.134404	0.156435	3
1.00	0.187326	0.125364	0.150206	0.023581	0.014779	0.018170	0.187326	0.134944	0.156878	3
1.00	0.192123	0.128575	0.154053	0.023605	0.014861	0.018239	0.192123	0.139137	0.161392	3
1.00	0.206516	0.138207	0.165593	0.023605	0.015043	0.018376	0.206516	0.152138	0.175205	3
1.00	0.218007	0.145897	0.174808	0.023654	0.015076	0.018415	0.218007	0.162979	0.186519	3
1.00	0.217561	0.145598	0.174450	0.023816	0.014685	0.018168	0.217561	0.163649	0.186793	3
1.00	0.224590	0.150302	0.180086	0.023851	0.014368	0.017933	0.224590	0.171217	0.194305	3
1.00	0.252036	0.168670	0.202093	0.023839	0.014794	0.018258	0.252036	0.196450	0.220798	3
1.00	0.301127	0.201523	0.241456	0.023871	0.015737	0.018969	0.301127	0.242147	0.268436	3
1.00	0.356019	0.238259	0.285471	0.023930	0.016735	0.019696	0.356019	0.292754	0.321302	3
1.00	0.418610	0.280146	0.335659	0.023926	0.017814	0.020422	0.418610	0.349366	0.380866	3
1.00	0.457771	0.306354	0.367060	0.023917	0.018395	0.020796	0.457771	0.385078	0.418289	3
1.00	0.489903	0.327858	0.392825	0.023858	0.018657	0.020939	0.489903	0.414504	0.449061	3
1.00	0.531518	0.355708	0.426194	0.023806	0.018955	0.021106	0.531518	0.451638	0.488333	3
1.00	0.593217	0.396998	0.475667	0.023725	0.019144	0.021190	0.593217	0.506019	0.546159	3
1.00	0.612183	0.409692	0.490875	0.023738	0.019248	0.021259	0.612183	0.521379	0.563144	3
1.00	0.637175	0.426417	0.510914	0.023769	0.019438	0.021386	0.637175	0.542949	0.586300	3
1.00	0.655361	0.438587	0.525497	0.023803	0.019436	0.021399	0.655361	0.559071	0.603398	3
1.00	0.671315	0.449265	0.538289	0.023890	0.019669	0.021575	0.671315	0.571444	0.617367	3
1.00	0.687381	0.460016	0.551172	0.023997	0.019669	0.021619	0.687381	0.584200	0.631604	3
1.00	0.707910	0.473755	0.567633	0.024235	0.019355	0.021522	0.707910	0.600753	0.649945	3
1.00	0.716166	0.479280	0.574253	0.024426	0.019547	0.021716	0.716166	0.606871	0.657004	3
1.00	0.720071	0.481894	0.577384	0.024356	0.020084	0.022015	0.720071	0.608944	0.659862	3
1.00	0.714381	0.478086	0.572822	0.024083	0.020714	0.022272	0.714381	0.603663	0.654372	3
1.00	0.704005	0.471142	0.564502	0.023976	0.021722	0.022794	0.704005	0.593451	0.644018	3
1.00	0.704229	0.471291	0.564681	0.024035	0.022216	0.023090	0.704229	0.593023	0.643859	3
1.00	0.703224	0.470619	0.563875	0.024032	0.022409	0.023192	0.703224	0.592047	0.642864	3
1.00	0.696865	0.466363	0.558776	0.024006	0.022757	0.023365	0.696865	0.586018	0.636653	3
1.00	0.703336	0.470694	0.563965	0.024026	0.023247	0.023630	0.703336	0.590332	0.641899	3
1.00	0.727212	0.486672	0.583110	0.024167	0.023326	0.023739	0.727212	0.608795	0.662756	3
1.00	0.747294	0.500112	0.599213	0.024491	0.022802	0.023616	0.747294	0.625717	0.681123	3
1.00	0.757559	0.506981	0.607443	0.024780	0.022950	0.023830	0.757559	0.633480	0.689986	3
1.00	0.763584	0.511013	0.612274	0.024841	0.023331	0.024062	0.763584	0.637240	0.694714	3
1.00	0.767154	0.513403	0.615137	0.024831	0.023530	0.024163	0.767154	0.639630	0.697612	3
1.00	0.771059	0.516016	0.618268	0.024917	0.023743	0.024316	0.771059	0.642530	0.700951	3
1.00	0.772509	0.516986	0.619431	0.024865	0.023764	0.024302	0.772509	0.642819	0.701722	3
1.00	0.772174	0.516762	0.619163	0.024684	0.023779	0.024223	0.772174	0.642279	0.701263	3
1.00	0.773402	0.517584	0.620147	0.024758	0.023735	0.024236	0.773402	0.643191	0.702312	3
1.00	0.773960	0.517957	0.620594	0.024637	0.023841	0.024233	0.773960	0.643535	0.702747	3
1.00	0.772844	0.517210	0.619699	0.024465	0.023764	0.024109	0.772844	0.642716	0.701799	3
1.00	0.772732	0.517136	0.619610	0.024455	0.023732	0.024088	0.772732	0.642698	0.701742	3
1.00	0.774517	0.518330	0.621041	0.024488	0.024004	0.024243	0.774517	0.643665	0.703054	3
1.00	0.773960	0.517957	0.620594	0.024421	0.023974	0.024196	0.773960	0.643293	0.702603	3
1.00	0.773067	0.517360	0.619878	0.024532	0.023766	0.024143	0.773067	0.642753	0.701913	3
1.00	0.772621	0.517061	0.619521	0.024713	0.023603	0.024145	0.772621	0.642623	0.701652	3
1.00	0.774071	0.518032	0.620683	0.024890	0.023713	0.024287	0.774071	0.643804	0.702954	3
1.00	0.774183	0.518106	0.620773	0.024921	0.023816	0.024356	0.774183	0.644009	0.703121	3
1.00	0.773736	0.517808	0.620415	0.024869	0.023872	0.024360	0.773736	0.643711	0.702760	3
1.00	0.774294	0.518181	0.620862	0.024780	0.024152	0.024462	0.774294	0.644009	0.703167	3
1.00	0.774294	0.518181	0.620862	0.024749	0.024187	0.024465	0.774294	0.643953	0.703134	3
1.00	0.773513	0.517658	0.620236	0.024946	0.023702	0.024308	0.773513	0.643339	0.702446	3
1.00	0.772621	0.517061	0.619521	0.025163	0.023312	0.024202	0.772621	0.643544	0.702200	3
1.00	0.771393	0.516240	0.618536	0.025500	0.022927	0.024145	0.771393	0.643674	0.701770	3
1.00	0.769385	0.514896	0.616926	0.025587	0.022680	0.024046	0.769385	0.642763	0.700397	3
1.00	0.766261	0.512805	0.614421	0.025629	0.022315	0.023858	0.766261	0.640950	0.698026	3
1.00	0.763137	0.510715	0.611916	0.025818	0.021903	0.023700	0.763137	0.639434	0.695831	3
1.00	0.760794	0.509147	0.610038	0.026005	0.021573	0.023582	0.760794	0.638077	0.694053	3
1.00	0.760237	0.508773	0.609590	0.025994	0.021505	0.023537	0.760237	0.637779	0.693645	3
1.00	0.760683	0.509072	0.609948	0.025981	0.021554	0.023562	0.760683	0.637928	0.693918	3
1.00	0.762245	0.510117	0.611201	0.025937	0.021733	0.023650	0.762245	0.638784	0.695074	3
1.00	0.761352	0.509520	0.610485	0.025979	0.021657	0.023622	0.761352	0.638068	0.694279	3
1.00	0.763807	0.511163	0.612453	0.025811	0.021951	0.023725	0.763807	0.639425	0.696103	3
1.00	0.768716	0.514448	0.616389	0.025492	0.022621	0.023971	0.768716	0.642354	0.699877	3
1.00	0.771617	0.516389	0.618715	0.025246	0.023337	0.024254	0.771617	0.642921	0.701414	3
1.00	0.770947	0.515941	0.618179	0.024860	0.023886	0.024364	0.770947	0.642121	0.700662	3
1.00	0.769497	0.514970	0.617016	0.024580	0.024169	0.024373	0.769497	0.640150	0.698889	3
1.00	0.764253	0.511461	0.612811	0.024175	0.024472	0.024323	0.764253	0.635358	0.693870	3
1.00	0.757224	0.506757	0.607175	0.023804	0.024905	0.024342	0.757224	0.628636	0.686965	3
1.00	0.739485	0.494885	0.592950	0.023323	0.025335	0.024288	0.739485	0.613478	0.670613	3
1.00	0.719960	0.481819	0.577295	0.023082	0.025589	0.024271	0.719960	0.597402	0.652980	3
1.00	0.679906	0.455014	0.545178	0.022775	0.025663	0.024133	0.679906	0.562803	0.615837	3
1.00	0.634944	0.424923	0.509125	0.022490	0.025445	0.023876	0.634944	0.524711	0.574588	3
1.00	0.585741	0.391996	0.469673	0.022107	0.025052	0.023488	0.585741	0.481626	0.528606	3
1.00	0.536256	0.358919	0.430022	0.021715	0.024522	0.023034	0.536260	0.436422	0.481217	4
1.00	0.482486	0.322930	0.386903	0.021549	0.023896	0.022662	0.482484	0.387108	0.429566	4
1.00	0.430946	0.288434	0.345574	0.021352	0.023190	0.022233	0.430938	0.339133	0.379563	4
1.00	0.389893	0.260957	0.312654	0.021075	0.022642	0.021830	0.389881	0.300651	0.339501	4
1.00	0.364306	0.243859	0.292155	0.032200	0.022310	0.026358	0.364220	0.276626	0.314437	5
1.00	0.333073	0.222952	0.267108	0.031982	0.021849	0.025962	0.332980	0.247767	0.284122	5
1.00	0.321026	0.214888	0.257447	0.031806	0.021699	0.025798	0.320930	0.236312	0.272197	5
1.00	0.316007	0.211528	0.253422	0.031741	0.021614	0.025716	0.315910	0.231459	0.267170	5
1.00	0.315226	0.211006	0.252795	0.031557	0.021615	0.025656	0.315129	0.230687	0.266376	5
1.00	0.313107	0.209587	0.251096	0.031429	0.021597	0.025601	0.313009	0.228660	0.264267	5
1.00	0.315672	0.211304	0.253153	0.031500	0.021631	0.025649	0.315575	0.230975	0.266728	5
1.00	0.329540	0.220563	0.264257	0.031711	0.021854	0.025876	0.329466	0.244196	0.280494	4
1.00	0.346162	0.231688	0.277586	0.031935	0.022103	0.026124	0.346089	0.259072	0.296325	4
1.00	0.363565	0.243336	0.291542	0.032009	0.022390	0.026349	0.363494	0.275417	0.313385	4
1.00	0.382976	0.256328	0.307107	0.032037	0.022705	0.026576	0.382908	0.293631	0.332379	4
1.00	0.405734	0.271560	0.325357	0.032051	0.023030	0.026802	0.405668	0.314709	0.354446	4
1.00	0.445560	0.298215	0.357293	0.032001	0.023668	0.027211	0.445498	0.351824	0.393158	4
1.00	0.504462	0.337639	0.404527	0.031907	0.024502	0.027718	0.504407	0.406549	0.450222	4
1.00	0.567381	0.379751	0.454981	0.032057	0.025207	0.028222	0.567332	0.463645	0.510275	4
1.00	0.618697	0.414097	0.496131	0.032353	0.025764	0.028685	0.618654	0.509500	0.558797	4
1.00	0.669232	0.447921	0.536655	0.032669	0.026158	0.029053	0.669196	0.551636	0.604756	4
1.00	0.704150	0.471291	0.564655	0.032916	0.026300	0.029238	0.704117	0.581690	0.637075	4
1.00	0.728693	0.487717	0.584336	0.033182	0.026229	0.029299	0.728662	0.603083	0.659952	4
1.00	0.743976	0.497947	0.596592	0.033428	0.026116	0.029323	0.743947	0.615439	0.673619	4
1.00	0.754685	0.505115	0.605180	0.033672	0.025998	0.029341	0.754658	0.624164	0.683236	4
1.00	0.763052	0.510715	0.611889	0.045163	0.025901	0.032922	0.763026	0.631221	0.690893	5
1.00	0.769299	0.514896	0.616899	0.045412	0.025691	0.032817	0.769274	0.637013	0.696924	5
1.00	0.772535	0.517061	0.619493	0.045581	0.025593	0.032780	0.772509	0.639341	0.699645	5
1.00	0.772200	0.516837	0.619224	0.045639	0.025556	0.032765	0.772174	0.639416	0.699552	5
1.00	0.773204	0.517509	0.620030	0.034487	0.025574	0.029369	0.773179	0.640048	0.700343	4
1.00	0.772311	0.516912	0.619314	0.034444	0.025583	0.029359	0.772286	0.639416	0.699598	4
1.00	0.772981	0.517360	0.619851	0.034511	0.025584	0.029385	0.772955	0.639955	0.700195	4
1.00	0.771865	0.516613	0.618956	0.034529	0.025707	0.029472	0.771840	0.639152	0.699257	4
1.00	0.772114	0.516837	0.619197	0.034580	0.025711	0.029493	0.772119	0.639379	0.699507	5
1.00	0.772225	0.516912	0.619286	0.034622	0.025721	0.029515	0.772230	0.639379	0.699553	5
1.00	0.771247	0.516315	0.618543	0.034593	0.025768	0.029536	0.771319	0.638817	0.698843	6
1.00	0.769686	0.515269	0.617291	0.034562	0.025893	0.029606	0.769757	0.637618	0.697484	6
1.00	0.768682	0.514597	0.616485	0.034596	0.025947	0.029654	0.768753	0.636595	0.696460	6
1.00	0.763328	0.511013	0.612192	0.034505	0.025966	0.029633	0.763398	0.631998	0.691511	6
1.00	0.761544	0.509819	0.610761	0.034512	0.026015	0.029667	0.761613	0.630548	0.689911	6
1.00	0.758867	0.508027	0.608614	0.034481	0.026065	0.029688	0.758935	0.628484	0.687577	6
1.00	0.756413	0.506384	0.606646	0.034432	0.026111	0.029700	0.756480	0.626578	0.685429	6
1.00	0.751060	0.502800	0.602353	0.034272	0.026259	0.029735	0.751125	0.621948	0.680460	6
1.00	0.745818	0.499291	0.598148	0.045349	0.026320	0.033308	0.745881	0.617634	0.675726	7
1.00	0.738597	0.494512	0.592397	0.044978	0.026488	0.033341	0.738629	0.611032	0.668799	7
1.00	0.732159	0.490256	0.587273	0.044657	0.026604	0.033344	0.732158	0.606077	0.663178	7
1.00	0.726026	0.486149	0.582353	0.044476	0.026760	0.033415	0.726022	0.600071	0.657065	7
1.00	0.716882	0.480027	0.575019	0.044199	0.026783	0.033354	0.716873	0.591545	0.648207	7
1.00	0.705653	0.472560	0.566050	0.044028	0.026815	0.033330	0.705660	0.581336	0.637493	7
1.00	0.700892	0.469424	0.562268	0.047682	0.027015	0.034490	0.700863	0.577469	0.633210	7
1.00	0.696801	0.466736	0.559023	0.047553	0.027085	0.034512	0.696735	0.573982	0.629429	7
1.00	0.686058	0.459643	0.550478	0.047275	0.027129	0.034474	0.685912	0.564703	0.619434	7
1.00	0.672796	0.450758	0.539837	0.047085	0.027051	0.034361	0.672636	0.553509	0.607285	7
1.00	0.657009	0.440230	0.527205	0.046912	0.026980	0.034258	0.656793	0.540293	0.592874	7
1.00	0.643972	0.431494	0.516743	0.046740	0.026883	0.034134	0.643739	0.528606	0.580519	7
1.00	0.635209	0.425670	0.509746	0.046679	0.026833	0.034078	0.635018	0.521131	0.572465	7
1.00	0.627855	0.420742	0.503845	0.046626	0.026806	0.034041	0.627654	0.514660	0.565569	7
1.00	0.618581	0.414620	0.496468	0.057866	0.026858	0.036688	0.618301	0.506943	0.557112	8
1.00	0.608952	0.408348	0.488871	0.059711	0.027054	0.037237	0.608483	0.498594	0.548085	8
1.00	0.606280	0.406556	0.486726	0.059681	0.027083	0.037259	0.605805	0.495879	0.545358	8
1.00	0.607950	0.407676	0.488067	0.059399	0.027148	0.037265	0.607479	0.497069	0.546756	8
1.00	0.614186	0.411857	0.493072	0.059623	0.027256	0.037411	0.613727	0.501802	0.552149	8
1.00	0.628549	0.421489	0.504604	0.052319	0.027609	0.036144	0.628101	0.513703	0.565171	7
1.00	0.638762	0.428433	0.512871	0.063733	0.027766	0.038680	0.638328	0.521940	0.574297	8
1.00	0.641887	0.430673	0.515483	0.061916	0.027786	0.038358	0.641508	0.525232	0.577576	8
1.00	0.642150	0.430897	0.515728	0.061973	0.027734	0.038319	0.641787	0.525938	0.578116	8
1.00	0.638741	0.428657	0.513024	0.061890	0.027681	0.038253	0.638384	0.522982	0.574949	8
1.00	0.636819	0.427462	0.511549	0.061890	0.027788	0.038355	0.636375	0.521299	0.573118	8
1.00	0.628781	0.422161	0.505160	0.061802	0.027793	0.038343	0.628231	0.514177	0.565510	8
1.00	0.631158	0.423803	0.507103	0.061705	0.027866	0.038393	0.630574	0.516278	0.567731	8
1.00	0.632310	0.424625	0.508063	0.061617	0.027969	0.038474	0.631689	0.517189	0.568734	8
1.00	0.636697	0.427761	0.511723	0.061476	0.028181	0.038646	0.635929	0.521364	0.572976	8
1.00	0.639969	0.430150	0.514490	0.061432	0.028336	0.038783	0.639154	0.524674	0.576283	9
1.00	0.642714	0.432091	0.516766	0.061389	0.028440	0.038871	0.641831	0.527574	0.579121	9
1.00	0.646164	0.434555	0.519643	0.060784	0.028521	0.038825	0.645234	0.531033	0.582590	9
1.01	0.645290	0.434257	0.519147	0.061137	0.028572	0.038944	0.644342	0.530736	0.582047	9
1.01	0.649035	0.437019	0.522333	0.061219	0.028802	0.039173	0.647968	0.534157	0.585584	9
1.01	0.651707	0.439110	0.524691	0.063187	0.029200	0.039942	0.650478	0.536835	0.588218	9
1.01	0.656842	0.442619	0.528861	0.063302	0.029244	0.040007	0.655666	0.541651	0.593230	9
1.01	0.667516	0.449862	0.537491	0.063427	0.029238	0.040025	0.666432	0.550781	0.603113	9
1.01	0.680806	0.458971	0.548301	0.063628	0.029381	0.040199	0.679877	0.562565	0.615682	9
1.01	0.687299	0.463451	0.553603	0.063734	0.029492	0.040325	0.686422	0.567344	0.621228	9
1.01	0.692546	0.466886	0.557756	0.063738	0.029554	0.040383	0.691721	0.571453	0.625862	9
1.01	0.697662	0.470022	0.561652	0.063733	0.029574	0.040401	0.696742	0.575377	0.630270	9
1.01	0.698881	0.470843	0.562634	0.063307	0.029714	0.040445	0.697914	0.576009	0.631128	9
1.01	0.700177	0.471664	0.563640	0.062612	0.029796	0.040377	0.699141	0.576622	0.631999	9
1.01	0.704898	0.474950	0.567516	0.062805	0.030010	0.040613	0.703771	0.580193	0.636035	9
1.01	0.708066	0.477190	0.570141	0.062006	0.030164	0.040585	0.707062	0.582536	0.638787	9
1.01	0.709838	0.478384	0.571569	0.062074	0.030298	0.040720	0.708847	0.583391	0.640029	9
1.01	0.710360	0.478683	0.571951	0.062312	0.030389	0.040854	0.709238	0.583205	0.640076	9
1.01	0.716216	0.482790	0.576781	0.062396	0.030549	0.041017	0.715095	0.588040	0.645374	9
1.01	0.712910	0.480774	0.574270	0.062173	0.030594	0.041009	0.711748	0.585557	0.642515	9
1.01	0.708421	0.478011	0.570843	0.061189	0.030501	0.040709	0.707341	0.582657	0.638973	9
1.01	0.707287	0.477563	0.570155	0.061035	0.030566	0.040733	0.706337	0.582545	0.638496	9
1.01	0.707514	0.478086	0.570601	0.059588	0.030580	0.040418	0.706765	0.583214	0.639073	9
1.01	0.700430	0.473979	0.565372	0.058883	0.030488	0.040175	0.700052	0.578231	0.633337	9
1.01	0.700849	0.474576	0.565934	0.056070	0.030720	0.039692	0.700526	0.578835	0.633893	9
1.01	0.699141	0.474203	0.565111	0.056135	0.030954	0.039904	0.699039	0.578287	0.632955	9
1.01	0.700165	0.475472	0.566346	0.056104	0.031032	0.039961	0.700210	0.579904	0.634404	9
1.02	0.705114	0.479728	0.570984	0.055829	0.031316	0.040125	0.705342	0.584507	0.639264	9
1.02	0.710650	0.483760	0.575655	0.055810	0.031372	0.040166	0.711088	0.590011	0.644916	9
1.02	0.719373	0.490181	0.583063	0.055707	0.031529	0.040268	0.720237	0.598211	0.653577	9
1.02	0.729869	0.498096	0.592109	0.055544	0.031739	0.040395	0.731096	0.608420	0.664141	9
1.02	0.735172	0.501605	0.596334	0.055619	0.031784	0.040452	0.736508	0.612799	0.668982	9
1.02	0.734602	0.501381	0.595988	0.055548	0.031873	0.040505	0.735950	0.612297	0.668453	9
1.02	0.736140	0.502651	0.597391	0.055617	0.032011	0.040634	0.737567	0.613636	0.669918	9
1.02	0.731257	0.499589	0.593621	0.055580	0.031991	0.040608	0.732703	0.609452	0.665418	9
1.02	0.726955	0.496976	0.590359	0.055659	0.032227	0.040819	0.728184	0.605937	0.661460	9
1.02	0.720524	0.492795	0.585288	0.055553	0.032331	0.040874	0.721490	0.600647	0.655546	9
1.02	0.720864	0.493243	0.585716	0.055287	0.032465	0.040908	0.721713	0.601419	0.656098	9
1.02	0.725676	0.496752	0.589779	0.055107	0.032913	0.041212	0.726383	0.605119	0.660229	9
1.02	0.733508	0.502277	0.596260	0.055214	0.033319	0.041559	0.734192	0.611832	0.667451	9
1.02	0.738495	0.505637	0.600275	0.055129	0.033614	0.041763	0.739046	0.615737	0.671780	9
1.02	0.746594	0.511461	0.607054	0.055032	0.034117	0.042121	0.746856	0.622087	0.678786	9
1.03	0.748478	0.513925	0.609412	0.054703	0.034812	0.042548	0.748473	0.624588	0.680942	9
1.03	0.747962	0.513851	0.609188	0.054436	0.034990	0.042599	0.747860	0.624058	0.680373	9
1.03	0.747174	0.513253	0.608507	0.054110	0.035175	0.042635	0.746856	0.622868	0.679250	9
1.03	0.746577	0.512955	0.608099	0.053899	0.035231	0.042610	0.746242	0.622273	0.678643	9
1.03	0.749919	0.515643	0.611096	0.053745	0.035498	0.042756	0.749645	0.624839	0.681576	9
1.03	0.752307	0.517509	0.613200	0.053407	0.035590	0.042715	0.752137	0.627201	0.684010	9
1.03	0.751329	0.517061	0.612561	0.053360	0.035610	0.042714	0.751356	0.626308	0.683157	9
1.03	0.750054	0.516464	0.611718	0.053210	0.035608	0.042665	0.750184	0.625862	0.682407	9
1.03	0.747159	0.515419	0.610021	0.051273	0.035820	0.042176	0.747664	0.624560	0.680590	9
1.03	0.740997	0.511611	0.605300	0.052148	0.036092	0.042659	0.741417	0.619800	0.675175	9
1.03	0.736575	0.508997	0.601996	0.052169	0.036254	0.042779	0.737065	0.616509	0.671418	9
1.03	0.728342	0.504069	0.595799	0.051740	0.036412	0.042743	0.729060	0.610214	0.664364	9
1.03	0.726008	0.502725	0.594079	0.051289	0.036493	0.042644	0.726717	0.608001	0.662080	9
1.04	0.721719	0.500187	0.590871	0.050667	0.036527	0.042450	0.722682	0.604784	0.658498	9
1.04	0.715792	0.496827	0.586540	0.050045	0.036482	0.042200	0.717085	0.600805	0.653815	9
1.04	0.715544	0.497349	0.586821	0.050075	0.036849	0.042455	0.717122	0.601084	0.653996	9
1.04	0.717674	0.499365	0.588940	0.049980	0.036864	0.042432	0.719744	0.603557	0.656550	9
1.04	0.718532	0.499963	0.589644	0.050498	0.036863	0.042616	0.720432	0.604431	0.657353	9
1.04	0.719524	0.501083	0.590757	0.061469	0.037089	0.046264	0.721752	0.605835	0.658733	10
1.04	0.712910	0.497648	0.586140	0.054757	0.037195	0.044299	0.715765	0.601595	0.653733	10
1.04	0.707380	0.493840	0.581630	0.057890	0.038967	0.046580	0.709796	0.596500	0.648235	10
1.04	0.705234	0.491973	0.579609	0.058493	0.039752	0.047335	0.707174	0.594083	0.645714	10
1.04	0.704259	0.491451	0.578917	0.057896	0.040727	0.047817	0.705872	0.593469	0.644809	10
1.04	0.698470	0.487568	0.574268	0.056694	0.040883	0.047507	0.700218	0.588570	0.639558	10
1.04	0.693928	0.484656	0.570713	0.056632	0.042047	0.048261	0.695282	0.584786	0.635265	10
1.04	0.692365	0.484134	0.569822	0.056490	0.043277	0.049009	0.693814	0.583912	0.634136	10
1.05	0.691545	0.484283	0.569647	0.055867	0.043569	0.048957	0.693311	0.583837	0.633882	10
1.05	0.690768	0.484358	0.569435	0.055616	0.043975	0.049115	0.692698	0.583465	0.633407	10
1.05	0.690499	0.484582	0.569498	0.055508	0.043956	0.049061	0.692754	0.583893	0.633682	10
1.05	0.694687	0.488091	0.573346	0.055702	0.044403	0.049415	0.697254	0.588058	0.638017	10
1.05	0.694863	0.488837	0.573921	0.055368	0.044404	0.049284	0.697960	0.589100	0.638926	10
1.05	0.694874	0.489883	0.574644	0.054798	0.044337	0.049016	0.698704	0.590606	0.640123	10
1.06	0.695046	0.491301	0.575678	0.054332	0.044492	0.048922	0.700050	0.592521	0.641813	10
1.06	0.697427	0.493765	0.578186	0.053879	0.044421	0.048695	0.703418	0.595998	0.645268	10
1.06	0.699989	0.496155	0.580704	0.053251	0.044379	0.048412	0.706979	0.599299	0.648701	10
1.06	0.699654	0.497797	0.581712	0.053343	0.044045	0.048250	0.708271	0.602321	0.651013	10
1.06	0.699298	0.498171	0.581844	0.052442	0.043575	0.047599	0.709173	0.603222	0.651921	10
1.07	0.702186	0.501381	0.585032	0.052729	0.043907	0.047915	0.713227	0.607397	0.656071	10
1.07	0.701563	0.502875	0.585830	0.052578	0.044103	0.047969	0.713924	0.609610	0.657656	10
1.07	0.701164	0.503845	0.586349	0.051472	0.044217	0.047569	0.714854	0.611265	0.659013	10
1.08	0.697877	0.503099	0.584693	0.050963	0.044153	0.047314	0.712734	0.610558	0.657701	10
1.08	0.699059	0.504891	0.586317	0.050865	0.044218	0.047309	0.714649	0.612678	0.659747	10
1.08	0.695921	0.504443	0.584910	0.050900	0.044641	0.047566	0.712492	0.612036	0.658455	10
1.09	0.698468	0.507280	0.587716	0.051147	0.045001	0.047878	0.715876	0.615681	0.662009	10
1.09	0.691014	0.502949	0.582170	0.051071	0.045453	0.048098	0.708823	0.609480	0.655408	10
1.09	0.684706	0.499739	0.577780	0.050393	0.045707	0.047936	0.703589	0.604664	0.650386	10
1.09	0.682585	0.498395	0.576126	0.050636	0.046115	0.048270	0.701850	0.601558	0.647846	10
1.09	0.678692	0.495856	0.573043	0.050456	0.046931	0.048630	0.698139	0.596854	0.643535	10
1.09	0.673853	0.492421	0.569025	0.049804	0.047143	0.048437	0.693090	0.591898	0.638510	10
1.10	0.671455	0.492123	0.567969	0.049068	0.047980	0.048518	0.691076	0.590308	0.636730	10
1.10	0.669613	0.492123	0.567309	0.048796	0.049019	0.048907	0.689524	0.589146	0.635395	10
1.10	0.677987	0.497872	0.574135	0.048689	0.049853	0.049264	0.697901	0.594604	0.642124	10
1.10	0.684050	0.501456	0.578691	0.047973	0.049717	0.048830	0.703832	0.599076	0.647243	10
1.09	0.694782	0.508027	0.586906	0.047972	0.050125	0.049025	0.714190	0.605993	0.655658	10
1.09	0.705082	0.514821	0.595115	0.047631	0.050369	0.048962	0.724306	0.613677	0.664418	10
1.09	0.709707	0.517509	0.598558	0.047427	0.050497	0.048914	0.728601	0.616206	0.667706	10
1.09	0.710620	0.519077	0.599931	0.046843	0.050643	0.048669	0.729949	0.618242	0.669468	10
1.09	0.708682	0.518032	0.598542	0.046460	0.050545	0.048417	0.727820	0.617014	0.667852	10
1.09	0.708933	0.518480	0.598930	0.046770	0.050307	0.048474	0.728006	0.618149	0.668595	10
1.09	0.714505	0.520794	0.602462	0.047059	0.050232	0.048594	0.732372	0.620901	0.672045	10
1.09	0.722285	0.525872	0.608624	0.046745	0.050248	0.048433	0.739803	0.627502	0.679040	10
1.09	0.727040	0.529008	0.612412	0.047089	0.049890	0.048449	0.744461	0.631965	0.683616	10
1.09	0.731104	0.532293	0.616056	0.047464	0.049712	0.048562	0.748765	0.636781	0.688248	10
1.09	0.734631	0.535354	0.619358	0.047242	0.049992	0.048578	0.752531	0.639942	0.691685	10
1.09	0.736740	0.537221	0.621357	0.047415	0.049799	0.048578	0.754771	0.642406	0.694070	10
1.09	0.741708	0.540954	0.625621	0.048213	0.049814	0.049000	0.759922	0.647092	0.698983	10
1.09	0.746544	0.544314	0.629588	0.048635	0.049578	0.049102	0.764989	0.651480	0.703687	10
1.09	0.752718	0.547973	0.634231	0.048718	0.049357	0.049035	0.770828	0.656464	0.709064	10
1.09	0.753249	0.549541	0.635469	0.048666	0.049563	0.049110	0.771739	0.658230	0.710480	10

Sun Aug 22 10:54:10 2021
47.15	0.016755	0.572464	0.032557	0.014278	0.079458	0.024206	0.016937	0.545833	0.032855	89
40.61	0.023301	0.633241	0.044948	0.016828	0.428661	0.032384	0.023469	0.671509	0.045354	89
35.00	0.025711	0.602180	0.049316	0.017020	0.391888	0.032623	0.025970	0.645608	0.049932	89
29.86	0.028706	0.573583	0.054676	0.017439	0.369795	0.033308	0.029101	0.619497	0.055591	89
25.03	0.032201	0.539386	0.060773	0.017752	0.321333	0.033644	0.032827	0.588129	0.062183	89
20.68	0.036564	0.505936	0.068199	0.018226	0.273164	0.034172	0.037654	0.555104	0.070525	89
16.95	0.041633	0.472262	0.076521	0.018840	0.233938	0.034872	0.043389	0.520970	0.080106	89
13.74	0.046747	0.429777	0.084322	0.019252	0.181789	0.034818	0.049496	0.476092	0.089670	89
11.07	0.053476	0.396028	0.094229	0.019876	0.152171	0.035159	0.057733	0.439178	0.102050	89
8.91	0.061287	0.365340	0.104966	0.021414	0.133634	0.036913	0.067923	0.406430	0.116394	89
7.11	0.070811	0.337116	0.117039	0.021472	0.106888	0.035761	0.081474	0.377506	0.134023	89
5.67	0.081747	0.310311	0.129404	0.022884	0.090664	0.036544	0.097614	0.348860	0.152545	89
4.53	0.094433	0.285970	0.141981	0.022324	0.080995	0.035002	0.117420	0.324181	0.172397	89
3.63	0.109919	0.267080	0.155742	0.021616	0.055951	0.031184	0.138719	0.304229	0.190552	88
2.92	0.125880	0.245725	0.166477	0.021755	0.039613	0.028085	0.155994	0.280176	0.200407	88
2.36	0.143391	0.226312	0.175552	0.025371	0.033755	0.028968	0.169470	0.258068	0.204589	84
1.94	0.160106	0.207720	0.180831	0.028827	0.028220	0.028520	0.180862	0.236935	0.205136	81
1.62	0.174201	0.188457	0.181049	0.024900	0.023278	0.024062	0.185754	0.213307	0.198579	71
1.40	0.186745	0.175465	0.180929	0.027337	0.020275	0.023282	0.188971	0.198566	0.193650	64
1.26	0.194044	0.162996	0.177170	0.029082	0.017799	0.022082	0.188579	0.183597	0.186055	60
1.16	0.197434	0.152841	0.172299	0.025021	0.016850	0.020138	0.189679	0.171027	0.179871	53
1.10	0.195473	0.143806	0.165706	0.027146	0.016020	0.020149	0.187133	0.159489	0.172209	48
1.06	0.192671	0.137012	0.160143	0.027114	0.015689	0.019877	0.186277	0.150954	0.166765	45
1.04	0.191137	0.132681	0.156633	0.025743	0.015321	0.019209	0.186464	0.146203	0.163897	40
1.02	0.190564	0.130591	0.154978	0.025197	0.015189	0.018953	0.187428	0.143906	0.162809	36
1.01	0.190062	0.128799	0.153545	0.025525	0.015007	0.018902	0.188231	0.142168	0.161988	29
1.01	0.189812	0.127977	0.152879	0.023822	0.014718	0.018195	0.188765	0.141498	0.161749	26
1.00	0.191248	0.128575	0.153771	0.024037	0.014618	0.018180	0.190593	0.142670	0.163186	22
1.00	0.193283	0.129769	0.155283	0.023691	0.014506	0.017994	0.192843	0.144706	0.165342	20
1.00	0.194454	0.130367	0.156088	0.029056	0.014441	0.019293	0.194215	0.145692	0.166490	17
1.00	0.196723	0.131785	0.157836	0.017318	0.014420	0.015737	0.196474	0.147607	0.168570	11
1.00	0.202966	0.135892	0.162791	0.016054	0.014465	0.015219	0.202890	0.152776	0.174302	9
1.00	0.207920	0.139177	0.166741	0.017560	0.014530	0.015902	0.207910	0.157155	0.179005	9
1.00	0.211624	0.141641	0.169701	0.019619	0.014503	0.016677	0.211648	0.160735	0.182711	9
1.00	0.219235	0.146718	0.175792	0.022643	0.014610	0.017761	0.219235	0.167094	0.189646	7
1.00	0.226375	0.151497	0.181517	0.028534	0.014716	0.019418	0.226375	0.173593	0.196502	6
1.00	0.230615	0.154334	0.184917	0.017506	0.014737	0.016003	0.230615	0.177368	0.200517	4
1.00	0.231284	0.154782	0.185454	0.017786	0.014694	0.016093	0.231284	0.178261	0.201340	4
1.00	0.222470	0.148884	0.178386	0.018390	0.014520	0.016228	0.222470	0.170869	0.193285	4
1.00	0.214772	0.143732	0.172213	0.018617	0.014430	0.016258	0.214772	0.163915	0.185928	4
1.00	0.207631	0.138953	0.166488	0.018887	0.014242	0.016239	0.207631	0.158243	0.179604	4
1.00	0.206962	0.138505	0.165951	0.019230	0.014193	0.016332	0.206962	0.157695	0.179000	3
1.00	0.212429	0.142164	0.170335	0.019494	0.014287	0.016490	0.212429	0.162641	0.184230	3
1.00	0.224813	0.150452	0.180265	0.019796	0.014493	0.016734	0.224813	0.173193	0.195656	3
1.00	0.232958	0.155902	0.186795	0.019977	0.014589	0.016863	0.232958	0.180728	0.203546	3
1.00	0.240768	0.161129	0.193058	0.020364	0.014622	0.017022	0.240768	0.187413	0.210766	3
1.00	0.252482	0.168969	0.202451	0.020861	0.014669	0.017226	0.252482	0.197845	0.221849	3
1.00	0.284503	0.190398	0.228127	0.021246	0.015032	0.017607	0.284503	0.225031	0.251296	3
1.00	0.337945	0.226163	0.270979	0.022188	0.015604	0.018322	0.337945	0.271351	0.301009	3
1.00	0.403994	0.270365	0.323940	0.022360	0.016304	0.018858	0.403994	0.329962	0.363244	3
1.00	0.443378	0.296722	0.355520	0.022506	0.016639	0.019133	0.443378	0.365311	0.400577	3
1.00	0.511771	0.342492	0.410360	0.022473	0.017302	0.019551	0.511771	0.426762	0.465416	3
1.00	0.582394	0.389756	0.466989	0.022530	0.017622	0.019776	0.582394	0.489230	0.531762	3
1.00	0.658262	0.440529	0.527822	0.023076	0.017743	0.020061	0.658262	0.558295	0.604171	3
1.00	0.674663	0.451505	0.540973	0.023343	0.017567	0.020047	0.674663	0.573199	0.619806	3
1.00	0.673435	0.450683	0.539989	0.023331	0.017725	0.020145	0.673435	0.571953	0.618559	3
1.00	0.675667	0.452177	0.541779	0.023262	0.017905	0.020235	0.675667	0.573366	0.620327	3
1.00	0.684815	0.458299	0.549114	0.023172	0.018269	0.020430	0.684815	0.579884	0.627997	3
1.00	0.703001	0.470470	0.563697	0.023379	0.017851	0.020244	0.703001	0.594620	0.644285	3
1.00	0.705233	0.471963	0.565486	0.022609	0.018300	0.020228	0.705233	0.595485	0.645729	3
1.00	0.703782	0.470992	0.564323	0.021448	0.019261	0.020296	0.703782	0.592761	0.643518	3
1.00	0.702443	0.470096	0.563249	0.020157	0.020426	0.020291	0.702443	0.589944	0.641297	3
1.00	0.690394	0.462032	0.553587	0.018805	0.021328	0.019987	0.690394	0.576899	0.628565	3
1.00	0.658485	0.440678	0.528001	0.017871	0.022239	0.019817	0.658485	0.546320	0.597181	3
1.00	0.643535	0.430673	0.516014	0.017639	0.022607	0.019817	0.643535	0.531807	0.582360	3
1.00	0.649336	0.434555	0.520666	0.017726	0.022482	0.019823	0.649336	0.537850	0.588358	3
1.00	0.680018	0.455088	0.545267	0.018751	0.022137	0.020304	0.680018	0.565956	0.617766	3
1.00	0.699208	0.467931	0.560655	0.019906	0.021214	0.020539	0.699208	0.584291	0.636605	3
1.00	0.706795	0.473008	0.566738	0.020955	0.019724	0.020321	0.706795	0.594174	0.645610	3
1.00	0.706460	0.472784	0.566470	0.021588	0.019095	0.020265	0.706460	0.595216	0.646084	3
1.00	0.716947	0.479803	0.574879	0.021620	0.019033	0.020244	0.716947	0.604178	0.655750	3
1.00	0.724534	0.484880	0.580963	0.021341	0.019178	0.020202	0.724534	0.610714	0.662773	3
1.00	0.720518	0.482192	0.577742	0.021521	0.018457	0.019871	0.720518	0.609069	0.660122	3
1.00	0.712485	0.476816	0.571301	0.022498	0.017105	0.019434	0.712485	0.605564	0.654687	3
1.00	0.709807	0.475024	0.569154	0.023642	0.016749	0.019607	0.709807	0.603778	0.652514	3
1.00	0.701997	0.469798	0.562891	0.024770	0.015754	0.019259	0.701997	0.599585	0.646762	3
1.00	0.692291	0.463302	0.555108	0.025367	0.014651	0.018574	0.692291	0.593784	0.639265	3
1.00	0.684034	0.457776	0.548488	0.025989	0.013770	0.018001	0.684034	0.588019	0.632403	3
1.00	0.681915	0.456358	0.546788	0.026444	0.013534	0.017904	0.681915	0.586894	0.630846	3
1.00	0.676113	0.452475	0.542136	0.026345	0.012979	0.017391	0.676113	0.582822	0.626011	3
1.00	0.669419	0.447995	0.536769	0.026469	0.012347	0.016840	0.669419	0.578220	0.620486	3
1.00	0.663952	0.444337	0.532385	0.027666	0.011832	0.016576	0.663952	0.574194	0.615819	3
1.00	0.661163	0.442470	0.530149	0.028640	0.011556	0.016467	0.661163	0.572121	0.613427	3
1.00	0.660158	0.441798	0.529343	0.029881	0.011450	0.016556	0.660158	0.571563	0.612674	3
1.00	0.659154	0.441126	0.528538	0.018637	0.011357	0.014114	0.659154	0.570810	0.611809	2
1.00	0.659266	0.441201	0.528628	0.018638	0.011368	0.014122	0.659266	0.570837	0.611873	2
1.00	0.660828	0.442246	0.529880	0.029886	0.011517	0.016627	0.660828	0.571842	0.613123	3
1.00	0.661497	0.442694	0.530417	0.028870	0.011587	0.016537	0.661497	0.572399	0.613732	3
1.00	0.664063	0.444411	0.532475	0.027486	0.011838	0.016549	0.664063	0.574250	0.615900	3
1.00	0.667634	0.446801	0.535337	0.027259	0.012173	0.016830	0.667634	0.577039	0.619039	3
1.00	0.672096	0.449787	0.538916	0.026840	0.012587	0.017137	0.672096	0.580051	0.622691	3
1.00	0.676113	0.452475	0.542136	0.026676	0.012978	0.017462	0.676113	0.582673	0.625925	3
1.00	0.677675	0.453521	0.543389	0.026846	0.013132	0.017636	0.677675	0.583426	0.627029	3
1.00	0.684034	0.457776	0.548488	0.026374	0.013740	0.018068	0.684034	0.587331	0.632005	3
1.00	0.691956	0.463078	0.554840	0.026106	0.014533	0.018672	0.691956	0.592798	0.638550	3
1.00	0.695414	0.465392	0.557613	0.025788	0.014894	0.018882	0.695414	0.594974	0.641285	3
1.00	0.698873	0.467707	0.560386	0.025774	0.015228	0.019145	0.698873	0.597168	0.644030	3
1.00	0.705233	0.471963	0.565486	0.025363	0.015918	0.019560	0.705233	0.601603	0.649309	3
1.00	0.707352	0.473382	0.567186	0.025214	0.016169	0.019703	0.707352	0.603249	0.651166	3
1.00	0.708691	0.474278	0.568259	0.025022	0.016313	0.019750	0.708691	0.604197	0.652286	3
1.00	0.702332	0.470022	0.563160	0.025778	0.015602	0.019439	0.702332	0.599585	0.646904	3
1.00	0.694187	0.464571	0.556629	0.026144	0.014762	0.018870	0.694187	0.594193	0.640310	3
1.00	0.698427	0.467408	0.560029	0.026158	0.015177	0.019209	0.698427	0.597159	0.643835	3
1.00	0.704898	0.471739	0.565217	0.025632	0.015963	0.019674	0.704898	0.601919	0.649351	3
1.00	0.710253	0.475323	0.569512	0.024813	0.017195	0.020313	0.710253	0.604587	0.653174	3
1.00	0.705009	0.471814	0.565307	0.024087	0.017811	0.020479	0.705009	0.598925	0.647652	3
1.00	0.695749	0.465616	0.557882	0.023508	0.018023	0.020404	0.695749	0.590483	0.638809	3
1.00	0.691175	0.462555	0.554214	0.023391	0.018063	0.020384	0.691175	0.586690	0.634661	3
1.00	0.687716	0.460240	0.551440	0.023495	0.018014	0.020393	0.687716	0.583696	0.631451	3
1.00	0.676224	0.452550	0.542226	0.023220	0.018046	0.020309	0.676224	0.572697	0.620170	3
1.00	0.658931	0.440977	0.528359	0.022809	0.018197	0.020244	0.658931	0.556408	0.603345	3
1.00	0.643981	0.430971	0.516371	0.022635	0.018184	0.020167	0.643981	0.543317	0.589382	3
1.00	0.631485	0.422609	0.506352	0.022500	0.018089	0.020055	0.631485	0.531770	0.577353	3
1.00	0.603035	0.403569	0.483539	0.022303	0.017963	0.019899	0.603035	0.505863	0.550191	3
1.00	0.556845	0.372657	0.446502	0.022322	0.017583	0.019671	0.556845	0.465452	0.507063	3
1.00	0.555060	0.371463	0.445071	0.022316	0.017380	0.019541	0.555060	0.464504	0.505760	3
1.00	0.533415	0.356978	0.427715	0.022517	0.017213	0.019511	0.533415	0.446021	0.485819	3
1.00	0.533638	0.357127	0.427894	0.022741	0.017136	0.019544	0.533638	0.446662	0.486292	3
1.00	0.542118	0.362801	0.434693	0.022755	0.017163	0.019567	0.542118	0.454119	0.494232	3
1.00	0.524713	0.351154	0.420737	0.022722	0.016934	0.019406	0.524713	0.439462	0.478319	3
1.00	0.487114	0.325991	0.390589	0.022703	0.016521	0.019125	0.487114	0.406638	0.443253	3
1.00	0.451634	0.302247	0.362140	0.022673	0.016114	0.018839	0.451634	0.375362	0.409981	3
1.00	0.407341	0.272605	0.326624	0.022728	0.015549	0.018465	0.407341	0.336219	0.368379	3
1.00	0.349213	0.233704	0.280014	0.022889	0.014801	0.017977	0.349213	0.284469	0.313534	3
1.00	0.307598	0.205854	0.246645	0.023022	0.014223	0.017583	0.307598	0.247977	0.274588	3
1.00	0.294433	0.197043	0.236089	0.023034	0.014040	0.017447	0.294433	0.236653	0.262399	3
1.00	0.291086	0.194803	0.233405	0.022802	0.014065	0.017398	0.291086	0.233147	0.258915	3
1.00	0.287515	0.192414	0.230542	0.022855	0.014120	0.017455	0.287515	0.229670	0.255358	3
1.00	0.283945	0.190025	0.227679	0.022877	0.014149	0.017484	0.283945	0.226118	0.251754	3
1.00	0.272342	0.182259	0.218375	0.022677	0.014147	0.017424	0.272342	0.215296	0.240482	3
1.00	0.280152	0.187486	0.224638	0.022648	0.014411	0.017614	0.280152	0.221442	0.247361	3
1.00	0.246904	0.165236	0.197978	0.022704	0.014099	0.017396	0.246904	0.192378	0.216257	3
1.00	0.218231	0.146046	0.174987	0.022699	0.013816	0.017177	0.218231	0.167057	0.189245	3
1.00	0.228718	0.153065	0.183396	0.022353	0.014048	0.017253	0.228718	0.175992	0.198920	3
1.00	0.239987	0.160606	0.192432	0.022356	0.014414	0.017527	0.239987	0.185271	0.209109	3
1.00	0.258842	0.173225	0.207551	0.022247	0.014880	0.017833	0.258842	0.200876	0.226204	3
1.00	0.277139	0.185470	0.222222	0.022054	0.015464	0.018180	0.277139	0.215240	0.242299	3
1.00	0.283499	0.189726	0.227322	0.021979	0.015760	0.018357	0.283499	0.219954	0.247716	3
1.00	0.310610	0.207870	0.249061	0.021872	0.016303	0.018681	0.310610	0.243403	0.272930	3
1.00	0.363160	0.243037	0.291197	0.021734	0.017442	0.019353	0.363160	0.288356	0.321463	3
1.00	0.410354	0.274621	0.329039	0.021296	0.018308	0.019689	0.410354	0.328930	0.365158	3
1.00	0.462345	0.309415	0.370728	0.021045	0.019137	0.020046	0.462345	0.374692	0.413929	3
1.00	0.513221	0.343463	0.411523	0.020835	0.019876	0.020344	0.513221	0.419692	0.461768	3
1.00	0.557737	0.373255	0.447218	0.020769	0.020557	0.020662	0.557737	0.457927	0.502928	3
1.00	0.576593	0.385873	0.462337	0.020704	0.020711	0.020707	0.576593	0.473826	0.520182	3
1.00	0.602700	0.403345	0.483271	0.020635	0.020934	0.020783	0.602700	0.496547	0.544498	3
1.00	0.609729	0.408049	0.488907	0.020540	0.021069	0.020801	0.609729	0.502925	0.551201	3
1.00	0.615642	0.412006	0.493648	0.020432	0.021266	0.020841	0.615642	0.507722	0.556498	3
1.00	0.627245	0.419772	0.502952	0.020307	0.021577	0.020923	0.627245	0.517550	0.567142	3
1.00	0.636506	0.425969	0.510378	0.020293	0.021805	0.021022	0.636506	0.525397	0.575639	3
1.00	0.656923	0.439633	0.526749	0.020202	0.022015	0.021070	0.656923	0.543261	0.594710	3
1.00	0.672877	0.450310	0.539542	0.020324	0.022184	0.021213	0.672877	0.557421	0.609732	3
1.00	0.682138	0.456507	0.546967	0.020215	0.022380	0.021243	0.682138	0.565371	0.618289	3
1.00	0.697534	0.466811	0.559313	0.020406	0.022442	0.021375	0.697534	0.579131	0.632842	3
1.00	0.719737	0.481670	0.577116	0.021007	0.022361	0.021663	0.719737	0.599083	0.653891	3
1.00	0.732009	0.489883	0.586957	0.021456	0.022294	0.021867	0.732009	0.610380	0.665684	3
1.00	0.738704	0.494363	0.592324	0.021905	0.022083	0.021993	0.738704	0.617037	0.672411	3
1.00	0.744840	0.498469	0.597245	0.022417	0.021900	0.022155	0.744840	0.622578	0.678243	3
1.00	0.748187	0.500709	0.599928	0.023004	0.021500	0.022227	0.748187	0.626065	0.681700	3
1.00	0.750976	0.502576	0.602165	0.023549	0.021351	0.022396	0.750976	0.628435	0.684263	3
1.00	0.751869	0.503173	0.602881	0.023734	0.021369	0.022489	0.751869	0.628993	0.684964	3
1.00	0.752873	0.503845	0.603686	0.023487	0.021641	0.022526	0.752873	0.629393	0.685618	3
1.00	0.753877	0.504517	0.604491	0.023142	0.022003	0.022558	0.753877	0.629793	0.686271	3
1.00	0.755104	0.505339	0.605475	0.023057	0.022240	0.022641	0.755104	0.630332	0.687100	3
1.00	0.755551	0.505637	0.605833	0.023034	0.022319	0.022671	0.755551	0.630444	0.687351	3
1.00	0.757336	0.506832	0.607264	0.023352	0.022383	0.022857	0.757336	0.631968	0.688996	3
1.00	0.757336	0.506832	0.607264	0.023452	0.022520	0.022977	0.757336	0.631587	0.688769	3
1.00	0.755662	0.505712	0.605922	0.023066	0.022771	0.022918	0.755662	0.629876	0.687060	3
1.00	0.753542	0.504293	0.604223	0.022468	0.023328	0.022890	0.753542	0.626455	0.684147	3
1.00	0.748745	0.501083	0.600376	0.021990	0.023615	0.022774	0.748745	0.621351	0.679125	3
1.00	0.750307	0.502128	0.601628	0.022365	0.023623	0.022977	0.750307	0.622429	0.680412	3
1.00	0.745063	0.498619	0.597423	0.022361	0.023947	0.023127	0.745063	0.616525	0.674727	3
1.00	0.732009	0.489883	0.586957	0.021882	0.024090	0.022933	0.732009	0.604212	0.661999	3
1.00	0.722972	0.483835	0.579710	0.021427	0.024331	0.022786	0.722972	0.595807	0.653259	3
1.00	0.715943	0.479131	0.574074	0.032379	0.024560	0.027932	0.715943	0.588936	0.646259	4
1.00	0.707352	0.473382	0.567186	0.032090	0.024645	0.027879	0.707352	0.581098	0.638040	4
1.00	0.695749	0.465616	0.557882	0.031756	0.024710	0.027794	0.695749	0.570183	0.626739	4
1.00	0.684481	0.458075	0.548846	0.031460	0.024719	0.027685	0.684481	0.559491	0.615706	4
1.00	0.667857	0.446950	0.535516	0.031018	0.024721	0.027514	0.667857	0.543453	0.599266	4
1.00	0.643981	0.430971	0.516371	0.030309	0.024780	0.027267	0.643981	0.521213	0.576129	4
1.00	0.633940	0.424251	0.508320	0.030130	0.024860	0.027242	0.633940	0.511512	0.566183	4
1.00	0.606493	0.405884	0.486312	0.029160	0.024886	0.026854	0.606493	0.487190	0.540335	4
1.00	0.578155	0.386919	0.463589	0.028493	0.024744	0.026486	0.578155	0.460813	0.512857	4
1.00	0.561531	0.375793	0.450259	0.028327	0.024622	0.026345	0.561531	0.445695	0.496952	4
1.00	0.551713	0.369223	0.442387	0.028278	0.024597	0.026309	0.551713	0.436863	0.487616	4
1.00	0.555283	0.371612	0.445250	0.028329	0.024635	0.026353	0.555283	0.440005	0.490968	4
1.00	0.551824	0.369297	0.442476	0.028318	0.024531	0.026289	0.551824	0.437337	0.487955	4
1.00	0.570504	0.381841	0.457485	0.028542	0.024802	0.026541	0.570512	0.453459	0.505295	4
1.00	0.592481	0.396550	0.475108	0.028821	0.024948	0.026745	0.592491	0.473439	0.526317	4
1.00	0.617247	0.413126	0.494968	0.029221	0.025166	0.027042	0.617260	0.495576	0.549765	4
1.00	0.637996	0.427014	0.511607	0.029259	0.025315	0.027145	0.638012	0.514063	0.569370	4
1.00	0.652499	0.436721	0.523237	0.029489	0.025454	0.027323	0.652516	0.527061	0.583117	4
1.00	0.661312	0.442619	0.530304	0.029609	0.025567	0.027440	0.661330	0.534536	0.591211	4
1.00	0.673806	0.450982	0.540323	0.029812	0.025700	0.027604	0.673826	0.545842	0.603119	4
1.00	0.684404	0.458075	0.548821	0.030063	0.025815	0.027777	0.684425	0.554935	0.612915	4
1.00	0.700022	0.468528	0.561345	0.030528	0.025904	0.028027	0.700045	0.569179	0.627865	4
1.00	0.713744	0.477712	0.572349	0.030759	0.025943	0.028146	0.713768	0.581619	0.640953	4
1.00	0.725153	0.485403	0.581537	0.031034	0.025821	0.028189	0.725204	0.592246	0.652016	4
1.00	0.730508	0.488987	0.585831	0.031148	0.025665	0.028142	0.730559	0.597229	0.657200	4
1.00	0.731735	0.489808	0.586815	0.031211	0.025549	0.028097	0.731786	0.598897	0.658706	4
1.00	0.729950	0.488613	0.585383	0.031253	0.025594	0.028142	0.730001	0.597075	0.656881	4
1.00	0.724707	0.485104	0.581179	0.031228	0.025776	0.028241	0.724757	0.591060	0.651116	4
1.00	0.724596	0.485029	0.581090	0.031264	0.025781	0.028259	0.724646	0.590883	0.650964	4
1.00	0.719353	0.481520	0.576885	0.031134	0.025893	0.028273	0.719402	0.585453	0.645552	4
1.00	0.720245	0.482118	0.577601	0.031152	0.026017	0.028354	0.720295	0.585816	0.646132	4
1.00	0.721807	0.483163	0.578853	0.031208	0.026142	0.028451	0.721857	0.586606	0.647241	4
1.00	0.721472	0.482939	0.578585	0.031114	0.026089	0.028381	0.721522	0.586792	0.647220	4
1.00	0.712214	0.476742	0.571160	0.030907	0.026132	0.028320	0.712261	0.578811	0.638639	4
1.00	0.706302	0.472784	0.566419	0.030811	0.026070	0.028243	0.706348	0.573995	0.633331	4
1.00	0.695706	0.465691	0.557921	0.030516	0.026000	0.028078	0.695749	0.565274	0.623762	4
1.00	0.682543	0.456880	0.547366	0.030198	0.025846	0.027853	0.682584	0.554145	0.611695	4
1.00	0.674735	0.451654	0.541104	0.030176	0.025894	0.027872	0.674774	0.547283	0.604378	4
1.00	0.675516	0.452177	0.541730	0.030131	0.025875	0.027842	0.675555	0.548325	0.605327	4
1.00	0.670385	0.448742	0.537615	0.029997	0.025770	0.027724	0.670423	0.544131	0.600711	4
1.00	0.667708	0.446950	0.535468	0.029902	0.025702	0.027644	0.667745	0.542281	0.598509	4
1.00	0.669827	0.448369	0.537168	0.029911	0.025693	0.027642	0.669865	0.544020	0.600419	4
1.00	0.666369	0.446054	0.534395	0.029860	0.025677	0.027611	0.666406	0.541379	0.597422	4
1.00	0.662019	0.443142	0.530906	0.029779	0.025643	0.027557	0.662055	0.537660	0.593409	4
1.00	0.667373	0.446726	0.535200	0.029866	0.025579	0.027557	0.667410	0.542551	0.598538	4
1.00	0.664733	0.445009	0.533119	0.029860	0.025537	0.027530	0.664789	0.540357	0.596149	4
1.00	0.656480	0.439483	0.526499	0.029832	0.025474	0.027481	0.656532	0.533185	0.588464	4
1.00	0.647780	0.433659	0.519522	0.029786	0.025495	0.027474	0.647830	0.525161	0.580081	4
1.00	0.643431	0.430747	0.516034	0.029766	0.025548	0.027496	0.643479	0.521098	0.575858	4
1.00	0.654361	0.438065	0.524800	0.029932	0.025768	0.027694	0.654413	0.529996	0.585669	4
1.00	0.661648	0.442993	0.530680	0.030044	0.026013	0.027884	0.661720	0.536024	0.592277	4
1.00	0.678265	0.454118	0.544007	0.030294	0.026245	0.028125	0.678344	0.550147	0.607557	4
1.00	0.697591	0.467110	0.559546	0.030660	0.026492	0.028424	0.697702	0.566204	0.625112	4
1.00	0.707214	0.473606	0.567302	0.030861	0.026511	0.028521	0.707352	0.574506	0.634046	4
1.00	0.717105	0.480176	0.575198	0.031162	0.026579	0.028689	0.717226	0.583395	0.643425	4
1.00	0.725357	0.485701	0.581817	0.031443	0.026612	0.028826	0.725483	0.590610	0.651135	4
1.00	0.733720	0.491301	0.588525	0.031551	0.026740	0.028947	0.733850	0.597490	0.658687	4
1.00	0.737623	0.493915	0.591655	0.031696	0.026834	0.029063	0.737755	0.600632	0.662169	4
1.00	0.737065	0.493541	0.591208	0.031691	0.026941	0.029124	0.737197	0.599665	0.661357	4
1.00	0.733943	0.491451	0.588704	0.031619	0.026982	0.029117	0.734073	0.596337	0.658075	4
1.00	0.735058	0.492197	0.589598	0.031665	0.027182	0.029253	0.735189	0.596411	0.658569	4
1.00	0.732523	0.490555	0.587604	0.031531	0.027192	0.029202	0.732679	0.594273	0.656258	4
1.00	0.734865	0.492123	0.589482	0.031623	0.027287	0.029295	0.735022	0.595965	0.658229	4
1.00	0.736537	0.493243	0.590824	0.031696	0.027318	0.029345	0.736695	0.597341	0.659740	4
1.00	0.735645	0.492645	0.590108	0.031671	0.027321	0.029336	0.735803	0.596579	0.658917	4
1.00	0.739101	0.494960	0.592881	0.031773	0.027415	0.029433	0.739261	0.599424	0.662039	4
1.00	0.740526	0.496080	0.594143	0.043013	0.027672	0.033678	0.740600	0.600400	0.663171	5
1.00	0.739804	0.495707	0.593642	0.043026	0.027743	0.033735	0.739819	0.599907	0.662557	5
1.00	0.742844	0.498021	0.596281	0.043104	0.027882	0.033861	0.742832	0.602799	0.665529	6
1.00	0.741957	0.497648	0.595728	0.043076	0.027930	0.033888	0.741883	0.602668	0.665069	6
1.00	0.737346	0.494885	0.592262	0.042915	0.028213	0.034045	0.737086	0.598596	0.660661	6
1.00	0.732844	0.491973	0.588724	0.042782	0.028393	0.034133	0.732456	0.594580	0.656355	6
1.00	0.717952	0.482566	0.577182	0.042447	0.028525	0.034120	0.717505	0.582084	0.642739	6
1.01	0.704185	0.473680	0.566378	0.042070	0.028883	0.034251	0.703503	0.570146	0.629843	6
1.01	0.692623	0.466214	0.557301	0.041847	0.029084	0.034318	0.691621	0.560290	0.619067	6
1.01	0.681788	0.458971	0.548619	0.041543	0.029025	0.034174	0.680743	0.550658	0.608830	6
1.01	0.679969	0.458000	0.547336	0.041419	0.029218	0.034265	0.678846	0.549171	0.607162	6
1.01	0.685581	0.461883	0.551927	0.041650	0.029296	0.034397	0.684536	0.553968	0.612370	6
1.01	0.686240	0.462480	0.552567	0.041598	0.029408	0.034457	0.685150	0.554638	0.613024	6
1.01	0.679513	0.458150	0.547295	0.041359	0.029523	0.034453	0.678344	0.548594	0.606609	6
1.01	0.678552	0.457552	0.546557	0.041310	0.029606	0.034492	0.677340	0.547683	0.605650	6
1.01	0.677109	0.456731	0.545503	0.041171	0.029833	0.034596	0.675778	0.546084	0.604048	6
1.01	0.676480	0.456358	0.545033	0.041204	0.030008	0.034726	0.675053	0.545080	0.603144	6
1.01	0.665155	0.448966	0.536085	0.040953	0.030128	0.034716	0.663505	0.534955	0.592336	6
1.01	0.659918	0.445382	0.531830	0.040653	0.030243	0.034683	0.658150	0.529246	0.586701	6
1.01	0.662428	0.447323	0.534029	0.040571	0.030546	0.034852	0.660549	0.530892	0.588665	7
1.01	0.666004	0.450086	0.537159	0.040704	0.031016	0.035205	0.664008	0.533384	0.591571	7
1.01	0.662841	0.448443	0.534960	0.040514	0.031468	0.035423	0.660493	0.530120	0.588169	7
1.01	0.669570	0.453446	0.540711	0.040537	0.031965	0.035744	0.666964	0.536480	0.594648	7
1.01	0.670964	0.454640	0.542015	0.040213	0.032300	0.035824	0.668191	0.537223	0.595593	7
1.01	0.673786	0.456955	0.544581	0.039941	0.032604	0.035902	0.671036	0.539362	0.598037	7
1.01	0.679793	0.461435	0.549724	0.043436	0.033215	0.037644	0.677229	0.543815	0.603233	7
1.02	0.692223	0.470544	0.560252	0.041732	0.033759	0.037324	0.689948	0.553448	0.614205	7
1.02	0.698134	0.474875	0.565258	0.043588	0.034493	0.038510	0.695861	0.557836	0.619250	7
1.02	0.708251	0.481968	0.573599	0.044289	0.034978	0.039087	0.706237	0.566380	0.628624	7
1.02	0.722917	0.492272	0.585706	0.045110	0.035674	0.039841	0.721299	0.577119	0.641204	7
1.02	0.734663	0.500709	0.595533	0.045338	0.035964	0.040110	0.733404	0.586407	0.651720	7
1.02	0.748797	0.511013	0.607465	0.058284	0.037167	0.045390	0.747852	0.598289	0.664762	8
1.02	0.758655	0.518704	0.616142	0.059572	0.038661	0.046891	0.758061	0.608135	0.674872	8
1.02	0.769575	0.526170	0.625011	0.060054	0.038741	0.047098	0.769218	0.618102	0.685430	8
1.02	0.776917	0.531770	0.631383	0.060976	0.039882	0.048223	0.776749	0.625819	0.693163	8
1.02	0.783239	0.536624	0.636891	0.060573	0.040506	0.048548	0.783331	0.632950	0.700157	8
1.03	0.788317	0.541104	0.641725	0.060651	0.042142	0.049730	0.788687	0.638501	0.705692	8
1.03	0.787523	0.541029	0.641409	0.060030	0.042387	0.049689	0.788129	0.639598	0.706137	8
1.03	0.788931	0.542821	0.643135	0.059943	0.042946	0.050040	0.789914	0.642462	0.708598	8
1.03	0.779955	0.538042	0.636797	0.058794	0.043331	0.049892	0.781323	0.637348	0.702030	8
1.03	0.768475	0.531098	0.628107	0.057946	0.043085	0.049422	0.769887	0.629603	0.692714	8
1.03	0.756011	0.523557	0.618669	0.057083	0.043194	0.049176	0.757615	0.621115	0.682608	8
1.04	0.744426	0.516091	0.609578	0.056643	0.043046	0.048917	0.745844	0.612338	0.672529	8
1.04	0.735478	0.510491	0.602671	0.056034	0.042755	0.048502	0.737030	0.606257	0.665278	8
1.04	0.728015	0.506235	0.597199	0.066776	0.042637	0.052044	0.729908	0.601757	0.659666	9
1.04	0.722991	0.503173	0.593379	0.066868	0.042627	0.052064	0.724887	0.599014	0.655967	9
1.04	0.721115	0.502352	0.592175	0.066784	0.042584	0.052007	0.723214	0.598038	0.654697	9
1.04	0.721376	0.502427	0.592315	0.066769	0.042551	0.051978	0.723549	0.597992	0.654806	9
1.04	0.729614	0.507728	0.598776	0.067134	0.042671	0.052177	0.731954	0.604602	0.662211	10
1.04	0.736248	0.511685	0.603762	0.067593	0.042488	0.052178	0.738536	0.609660	0.667938	10
1.04	0.737046	0.511909	0.604186	0.067809	0.042547	0.052287	0.739038	0.609288	0.667920	10
1.04	0.735884	0.509893	0.602390	0.067974	0.042550	0.052338	0.737197	0.605578	0.664937	10
1.03	0.730919	0.506235	0.598174	0.065686	0.042407	0.051540	0.731898	0.599489	0.659109	10
1.04	0.728046	0.505115	0.596429	0.066864	0.042586	0.052032	0.729387	0.596792	0.656461	10
1.04	0.729677	0.506683	0.598070	0.068058	0.043054	0.052743	0.731284	0.596569	0.657093	10
1.04	0.726706	0.504891	0.595823	0.067765	0.043202	0.052765	0.728383	0.592971	0.653739	10
1.04	0.730534	0.507877	0.599190	0.067797	0.043364	0.052896	0.732679	0.595574	0.657050	10
1.04	0.732354	0.509744	0.601101	0.067709	0.043606	0.053048	0.734761	0.596718	0.658584	10
1.04	0.733305	0.510789	0.602148	0.068011	0.043785	0.053273	0.735933	0.596644	0.659009	10
1.04	0.733634	0.510416	0.601999	0.067903	0.043924	0.053342	0.736026	0.595816	0.658541	10
1.04	0.738832	0.513701	0.606034	0.068776	0.044215	0.053826	0.741214	0.599870	0.663093	10
1.04	0.739695	0.514522	0.606896	0.068540	0.044364	0.053864	0.742162	0.600288	0.663728	10
1.04	0.744720	0.518629	0.611444	0.068566	0.044837	0.054219	0.747685	0.604593	0.668568	10
1.04	0.747697	0.521093	0.614159	0.068225	0.045193	0.054370	0.750809	0.607196	0.671409	10
1.04	0.748289	0.522512	0.615344	0.064240	0.045293	0.053128	0.752092	0.608517	0.672729	10
1.04	0.750400	0.524602	0.617507	0.064136	0.045381	0.053152	0.754714	0.611157	0.675391	10
1.05	0.746243	0.522810	0.614858	0.063353	0.045788	0.053157	0.751144	0.609046	0.672673	10
1.05	0.741174	0.520421	0.611484	0.063749	0.045828	0.053323	0.746532	0.605978	0.668952	10
1.05	0.740658	0.520944	0.611669	0.063209	0.045846	0.053145	0.746588	0.607075	0.669642	10
1.05	0.738297	0.520496	0.610554	0.064064	0.046121	0.053632	0.744524	0.606685	0.668574	10
1.05	0.734958	0.518032	0.607717	0.064138	0.046000	0.053576	0.740842	0.604379	0.665689	10
1.06	0.733932	0.518405	0.607623	0.064635	0.046390	0.054013	0.740024	0.604546	0.665460	10
1.06	0.735129	0.519525	0.608802	0.064698	0.046408	0.054047	0.741363	0.606703	0.667307	10
1.06	0.738772	0.521989	0.611743	0.064673	0.046193	0.053893	0.745156	0.609632	0.670616	10
1.06	0.740596	0.523333	0.613291	0.064777	0.046228	0.053953	0.747220	0.610822	0.672171	10
1.06	0.745040	0.527141	0.617430	0.065012	0.046384	0.054141	0.752241	0.615564	0.677074	10
1.06	0.750553	0.531770	0.622498	0.065024	0.046395	0.054152	0.758526	0.621217	0.683039	10
1.06	0.758668	0.537520	0.629228	0.065430	0.046656	0.054471	0.767005	0.628199	0.690697	10
1.06	0.764805	0.541925	0.634357	0.065752	0.046858	0.054720	0.773365	0.633294	0.696356	10
1.06	0.771016	0.545808	0.639154	0.066011	0.047058	0.054946	0.779594	0.638259	0.701882	10
1.06	0.779536	0.551781	0.646177	0.066727	0.047355	0.055396	0.788408	0.646181	0.710244	10
1.06	0.792186	0.560143	0.656257	0.067358	0.047603	0.055783	0.801406	0.656231	0.721589	10
1.06	0.799979	0.565594	0.662672	0.068194	0.047823	0.056220	0.809495	0.663167	0.729061	10
1.06	0.805503	0.570522	0.667949	0.069080	0.048061	0.056685	0.816133	0.668857	0.735192	10
1.06	0.807425	0.571642	0.669377	0.069358	0.048167	0.056852	0.817918	0.669703	0.736427	10
1.06	0.806862	0.572389	0.669695	0.069153	0.048308	0.056881	0.817974	0.669768	0.736489	10
