
Sun Aug 22 12:29:18 2021
42.62	0.016657	0.514493	0.032269	0.015672	0.074054	0.025870	0.016545	0.546250	0.032118	89
37.21	0.015420	0.384007	0.029650	0.018306	0.323493	0.034650	0.015178	0.372333	0.029166	89
31.38	0.016472	0.345927	0.031446	0.018849	0.276485	0.035293	0.016067	0.335842	0.030666	89
26.14	0.017642	0.308669	0.033376	0.019251	0.229552	0.035522	0.017056	0.300554	0.032280	89
21.31	0.019375	0.276338	0.036211	0.019888	0.182504	0.035868	0.018373	0.271273	0.034415	89
17.08	0.021552	0.246323	0.039636	0.020836	0.168927	0.037097	0.020092	0.241941	0.037103	89
13.47	0.024431	0.220190	0.043982	0.021929	0.138459	0.037861	0.022465	0.216085	0.040700	89
10.53	0.028277	0.199358	0.049529	0.023230	0.113894	0.038590	0.025554	0.195732	0.045205	89
8.17	0.033306	0.182110	0.056312	0.024756	0.106038	0.040140	0.029698	0.180239	0.050994	89
6.28	0.039796	0.167252	0.064294	0.025463	0.082848	0.038954	0.035301	0.166451	0.058249	89
4.79	0.048837	0.156500	0.074444	0.027748	0.076895	0.040781	0.043179	0.155963	0.067634	89
3.64	0.059807	0.145524	0.084774	0.029402	0.047130	0.036213	0.053464	0.144769	0.078089	89
2.78	0.073099	0.136041	0.095099	0.032999	0.041544	0.036782	0.066751	0.135853	0.089518	89
2.20	0.088066	0.129919	0.104974	0.036143	0.038506	0.037288	0.081677	0.130172	0.100374	87
1.81	0.102656	0.124095	0.112362	0.036917	0.035144	0.036009	0.097560	0.124780	0.109504	85
1.54	0.117634	0.121033	0.119310	0.040999	0.031240	0.035461	0.112107	0.122619	0.117128	84
1.35	0.130777	0.117897	0.124004	0.041855	0.028689	0.034043	0.126156	0.121053	0.123552	82
1.22	0.143340	0.117076	0.128884	0.041064	0.025526	0.031482	0.138859	0.121429	0.129560	77
1.14	0.155885	0.118569	0.134690	0.044611	0.023616	0.030883	0.151321	0.123577	0.136049	72
1.08	0.167439	0.121407	0.140755	0.041771	0.022081	0.028890	0.163146	0.127993	0.143447	69
1.05	0.176508	0.124543	0.146040	0.045116	0.021232	0.028875	0.173368	0.133404	0.150783	64
1.03	0.181985	0.125961	0.148877	0.045354	0.020043	0.027801	0.179841	0.136407	0.155141	56
1.02	0.185015	0.126484	0.150251	0.045483	0.018889	0.026692	0.183516	0.138239	0.157692	52
1.01	0.188517	0.127977	0.152457	0.047020	0.018196	0.026239	0.187508	0.140517	0.160646	49
1.01	0.190076	0.128425	0.153284	0.049238	0.017939	0.026297	0.189069	0.141651	0.161961	37
1.01	0.193402	0.130441	0.155801	0.045716	0.017333	0.025135	0.192652	0.145035	0.165486	33
1.01	0.195609	0.131711	0.157423	0.046102	0.017025	0.024867	0.195064	0.147452	0.167949	30
1.00	0.195734	0.131561	0.157357	0.051066	0.016486	0.024925	0.195549	0.147973	0.168467	22
1.00	0.197443	0.132607	0.158656	0.051484	0.015977	0.024387	0.197454	0.150316	0.170691	20
1.00	0.196240	0.131711	0.157627	0.052043	0.015672	0.024089	0.196208	0.149610	0.169769	16
1.00	0.194834	0.130665	0.156425	0.052039	0.015127	0.023440	0.194699	0.148977	0.168797	15
1.00	0.194475	0.130367	0.156095	0.041596	0.014762	0.021790	0.194410	0.149191	0.168825	12
1.00	0.188210	0.126111	0.151026	0.041950	0.014247	0.021270	0.188116	0.144105	0.163196	11
1.00	0.188629	0.126335	0.151321	0.042977	0.013815	0.020909	0.188525	0.145128	0.164004	8
1.00	0.188650	0.126335	0.151328	0.042995	0.013615	0.020681	0.188534	0.145593	0.164304	7
1.00	0.176293	0.118047	0.141407	0.045020	0.013072	0.020261	0.176169	0.134724	0.152684	7
1.00	0.171072	0.114537	0.137209	0.045001	0.012767	0.019890	0.170981	0.130280	0.147881	7
1.00	0.172429	0.115433	0.138289	0.033843	0.012596	0.018358	0.172375	0.131954	0.149480	6
1.00	0.182132	0.121929	0.146071	0.033941	0.012662	0.018444	0.182082	0.141139	0.159018	6
1.00	0.199643	0.133652	0.160114	0.034020	0.012778	0.018578	0.199598	0.157261	0.175918	6
1.00	0.205131	0.137311	0.164505	0.022793	0.012765	0.016365	0.205065	0.162087	0.181060	4
1.00	0.220437	0.147540	0.176768	0.022862	0.012944	0.016529	0.220406	0.175894	0.195650	3
1.00	0.269887	0.180617	0.216407	0.022995	0.013642	0.017124	0.269887	0.220335	0.242607	3
1.00	0.347428	0.232510	0.278583	0.023036	0.014766	0.017997	0.347428	0.290234	0.316266	3
1.00	0.417048	0.279101	0.334407	0.023110	0.015728	0.018718	0.417048	0.353373	0.382579	3
1.00	0.498271	0.333458	0.399535	0.023171	0.016776	0.019461	0.498271	0.426674	0.459702	3
1.00	0.573246	0.383633	0.459653	0.023300	0.017476	0.019972	0.573246	0.492687	0.529922	3
1.00	0.609729	0.408049	0.488907	0.023419	0.017754	0.020197	0.609729	0.524739	0.564050	3
1.00	0.623452	0.417233	0.499911	0.023432	0.017665	0.020144	0.623452	0.536640	0.576798	3
1.00	0.645989	0.432315	0.517982	0.023533	0.017552	0.020107	0.645989	0.556060	0.597661	3
1.00	0.637287	0.426491	0.511004	0.023475	0.017572	0.020099	0.637287	0.548683	0.589675	3
1.00	0.616981	0.412902	0.494722	0.023370	0.017547	0.020044	0.616981	0.530949	0.570741	3
1.00	0.586299	0.392369	0.470120	0.023308	0.017465	0.019968	0.586299	0.503658	0.541846	3
1.00	0.593774	0.397372	0.476114	0.023309	0.017472	0.019973	0.593774	0.510556	0.549030	3
1.00	0.570345	0.381692	0.457327	0.023267	0.017297	0.019843	0.570345	0.489842	0.527037	3
1.00	0.535981	0.358695	0.429773	0.023178	0.016951	0.019581	0.535981	0.460090	0.495144	3
1.00	0.511771	0.342492	0.410360	0.023162	0.016691	0.019401	0.511771	0.438696	0.472424	3
1.00	0.506862	0.339207	0.406423	0.023145	0.016616	0.019344	0.506862	0.434029	0.467626	3
1.00	0.479527	0.320914	0.384505	0.023152	0.016398	0.019199	0.479527	0.410209	0.442168	3
1.00	0.508647	0.340402	0.407855	0.023133	0.016606	0.019334	0.508647	0.435442	0.469206	3
1.00	0.525940	0.351975	0.421721	0.023147	0.016773	0.019451	0.525940	0.451062	0.485632	3
1.00	0.524824	0.351228	0.420827	0.023136	0.016746	0.019429	0.524824	0.449909	0.484488	3
1.00	0.515006	0.344658	0.412954	0.023125	0.016635	0.019350	0.515006	0.441188	0.475248	3
1.00	0.558965	0.374076	0.448202	0.023159	0.017019	0.019619	0.558965	0.479428	0.516150	3
1.00	0.547473	0.366385	0.438987	0.023151	0.016945	0.019568	0.547473	0.469629	0.505572	3
1.00	0.513444	0.343612	0.411702	0.023130	0.016666	0.019373	0.513444	0.439533	0.473622	3
1.00	0.514114	0.344060	0.412238	0.023150	0.016750	0.019437	0.514114	0.439719	0.474015	3
1.00	0.472944	0.316509	0.379227	0.023165	0.016387	0.019195	0.472944	0.403087	0.435230	3
1.00	0.429544	0.287464	0.344427	0.023139	0.015914	0.018858	0.429544	0.364577	0.394403	3
1.00	0.461341	0.308743	0.369923	0.023156	0.016291	0.019126	0.461341	0.392748	0.424290	3
1.00	0.535647	0.358471	0.429504	0.023124	0.016924	0.019544	0.535647	0.458267	0.493945	3
1.00	0.609617	0.407974	0.488817	0.023303	0.017503	0.019991	0.609617	0.523099	0.563054	3
1.00	0.638625	0.427387	0.512077	0.023357	0.017432	0.019964	0.638625	0.547397	0.589502	3
1.00	0.629811	0.421489	0.505010	0.023333	0.017473	0.019983	0.629811	0.540275	0.581617	3
1.00	0.642642	0.430075	0.515298	0.023382	0.017392	0.019947	0.642642	0.551069	0.593343	3
1.00	0.624233	0.417756	0.500537	0.023294	0.017391	0.019914	0.624233	0.535747	0.576615	3
1.00	0.604150	0.404316	0.484434	0.023269	0.017398	0.019910	0.604150	0.518636	0.558137	3
1.00	0.596341	0.399089	0.478171	0.023250	0.017351	0.019872	0.596341	0.511607	0.550734	3
1.00	0.605601	0.405286	0.485597	0.023273	0.017398	0.019911	0.605601	0.520012	0.559552	3
1.00	0.610621	0.408646	0.489622	0.023273	0.017363	0.019888	0.610621	0.523991	0.563999	3
1.00	0.597902	0.400134	0.479424	0.023263	0.017462	0.019950	0.597902	0.512704	0.552035	3
1.00	0.577151	0.386247	0.462784	0.023216	0.017458	0.019929	0.577151	0.493514	0.532066	3
1.00	0.543010	0.363399	0.435409	0.023189	0.017465	0.019924	0.543010	0.462516	0.499541	3
1.00	0.528729	0.353842	0.423958	0.023277	0.017735	0.020131	0.528729	0.449007	0.485618	3
1.00	0.547250	0.366236	0.438808	0.023247	0.018262	0.020455	0.547250	0.464060	0.502233	3
1.00	0.532857	0.356604	0.427268	0.023325	0.018649	0.020727	0.532857	0.450523	0.488243	3
1.00	0.468147	0.313298	0.375380	0.023324	0.018423	0.020586	0.468147	0.392237	0.426843	3
1.00	0.380007	0.254312	0.304706	0.023450	0.017450	0.020010	0.380007	0.311042	0.342083	3
1.00	0.287069	0.192115	0.230184	0.023491	0.016237	0.019202	0.287069	0.224835	0.252169	3
1.00	0.251925	0.168596	0.202004	0.023489	0.015731	0.018843	0.251925	0.192880	0.218483	3
1.00	0.217673	0.145673	0.174539	0.023505	0.015158	0.018431	0.217673	0.162319	0.185964	3
1.00	0.197032	0.131860	0.157989	0.023483	0.014838	0.018185	0.197032	0.144933	0.167014	3
1.00	0.186322	0.124692	0.149401	0.023453	0.014673	0.018052	0.186322	0.135673	0.157014	3
1.00	0.186991	0.125140	0.149937	0.023458	0.014839	0.018179	0.186991	0.135654	0.157238	3
1.00	0.194020	0.129844	0.155573	0.023488	0.015260	0.018500	0.194020	0.140619	0.163059	3
1.00	0.209305	0.140073	0.167830	0.023349	0.016052	0.019025	0.209305	0.152315	0.176319	3
1.00	0.227379	0.152169	0.182322	0.023326	0.016926	0.019617	0.227379	0.166094	0.191964	3
1.00	0.245565	0.164340	0.196905	0.023199	0.017569	0.019995	0.245565	0.181137	0.208487	3
1.00	0.278255	0.186217	0.223117	0.023064	0.018425	0.020485	0.278255	0.209104	0.238774	3
1.00	0.326565	0.218547	0.261854	0.022884	0.019508	0.021062	0.326565	0.251863	0.284390	3
1.00	0.346982	0.232211	0.278225	0.022745	0.019873	0.021213	0.346982	0.270412	0.303949	3
1.00	0.383131	0.256403	0.307211	0.022522	0.020714	0.021580	0.383131	0.302172	0.337869	3
1.00	0.415821	0.278280	0.333423	0.022355	0.021332	0.021831	0.415821	0.331905	0.369154	3
1.00	0.415486	0.278056	0.333154	0.022261	0.021454	0.021850	0.415486	0.331013	0.368470	3
1.00	0.402321	0.269245	0.322598	0.022341	0.021143	0.021726	0.402321	0.318721	0.355675	3
1.00	0.367622	0.246024	0.294775	0.022614	0.020464	0.021485	0.367622	0.287659	0.322761	3
1.00	0.349437	0.233854	0.280193	0.022822	0.019954	0.021292	0.349437	0.272327	0.306100	3
1.00	0.333482	0.223176	0.267400	0.023038	0.019485	0.021113	0.333482	0.258483	0.291232	3
1.00	0.333705	0.223326	0.267579	0.023221	0.019022	0.020913	0.333705	0.260965	0.292887	3
1.00	0.322883	0.216083	0.258901	0.023315	0.018518	0.020642	0.322883	0.252040	0.283097	3
1.00	0.352672	0.236019	0.282788	0.023378	0.018510	0.020661	0.352672	0.280230	0.312305	3
1.00	0.407230	0.272530	0.326534	0.023405	0.018977	0.020960	0.407230	0.331924	0.365741	3
1.00	0.454312	0.304039	0.364287	0.023450	0.019245	0.021140	0.454312	0.376580	0.411810	3
1.00	0.476180	0.318674	0.381821	0.023536	0.018984	0.021016	0.476180	0.397201	0.433120	3
1.00	0.535423	0.358322	0.429325	0.023519	0.019463	0.021300	0.535423	0.450290	0.489180	3
1.00	0.598460	0.400508	0.479871	0.023444	0.019747	0.021437	0.598460	0.505963	0.548339	3
1.00	0.652906	0.436945	0.523528	0.023552	0.019841	0.021538	0.652906	0.553412	0.599056	3
1.00	0.690505	0.462107	0.553677	0.023747	0.019774	0.021579	0.690505	0.583871	0.632727	3
1.00	0.716390	0.479430	0.574432	0.024216	0.019381	0.021530	0.716390	0.605346	0.656203	3
1.00	0.725427	0.485477	0.581678	0.024816	0.018600	0.021263	0.725427	0.614430	0.665331	3
1.00	0.727770	0.487045	0.583557	0.025036	0.018514	0.021286	0.727770	0.616349	0.667441	3
1.00	0.727323	0.486747	0.583199	0.025257	0.018190	0.021149	0.727323	0.616628	0.667417	3
1.00	0.727658	0.486971	0.583468	0.025268	0.018222	0.021174	0.727658	0.616776	0.667645	3
1.00	0.728104	0.487269	0.583825	0.025294	0.018264	0.021212	0.728104	0.617055	0.667996	3
1.00	0.726877	0.486448	0.582841	0.025289	0.018149	0.021132	0.726877	0.616395	0.667093	3
1.00	0.719514	0.481520	0.576937	0.025312	0.017361	0.020596	0.719514	0.611672	0.661225	3
1.00	0.716836	0.479728	0.574790	0.025439	0.017055	0.020420	0.716836	0.610380	0.659338	3
1.00	0.714716	0.478310	0.573090	0.025473	0.016816	0.020259	0.714716	0.608874	0.657563	3
1.00	0.715051	0.478534	0.573358	0.025436	0.016862	0.020280	0.715051	0.609320	0.657965	3
1.00	0.715274	0.478683	0.573537	0.025366	0.016932	0.020308	0.715274	0.609301	0.658048	3
1.00	0.718175	0.480624	0.575863	0.025381	0.017214	0.020515	0.718175	0.611347	0.660469	3
1.00	0.721968	0.483163	0.578905	0.025246	0.017671	0.020790	0.721968	0.613355	0.663244	3
1.00	0.724646	0.484955	0.581052	0.025099	0.018174	0.021083	0.724646	0.614368	0.664966	3
1.00	0.727100	0.486597	0.583020	0.024639	0.019199	0.021581	0.727100	0.614523	0.666088	3
1.00	0.715943	0.479131	0.574074	0.024121	0.020001	0.021869	0.715943	0.604054	0.655256	3
1.00	0.688162	0.460539	0.551798	0.023728	0.020549	0.022025	0.688162	0.580961	0.630034	3
1.00	0.647216	0.433137	0.518966	0.023649	0.020621	0.022031	0.647216	0.546138	0.592396	3
1.00	0.569787	0.381319	0.456880	0.023668	0.020420	0.021924	0.569787	0.478926	0.520421	3
1.00	0.504184	0.337415	0.404276	0.023538	0.019790	0.021502	0.504184	0.420176	0.458362	3
1.00	0.444717	0.297618	0.356593	0.023539	0.019237	0.021172	0.444717	0.365739	0.401380	3
1.00	0.397858	0.266259	0.319019	0.023553	0.018734	0.020869	0.397858	0.322022	0.355945	3
1.00	0.353565	0.236616	0.283503	0.023560	0.018226	0.020553	0.353565	0.281122	0.313209	3
1.00	0.326118	0.218248	0.261496	0.023551	0.017985	0.020395	0.326118	0.255275	0.286381	3
1.00	0.306036	0.204808	0.245393	0.023502	0.017729	0.020211	0.306036	0.236532	0.266832	3
1.00	0.286400	0.191667	0.229648	0.023526	0.017424	0.020020	0.286400	0.218913	0.248150	3
1.00	0.294544	0.197118	0.236178	0.023515	0.017593	0.020128	0.294544	0.226249	0.255918	3
1.00	0.302689	0.202569	0.242709	0.023501	0.017790	0.020251	0.302689	0.233250	0.263471	3
1.00	0.320317	0.214366	0.256844	0.023519	0.018202	0.020522	0.320317	0.249102	0.280256	3
1.00	0.338280	0.226387	0.271247	0.023446	0.018707	0.020810	0.338280	0.264684	0.296991	3
1.00	0.364164	0.243709	0.292002	0.023410	0.019193	0.021093	0.364164	0.287993	0.321630	3
1.00	0.398974	0.267005	0.319914	0.023420	0.019867	0.021498	0.398974	0.318963	0.354510	3
1.00	0.452304	0.302695	0.362677	0.023436	0.020761	0.022018	0.452304	0.367896	0.405757	3
1.00	0.502287	0.336146	0.402755	0.023472	0.021605	0.022500	0.502287	0.412905	0.453231	3
1.00	0.541225	0.362204	0.433977	0.023439	0.022333	0.022873	0.541225	0.446952	0.489592	3
1.00	0.580944	0.388785	0.465826	0.023424	0.022963	0.023191	0.580944	0.481809	0.526752	3
1.00	0.618097	0.413649	0.495616	0.023460	0.023557	0.023508	0.618097	0.513950	0.561233	3
1.00	0.658373	0.440603	0.527912	0.023520	0.023926	0.023721	0.658373	0.547542	0.597864	3
1.00	0.688832	0.460987	0.552335	0.023537	0.024195	0.023861	0.688832	0.573714	0.626025	3
1.00	0.718063	0.480550	0.575774	0.023683	0.024470	0.024070	0.718063	0.597058	0.651994	3
1.00	0.745732	0.499067	0.597960	0.023934	0.024416	0.024173	0.745732	0.619856	0.676993	3
1.00	0.760906	0.509221	0.610127	0.024286	0.023985	0.024135	0.760906	0.632764	0.690944	3
1.00	0.766708	0.513104	0.614779	0.024530	0.023474	0.023991	0.766708	0.638371	0.696678	3
1.00	0.769720	0.515120	0.617194	0.024922	0.023162	0.024010	0.769720	0.641318	0.699677	3
1.00	0.770166	0.515419	0.617552	0.025249	0.022812	0.023969	0.770166	0.642251	0.700417	3
1.00	0.766261	0.512805	0.614421	0.025380	0.022319	0.023751	0.766261	0.640262	0.697618	3
1.00	0.761799	0.509819	0.610843	0.025360	0.021831	0.023463	0.761799	0.636877	0.693759	3
1.00	0.758786	0.507803	0.608427	0.025349	0.021547	0.023294	0.758786	0.634869	0.691319	3
1.00	0.757559	0.506981	0.607443	0.025474	0.021458	0.023294	0.757559	0.633689	0.690109	3
1.00	0.757670	0.507056	0.607533	0.025413	0.021488	0.023286	0.757670	0.633596	0.690100	3
1.00	0.759456	0.508251	0.608964	0.025249	0.021711	0.023346	0.759456	0.634730	0.691514	3
1.00	0.764811	0.511835	0.613258	0.024907	0.022458	0.023619	0.764811	0.637779	0.695543	3
1.00	0.770166	0.515419	0.617552	0.024636	0.023155	0.023872	0.770166	0.641033	0.699692	3
1.00	0.774183	0.518106	0.620773	0.035514	0.023871	0.028551	0.774183	0.643098	0.702578	4
1.00	0.774852	0.518554	0.621310	0.035093	0.024243	0.028676	0.774852	0.642540	0.702520	4
1.00	0.773848	0.517882	0.620505	0.034667	0.024655	0.028816	0.773848	0.641002	0.701188	4
1.00	0.772844	0.517210	0.619699	0.034282	0.025126	0.028999	0.772844	0.638901	0.699518	4
1.00	0.769832	0.515194	0.617284	0.033991	0.025622	0.029219	0.769832	0.635358	0.696161	4
1.00	0.763584	0.511013	0.612274	0.033799	0.025992	0.029385	0.763584	0.629724	0.690224	4
1.00	0.753542	0.504293	0.604223	0.033552	0.026233	0.029444	0.753542	0.620538	0.680603	4
1.00	0.737030	0.493243	0.590982	0.033420	0.026362	0.029474	0.737030	0.606737	0.665567	4
1.00	0.704005	0.471142	0.564502	0.033295	0.026335	0.029408	0.704005	0.579836	0.635916	4
1.00	0.664398	0.444635	0.532743	0.033238	0.026197	0.029300	0.664398	0.545035	0.598826	4
1.00	0.620886	0.415516	0.497853	0.033097	0.025665	0.028911	0.620886	0.508874	0.559327	4
1.00	0.582506	0.389830	0.467078	0.032998	0.025260	0.028615	0.582506	0.475328	0.523488	4
1.00	0.550932	0.368700	0.441761	0.033058	0.024778	0.028325	0.550932	0.446952	0.493525	4
1.00	0.527279	0.352871	0.422795	0.033070	0.024484	0.028137	0.527279	0.426033	0.471280	4
1.00	0.504742	0.337788	0.404724	0.033039	0.024088	0.027862	0.504742	0.405309	0.449593	4
1.00	0.485329	0.324797	0.389157	0.033074	0.023807	0.027686	0.485329	0.387765	0.431095	4
1.00	0.468482	0.313522	0.375649	0.033161	0.023541	0.027535	0.468482	0.372498	0.415012	4
1.00	0.454089	0.303890	0.364108	0.033162	0.023384	0.027428	0.454089	0.359212	0.401116	4
1.00	0.447172	0.299261	0.358561	0.033184	0.023238	0.027334	0.447172	0.352806	0.394423	4
1.00	0.445610	0.298215	0.357309	0.033229	0.023202	0.027325	0.445610	0.351374	0.392921	4
1.00	0.439697	0.294258	0.352568	0.033242	0.023095	0.027255	0.439697	0.345851	0.387168	4
1.00	0.438086	0.293213	0.351299	0.022025	0.023072	0.022536	0.438079	0.344401	0.385632	4
1.00	0.444333	0.297394	0.356309	0.021928	0.023181	0.022537	0.444327	0.350370	0.391794	4
1.00	0.459728	0.307698	0.368654	0.021942	0.023422	0.022658	0.459723	0.364567	0.406653	4
1.00	0.486613	0.325693	0.390213	0.021923	0.023816	0.022831	0.486612	0.389075	0.432412	4
1.00	0.532575	0.356455	0.427070	0.021987	0.024446	0.023151	0.532578	0.431286	0.476610	4
1.00	0.557787	0.373329	0.447287	0.022099	0.024771	0.023359	0.557793	0.454483	0.500866	4
1.00	0.575971	0.385500	0.461869	0.022203	0.024949	0.023496	0.575979	0.471182	0.518336	4
1.00	0.599665	0.401404	0.480902	0.022329	0.025207	0.023681	0.599725	0.491803	0.540429	5
1.00	0.614836	0.411558	0.493067	0.022354	0.025411	0.023785	0.614898	0.505062	0.554594	5
1.00	0.626659	0.419473	0.502549	0.022373	0.025467	0.023820	0.626725	0.515642	0.565783	5
1.00	0.641495	0.429403	0.514447	0.022357	0.025643	0.023888	0.641563	0.527859	0.579183	5
1.00	0.657669	0.440230	0.527417	0.022270	0.025927	0.023960	0.657741	0.541368	0.593908	5
1.00	0.667373	0.446726	0.535200	0.022287	0.026130	0.024056	0.667448	0.549401	0.602699	5
1.00	0.670050	0.448518	0.537347	0.022227	0.026176	0.024040	0.670125	0.551651	0.605144	5
1.00	0.678862	0.454416	0.544414	0.033436	0.026308	0.029447	0.678939	0.558730	0.612997	6
1.00	0.679866	0.455088	0.545219	0.033378	0.026293	0.029415	0.679944	0.559753	0.614022	6
1.00	0.687932	0.460539	0.551724	0.033373	0.026368	0.029460	0.688088	0.566410	0.621348	6
1.00	0.680794	0.455760	0.545999	0.033419	0.026337	0.029458	0.680948	0.560701	0.615002	6
1.00	0.665960	0.445830	0.534103	0.033399	0.026259	0.029402	0.666109	0.547495	0.601006	6
1.00	0.664957	0.445158	0.533298	0.033413	0.026308	0.029438	0.665105	0.546621	0.600070	6
1.00	0.654957	0.438513	0.525313	0.033356	0.026193	0.029343	0.655119	0.537817	0.590701	6
1.00	0.656630	0.439633	0.526655	0.033406	0.026221	0.029381	0.656793	0.539360	0.592312	6
1.00	0.657076	0.439931	0.527013	0.033344	0.026263	0.029383	0.657239	0.539466	0.592557	6
1.00	0.664325	0.444785	0.532826	0.033296	0.026315	0.029397	0.664491	0.545677	0.599251	6
1.00	0.674175	0.451430	0.540763	0.036103	0.026607	0.030636	0.674309	0.554072	0.608306	6
1.00	0.682350	0.456955	0.547357	0.035976	0.026658	0.030624	0.682547	0.560785	0.615704	6
1.00	0.694838	0.465318	0.557374	0.035978	0.026760	0.030692	0.695043	0.571031	0.626963	6
1.00	0.700413	0.469051	0.561846	0.035983	0.026823	0.030735	0.700621	0.576033	0.632248	6
1.00	0.700413	0.469051	0.561846	0.035910	0.026816	0.030704	0.700621	0.576107	0.632292	6
1.00	0.701527	0.469798	0.562740	0.035925	0.026811	0.030706	0.701737	0.577018	0.633296	6
1.00	0.703869	0.471366	0.564619	0.035978	0.026843	0.030746	0.704080	0.579161	0.635540	6
1.00	0.707056	0.473606	0.567251	0.048978	0.027097	0.034891	0.707204	0.581690	0.638335	7
1.00	0.709350	0.475248	0.569167	0.048178	0.027173	0.034748	0.709491	0.583623	0.640431	7
1.00	0.710386	0.475995	0.570036	0.047278	0.027290	0.034605	0.710551	0.583549	0.640818	7
1.00	0.718632	0.481520	0.576653	0.047424	0.027399	0.034732	0.718807	0.590113	0.648133	7
1.00	0.724538	0.485477	0.581392	0.047567	0.027486	0.034840	0.724720	0.594483	0.653173	7
1.00	0.733341	0.491376	0.588456	0.047558	0.027547	0.034886	0.733534	0.601363	0.660905	7
1.00	0.737047	0.493915	0.591470	0.047572	0.027675	0.034993	0.737216	0.604506	0.664297	7
1.00	0.735487	0.492869	0.590218	0.047595	0.027661	0.034988	0.735654	0.603185	0.662866	7
1.00	0.725936	0.486523	0.582592	0.058930	0.027741	0.037724	0.726078	0.595561	0.654375	8
1.00	0.706885	0.473755	0.567303	0.058973	0.027669	0.037666	0.706999	0.580124	0.637308	8
1.00	0.683489	0.458075	0.548527	0.058903	0.027444	0.037443	0.683569	0.560618	0.616018	8
1.00	0.655268	0.439259	0.525949	0.062168	0.027411	0.038046	0.655286	0.536444	0.589940	8
1.00	0.616858	0.413649	0.495218	0.063192	0.027074	0.037907	0.616795	0.503844	0.554627	8
1.00	0.573194	0.384455	0.460225	0.062515	0.026434	0.037156	0.573115	0.465519	0.513744	8
1.00	0.538564	0.361308	0.432478	0.061390	0.025921	0.036451	0.538417	0.434308	0.480791	8
1.00	0.507564	0.340700	0.407720	0.061825	0.025613	0.036220	0.507289	0.406211	0.451158	8
1.00	0.482609	0.324274	0.387906	0.061095	0.025225	0.035707	0.482342	0.384362	0.427814	9
1.00	0.463750	0.311879	0.372946	0.060769	0.024949	0.035375	0.463338	0.367031	0.409600	9
1.01	0.445552	0.300306	0.358787	0.059648	0.024727	0.034961	0.445134	0.351532	0.392834	9
1.01	0.432044	0.291944	0.348438	0.060699	0.025071	0.035485	0.431336	0.339483	0.379937	9
1.01	0.418633	0.283506	0.338067	0.048897	0.025113	0.033183	0.417595	0.327786	0.367280	8
1.01	0.417098	0.283058	0.337248	0.048716	0.025095	0.033126	0.416033	0.327312	0.366378	8
1.02	0.419128	0.285000	0.339289	0.048666	0.025120	0.033136	0.417929	0.330185	0.368912	8
1.02	0.420879	0.286568	0.340974	0.048680	0.025257	0.033258	0.419547	0.332528	0.371003	8
1.02	0.428477	0.291869	0.347220	0.048707	0.025384	0.033375	0.427245	0.339762	0.378514	8
1.02	0.443689	0.302098	0.359453	0.048587	0.025470	0.033421	0.442809	0.354191	0.393574	8
1.02	0.467574	0.318151	0.378655	0.048654	0.025890	0.033797	0.467132	0.376059	0.416677	8
1.02	0.495715	0.336892	0.401156	0.048637	0.026390	0.034215	0.495693	0.401850	0.443866	8
1.01	0.523270	0.355111	0.423094	0.048611	0.026844	0.034588	0.523642	0.426210	0.469929	8
1.01	0.562115	0.381767	0.454711	0.048528	0.027405	0.035028	0.563026	0.462526	0.507851	8
1.01	0.603612	0.409318	0.487831	0.048378	0.027726	0.035250	0.605032	0.499306	0.547108	8
1.01	0.639572	0.432987	0.516385	0.048325	0.027993	0.035451	0.641180	0.529862	0.580230	8
1.01	0.664236	0.448891	0.535733	0.048243	0.028262	0.035643	0.665837	0.550967	0.602980	8
1.01	0.675876	0.456656	0.545049	0.047697	0.028384	0.035589	0.677589	0.560283	0.613378	8
1.01	0.683285	0.461510	0.550916	0.047235	0.028612	0.035637	0.685065	0.565564	0.619605	8
1.01	0.690368	0.466139	0.556516	0.046916	0.028832	0.035715	0.692149	0.570198	0.625283	8
1.01	0.690768	0.466512	0.556912	0.046376	0.029024	0.035703	0.692595	0.569454	0.625017	8
1.01	0.691866	0.467408	0.557907	0.046162	0.029209	0.035779	0.693767	0.569166	0.625320	8
1.01	0.691620	0.467707	0.558040	0.046134	0.029733	0.036160	0.693655	0.568552	0.624904	8
1.01	0.691595	0.468155	0.558351	0.045837	0.029985	0.036254	0.693804	0.567911	0.624577	8
1.01	0.690282	0.467782	0.557657	0.045398	0.030195	0.036268	0.692837	0.566563	0.623369	8
1.01	0.691749	0.469499	0.559356	0.045496	0.030788	0.036724	0.694585	0.567409	0.624589	8
1.01	0.697593	0.473830	0.564340	0.045337	0.031115	0.036903	0.700647	0.571295	0.629394	8
1.02	0.699813	0.475547	0.566284	0.045406	0.031329	0.037077	0.702990	0.572466	0.631050	8
1.02	0.702207	0.477488	0.568444	0.045147	0.031537	0.037134	0.705593	0.573759	0.632883	8
1.02	0.706883	0.480774	0.572305	0.045304	0.031717	0.037312	0.710335	0.577032	0.636782	8
1.02	0.713078	0.484880	0.577244	0.045467	0.031936	0.037519	0.716546	0.581457	0.641972	8
1.02	0.718335	0.488240	0.581348	0.045689	0.032105	0.037711	0.721752	0.584711	0.646044	8
1.01	0.725253	0.492347	0.586524	0.045419	0.032009	0.037552	0.728484	0.589211	0.651487	8
1.01	0.728443	0.494512	0.589104	0.045425	0.031926	0.037498	0.731738	0.591666	0.654289	8
1.01	0.727483	0.493915	0.588366	0.045637	0.031941	0.037580	0.730827	0.591108	0.653584	8
1.01	0.727443	0.493616	0.588141	0.056952	0.031912	0.040904	0.730566	0.591275	0.653582	9
1.01	0.727903	0.493765	0.588398	0.057136	0.031943	0.040977	0.730901	0.591387	0.653784	9
1.01	0.731922	0.495781	0.591142	0.057753	0.031897	0.041097	0.734490	0.594232	0.656958	9
1.01	0.733965	0.497275	0.592870	0.058042	0.031744	0.041042	0.736610	0.597393	0.659737	9
1.01	0.732694	0.496304	0.591765	0.058090	0.031620	0.040950	0.735271	0.597244	0.659109	9
1.01	0.726251	0.492048	0.586638	0.058223	0.031489	0.040873	0.728763	0.592819	0.653799	9
1.01	0.719978	0.488389	0.581991	0.055444	0.031323	0.040030	0.722710	0.589416	0.649292	9
1.01	0.719046	0.488240	0.581580	0.066597	0.031231	0.042521	0.721966	0.590141	0.649431	10
1.01	0.718654	0.487867	0.581187	0.066779	0.031131	0.042465	0.721520	0.590066	0.649206	10
1.01	0.711522	0.483238	0.575570	0.066950	0.031055	0.042429	0.714379	0.585446	0.643518	10
1.02	0.698782	0.475472	0.565894	0.066526	0.031213	0.042490	0.701642	0.575981	0.632632	10
1.02	0.691709	0.470918	0.560348	0.066426	0.031160	0.042421	0.694520	0.570533	0.626450	10
1.02	0.685570	0.467558	0.555955	0.066231	0.031150	0.042372	0.688607	0.566628	0.621690	10
1.02	0.683566	0.467110	0.554979	0.066023	0.031482	0.042634	0.686915	0.565252	0.620173	10
1.02	0.680633	0.465766	0.553063	0.066799	0.031714	0.043009	0.684181	0.562937	0.617665	10
1.02	0.679568	0.465392	0.552448	0.066503	0.031886	0.043104	0.683177	0.561746	0.616540	10
1.03	0.676896	0.464422	0.550881	0.066404	0.032403	0.043553	0.680555	0.559608	0.614184	10
1.03	0.671486	0.461211	0.546831	0.066129	0.032855	0.043899	0.674754	0.554457	0.608719	10
1.03	0.673106	0.463078	0.548680	0.064934	0.033521	0.044216	0.675925	0.555052	0.609554	10
1.03	0.665945	0.459195	0.543574	0.065558	0.034622	0.045313	0.668115	0.548200	0.602246	10
1.03	0.652249	0.450385	0.532839	0.065131	0.035213	0.045712	0.653890	0.535462	0.588780	10
1.03	0.636158	0.440603	0.520623	0.065336	0.035491	0.045996	0.637396	0.521116	0.573421	10
1.04	0.618556	0.429105	0.506701	0.064892	0.035735	0.046089	0.618876	0.505013	0.556177	10
1.04	0.611613	0.424699	0.501300	0.063808	0.035968	0.046004	0.611401	0.497780	0.548771	10
1.04	0.598369	0.416262	0.490973	0.062050	0.035888	0.045475	0.597984	0.485600	0.535964	10
1.04	0.585789	0.408124	0.481077	0.061794	0.035816	0.045348	0.585191	0.473829	0.523655	10
1.04	0.572697	0.399686	0.470800	0.061475	0.035875	0.045309	0.571579	0.461083	0.510419	10
1.04	0.571001	0.399014	0.469761	0.061480	0.036093	0.045484	0.569962	0.458591	0.508247	10
1.05	0.569526	0.399089	0.469312	0.061646	0.036583	0.045917	0.568418	0.456787	0.506525	10
1.05	0.572310	0.401553	0.471961	0.061510	0.036959	0.046174	0.571375	0.458358	0.508665	10
1.05	0.579462	0.407004	0.478158	0.061497	0.037174	0.046337	0.579073	0.464485	0.515488	10
1.05	0.591900	0.415740	0.488421	0.061990	0.037304	0.046579	0.592183	0.475810	0.527656	10
1.05	0.597553	0.419398	0.492871	0.062013	0.037241	0.046535	0.598263	0.480440	0.532917	10
1.05	0.601870	0.423057	0.496865	0.062198	0.037292	0.046627	0.603098	0.484568	0.537374	10
1.05	0.612570	0.430075	0.505352	0.062601	0.036818	0.046366	0.614924	0.494479	0.548164	10
1.05	0.619504	0.434481	0.510752	0.062810	0.036558	0.046216	0.622455	0.500392	0.554789	10
1.05	0.624362	0.438214	0.514983	0.062717	0.036311	0.045994	0.628368	0.505617	0.560349	10
1.05	0.635086	0.445457	0.523632	0.062969	0.036255	0.046016	0.639637	0.516031	0.571224	10
1.05	0.646257	0.453147	0.532742	0.063461	0.035999	0.045939	0.651575	0.528043	0.583341	10
1.05	0.647910	0.454790	0.534439	0.064609	0.035679	0.045972	0.654030	0.531353	0.586343	10
1.05	0.644611	0.454640	0.533211	0.063253	0.035509	0.045484	0.651742	0.531288	0.585383	10
1.06	0.642134	0.454715	0.532412	0.063706	0.035587	0.045665	0.650273	0.531530	0.584936	10
1.06	0.641047	0.455238	0.532396	0.063099	0.035760	0.045649	0.650104	0.532562	0.585492	10
1.06	0.646368	0.460464	0.537804	0.062531	0.035775	0.045512	0.656798	0.539814	0.592588	10
1.06	0.655769	0.467259	0.545692	0.062489	0.035962	0.045651	0.667009	0.548925	0.602233	10
1.06	0.660870	0.470992	0.550004	0.061825	0.035919	0.045439	0.672773	0.554020	0.607649	10
1.06	0.662718	0.471963	0.551306	0.060626	0.035985	0.045163	0.675284	0.554355	0.608873	10
1.07	0.662478	0.472336	0.551478	0.059542	0.036492	0.045251	0.675516	0.553425	0.608406	10
1.07	0.662759	0.472784	0.551880	0.058323	0.036625	0.044995	0.676334	0.553072	0.608524	10
1.07	0.663289	0.474054	0.552928	0.057670	0.036709	0.044862	0.678240	0.554504	0.610162	10
1.07	0.664928	0.475920	0.554767	0.057772	0.037495	0.045476	0.680555	0.556661	0.612405	10
1.07	0.667222	0.478160	0.557088	0.057896	0.037840	0.045767	0.684005	0.558855	0.615129	10
1.07	0.670514	0.481520	0.560515	0.057869	0.038338	0.046121	0.688640	0.561992	0.618903	10
1.07	0.675367	0.484955	0.564537	0.057989	0.038388	0.046195	0.694063	0.566594	0.623884	10
1.07	0.690407	0.494363	0.576165	0.058268	0.038513	0.046375	0.709366	0.578690	0.637400	10
1.07	0.699079	0.498693	0.582124	0.058174	0.038236	0.046143	0.717260	0.584064	0.643845	10
1.06	0.707576	0.502800	0.587866	0.058482	0.038085	0.046129	0.724809	0.589457	0.650163	10
1.06	0.717946	0.508400	0.595270	0.058385	0.037814	0.045900	0.734693	0.596393	0.658358	10
1.06	0.727215	0.513552	0.601987	0.058153	0.037444	0.045555	0.743497	0.603514	0.666232	10
1.05	0.739402	0.520944	0.611240	0.058480	0.037659	0.045815	0.755129	0.612942	0.676646	10
1.05	0.747052	0.525050	0.616680	0.058919	0.037817	0.046066	0.762027	0.618093	0.682554	10
1.05	0.754500	0.528933	0.621895	0.059108	0.037960	0.046230	0.768387	0.622742	0.687940	10
1.05	0.757327	0.530576	0.623990	0.059151	0.038302	0.046496	0.770469	0.624062	0.689580	10
1.05	0.759966	0.532368	0.626125	0.065178	0.039101	0.048879	0.772403	0.624936	0.690888	11
1.05	0.762371	0.534906	0.628697	0.067125	0.040121	0.050223	0.774374	0.626833	0.692836	11
1.05	0.757958	0.533338	0.626112	0.068487	0.042010	0.052076	0.769753	0.623727	0.689089	11
1.05	0.748967	0.527962	0.619340	0.068745	0.042805	0.052759	0.760623	0.615955	0.680687	11
1.06	0.737930	0.522661	0.611915	0.067715	0.043893	0.053262	0.750535	0.609186	0.672514	11
1.06	0.727435	0.516912	0.604365	0.066572	0.044884	0.053618	0.740548	0.601199	0.663638	11
1.07	0.713732	0.508773	0.594072	0.065714	0.045483	0.053758	0.726574	0.590210	0.651331	11
1.07	0.708076	0.506011	0.590228	0.065389	0.046179	0.054130	0.720763	0.586472	0.646720	11
1.07	0.707073	0.506085	0.589930	0.065181	0.046884	0.054539	0.719982	0.586770	0.646586	11
1.07	0.703815	0.505488	0.588389	0.064844	0.047725	0.054983	0.717593	0.586351	0.645367	11
1.08	0.690703	0.497051	0.578090	0.063642	0.048231	0.054875	0.703990	0.576682	0.634008	11
1.08	0.686576	0.496080	0.575986	0.062773	0.049070	0.055082	0.700523	0.576394	0.632425	11
1.08	0.682685	0.494288	0.573408	0.062375	0.049500	0.055197	0.696850	0.574962	0.630065	11
1.08	0.682741	0.494736	0.573729	0.073627	0.049895	0.059481	0.697159	0.576068	0.630855	12
1.08	0.685288	0.497349	0.576386	0.073641	0.050355	0.059812	0.699883	0.579443	0.633994	12
1.09	0.687551	0.499813	0.578840	0.073725	0.050336	0.059826	0.702756	0.582493	0.636998	12
1.09	0.691315	0.503995	0.582977	0.073339	0.050625	0.059901	0.707925	0.587597	0.642173	12
1.09	0.695514	0.507056	0.586518	0.073391	0.050519	0.059844	0.712611	0.591958	0.646705	12
1.09	0.700636	0.509744	0.590137	0.073324	0.050137	0.059553	0.717104	0.595798	0.650846	12
1.09	0.708620	0.514970	0.596471	0.062247	0.050540	0.055786	0.724988	0.601822	0.657688	11
1.09	0.712288	0.517210	0.599273	0.062300	0.050826	0.055981	0.728205	0.604714	0.660739	11
1.08	0.714389	0.518629	0.600969	0.062621	0.051531	0.056537	0.729516	0.606722	0.662477	11
1.09	0.711011	0.516389	0.598270	0.062844	0.051847	0.056818	0.725564	0.603756	0.659079	11
1.09	0.703434	0.512357	0.592881	0.061994	0.052058	0.056593	0.717885	0.599126	0.653151	11
1.09	0.694002	0.508027	0.586628	0.061170	0.052249	0.056358	0.709452	0.594390	0.646844	11
1.10	0.682298	0.501904	0.578361	0.061193	0.052083	0.056272	0.698109	0.587547	0.638074	11
1.11	0.664551	0.492571	0.565780	0.061239	0.052875	0.056751	0.680834	0.575107	0.623520	11
1.12	0.645988	0.482043	0.552102	0.061071	0.053256	0.056897	0.662425	0.561384	0.607733	11
1.12	0.626977	0.470619	0.537661	0.060695	0.053144	0.056669	0.643244	0.546722	0.591068	11
1.13	0.605899	0.458598	0.522057	0.060682	0.052997	0.056580	0.622232	0.531009	0.573013	11
1.14	0.594287	0.452027	0.513486	0.060383	0.053573	0.056775	0.610917	0.522511	0.563266	11
1.14	0.586523	0.448443	0.508272	0.060354	0.053337	0.056629	0.603832	0.518829	0.558113	11

Sun Aug 22 14:18:05 2021
47.15	0.016755	0.572464	0.032557	0.014278	0.079458	0.024206	0.016937	0.545833	0.032855	89
40.90	0.023084	0.631897	0.044541	0.016930	0.427349	0.032570	0.023259	0.665465	0.044947	89
35.30	0.024239	0.572538	0.046509	0.017002	0.387618	0.032575	0.024462	0.603816	0.047020	89
29.92	0.025659	0.513851	0.048878	0.017308	0.360407	0.033030	0.025924	0.540762	0.049476	89
25.01	0.027286	0.456656	0.051495	0.017580	0.322784	0.033343	0.027612	0.478735	0.052212	89
20.46	0.029249	0.400582	0.054518	0.017799	0.281967	0.033485	0.029696	0.416949	0.055443	89
16.53	0.031417	0.347644	0.057626	0.018289	0.237213	0.033960	0.032009	0.360488	0.058797	89
13.30	0.033960	0.302247	0.061060	0.018748	0.171373	0.033798	0.034749	0.313528	0.062565	89
10.61	0.037820	0.268648	0.066305	0.019526	0.129666	0.033941	0.039282	0.278231	0.068845	89
8.42	0.042993	0.242365	0.073032	0.020178	0.109202	0.034063	0.046280	0.251330	0.078167	89
6.66	0.049354	0.219891	0.080614	0.021081	0.096333	0.034592	0.056720	0.228283	0.090863	89
5.28	0.057263	0.202419	0.089272	0.023207	0.080534	0.036031	0.069727	0.210484	0.104752	89
4.21	0.066335	0.187113	0.097946	0.024346	0.068262	0.035891	0.085933	0.194725	0.119243	89
3.36	0.078479	0.176435	0.108636	0.026460	0.040079	0.031876	0.104956	0.184144	0.133705	88
2.71	0.092020	0.166953	0.118646	0.029435	0.035989	0.032383	0.123499	0.174080	0.144491	87
2.22	0.105284	0.156201	0.125785	0.028249	0.027821	0.028033	0.138272	0.162399	0.149368	82
1.82	0.122078	0.148585	0.134034	0.030289	0.024977	0.027378	0.152066	0.154710	0.153377	74
1.53	0.138355	0.141940	0.140125	0.024533	0.020592	0.022391	0.161824	0.148341	0.154789	63
1.33	0.151891	0.135220	0.143072	0.024144	0.018886	0.021194	0.168786	0.141247	0.153794	60
1.19	0.164533	0.131487	0.146165	0.025929	0.017943	0.021209	0.173742	0.137473	0.153494	53
1.11	0.172476	0.128575	0.147324	0.026274	0.017461	0.020980	0.176793	0.134200	0.152580	47
1.06	0.178369	0.126708	0.148164	0.026996	0.016903	0.020789	0.179512	0.132610	0.152537	44
1.03	0.180886	0.125065	0.147883	0.028496	0.016702	0.021061	0.180727	0.131104	0.151967	39
1.02	0.182097	0.124244	0.147708	0.028827	0.016445	0.020943	0.181965	0.130406	0.151931	35
1.01	0.182410	0.123423	0.147228	0.027967	0.016301	0.020596	0.181913	0.129663	0.151407	33
1.01	0.182604	0.123049	0.147025	0.027867	0.016197	0.020487	0.182015	0.129328	0.151213	27
1.01	0.182262	0.122601	0.146594	0.030322	0.016106	0.021037	0.181574	0.129030	0.150858	23
1.00	0.182101	0.122303	0.146328	0.031593	0.016042	0.021279	0.181691	0.128807	0.150746	18
1.00	0.182152	0.122228	0.146291	0.033422	0.015894	0.021543	0.181859	0.128891	0.150861	17
1.00	0.184806	0.123871	0.148324	0.037090	0.015795	0.022155	0.184536	0.131755	0.153741	16
1.00	0.187026	0.125289	0.150056	0.037357	0.015796	0.022204	0.186824	0.133940	0.156022	14
1.00	0.191368	0.128127	0.153488	0.037671	0.015869	0.022331	0.191231	0.137315	0.159849	12
1.00	0.194646	0.130292	0.156096	0.028161	0.015837	0.020273	0.194578	0.140094	0.162901	10
1.00	0.198349	0.132756	0.159055	0.041532	0.015882	0.022978	0.198315	0.143079	0.166229	8
1.00	0.202722	0.135668	0.162551	0.041870	0.015772	0.022912	0.202722	0.147123	0.170505	8
1.00	0.206516	0.138207	0.165593	0.031089	0.015576	0.020754	0.206516	0.150759	0.174286	6
1.00	0.217673	0.145673	0.174539	0.031339	0.015590	0.020822	0.217673	0.159563	0.184142	5
1.00	0.229611	0.153662	0.184112	0.031703	0.015628	0.020935	0.229611	0.169158	0.194802	5
1.00	0.246346	0.164862	0.197531	0.032189	0.015677	0.021085	0.246346	0.183160	0.210106	5
1.00	0.253375	0.169566	0.203167	0.021575	0.015564	0.018083	0.253375	0.189371	0.216747	4
1.00	0.265648	0.177779	0.213008	0.021668	0.015530	0.018092	0.265648	0.200612	0.228594	4
1.00	0.287404	0.192339	0.230453	0.021912	0.015702	0.018294	0.287404	0.219657	0.249004	3
1.00	0.321990	0.215486	0.258186	0.022137	0.016086	0.018633	0.321990	0.251049	0.282128	3
1.00	0.387036	0.259016	0.310342	0.022169	0.016621	0.018998	0.387036	0.309874	0.344183	3
1.00	0.453643	0.303591	0.363750	0.022284	0.017131	0.019370	0.453643	0.371535	0.408504	3
1.00	0.508647	0.340402	0.407855	0.022278	0.017277	0.019461	0.508647	0.421959	0.461265	3
1.00	0.547138	0.366161	0.438719	0.022195	0.017108	0.019322	0.547138	0.457181	0.498131	3
1.00	0.595448	0.398492	0.477456	0.022261	0.017003	0.019280	0.595448	0.501716	0.544578	3
1.00	0.633828	0.424177	0.508230	0.022567	0.016650	0.019162	0.633828	0.536824	0.581307	3
1.00	0.655919	0.438961	0.525944	0.022765	0.016095	0.018858	0.655919	0.559147	0.603679	3
1.00	0.674997	0.451729	0.541242	0.023423	0.015454	0.018622	0.674997	0.579122	0.623395	3
1.00	0.675332	0.451953	0.541510	0.023492	0.015268	0.018507	0.675332	0.579986	0.624038	3
1.00	0.673770	0.450907	0.540258	0.023447	0.015040	0.018325	0.673770	0.579540	0.623113	3
1.00	0.662055	0.443067	0.530864	0.023073	0.015274	0.018380	0.662055	0.568565	0.611759	3
1.00	0.643646	0.430747	0.516103	0.022743	0.015290	0.018286	0.643646	0.551142	0.593813	3
1.00	0.610287	0.408422	0.489354	0.022465	0.015473	0.018325	0.610287	0.521380	0.562341	3
1.00	0.568002	0.380124	0.455448	0.022348	0.015569	0.018352	0.568002	0.482517	0.521781	3
1.00	0.459668	0.307623	0.368581	0.022197	0.015085	0.017963	0.459668	0.385927	0.419582	3
1.00	0.290974	0.194729	0.233315	0.022114	0.013298	0.016608	0.290974	0.233514	0.259096	3
1.00	0.184648	0.123572	0.148059	0.010926	0.012051	0.011461	0.184648	0.142354	0.160766	2
1.00	0.146045	0.097738	0.117105	0.010786	0.011553	0.011156	0.146045	0.109431	0.125114	2
1.00	0.129644	0.086762	0.103954	0.008339	0.011297	0.009595	0.129644	0.096675	0.110758	2
1.00	0.126520	0.084671	0.101449	0.008908	0.011244	0.009941	0.126520	0.094500	0.108190	2
1.00	0.126074	0.084372	0.101091	0.001417	0.011236	0.002516	0.126074	0.094202	0.107832	2
1.00	0.126074	0.084372	0.101091	0.001417	0.011236	0.002516	0.126074	0.094202	0.107832	1
1.00	0.126074	0.084372	0.101091	0.001417	0.011236	0.002516	0.126074	0.094202	0.107832	1
1.00	0.126074	0.084372	0.101091	0.001417	0.011236	0.002516	0.126074	0.094202	0.107832	1
1.00	0.126074	0.084372	0.101091	0.001417	0.011236	0.002516	0.126074	0.094202	0.107832	1
1.00	0.126074	0.084372	0.101091	0.001417	0.011236	0.002516	0.126074	0.094202	0.107832	1
1.00	0.126074	0.084372	0.101091	0.001417	0.011236	0.002516	0.126074	0.094202	0.107832	1
1.00	0.126074	0.084372	0.101091	0.001417	0.011236	0.002516	0.126074	0.094202	0.107832	1
1.00	0.126074	0.084372	0.101091	0.001417	0.011236	0.002516	0.126074	0.094202	0.107832	1
1.00	0.126074	0.084372	0.101091	0.001417	0.011236	0.002516	0.126074	0.094202	0.107832	1
1.00	0.126074	0.084372	0.101091	0.001417	0.011236	0.002516	0.126074	0.094202	0.107832	1
1.00	0.126074	0.084372	0.101091	0.001417	0.011236	0.002516	0.126074	0.094202	0.107832	1
1.00	0.126074	0.084372	0.101091	0.001417	0.011236	0.002516	0.126074	0.094202	0.107832	1
1.00	0.126074	0.084372	0.101091	0.001417	0.011236	0.002516	0.126074	0.094202	0.107832	1
1.00	0.126074	0.084372	0.101091	0.001417	0.011236	0.002516	0.126074	0.094202	0.107832	1
1.00	0.126074	0.084372	0.101091	0.001417	0.011236	0.002516	0.126074	0.094202	0.107832	1
1.00	0.126297	0.084522	0.101270	0.012653	0.011258	0.011915	0.126297	0.094314	0.107987	2
1.00	0.126743	0.084820	0.101628	0.012653	0.011302	0.011940	0.126743	0.094537	0.108296	2
1.00	0.127301	0.085194	0.102076	0.012654	0.011357	0.011971	0.127301	0.094816	0.108683	2
1.00	0.130871	0.087583	0.104938	0.020813	0.011682	0.014965	0.130871	0.096815	0.111296	3
1.00	0.141694	0.094826	0.113616	0.020166	0.012532	0.015458	0.141694	0.103332	0.119510	3
1.00	0.162222	0.108564	0.130077	0.021832	0.013640	0.016790	0.162222	0.117650	0.136387	3
1.00	0.226264	0.151422	0.181428	0.022468	0.015289	0.018196	0.226264	0.170339	0.194358	3
1.00	0.334040	0.223550	0.267848	0.022362	0.017127	0.019398	0.334040	0.261639	0.293439	3
1.00	0.407788	0.272904	0.326982	0.022314	0.018164	0.020026	0.407788	0.327502	0.363262	3
1.00	0.479081	0.320615	0.384147	0.022032	0.019253	0.020549	0.479081	0.391041	0.430607	3
1.00	0.471494	0.315538	0.378064	0.021867	0.019804	0.020784	0.471494	0.382394	0.422296	3
1.00	0.465804	0.311730	0.373502	0.021207	0.020303	0.020745	0.465804	0.375654	0.415900	3
1.00	0.475734	0.318375	0.381464	0.020025	0.020871	0.020440	0.475734	0.382961	0.424336	3
1.00	0.527837	0.353244	0.423242	0.018979	0.022035	0.020393	0.527837	0.427587	0.472453	3
1.00	0.554613	0.371164	0.444713	0.017917	0.023035	0.020156	0.554613	0.448525	0.495960	3
1.00	0.570456	0.381767	0.457416	0.017204	0.023506	0.019868	0.570456	0.461207	0.510047	3
1.00	0.603593	0.403942	0.483986	0.017676	0.023488	0.020172	0.603593	0.490615	0.541271	3
1.00	0.627134	0.419697	0.502863	0.018382	0.023109	0.020476	0.627134	0.512185	0.563861	3
1.00	0.638849	0.427537	0.512256	0.018842	0.022702	0.020592	0.638849	0.523249	0.575299	3
1.00	0.637064	0.426342	0.510825	0.019404	0.022284	0.020745	0.637064	0.522227	0.573957	3
1.00	0.652125	0.436422	0.522902	0.019639	0.022119	0.020805	0.652125	0.536861	0.588906	3
1.00	0.668415	0.447323	0.535964	0.020178	0.021865	0.020988	0.668415	0.551923	0.604609	3
1.00	0.678456	0.454043	0.544015	0.020980	0.021333	0.021155	0.678456	0.562345	0.614968	3
1.00	0.679795	0.454939	0.545089	0.021879	0.020737	0.021293	0.679795	0.564660	0.616901	3
1.00	0.689055	0.461136	0.552514	0.022662	0.020163	0.021340	0.689055	0.574413	0.626533	3
1.00	0.705679	0.472262	0.565844	0.022715	0.020188	0.021377	0.705679	0.589271	0.642243	3
1.00	0.717505	0.480176	0.575327	0.022820	0.019992	0.021312	0.717505	0.600859	0.654022	3
1.00	0.724869	0.485104	0.581231	0.023027	0.019914	0.021358	0.724869	0.607507	0.661019	3
1.00	0.730224	0.488688	0.585525	0.022255	0.020186	0.021170	0.730224	0.612314	0.666091	3
1.00	0.736695	0.493019	0.590714	0.022313	0.020201	0.021205	0.736695	0.618534	0.672463	3
1.00	0.738369	0.494139	0.592056	0.022685	0.019811	0.021151	0.738369	0.621732	0.675049	3
1.00	0.739931	0.495184	0.593308	0.023815	0.019698	0.021562	0.739931	0.623294	0.676623	3
1.00	0.735133	0.491973	0.589461	0.024681	0.019078	0.021521	0.735133	0.620988	0.673257	3
1.00	0.729109	0.487941	0.584630	0.024869	0.018479	0.021203	0.729109	0.617027	0.668402	3
1.00	0.729555	0.488240	0.584988	0.024889	0.018570	0.021270	0.729555	0.617120	0.668644	3
1.00	0.728662	0.487643	0.584273	0.025019	0.018457	0.021243	0.728662	0.616516	0.667914	3
1.00	0.731117	0.489285	0.586241	0.024791	0.018841	0.021411	0.731117	0.618236	0.669955	3
1.00	0.730894	0.489136	0.586062	0.024974	0.018726	0.021403	0.730894	0.617957	0.669697	3
1.00	0.730447	0.488837	0.585704	0.025027	0.018668	0.021385	0.730447	0.617660	0.669335	3
1.00	0.726319	0.486075	0.582394	0.025281	0.018085	0.021086	0.726319	0.615354	0.666248	3
1.00	0.721745	0.483014	0.578726	0.025447	0.017544	0.020769	0.721745	0.612481	0.662639	3
1.00	0.723530	0.484208	0.580158	0.025380	0.017787	0.020916	0.723530	0.613708	0.664110	3
1.00	0.725538	0.485552	0.581768	0.024999	0.018414	0.021207	0.725538	0.614712	0.665543	3
1.00	0.722191	0.483312	0.579084	0.024559	0.018592	0.021163	0.722191	0.611737	0.662391	3
1.00	0.719290	0.481371	0.576758	0.024112	0.019212	0.021385	0.719290	0.608074	0.659023	3
1.00	0.702109	0.469872	0.562981	0.023542	0.019698	0.021449	0.702109	0.591809	0.642258	3
1.00	0.672654	0.450161	0.539363	0.023024	0.020073	0.021447	0.672654	0.564428	0.613807	3
1.00	0.587750	0.393340	0.471283	0.022511	0.019985	0.021173	0.587750	0.488914	0.533795	3
1.00	0.525159	0.351452	0.421095	0.022508	0.019593	0.020950	0.525159	0.433512	0.474955	3
1.00	0.433449	0.290077	0.347558	0.022614	0.018654	0.020444	0.433449	0.351369	0.388116	3
1.00	0.356689	0.238707	0.286008	0.022693	0.017773	0.019934	0.356689	0.281517	0.314676	3
1.00	0.319536	0.213843	0.256218	0.022742	0.017200	0.019587	0.319536	0.248129	0.279342	3
1.00	0.303916	0.203390	0.243693	0.022736	0.017133	0.019541	0.303916	0.233551	0.264127	3
1.00	0.287515	0.192414	0.230542	0.022687	0.017019	0.019448	0.287515	0.219000	0.248624	3
1.00	0.244784	0.163817	0.196278	0.022592	0.016203	0.018872	0.244784	0.182789	0.209292	3
1.00	0.229834	0.153812	0.184291	0.022608	0.015854	0.018638	0.229834	0.169791	0.195301	3
1.00	0.227156	0.152020	0.182144	0.022647	0.015771	0.018594	0.227156	0.167671	0.192932	3
1.00	0.223586	0.149630	0.179281	0.022529	0.015791	0.018568	0.223586	0.164510	0.189551	3
1.00	0.223251	0.149406	0.179012	0.022523	0.015813	0.018581	0.223251	0.164119	0.189172	3
1.00	0.226933	0.151870	0.181965	0.022489	0.015985	0.018687	0.226933	0.166964	0.192384	3
1.00	0.236416	0.158217	0.189569	0.022569	0.016122	0.018808	0.236416	0.174886	0.201049	3
1.00	0.252371	0.168894	0.202362	0.022688	0.016425	0.019055	0.252371	0.188259	0.215651	3
1.00	0.256945	0.171955	0.206030	0.022651	0.016677	0.019210	0.256945	0.191755	0.219614	3
1.00	0.279036	0.186739	0.223743	0.022619	0.017187	0.019533	0.279036	0.210452	0.239939	3
1.00	0.284057	0.190099	0.227769	0.022403	0.017493	0.019646	0.284057	0.214264	0.244273	3
1.00	0.302577	0.202494	0.242619	0.022344	0.018149	0.020029	0.302577	0.229088	0.260754	3
1.00	0.319313	0.213694	0.256039	0.021937	0.018764	0.020227	0.319313	0.242476	0.275640	3
1.00	0.331362	0.221758	0.265701	0.021713	0.019344	0.020460	0.331362	0.251820	0.286167	3
1.00	0.319982	0.214142	0.256575	0.021105	0.019644	0.020348	0.319982	0.240260	0.274449	3
1.00	0.298784	0.199955	0.239578	0.020312	0.019762	0.020033	0.298784	0.220131	0.253497	3
1.00	0.260850	0.174569	0.209161	0.019666	0.019493	0.019579	0.260850	0.186498	0.217495	3
1.00	0.247350	0.165534	0.198336	0.018626	0.019724	0.019160	0.247350	0.174103	0.204361	3
1.00	0.239094	0.160009	0.191716	0.017973	0.020074	0.018966	0.239094	0.165958	0.195923	3
1.00	0.238425	0.159561	0.191179	0.017636	0.020201	0.018832	0.238425	0.164889	0.194953	3
1.00	0.250251	0.167476	0.200662	0.017353	0.020509	0.018799	0.250251	0.174921	0.205913	3
1.00	0.276693	0.185171	0.221864	0.017108	0.021027	0.018866	0.276693	0.197016	0.230153	3
1.00	0.331920	0.222131	0.266148	0.017204	0.021917	0.019277	0.331920	0.244981	0.281900	3
1.00	0.392726	0.262824	0.314904	0.017310	0.022776	0.019671	0.392726	0.299409	0.339776	3
1.00	0.474953	0.317853	0.380837	0.017683	0.023665	0.020241	0.474953	0.373965	0.418452	3
1.00	0.536985	0.359367	0.430578	0.018221	0.024216	0.020795	0.536985	0.430578	0.477930	3
1.00	0.602588	0.403270	0.483181	0.018615	0.024764	0.021254	0.602588	0.489254	0.540039	3
1.00	0.652349	0.436571	0.523081	0.019221	0.025052	0.021752	0.652349	0.534440	0.587537	3
1.00	0.689613	0.461510	0.552961	0.019654	0.025025	0.022016	0.689613	0.567254	0.622478	3
1.00	0.712150	0.476592	0.571032	0.020094	0.024951	0.022261	0.712150	0.587318	0.643738	3
1.00	0.729778	0.488389	0.585167	0.020489	0.024884	0.022474	0.729778	0.602129	0.659837	3
1.00	0.746848	0.499813	0.598855	0.021117	0.024648	0.022746	0.746848	0.617669	0.676144	3
1.00	0.754881	0.505189	0.605296	0.021597	0.024488	0.022952	0.754881	0.625060	0.683864	3
1.00	0.761575	0.509669	0.610664	0.022219	0.024159	0.023148	0.761575	0.631039	0.690189	3
1.00	0.764365	0.511536	0.612900	0.023010	0.023503	0.023254	0.764365	0.634191	0.693219	3
1.00	0.763026	0.510640	0.611827	0.023786	0.022623	0.023189	0.763026	0.635678	0.693555	3
1.00	0.758675	0.507728	0.608338	0.024259	0.022060	0.023107	0.758675	0.633168	0.690263	3
1.00	0.755439	0.505563	0.605743	0.024798	0.021609	0.023094	0.755439	0.631048	0.687664	3
1.00	0.751980	0.503248	0.602970	0.025183	0.021168	0.023002	0.751980	0.628835	0.684917	3
1.00	0.751646	0.503024	0.602702	0.025164	0.021166	0.022992	0.751646	0.628352	0.684491	3
1.00	0.754100	0.504667	0.604670	0.024940	0.021468	0.023074	0.754100	0.630193	0.686601	3
1.00	0.758340	0.507504	0.608069	0.024343	0.022080	0.023156	0.758340	0.632638	0.689809	3
1.00	0.764811	0.511835	0.613258	0.023823	0.022907	0.023356	0.764811	0.636273	0.694646	3
1.00	0.767823	0.513851	0.615674	0.023563	0.023433	0.023498	0.767823	0.637222	0.696453	3
1.00	0.769051	0.514672	0.616658	0.023239	0.023761	0.023497	0.769051	0.638021	0.697435	3
1.00	0.768939	0.514597	0.616568	0.022841	0.024237	0.023519	0.768939	0.637445	0.697045	3
1.00	0.767712	0.513776	0.615584	0.022686	0.024344	0.023486	0.767712	0.636701	0.696096	3
1.00	0.765592	0.512357	0.613884	0.022615	0.024323	0.023438	0.765592	0.635539	0.694529	3
1.00	0.761352	0.509520	0.610485	0.022394	0.024461	0.023382	0.761352	0.632015	0.690681	3
1.00	0.755551	0.505637	0.605833	0.022174	0.024547	0.023300	0.755551	0.626725	0.685134	3
1.00	0.750865	0.502501	0.602076	0.021918	0.024679	0.023217	0.750865	0.622262	0.680541	3
1.00	0.744951	0.498544	0.597334	0.021663	0.024779	0.023117	0.744951	0.616386	0.674598	3
1.00	0.734799	0.491749	0.589193	0.021382	0.024964	0.023034	0.734799	0.607940	0.665377	3
1.00	0.715832	0.479056	0.573985	0.032200	0.025180	0.028261	0.715832	0.591762	0.647911	4
1.00	0.683142	0.457179	0.547772	0.031773	0.025070	0.028026	0.683142	0.562866	0.617199	4
1.00	0.640857	0.428881	0.513866	0.031528	0.024923	0.027839	0.640857	0.525044	0.577198	4
1.00	0.584849	0.391398	0.468957	0.031488	0.024401	0.027495	0.584849	0.476102	0.524902	4
1.00	0.531742	0.355858	0.426373	0.031247	0.023662	0.026930	0.531742	0.428653	0.474665	4
1.00	0.500614	0.335026	0.401414	0.031118	0.023298	0.026646	0.500614	0.400500	0.444996	4
1.00	0.467589	0.312925	0.374933	0.031042	0.023025	0.026439	0.467589	0.370330	0.413315	4
1.00	0.450630	0.301575	0.361335	0.031056	0.022850	0.026328	0.450630	0.354459	0.396801	4
1.00	0.424300	0.283954	0.340222	0.030962	0.022478	0.026047	0.424300	0.330425	0.371524	4
1.00	0.399085	0.267080	0.320004	0.030849	0.022226	0.025837	0.399085	0.306047	0.346428	4
1.00	0.387593	0.259389	0.310789	0.030630	0.022232	0.025764	0.387593	0.294760	0.334862	4
1.00	0.384469	0.257299	0.308284	0.030246	0.022441	0.025765	0.384469	0.291171	0.331379	4
1.00	0.369519	0.247293	0.296296	0.029992	0.022332	0.025601	0.369519	0.277309	0.316841	4
1.00	0.367511	0.245949	0.294686	0.029902	0.022394	0.025609	0.367511	0.275245	0.314755	4
1.00	0.365837	0.244829	0.293344	0.029888	0.022390	0.025601	0.365837	0.273515	0.313011	4
1.00	0.373647	0.250056	0.299606	0.029983	0.022471	0.025689	0.373647	0.280702	0.320574	4
1.00	0.378556	0.253341	0.303543	0.030239	0.022456	0.025772	0.378556	0.285555	0.325544	4
1.00	0.376213	0.251773	0.301664	0.030511	0.022283	0.025756	0.376213	0.283603	0.323409	4
1.00	0.369631	0.247368	0.296386	0.030602	0.022043	0.025627	0.369631	0.278080	0.317385	4
1.00	0.369965	0.247592	0.296654	0.030878	0.021920	0.025639	0.369965	0.278880	0.318029	4
1.00	0.365837	0.244829	0.293344	0.031001	0.021811	0.025606	0.365837	0.275403	0.314243	4
1.00	0.370523	0.247965	0.297101	0.031036	0.021848	0.025644	0.370523	0.279559	0.318677	4
1.00	0.370523	0.247965	0.297101	0.031166	0.021757	0.025625	0.370523	0.280090	0.319022	4
1.00	0.377106	0.252371	0.302380	0.031391	0.021728	0.025681	0.377106	0.286720	0.325759	4
1.00	0.393618	0.263421	0.315620	0.031633	0.021867	0.025859	0.393618	0.301893	0.341707	4
1.00	0.401874	0.268946	0.322240	0.031963	0.021875	0.025973	0.401874	0.310335	0.350222	4
1.00	0.414035	0.277085	0.331991	0.032062	0.021953	0.026062	0.414035	0.321976	0.362248	4
1.00	0.424635	0.284178	0.340490	0.032186	0.022083	0.026194	0.424635	0.331831	0.372540	4
1.00	0.435122	0.291197	0.348900	0.032201	0.022203	0.026283	0.435122	0.341984	0.382971	4
1.00	0.454647	0.304263	0.364555	0.032072	0.022520	0.026460	0.454647	0.359342	0.401415	4
1.00	0.462122	0.309266	0.370549	0.031801	0.022654	0.026460	0.462122	0.366018	0.408493	4
1.00	0.477630	0.319645	0.382984	0.031639	0.022974	0.026619	0.477630	0.380085	0.423311	4
1.00	0.483655	0.323677	0.387815	0.031592	0.023082	0.026675	0.483655	0.385329	0.428929	4
1.00	0.497155	0.332711	0.398640	0.031554	0.023310	0.026812	0.497155	0.397676	0.441886	4
1.00	0.496486	0.332263	0.398103	0.031577	0.023287	0.026806	0.496486	0.396932	0.441162	4
1.00	0.497155	0.332711	0.398640	0.031600	0.023317	0.026834	0.497155	0.397434	0.441736	4
1.00	0.499052	0.333980	0.400161	0.031489	0.023396	0.026846	0.499052	0.399000	0.443452	4
1.00	0.501339	0.335548	0.402022	0.031272	0.023594	0.026896	0.501339	0.400444	0.445247	5
1.00	0.509817	0.341223	0.408821	0.031199	0.023782	0.026990	0.509818	0.407325	0.452844	5
1.00	0.519857	0.347943	0.416872	0.031182	0.023987	0.027115	0.519859	0.416325	0.462367	5
1.00	0.531013	0.355410	0.425817	0.031158	0.024139	0.027203	0.531016	0.426468	0.473034	5
1.00	0.539603	0.361159	0.432706	0.031014	0.024339	0.027274	0.539607	0.433897	0.481013	5
1.00	0.556944	0.372807	0.446641	0.031026	0.024636	0.027464	0.556994	0.449089	0.497255	6
1.00	0.570329	0.381767	0.457375	0.031024	0.024861	0.027603	0.570382	0.461092	0.509947	6
1.00	0.578026	0.386919	0.463548	0.031012	0.025051	0.027714	0.578080	0.467600	0.517004	6
1.00	0.565581	0.378631	0.453598	0.030882	0.024908	0.027575	0.565640	0.456527	0.505260	6
1.00	0.561454	0.375868	0.450288	0.030839	0.024907	0.027557	0.561512	0.452733	0.501290	6
1.00	0.564354	0.377809	0.452614	0.030864	0.024930	0.027582	0.564413	0.455485	0.504132	6
1.00	0.580638	0.388711	0.465674	0.030956	0.025109	0.027727	0.580702	0.470055	0.519553	6
1.00	0.595026	0.398342	0.477213	0.031060	0.025251	0.027856	0.595095	0.483257	0.533377	6
1.00	0.605956	0.405660	0.485979	0.031124	0.025378	0.027959	0.606028	0.493122	0.543776	6
1.00	0.612536	0.410065	0.491256	0.031187	0.025447	0.028026	0.612611	0.498663	0.549795	6
1.00	0.624331	0.418054	0.500783	0.034153	0.025703	0.029332	0.624382	0.509244	0.560966	6
1.00	0.639313	0.428134	0.512834	0.033701	0.025756	0.029197	0.639444	0.523227	0.575527	6
1.00	0.657191	0.440155	0.527210	0.033878	0.025910	0.029363	0.657388	0.539246	0.592485	6
1.00	0.665886	0.445979	0.534186	0.034043	0.025940	0.029444	0.666090	0.546610	0.600464	6
1.00	0.678854	0.454715	0.544625	0.034263	0.025938	0.029525	0.679088	0.558344	0.612825	6
1.00	0.692453	0.463824	0.555536	0.034506	0.025803	0.029527	0.692700	0.571221	0.626122	6
1.00	0.690105	0.462406	0.553762	0.034069	0.025647	0.029264	0.690412	0.570161	0.624551	6
1.00	0.686644	0.460240	0.551095	0.034801	0.025666	0.029544	0.686954	0.567539	0.621563	6
1.00	0.683150	0.458000	0.548364	0.034486	0.025576	0.029370	0.683495	0.564722	0.618457	6
1.00	0.681889	0.457104	0.547316	0.034628	0.025596	0.029435	0.682212	0.563513	0.617207	6
1.00	0.677617	0.454342	0.543959	0.034284	0.025564	0.029288	0.677972	0.559813	0.613253	6
1.00	0.680214	0.456134	0.546080	0.034308	0.025585	0.029312	0.680594	0.562090	0.615692	6
1.00	0.678806	0.455088	0.544878	0.034590	0.025585	0.029414	0.679144	0.560547	0.614173	6
1.00	0.684562	0.458896	0.549461	0.034825	0.025714	0.029584	0.684890	0.565568	0.619536	6
1.00	0.692727	0.464422	0.556052	0.034878	0.025782	0.029648	0.693090	0.572652	0.627141	6
1.00	0.696993	0.467334	0.559514	0.034916	0.025844	0.029703	0.697386	0.576167	0.631007	6
1.00	0.702350	0.470768	0.563701	0.034265	0.025788	0.029428	0.702741	0.579802	0.635379	6
1.00	0.709925	0.475846	0.569781	0.034286	0.025888	0.029501	0.710328	0.586171	0.642304	6
1.00	0.713347	0.478086	0.572489	0.034895	0.026044	0.029826	0.713731	0.588811	0.645281	6
1.00	0.720316	0.482864	0.578159	0.034935	0.025934	0.029769	0.720759	0.595013	0.651877	6
1.00	0.723861	0.485403	0.581121	0.034953	0.026044	0.029848	0.724385	0.598035	0.655174	6
1.00	0.724936	0.486448	0.582216	0.034987	0.025985	0.029822	0.725613	0.599643	0.656641	6
1.00	0.730701	0.490480	0.586963	0.035067	0.026094	0.029923	0.731470	0.605166	0.662350	6
1.00	0.735409	0.493915	0.590942	0.035095	0.026192	0.029997	0.736323	0.609508	0.666941	6
1.00	0.739425	0.497275	0.594643	0.035179	0.026174	0.030015	0.740730	0.614119	0.671509	6
1.01	0.745560	0.501456	0.599616	0.035892	0.026254	0.030326	0.746811	0.619484	0.677215	6
1.01	0.745368	0.501605	0.599661	0.035876	0.026304	0.030353	0.746811	0.619400	0.677164	6
1.01	0.743237	0.500560	0.598224	0.035224	0.026333	0.030137	0.744914	0.617913	0.675496	6
1.01	0.738923	0.498096	0.595067	0.035119	0.026370	0.030122	0.740786	0.614621	0.671832	6
1.01	0.727132	0.490256	0.585649	0.034834	0.026356	0.030008	0.728848	0.603994	0.660573	6
1.01	0.718380	0.484731	0.578868	0.034721	0.026442	0.030021	0.720202	0.596798	0.652718	6
1.01	0.706624	0.477115	0.569620	0.036111	0.026607	0.030639	0.708375	0.586710	0.641828	6
1.01	0.691194	0.467110	0.557476	0.046244	0.026596	0.033770	0.692997	0.574503	0.628211	8
1.01	0.668287	0.451579	0.538965	0.045743	0.026349	0.033438	0.669846	0.554169	0.606542	8
1.01	0.644199	0.435302	0.519538	0.045145	0.026095	0.033073	0.645468	0.532571	0.583610	8
1.01	0.621962	0.420369	0.501671	0.044389	0.025811	0.032642	0.623099	0.513316	0.562904	8
1.01	0.610302	0.413126	0.492720	0.046052	0.025928	0.033176	0.611551	0.503563	0.552328	8
1.01	0.603946	0.409094	0.487781	0.047975	0.026088	0.033798	0.605173	0.497743	0.546226	8
1.01	0.600441	0.407078	0.485204	0.050202	0.026669	0.034833	0.601547	0.494656	0.542890	8
1.01	0.607316	0.411558	0.490632	0.049849	0.026809	0.034866	0.608464	0.500216	0.549056	8
1.01	0.620770	0.420444	0.501336	0.050246	0.027293	0.035372	0.621909	0.511745	0.561474	8
1.01	0.642345	0.435153	0.518828	0.051254	0.028133	0.036326	0.643665	0.530154	0.581421	8
1.01	0.657338	0.445457	0.531043	0.051747	0.028485	0.036744	0.658894	0.544184	0.596070	8
1.01	0.670562	0.454118	0.541513	0.050343	0.027989	0.035977	0.672338	0.555229	0.608198	8
1.01	0.684205	0.463152	0.552384	0.050443	0.027932	0.035955	0.686173	0.566851	0.620830	8
1.01	0.703712	0.475622	0.567610	0.050151	0.028049	0.035977	0.705642	0.581857	0.637799	8
1.01	0.718221	0.484731	0.578816	0.048331	0.027726	0.035238	0.719978	0.592893	0.650285	8
1.01	0.727957	0.490704	0.586236	0.050195	0.027873	0.035843	0.729573	0.600182	0.658583	8
1.01	0.732143	0.492869	0.589138	0.052102	0.028274	0.036656	0.733478	0.601400	0.660905	8
1.00	0.735761	0.494811	0.591696	0.046884	0.028520	0.035466	0.736881	0.602218	0.662779	8
1.00	0.743029	0.499365	0.597303	0.047084	0.028542	0.035540	0.744022	0.607388	0.668798	8
1.00	0.749500	0.503771	0.602545	0.047443	0.029001	0.035998	0.750493	0.611324	0.673797	8
1.00	0.753221	0.506384	0.605617	0.047246	0.029367	0.036220	0.754286	0.612924	0.676297	8
1.01	0.750721	0.505040	0.603848	0.047190	0.030027	0.036701	0.751887	0.609874	0.673476	8
1.01	0.754853	0.508101	0.607372	0.046646	0.030309	0.036743	0.756220	0.612198	0.676630	7
1.01	0.754627	0.508400	0.607512	0.046398	0.030498	0.036804	0.756239	0.612124	0.676592	7
1.01	0.750553	0.506384	0.604753	0.047766	0.030968	0.037575	0.752334	0.609595	0.673484	8
1.01	0.741732	0.500709	0.597843	0.058895	0.031078	0.040686	0.743464	0.602334	0.665499	9
1.01	0.732443	0.495259	0.590939	0.058354	0.031181	0.040644	0.734464	0.595351	0.657631	9
1.01	0.724043	0.489957	0.584432	0.058300	0.031177	0.040628	0.725929	0.589048	0.650364	9
1.01	0.713640	0.483238	0.576262	0.058027	0.031301	0.040666	0.715311	0.580522	0.640906	9
1.01	0.712885	0.483312	0.576069	0.057985	0.031568	0.040881	0.714474	0.580698	0.640678	9
1.02	0.708933	0.481744	0.573664	0.058054	0.032513	0.041682	0.709733	0.577887	0.637060	9
1.02	0.709249	0.482118	0.574032	0.058114	0.032838	0.041964	0.709677	0.578073	0.637150	9
1.02	0.709189	0.482342	0.574171	0.058290	0.033082	0.042209	0.709361	0.578300	0.637160	9
1.02	0.712500	0.485179	0.577266	0.058267	0.033459	0.042508	0.712373	0.581963	0.640598	9
1.02	0.715663	0.487867	0.580207	0.058452	0.033921	0.042930	0.715385	0.585195	0.643774	9
1.02	0.715677	0.488464	0.580634	0.058075	0.034206	0.043053	0.715200	0.586385	0.644418	9
1.02	0.715831	0.489211	0.581212	0.057925	0.034616	0.043335	0.715144	0.586961	0.644743	9
1.02	0.715596	0.489211	0.581134	0.057631	0.034556	0.043205	0.714976	0.587500	0.645000	9
1.02	0.719218	0.491525	0.583962	0.058044	0.034476	0.043258	0.718509	0.590978	0.648533	9
1.02	0.722356	0.493616	0.586472	0.058463	0.034785	0.043618	0.721429	0.593237	0.651083	9
1.02	0.725445	0.495781	0.589018	0.058469	0.034937	0.043739	0.724274	0.595654	0.653698	9
1.02	0.721202	0.492720	0.585459	0.058232	0.034780	0.043549	0.719978	0.591508	0.649451	9
1.02	0.720747	0.492571	0.585204	0.063668	0.035021	0.045187	0.719476	0.591173	0.649045	9
1.02	0.724123	0.494661	0.587792	0.061999	0.035168	0.044879	0.722823	0.592995	0.651504	9
1.02	0.720826	0.492571	0.585230	0.062035	0.035536	0.045187	0.719421	0.590029	0.648332	9
1.02	0.709262	0.484880	0.575990	0.062808	0.035795	0.045601	0.707762	0.579635	0.637322	9
1.02	0.705799	0.482566	0.573215	0.064344	0.036601	0.046660	0.704024	0.575256	0.633159	9
1.02	0.699542	0.478758	0.568465	0.075972	0.038535	0.051134	0.697497	0.569752	0.627186	10
1.02	0.694562	0.475920	0.564821	0.070608	0.040370	0.051370	0.692514	0.565261	0.622450	10
1.03	0.685584	0.470843	0.558275	0.068497	0.041400	0.051607	0.683477	0.558622	0.614774	10
1.03	0.681759	0.468827	0.555590	0.068262	0.042265	0.052206	0.679683	0.555833	0.611551	10
1.03	0.682607	0.470022	0.556710	0.067764	0.042433	0.052187	0.680855	0.557683	0.613144	10
1.03	0.686952	0.473680	0.560721	0.067419	0.042656	0.052252	0.685596	0.562546	0.618006	10
1.03	0.688867	0.474950	0.562249	0.067526	0.042486	0.052157	0.687623	0.564545	0.620035	10
1.03	0.695064	0.479430	0.567452	0.067708	0.042462	0.052193	0.694206	0.570709	0.626429	10
1.03	0.703945	0.485029	0.574334	0.067975	0.042448	0.052261	0.702964	0.578249	0.634537	10
1.03	0.710118	0.488912	0.579110	0.069562	0.042468	0.052739	0.709100	0.583233	0.640037	10
1.03	0.711340	0.489435	0.579883	0.073550	0.042515	0.053883	0.710012	0.583586	0.640621	10
1.03	0.715046	0.491824	0.582791	0.070331	0.042313	0.052838	0.713861	0.587101	0.644305	10
1.03	0.704701	0.484656	0.574323	0.069666	0.042235	0.052588	0.703355	0.577840	0.634449	10
1.03	0.690489	0.475398	0.563102	0.070431	0.042374	0.052913	0.688906	0.566665	0.621835	10
1.03	0.682853	0.470395	0.557054	0.069930	0.042449	0.052829	0.681078	0.560305	0.614817	10
1.03	0.681882	0.469574	0.556155	0.069841	0.042375	0.052747	0.680074	0.559338	0.613825	10
1.03	0.679818	0.468304	0.554578	0.069752	0.042546	0.052853	0.677898	0.557395	0.611769	10
1.03	0.678111	0.467483	0.553434	0.069421	0.042590	0.052792	0.676280	0.556391	0.610505	10
1.03	0.675758	0.466214	0.551761	0.069020	0.042606	0.052688	0.674049	0.554569	0.608499	10
1.03	0.673514	0.465168	0.550280	0.068471	0.042574	0.052503	0.672152	0.553211	0.606909	10
1.03	0.673542	0.465691	0.550656	0.068340	0.042732	0.052584	0.672375	0.553286	0.607045	10
1.03	0.673962	0.466736	0.551526	0.068093	0.043081	0.052773	0.673212	0.553899	0.607755	10
1.04	0.676993	0.469947	0.554782	0.064709	0.043930	0.052332	0.676661	0.557622	0.611401	10
1.04	0.680936	0.473904	0.558862	0.064664	0.044320	0.052593	0.681180	0.561890	0.615811	10
1.04	0.689836	0.480923	0.566740	0.064013	0.044729	0.052661	0.690831	0.570360	0.624841	10
1.04	0.694872	0.485627	0.571705	0.064650	0.045397	0.053339	0.696540	0.574395	0.629598	10
1.05	0.699351	0.490480	0.576582	0.064323	0.046116	0.053719	0.701960	0.579146	0.634666	10
1.05	0.701198	0.493765	0.579478	0.062833	0.046402	0.053382	0.705103	0.581414	0.637313	10
1.06	0.699620	0.494587	0.579502	0.062887	0.046753	0.053633	0.704545	0.580689	0.636649	10
1.06	0.694974	0.492496	0.576473	0.062698	0.046834	0.053617	0.700407	0.576994	0.632739	10
1.06	0.694459	0.493168	0.576755	0.062344	0.047640	0.054009	0.700296	0.575817	0.631985	10
1.06	0.692008	0.491376	0.574685	0.062258	0.047918	0.054155	0.697674	0.572885	0.629151	10
1.06	0.687191	0.488315	0.570930	0.061913	0.047914	0.054021	0.692802	0.568831	0.624726	10
1.06	0.685271	0.487717	0.569858	0.063002	0.048449	0.054776	0.690980	0.567808	0.623368	10
1.06	0.687349	0.489659	0.571902	0.062687	0.048457	0.054661	0.693484	0.570207	0.625833	10
1.07	0.690327	0.492347	0.574766	0.061883	0.048906	0.054634	0.696850	0.572554	0.628617	10
1.07	0.689110	0.491376	0.573683	0.061910	0.049050	0.054735	0.695400	0.571410	0.627337	10
1.07	0.686833	0.489957	0.571927	0.061757	0.049248	0.054797	0.693057	0.569077	0.624977	10
1.06	0.688077	0.489509	0.572052	0.066151	0.049346	0.056526	0.693475	0.568017	0.624507	10
1.06	0.686555	0.488016	0.570506	0.065770	0.049233	0.056313	0.691392	0.566027	0.622460	10
1.06	0.679123	0.483088	0.564572	0.065600	0.049139	0.056189	0.683741	0.559956	0.615688	10
1.06	0.670231	0.477414	0.557624	0.065631	0.049263	0.056281	0.674703	0.552676	0.607624	10
1.07	0.659788	0.470320	0.549172	0.065432	0.049392	0.056291	0.663677	0.544624	0.598285	10
1.07	0.650115	0.463376	0.541087	0.065156	0.049038	0.055959	0.653245	0.536582	0.589194	10
1.07	0.644780	0.459718	0.536745	0.064632	0.048864	0.055653	0.647555	0.532510	0.584424	10
1.07	0.641235	0.457478	0.533990	0.064902	0.049052	0.055875	0.643631	0.529943	0.581281	10
1.07	0.639444	0.456582	0.532758	0.065017	0.048999	0.055883	0.641716	0.529906	0.580476	10
1.07	0.640627	0.458000	0.534134	0.065191	0.049174	0.056061	0.642850	0.532361	0.582412	10
1.07	0.639479	0.458374	0.533989	0.065203	0.049347	0.056178	0.642106	0.533988	0.583077	10
1.07	0.638978	0.459494	0.534573	0.065169	0.049304	0.056137	0.642311	0.535788	0.584234	10
1.08	0.640315	0.462032	0.536757	0.065232	0.049238	0.056117	0.644821	0.539931	0.587733	10
1.08	0.637867	0.460838	0.535090	0.065213	0.049109	0.056027	0.642404	0.538908	0.586122	10
1.08	0.635230	0.460166	0.533709	0.061319	0.049112	0.054540	0.640535	0.537951	0.584778	10
1.09	0.632055	0.459046	0.531834	0.061504	0.049288	0.054722	0.637588	0.536221	0.582528	10
1.09	0.633323	0.460912	0.533535	0.061613	0.049541	0.054922	0.639280	0.538341	0.584485	10
1.09	0.635759	0.463824	0.536350	0.061791	0.050021	0.055287	0.642488	0.542013	0.587989	10
1.09	0.645429	0.471216	0.544733	0.061976	0.049963	0.055325	0.653124	0.550762	0.597592	10
1.09	0.649852	0.475174	0.548952	0.062075	0.050175	0.055494	0.658368	0.555355	0.602490	10
1.09	0.662750	0.484358	0.559682	0.062279	0.050174	0.055575	0.672463	0.567033	0.615264	10
1.09	0.674714	0.492496	0.569382	0.062424	0.050073	0.055571	0.685581	0.577362	0.626835	10
1.09	0.685571	0.499141	0.577688	0.062528	0.050014	0.055575	0.696943	0.585756	0.636531	10
1.08	0.703147	0.510416	0.591477	0.062871	0.049833	0.055598	0.715211	0.600363	0.652774	10
1.08	0.722956	0.522960	0.606906	0.063194	0.049877	0.055752	0.735444	0.615685	0.670257	10
1.08	0.736036	0.531322	0.617146	0.063392	0.049816	0.055790	0.748981	0.626368	0.682209	10
1.08	0.748236	0.538341	0.626167	0.063704	0.049755	0.055872	0.761068	0.634856	0.692256	10
1.07	0.758474	0.544688	0.634045	0.064091	0.049856	0.056085	0.771351	0.643382	0.701579	10
1.07	0.758997	0.544837	0.634329	0.063995	0.049791	0.056007	0.771927	0.643698	0.702005	10
1.07	0.758036	0.544090	0.633487	0.063946	0.049782	0.055982	0.770886	0.642806	0.701044	10
1.07	0.757683	0.543045	0.632655	0.063984	0.049798	0.056007	0.769938	0.641374	0.699800	10
1.07	0.756906	0.542149	0.631776	0.063850	0.049797	0.055955	0.768989	0.639812	0.698478	10
1.07	0.752111	0.538714	0.627773	0.065094	0.049791	0.056423	0.763922	0.635061	0.693557	10
1.07	0.749844	0.536922	0.625767	0.065118	0.049911	0.056509	0.761244	0.632671	0.691028	10
1.07	0.745076	0.533786	0.621977	0.063409	0.049757	0.055760	0.756400	0.628636	0.686625	10
1.07	0.735808	0.528410	0.615097	0.063152	0.049695	0.055621	0.747289	0.622156	0.679005	10
1.08	0.722798	0.520794	0.605390	0.062714	0.049616	0.055402	0.734624	0.612208	0.667852	10
1.08	0.707705	0.511611	0.593890	0.061279	0.049989	0.055061	0.719915	0.600130	0.654588	10
1.09	0.683280	0.496453	0.575073	0.060737	0.050580	0.055195	0.694979	0.579862	0.632223	10
1.09	0.661754	0.482790	0.558280	0.059619	0.050736	0.054820	0.673223	0.562085	0.612655	10
1.09	0.641829	0.469499	0.542303	0.059691	0.050846	0.054915	0.652732	0.544494	0.593720	10
1.10	0.628688	0.461435	0.532231	0.060018	0.051253	0.055290	0.639436	0.533486	0.581676	10
1.10	0.616548	0.453446	0.522566	0.060048	0.051372	0.055372	0.626671	0.523385	0.570390	10
1.10	0.610102	0.449115	0.517375	0.060147	0.051495	0.055485	0.620032	0.517602	0.564206	10
1.10	0.608920	0.448518	0.516553	0.060397	0.051216	0.055429	0.619130	0.517072	0.563518	10
1.10	0.612880	0.451206	0.519761	0.060427	0.051029	0.055332	0.623389	0.521014	0.567622	10
1.10	0.612233	0.450683	0.519181	0.059957	0.050871	0.055042	0.622738	0.520847	0.567253	10
1.10	0.615009	0.451579	0.520773	0.059696	0.050952	0.054979	0.625139	0.522204	0.569054	10
1.09	0.629690	0.459867	0.531544	0.059006	0.050351	0.054336	0.639633	0.534471	0.582343	10
1.09	0.642777	0.468080	0.541692	0.059244	0.050082	0.054279	0.652947	0.545703	0.594527	10
1.09	0.649015	0.472187	0.546657	0.059300	0.049936	0.054216	0.659139	0.551039	0.600261	10
1.08	0.660047	0.478982	0.555123	0.059426	0.049869	0.054229	0.670203	0.559761	0.610023	10
1.08	0.669174	0.484955	0.562362	0.059952	0.049509	0.054233	0.679454	0.568054	0.618780	10
1.08	0.679204	0.492123	0.570723	0.060118	0.049422	0.054248	0.690174	0.577240	0.628676	10
1.08	0.687300	0.498245	0.577699	0.060386	0.049515	0.054413	0.699202	0.584678	0.636832	10
1.08	0.695894	0.504891	0.585201	0.060233	0.049769	0.054504	0.708686	0.593008	0.645707	10
1.09	0.704510	0.511984	0.593012	0.060732	0.049922	0.054799	0.718141	0.601748	0.654813	10
1.09	0.710532	0.518853	0.599750	0.060932	0.050154	0.055020	0.725968	0.609976	0.662937	11
1.10	0.710208	0.522064	0.601773	0.060893	0.050655	0.055304	0.727658	0.613426	0.665677	11
1.11	0.703651	0.520869	0.598618	0.060994	0.051237	0.055691	0.722758	0.611073	0.662240	11
1.11	0.695709	0.518106	0.593915	0.061383	0.051943	0.056270	0.715711	0.607810	0.657362	11
1.12	0.690947	0.516315	0.591000	0.061160	0.051987	0.056202	0.711609	0.604639	0.653778	11
1.12	0.690659	0.517285	0.591530	0.060810	0.052244	0.056202	0.711774	0.604983	0.654048	11
1.12	0.689048	0.517210	0.590890	0.060217	0.052706	0.056211	0.710612	0.603607	0.652754	11
1.12	0.694160	0.520944	0.595206	0.060338	0.052777	0.056305	0.716228	0.607726	0.657531	11
1.12	0.698642	0.522586	0.597924	0.060337	0.052545	0.056172	0.720356	0.608823	0.659910	11
1.11	0.706012	0.526096	0.602918	0.060362	0.052484	0.056148	0.727173	0.612012	0.664641	11
1.11	0.719738	0.533637	0.612871	0.060716	0.052900	0.056539	0.739650	0.620296	0.674736	11
1.10	0.728017	0.537818	0.618628	0.060730	0.052864	0.056525	0.746698	0.624713	0.680280	11
1.10	0.734746	0.541253	0.623329	0.060729	0.052889	0.056538	0.752471	0.628450	0.684892	11
1.10	0.741912	0.544538	0.628084	0.061052	0.052980	0.056731	0.758470	0.632123	0.689556	11
1.10	0.744629	0.546032	0.630051	0.060986	0.053074	0.056756	0.760952	0.633722	0.691534	11
1.10	0.742063	0.544538	0.628138	0.060903	0.053068	0.056716	0.758740	0.632244	0.689740	11
1.10	0.739819	0.543941	0.626936	0.060878	0.053094	0.056720	0.757204	0.631937	0.688922	11
1.10	0.732976	0.541701	0.622987	0.060633	0.053053	0.056590	0.752155	0.629975	0.685665	11
1.11	0.716036	0.532442	0.610740	0.059451	0.053346	0.056233	0.736134	0.618288	0.672084	11
1.12	0.699473	0.525349	0.600034	0.059032	0.054512	0.056682	0.721341	0.608637	0.660214	11
1.13	0.683338	0.517210	0.588780	0.058881	0.054719	0.056724	0.706159	0.598568	0.647927	11
1.14	0.658446	0.504368	0.571199	0.057573	0.055270	0.056398	0.683408	0.582694	0.629045	11
1.15	0.645714	0.497797	0.562189	0.057356	0.055476	0.056400	0.671274	0.574140	0.618919	11
1.16	0.640521	0.495707	0.558885	0.057750	0.055584	0.056646	0.667094	0.572314	0.616080	11
1.16	0.641135	0.496229	0.559451	0.057817	0.055324	0.056543	0.668126	0.573467	0.617188	11
1.16	0.641637	0.496379	0.559737	0.057803	0.055397	0.056575	0.669019	0.574685	0.618274	11
