
Fri Aug 20 20:04:37 2021
2943.94	0.000836	0.470813	0.001668	0.000842	0.038991	0.001649	0.000835	0.458184	0.001668	5643
1.04	0.504812	0.097736	0.163766	0.000976	0.000490	0.000653	0.499666	0.130169	0.206533	17
1.12	0.581582	0.121215	0.200617	0.002184	0.000892	0.001266	0.571897	0.154334	0.243072	25
1.29	0.603261	0.144787	0.233526	0.003560	0.001432	0.002042	0.573340	0.177311	0.270857	39
1.36	0.621741	0.157738	0.251635	0.005565	0.001943	0.002881	0.584956	0.188563	0.285193	62
1.48	0.626314	0.172086	0.269990	0.007589	0.002630	0.003907	0.587850	0.201362	0.299971	94
1.59	0.617369	0.182801	0.282079	0.009130	0.003114	0.004644	0.574438	0.211429	0.309092	133
1.63	0.610533	0.185782	0.284877	0.010872	0.003630	0.005442	0.575121	0.213927	0.311854	169
1.75	0.593410	0.192956	0.291218	0.011138	0.004045	0.005935	0.564173	0.220365	0.316936	204
1.76	0.585971	0.191466	0.288624	0.012142	0.004450	0.006513	0.550107	0.218422	0.312690	232
1.81	0.576009	0.194168	0.290433	0.012878	0.004710	0.006898	0.543552	0.220957	0.314193	276
1.84	0.569139	0.195192	0.290690	0.013888	0.005191	0.007557	0.535378	0.221384	0.313240	305
1.93	0.560912	0.201621	0.296621	0.014344	0.005889	0.008350	0.531518	0.227185	0.318314	325
1.96	0.554106	0.201808	0.295861	0.013383	0.005603	0.007899	0.525028	0.228325	0.318249	328
2.02	0.546489	0.205907	0.299113	0.014648	0.006265	0.008776	0.519655	0.231344	0.320158	365
2.07	0.537252	0.206932	0.298783	0.013839	0.006309	0.008667	0.514429	0.233285	0.321001	355
2.13	0.531265	0.210566	0.301595	0.014578	0.006281	0.008780	0.507759	0.235359	0.321633	378
2.11	0.526841	0.206652	0.296861	0.014722	0.006460	0.008979	0.511024	0.232820	0.319897	394
2.22	0.510259	0.210845	0.298391	0.015041	0.006653	0.009225	0.486202	0.235634	0.317429	403
2.24	0.509379	0.212522	0.299915	0.015155	0.006829	0.009415	0.491678	0.237327	0.320131	421
2.23	0.510190	0.212243	0.299776	0.015053	0.006997	0.009553	0.494706	0.237880	0.321275	420
2.27	0.505062	0.213827	0.300452	0.015898	0.007134	0.009849	0.489463	0.238620	0.320831	430
2.24	0.502793	0.209634	0.295897	0.015234	0.007014	0.009606	0.486894	0.235394	0.317358	425
2.37	0.491328	0.216435	0.300498	0.014900	0.006866	0.009400	0.475480	0.240387	0.319331	433
2.34	0.490687	0.213547	0.297585	0.015260	0.007072	0.009665	0.477346	0.237878	0.317523	448
2.33	0.490348	0.212988	0.296980	0.015493	0.007310	0.009933	0.470034	0.235328	0.313632	438
2.36	0.487147	0.213640	0.297021	0.015732	0.007198	0.009877	0.470187	0.236755	0.314931	440
2.34	0.486822	0.211684	0.295065	0.015418	0.007153	0.009772	0.467737	0.232883	0.310948	435
2.39	0.485744	0.215876	0.298910	0.015477	0.007538	0.010138	0.467657	0.238906	0.316252	442
2.38	0.479680	0.212243	0.294277	0.015481	0.007184	0.009813	0.463909	0.235441	0.312356	449
2.44	0.475839	0.216528	0.297624	0.015089	0.007243	0.009787	0.457455	0.239712	0.314580	455
2.39	0.474733	0.210938	0.292091	0.014715	0.007228	0.009694	0.455902	0.233875	0.309155	462

Sat Aug 21 03:34:57 2021
2899.35	0.001021	0.566507	0.002038	0.001098	0.039265	0.002135	0.001022	0.593515	0.002040	5603
1.03	0.498062	0.095779	0.160663	0.001420	0.000503	0.000742	0.489907	0.126993	0.201701	18
1.12	0.579723	0.120935	0.200123	0.002170	0.000895	0.001267	0.562938	0.152655	0.240179	22
1.26	0.611354	0.143483	0.232418	0.003474	0.001380	0.001976	0.585185	0.177520	0.272404	36
1.39	0.628974	0.162210	0.257907	0.005885	0.002070	0.003063	0.593675	0.194825	0.293374	67
1.48	0.624283	0.172459	0.270258	0.007391	0.002805	0.004066	0.589977	0.203952	0.303118	104
1.63	0.611026	0.184850	0.283834	0.010084	0.003530	0.005230	0.567488	0.215806	0.312699	136
1.61	0.614764	0.184664	0.284015	0.011143	0.003891	0.005768	0.578951	0.214555	0.313084	174
1.72	0.598891	0.191279	0.289951	0.013466	0.004528	0.006777	0.566577	0.220842	0.317807	221
1.75	0.591130	0.192490	0.290413	0.013554	0.004532	0.006793	0.559829	0.222488	0.318427	241
1.84	0.574538	0.196776	0.293150	0.013606	0.004846	0.007147	0.544541	0.224235	0.317662	269
1.89	0.569043	0.200037	0.296015	0.014750	0.005560	0.008076	0.550888	0.228364	0.322882	312
1.90	0.564372	0.200130	0.295481	0.015244	0.005574	0.008163	0.541820	0.228159	0.321103	325
1.96	0.551099	0.200969	0.294531	0.015411	0.006140	0.008781	0.525744	0.228223	0.318281	347
2.02	0.540935	0.203764	0.296021	0.015545	0.006316	0.008982	0.517791	0.229738	0.318265	355
2.01	0.540743	0.202180	0.294317	0.015683	0.006755	0.009443	0.521077	0.230396	0.319516	372
2.07	0.528489	0.203950	0.294319	0.015022	0.006472	0.009046	0.505363	0.230002	0.316128	386
2.16	0.518114	0.207864	0.296695	0.015270	0.006988	0.009588	0.493676	0.233563	0.317102	399
2.16	0.517576	0.208516	0.297270	0.015659	0.007217	0.009880	0.497628	0.234339	0.318631	398
2.24	0.511623	0.213267	0.301046	0.015634	0.007244	0.009900	0.492910	0.237231	0.320304	412
2.27	0.506067	0.213733	0.300537	0.016210	0.007764	0.010499	0.486112	0.237309	0.318925	420
2.22	0.505760	0.208609	0.295383	0.015349	0.007383	0.009970	0.483670	0.232902	0.314407	419
2.24	0.504478	0.209913	0.296467	0.015746	0.007280	0.009957	0.484144	0.233002	0.314599	423
2.31	0.497397	0.213640	0.298899	0.016305	0.007877	0.010622	0.480656	0.236375	0.316905	440
2.32	0.494295	0.213920	0.298608	0.015924	0.007987	0.010638	0.476075	0.237897	0.317258	434
2.28	0.491013	0.208702	0.292906	0.015380	0.007496	0.010079	0.473727	0.231374	0.310901	448
2.37	0.480973	0.211963	0.294251	0.015638	0.007720	0.010337	0.462942	0.235285	0.311999	459
2.36	0.484759	0.213361	0.296306	0.016435	0.008231	0.010969	0.461781	0.236956	0.313199	454
2.40	0.474672	0.212149	0.293239	0.015601	0.008095	0.010659	0.453133	0.234436	0.309003	456
2.35	0.483500	0.211590	0.294362	0.015865	0.007921	0.010566	0.466808	0.235440	0.313010	448
2.41	0.474045	0.212708	0.293652	0.015420	0.007837	0.010392	0.452583	0.233206	0.307806	456
2.40	0.473322	0.211590	0.292447	0.015348	0.007769	0.010316	0.456604	0.233452	0.308946	464
