
Thu Sep  2 11:19:45 2021
44.74	0.016987	0.550725	0.032958	0.014105	0.066455	0.023271	0.016846	0.550833	0.032691	89
39.76	0.016113	0.428731	0.031058	0.016545	0.343530	0.031569	0.015746	0.411802	0.030333	89
35.32	0.017747	0.419548	0.034054	0.016927	0.318402	0.032145	0.017233	0.406603	0.033064	89
31.13	0.019856	0.413649	0.037893	0.017493	0.291981	0.033009	0.019377	0.404465	0.036982	89
27.25	0.022333	0.407228	0.042344	0.018092	0.270777	0.033918	0.022203	0.401638	0.042080	89
23.72	0.025345	0.402300	0.047685	0.018676	0.239949	0.034655	0.026172	0.399834	0.049128	89
20.53	0.028906	0.397222	0.053891	0.019193	0.204833	0.035098	0.030991	0.397045	0.057495	89
17.61	0.033458	0.394236	0.061681	0.020011	0.195520	0.036306	0.037764	0.397315	0.068973	89
15.04	0.038579	0.388412	0.070186	0.020702	0.146474	0.036276	0.046423	0.394206	0.083065	89
12.75	0.044825	0.382439	0.080245	0.021649	0.132754	0.037227	0.058398	0.391842	0.101647	89
10.70	0.052177	0.373628	0.091566	0.022365	0.113454	0.037364	0.072264	0.386446	0.121759	89
8.96	0.060523	0.363025	0.103749	0.023223	0.101274	0.037782	0.086679	0.378692	0.141068	89
7.40	0.070904	0.351004	0.117976	0.024418	0.091325	0.038533	0.103796	0.369376	0.162055	89
6.08	0.081964	0.333756	0.131608	0.025120	0.080292	0.038268	0.119143	0.353585	0.178230	89
4.94	0.095361	0.315538	0.146459	0.026017	0.066846	0.037456	0.135647	0.336738	0.193391	89
4.03	0.110991	0.299111	0.161904	0.026789	0.055834	0.036206	0.154316	0.321881	0.208616	89
3.28	0.128761	0.282461	0.176887	0.026982	0.047442	0.034400	0.171045	0.306726	0.219619	89
2.67	0.148832	0.265960	0.190859	0.028409	0.040156	0.033276	0.188838	0.289944	0.228715	89
2.20	0.172801	0.254835	0.205950	0.030565	0.036993	0.033473	0.208254	0.278852	0.238437	87
1.84	0.197733	0.243560	0.218267	0.031088	0.028869	0.029937	0.227050	0.268095	0.245871	82
1.58	0.220569	0.232510	0.226382	0.033981	0.026727	0.029920	0.241722	0.256770	0.249019	78
1.38	0.241875	0.223400	0.232271	0.037184	0.023755	0.028990	0.254745	0.247975	0.251314	73
1.24	0.257595	0.213992	0.233778	0.040476	0.021197	0.027823	0.262911	0.238836	0.250296	66
1.16	0.269981	0.208840	0.235507	0.038818	0.019443	0.025909	0.270660	0.234178	0.251101	58
1.10	0.277721	0.204211	0.235360	0.040709	0.018268	0.025219	0.276396	0.230152	0.251163	50
1.06	0.277625	0.196595	0.230188	0.037461	0.016923	0.023314	0.275112	0.223041	0.246355	46
1.04	0.274442	0.190099	0.224614	0.037052	0.016158	0.022503	0.272009	0.216449	0.241069	42
1.02	0.271275	0.185171	0.220102	0.037515	0.015554	0.021991	0.269225	0.211912	0.237155	37
1.01	0.261747	0.177182	0.211318	0.036605	0.015111	0.021392	0.260114	0.202624	0.227798	34
1.01	0.248864	0.167700	0.200375	0.032969	0.014576	0.020215	0.247592	0.191625	0.216043	31
1.00	0.238497	0.160233	0.191684	0.032160	0.014214	0.019715	0.237606	0.183545	0.207106	26
1.00	0.228664	0.153438	0.183646	0.033165	0.013878	0.019568	0.228086	0.175698	0.198494	23
1.00	0.220836	0.147988	0.177217	0.035483	0.013677	0.019744	0.220462	0.169859	0.191881	20
1.00	0.210591	0.141044	0.168940	0.039825	0.013393	0.020045	0.210476	0.161473	0.182747	19
1.00	0.200491	0.134249	0.160816	0.044443	0.013038	0.020161	0.200435	0.153673	0.173966	14
1.00	0.192325	0.128724	0.154225	0.039381	0.012745	0.019257	0.192346	0.147862	0.167196	12
1.00	0.184536	0.123497	0.147969	0.027777	0.012478	0.017220	0.184536	0.141907	0.160439	7
1.00	0.180074	0.120511	0.144391	0.028674	0.012356	0.017270	0.180074	0.138170	0.156363	7
1.00	0.177842	0.119017	0.142602	0.028510	0.012274	0.017160	0.177842	0.136403	0.154391	5
1.00	0.172933	0.115732	0.138665	0.028619	0.012157	0.017065	0.172933	0.132629	0.150123	5
1.00	0.166462	0.111401	0.133476	0.028616	0.011968	0.016877	0.166462	0.127599	0.144462	4
1.00	0.163673	0.109535	0.131240	0.027707	0.011890	0.016639	0.163673	0.125237	0.141898	4
1.00	0.164454	0.110057	0.131866	0.027370	0.011877	0.016566	0.164454	0.126241	0.142836	4
1.00	0.165681	0.110879	0.132850	0.025545	0.011871	0.016209	0.165681	0.127506	0.144108	4
1.00	0.165904	0.111028	0.133029	0.022519	0.011839	0.015519	0.165904	0.128064	0.144548	4
1.00	0.171036	0.114463	0.137144	0.022418	0.011903	0.015549	0.171036	0.132768	0.149492	4
1.00	0.178846	0.119689	0.143407	0.022431	0.012012	0.015646	0.178846	0.139248	0.156583	4
1.00	0.189892	0.127081	0.152263	0.022561	0.012151	0.015795	0.189892	0.148723	0.166804	4
1.00	0.202053	0.135220	0.162015	0.019854	0.012286	0.015179	0.202053	0.159433	0.178231	4
1.00	0.222693	0.149033	0.178565	0.020112	0.012551	0.015456	0.222693	0.178047	0.197883	3
1.00	0.283834	0.189950	0.227590	0.020647	0.013370	0.016230	0.283834	0.232958	0.255891	3
1.00	0.400870	0.268274	0.321435	0.021300	0.014724	0.017412	0.400870	0.336089	0.365632	3
1.00	0.610845	0.408796	0.489801	0.022674	0.015987	0.018752	0.610845	0.521340	0.562554	3
1.00	0.663952	0.444337	0.532385	0.012940	0.012062	0.012486	0.663952	0.574650	0.616081	2
1.00	0.657927	0.440305	0.527554	0.007395	0.011236	0.008919	0.657927	0.570196	0.610928	2
1.00	0.657927	0.440305	0.527554	0.007392	0.011236	0.008918	0.657927	0.570196	0.610928	1
1.00	0.657927	0.440305	0.527554	0.007392	0.011236	0.008918	0.657927	0.570196	0.610928	1
1.00	0.657927	0.440305	0.527554	0.007392	0.011236	0.008918	0.657927	0.570196	0.610928	1
1.00	0.657927	0.440305	0.527554	0.007392	0.011236	0.008918	0.657927	0.570196	0.610928	1
1.00	0.657927	0.440305	0.527554	0.007392	0.011236	0.008918	0.657927	0.570196	0.610928	1
1.00	0.657927	0.440305	0.527554	0.007392	0.011236	0.008918	0.657927	0.570196	0.610928	1
1.00	0.657927	0.440305	0.527554	0.007392	0.011236	0.008918	0.657927	0.570196	0.610928	1
1.00	0.657927	0.440305	0.527554	0.007392	0.011236	0.008918	0.657927	0.570196	0.610928	1
1.00	0.657927	0.440305	0.527554	0.007392	0.011236	0.008918	0.657927	0.570196	0.610928	1
1.00	0.657927	0.440305	0.527554	0.007392	0.011236	0.008918	0.657927	0.570196	0.610928	1
1.00	0.657927	0.440305	0.527554	0.007392	0.011236	0.008918	0.657927	0.570196	0.610928	1
1.00	0.657927	0.440305	0.527554	0.007392	0.011236	0.008918	0.657927	0.570196	0.610928	1
1.00	0.657927	0.440305	0.527554	0.007392	0.011236	0.008918	0.657927	0.570196	0.610928	1
1.00	0.657927	0.440305	0.527554	0.007392	0.011236	0.008918	0.657927	0.570196	0.610928	1
1.00	0.657927	0.440305	0.527554	0.007392	0.011236	0.008918	0.657927	0.570196	0.610928	1
1.00	0.675555	0.452102	0.541689	0.013413	0.013747	0.013578	0.675555	0.581303	0.624895	2
1.00	0.456209	0.305309	0.365808	0.010497	0.015371	0.012475	0.456209	0.383571	0.416749	2
1.00	0.217338	0.145449	0.174271	0.008990	0.012457	0.010443	0.217338	0.174188	0.193385	2
1.00	0.156086	0.104458	0.125157	0.007952	0.011676	0.009461	0.156086	0.120533	0.136025	2
1.00	0.136673	0.091466	0.109590	0.006978	0.011393	0.008655	0.136673	0.103332	0.117687	2
1.00	0.129979	0.086986	0.104223	0.006633	0.011279	0.008353	0.129979	0.097605	0.111489	2
1.00	0.127971	0.085642	0.102612	0.006757	0.011252	0.008444	0.127971	0.095857	0.109610	2
1.00	0.127747	0.085492	0.102433	0.006708	0.011256	0.008407	0.127747	0.095634	0.109382	2
1.00	0.127747	0.085492	0.102433	0.006415	0.011256	0.008172	0.127747	0.095634	0.109382	2
1.00	0.128082	0.085716	0.102702	0.006902	0.011254	0.008556	0.128082	0.095969	0.109724	2
1.00	0.128305	0.085866	0.102881	0.006589	0.011250	0.008311	0.128305	0.096117	0.109903	2
1.00	0.130537	0.087359	0.104670	0.006917	0.011288	0.008578	0.130537	0.098051	0.111986	2
1.00	0.132433	0.088628	0.106191	0.006913	0.011320	0.008584	0.132433	0.099650	0.113727	2
1.00	0.135892	0.090943	0.108964	0.007030	0.011380	0.008691	0.135892	0.102774	0.117035	2
1.00	0.139351	0.093258	0.111737	0.007355	0.011431	0.008951	0.139351	0.105787	0.120271	2
1.00	0.144260	0.096543	0.115674	0.007705	0.011498	0.009227	0.144260	0.110491	0.125137	2
1.00	0.159210	0.106548	0.127661	0.008195	0.011713	0.009643	0.159210	0.123415	0.139046	2
1.00	0.182974	0.122452	0.146717	0.008699	0.012031	0.010097	0.182974	0.144130	0.161246	2
1.00	0.230949	0.154558	0.185185	0.009251	0.012625	0.010678	0.230949	0.187037	0.206687	2
1.00	0.323441	0.216456	0.259349	0.009937	0.013859	0.011575	0.323441	0.269673	0.294120	2
1.00	0.478077	0.319943	0.383342	0.010649	0.015648	0.012673	0.478077	0.403317	0.437526	2
1.00	0.608613	0.407302	0.488012	0.011547	0.016414	0.013557	0.608613	0.518569	0.559995	2
1.00	0.646547	0.432689	0.518429	0.012076	0.016323	0.013882	0.646547	0.553741	0.596556	2
1.00	0.663171	0.443814	0.531759	0.023671	0.015892	0.019017	0.663171	0.568863	0.612407	3
1.00	0.679014	0.454416	0.544462	0.024986	0.013976	0.017926	0.679014	0.584334	0.628126	3
1.00	0.672096	0.449787	0.538916	0.025268	0.012870	0.017053	0.672096	0.579661	0.622466	3
1.00	0.664286	0.444561	0.532653	0.025223	0.011940	0.016208	0.664286	0.574622	0.616209	3
1.00	0.658596	0.440753	0.528091	0.022535	0.011329	0.015078	0.658596	0.570735	0.611526	3
1.00	0.657927	0.440305	0.527554	0.018631	0.011245	0.014025	0.657927	0.570140	0.610896	3
1.00	0.658039	0.440379	0.527644	0.018631	0.011247	0.014027	0.658039	0.570252	0.611008	3
1.00	0.658039	0.440379	0.527644	0.018629	0.011247	0.014026	0.658039	0.570252	0.611008	2
1.00	0.658039	0.440379	0.527644	0.018629	0.011247	0.014026	0.658039	0.570252	0.611008	2
1.00	0.658039	0.440379	0.527644	0.018629	0.011247	0.014026	0.658039	0.570252	0.611008	2
1.00	0.658262	0.440529	0.527822	0.018633	0.011269	0.014044	0.658262	0.570363	0.611168	3
1.00	0.658262	0.440529	0.527822	0.018633	0.011269	0.014044	0.658262	0.570363	0.611168	3
1.00	0.658931	0.440977	0.528359	0.022396	0.011370	0.015083	0.658931	0.570903	0.611766	3
1.00	0.677005	0.453072	0.542852	0.025597	0.013374	0.017569	0.677005	0.582952	0.626468	3
1.00	0.670646	0.448817	0.537753	0.023066	0.016414	0.019180	0.670646	0.574562	0.618897	3
1.00	0.494031	0.330620	0.396135	0.020472	0.016288	0.018142	0.494031	0.416715	0.452091	3
1.00	0.353007	0.236243	0.283056	0.031074	0.014804	0.020054	0.353007	0.294014	0.320821	4
1.00	0.277920	0.185993	0.222848	0.030688	0.013978	0.019207	0.277920	0.227305	0.250077	4
1.00	0.261631	0.175091	0.209787	0.030378	0.013836	0.019012	0.261631	0.212085	0.234267	4
1.00	0.242218	0.162100	0.194221	0.030096	0.013713	0.018841	0.242218	0.193667	0.215238	4
1.00	0.221466	0.148212	0.177581	0.030058	0.013559	0.018688	0.221466	0.174635	0.195282	4
1.00	0.210867	0.141118	0.169082	0.030025	0.013534	0.018658	0.210867	0.164984	0.185125	4
1.00	0.205065	0.137236	0.164430	0.030131	0.013511	0.018656	0.205065	0.159945	0.179716	4
1.00	0.198148	0.132607	0.158884	0.030164	0.013509	0.018660	0.198148	0.153780	0.173167	4
1.00	0.195359	0.130740	0.156647	0.030357	0.013518	0.018706	0.195359	0.150982	0.170327	4
1.00	0.197702	0.132308	0.158526	0.029402	0.013603	0.018601	0.197702	0.152860	0.172413	4
1.00	0.200491	0.134175	0.160762	0.029678	0.013755	0.018798	0.200491	0.155036	0.174857	4
1.00	0.203280	0.136041	0.162999	0.029565	0.013760	0.018779	0.203280	0.157416	0.177432	4
1.00	0.217561	0.145598	0.174450	0.029534	0.013844	0.018852	0.217561	0.169902	0.190801	4
1.00	0.221689	0.148361	0.177760	0.029295	0.013798	0.018761	0.221689	0.173705	0.194785	4
1.00	0.253821	0.169865	0.203525	0.029386	0.014169	0.019119	0.253821	0.203001	0.225584	4
1.00	0.307933	0.206078	0.246914	0.029330	0.014756	0.019634	0.307933	0.253040	0.277801	4
1.00	0.353565	0.236616	0.283503	0.029133	0.015294	0.020058	0.353565	0.293168	0.320546	4
1.00	0.393395	0.263272	0.315441	0.029201	0.015707	0.020427	0.393395	0.327160	0.357233	4
1.00	0.460449	0.308146	0.369207	0.029190	0.016489	0.021074	0.460449	0.386290	0.420122	4
1.00	0.489791	0.327783	0.392736	0.029449	0.016775	0.021374	0.489791	0.411155	0.447042	4
1.00	0.526052	0.352050	0.421811	0.029657	0.017153	0.021735	0.526052	0.443217	0.481094	4
1.00	0.542341	0.362951	0.434872	0.029786	0.017267	0.021861	0.542341	0.457126	0.496100	4
1.00	0.564989	0.378108	0.453033	0.029774	0.017395	0.021960	0.564989	0.476818	0.517172	4
1.00	0.535423	0.358322	0.429325	0.029917	0.017374	0.021982	0.535423	0.450952	0.489571	4
1.00	0.508312	0.340178	0.407586	0.030024	0.017239	0.021903	0.508312	0.426490	0.463820	4
1.00	0.470936	0.315165	0.377617	0.028856	0.016930	0.021340	0.470936	0.394317	0.429234	4
1.00	0.462457	0.309490	0.370818	0.029015	0.016954	0.021403	0.462457	0.386573	0.421124	4
1.00	0.448734	0.300306	0.359814	0.029196	0.016856	0.021373	0.448734	0.374153	0.408064	4
1.00	0.473725	0.317031	0.379853	0.029456	0.017251	0.021759	0.473725	0.395628	0.431169	4
1.00	0.477407	0.319495	0.382805	0.029644	0.017413	0.021939	0.477407	0.398604	0.434461	4
1.00	0.473502	0.316882	0.379674	0.029906	0.017570	0.022135	0.473502	0.394764	0.430563	4
1.00	0.469039	0.313895	0.376096	0.030016	0.017761	0.022317	0.469039	0.390003	0.425886	4
1.00	0.481535	0.322258	0.386116	0.029785	0.018176	0.022575	0.481535	0.399840	0.436901	4
1.00	0.510209	0.341447	0.409107	0.029890	0.018618	0.022944	0.510209	0.424311	0.463312	4
1.00	0.568894	0.380721	0.456164	0.030133	0.019315	0.023540	0.568894	0.475060	0.517760	4
1.00	0.616646	0.412678	0.494453	0.030424	0.019821	0.024004	0.616646	0.516694	0.562263	4
1.00	0.628696	0.420742	0.504115	0.030523	0.019922	0.024109	0.628696	0.526838	0.573278	4
1.00	0.666183	0.445830	0.534174	0.031132	0.020052	0.024393	0.666183	0.559974	0.608479	4
1.00	0.686154	0.459195	0.550188	0.031780	0.019802	0.024400	0.686154	0.578569	0.627786	4
1.00	0.703782	0.470992	0.564323	0.032465	0.019672	0.024499	0.703782	0.594254	0.644397	4
1.00	0.714604	0.478235	0.573001	0.033413	0.018612	0.023908	0.714604	0.604407	0.654903	4
1.00	0.714493	0.478160	0.572911	0.033799	0.018158	0.023625	0.714493	0.604602	0.654970	4
1.00	0.716278	0.479355	0.574342	0.033846	0.018363	0.023808	0.716278	0.605606	0.656309	4
1.00	0.715497	0.478832	0.573716	0.033109	0.019514	0.024556	0.715497	0.603263	0.654604	4
1.00	0.709919	0.475099	0.569243	0.032868	0.020124	0.024964	0.709919	0.597564	0.648914	4
1.00	0.681022	0.455760	0.546073	0.032172	0.020599	0.025116	0.681022	0.571336	0.621376	4
1.00	0.645320	0.431867	0.517445	0.031570	0.020903	0.025152	0.645320	0.537474	0.586480	4
1.00	0.606940	0.406182	0.486670	0.031018	0.020857	0.024942	0.606940	0.503176	0.550208	4
1.00	0.588865	0.394086	0.472177	0.030875	0.020853	0.024893	0.588865	0.486859	0.533026	4
1.00	0.571795	0.382663	0.458490	0.030871	0.020910	0.024932	0.571795	0.471723	0.516960	4
1.00	0.541560	0.362428	0.434246	0.030558	0.020838	0.024778	0.541560	0.444356	0.488166	4
1.00	0.515787	0.345180	0.413580	0.030275	0.020746	0.024621	0.515787	0.420657	0.463390	4
1.00	0.506638	0.339058	0.406244	0.030229	0.020790	0.024636	0.506638	0.411750	0.454292	4
1.00	0.504407	0.337564	0.404455	0.030156	0.020857	0.024659	0.504407	0.409593	0.452082	4
1.00	0.499386	0.334204	0.400429	0.030032	0.020981	0.024704	0.499386	0.404526	0.446979	4
1.00	0.521589	0.349063	0.418232	0.029943	0.021412	0.024969	0.521589	0.422842	0.467053	4
1.00	0.542452	0.363025	0.434961	0.030052	0.021876	0.025320	0.542452	0.440665	0.486290	4
1.00	0.583398	0.390428	0.467794	0.030279	0.022486	0.025807	0.583398	0.475088	0.523702	4
1.00	0.597010	0.399537	0.478708	0.030465	0.022903	0.026148	0.597010	0.485808	0.535699	4
1.00	0.611514	0.409244	0.490338	0.030402	0.023249	0.026349	0.611514	0.497216	0.548474	4
1.00	0.634386	0.424550	0.508678	0.030493	0.023670	0.026652	0.634386	0.515449	0.568766	4
1.00	0.668080	0.447099	0.535695	0.030652	0.024043	0.026949	0.668080	0.543853	0.599599	4
1.00	0.688609	0.460838	0.552156	0.030851	0.024271	0.027168	0.688609	0.561945	0.618863	4
1.00	0.696642	0.466214	0.558597	0.030897	0.024347	0.027233	0.696642	0.568519	0.626093	4
1.00	0.711704	0.476294	0.570675	0.031091	0.024257	0.027252	0.711704	0.582158	0.640446	4
1.00	0.722972	0.483835	0.579710	0.031330	0.024165	0.027285	0.722972	0.591986	0.650955	4
1.00	0.731117	0.489285	0.586241	0.031644	0.023954	0.027267	0.731117	0.599795	0.658977	4
1.00	0.739373	0.494811	0.592861	0.032050	0.023642	0.027212	0.739373	0.608163	0.667380	4
1.00	0.739485	0.494885	0.592950	0.032137	0.023514	0.027157	0.739485	0.609139	0.668013	4
1.00	0.737588	0.493616	0.591430	0.032167	0.023270	0.027005	0.737588	0.608321	0.666747	4
1.00	0.730894	0.489136	0.586062	0.032237	0.023152	0.026950	0.730894	0.602817	0.660706	4
1.00	0.724534	0.484880	0.580963	0.032052	0.023221	0.026931	0.724534	0.597453	0.654885	4
1.00	0.723195	0.483984	0.579889	0.032131	0.023182	0.026933	0.723195	0.596579	0.653813	4
1.00	0.727100	0.486597	0.583020	0.032193	0.023197	0.026964	0.727100	0.599702	0.657285	4
1.00	0.730336	0.488763	0.585615	0.032251	0.023041	0.026879	0.730336	0.603245	0.660734	4
1.00	0.739150	0.494661	0.592682	0.032598	0.022979	0.026956	0.739150	0.611761	0.669449	4
1.00	0.739261	0.494736	0.592771	0.032525	0.023022	0.026961	0.739261	0.611510	0.669345	4
1.00	0.730894	0.489136	0.586062	0.032159	0.023386	0.027080	0.730894	0.602547	0.660544	4
1.00	0.714828	0.478384	0.573179	0.031660	0.023553	0.027012	0.714828	0.588341	0.645446	4
1.00	0.712596	0.476891	0.571390	0.031570	0.023607	0.027014	0.712596	0.586165	0.643227	4
1.00	0.708724	0.474352	0.568323	0.042748	0.023706	0.030499	0.708691	0.582716	0.639559	5
1.00	0.702142	0.469947	0.563045	0.042618	0.023712	0.030471	0.702109	0.576952	0.633407	5
1.00	0.698795	0.467707	0.560361	0.042572	0.023805	0.030536	0.698762	0.573930	0.630224	5
1.00	0.679050	0.454491	0.544527	0.042227	0.023817	0.030456	0.679014	0.555363	0.610995	5
1.00	0.661312	0.442619	0.530304	0.041947	0.023675	0.030267	0.661274	0.539771	0.594377	5
1.00	0.642754	0.430150	0.515387	0.030621	0.023565	0.026633	0.642754	0.523417	0.576979	4
1.00	0.621932	0.416262	0.498725	0.030380	0.023391	0.026432	0.621946	0.506068	0.558055	5
1.00	0.592816	0.396774	0.475377	0.029979	0.023212	0.026165	0.592826	0.480570	0.530828	5
1.00	0.573628	0.383932	0.459990	0.029838	0.023050	0.026009	0.573636	0.463574	0.512766	5
1.00	0.551539	0.369148	0.442278	0.029816	0.022792	0.025835	0.551545	0.443994	0.491960	5
1.00	0.535527	0.358471	0.429466	0.041032	0.022533	0.029091	0.535479	0.430801	0.477470	6
1.00	0.523592	0.350482	0.419894	0.041194	0.022308	0.028943	0.523541	0.419700	0.465904	6
1.00	0.511322	0.342268	0.410055	0.041126	0.022231	0.028861	0.511269	0.408412	0.454089	6
1.00	0.497992	0.333383	0.399392	0.041091	0.022088	0.028732	0.497936	0.396233	0.441300	6
1.00	0.500613	0.335250	0.401574	0.041096	0.022007	0.028664	0.500558	0.399003	0.444048	6
1.00	0.497770	0.333383	0.399320	0.041039	0.021962	0.028612	0.497657	0.396140	0.441133	6
1.00	0.492145	0.329799	0.394939	0.040997	0.021991	0.028626	0.491855	0.390952	0.435637	6
1.00	0.485523	0.325543	0.389756	0.040877	0.021888	0.028510	0.485273	0.384834	0.429256	6
1.00	0.480958	0.322482	0.386090	0.040887	0.021923	0.028542	0.480698	0.380460	0.424746	6
1.00	0.487474	0.326887	0.391347	0.040801	0.022111	0.028680	0.487169	0.385401	0.430351	6
1.00	0.495602	0.332338	0.397873	0.040834	0.022372	0.028907	0.495314	0.392291	0.437823	6
1.00	0.505234	0.338759	0.405578	0.040671	0.022572	0.029032	0.504965	0.400658	0.446805	6
1.00	0.513589	0.344284	0.412230	0.040742	0.022919	0.029336	0.513277	0.406767	0.453857	6
1.00	0.524786	0.351751	0.421189	0.040659	0.023350	0.029664	0.524434	0.415041	0.463369	6
1.00	0.529012	0.354663	0.424638	0.040553	0.023504	0.029760	0.528673	0.418249	0.467023	6
1.00	0.524722	0.351826	0.421222	0.040503	0.023626	0.029844	0.524378	0.413991	0.462692	6
1.00	0.519042	0.348018	0.416663	0.040415	0.023666	0.029851	0.518688	0.408403	0.456986	6
1.00	0.513920	0.344583	0.412551	0.040337	0.023677	0.029839	0.513556	0.403364	0.451839	6
1.00	0.512918	0.343911	0.411746	0.040255	0.023730	0.029859	0.512552	0.401951	0.450563	6
1.00	0.520156	0.348764	0.417557	0.040285	0.023922	0.030018	0.519804	0.407882	0.457092	6
1.00	0.538196	0.360860	0.432039	0.040399	0.024237	0.030298	0.537878	0.423270	0.473741	6
1.00	0.558129	0.374225	0.448040	0.040467	0.024440	0.030474	0.557849	0.440693	0.492398	6
1.00	0.570824	0.382737	0.458231	0.040490	0.024602	0.030607	0.570568	0.451729	0.504241	6
1.00	0.587862	0.394161	0.471908	0.040479	0.024880	0.030818	0.587638	0.466847	0.520324	6
1.00	0.599221	0.401777	0.481026	0.040421	0.025093	0.030964	0.599018	0.476470	0.530762	6
1.00	0.611718	0.410065	0.490993	0.040374	0.025351	0.031146	0.611514	0.486344	0.541793	6
1.00	0.624749	0.418801	0.501453	0.040385	0.025572	0.031315	0.624568	0.497055	0.553563	6
1.00	0.634217	0.425147	0.509052	0.040308	0.025774	0.031443	0.634051	0.504995	0.562212	6
1.00	0.645578	0.432763	0.518171	0.040425	0.026023	0.031663	0.645431	0.514166	0.572369	6
1.00	0.650891	0.436422	0.522505	0.040280	0.026225	0.031767	0.650787	0.517903	0.576790	6
1.00	0.646849	0.433809	0.519330	0.039935	0.026348	0.031749	0.646770	0.513868	0.572710	6
1.00	0.642436	0.430897	0.515821	0.038384	0.026444	0.031314	0.642419	0.509498	0.568290	6
1.00	0.643406	0.431643	0.516668	0.038352	0.026573	0.031394	0.643423	0.509768	0.568850	6
1.00	0.645782	0.433286	0.518611	0.038357	0.026692	0.031479	0.645766	0.511376	0.570767	6
1.00	0.640663	0.429851	0.514500	0.038209	0.026753	0.031471	0.640634	0.506532	0.565745	6
1.00	0.639813	0.429329	0.513852	0.038146	0.026875	0.031534	0.639741	0.504729	0.564271	6
1.00	0.631714	0.424177	0.507549	0.038034	0.026956	0.031551	0.631652	0.496930	0.556250	6
1.00	0.619233	0.415889	0.497588	0.037811	0.027009	0.031510	0.619157	0.485150	0.544023	6
1.00	0.616068	0.413948	0.495177	0.037761	0.027071	0.031535	0.615921	0.482100	0.540856	6
1.00	0.613290	0.412081	0.492944	0.037644	0.027096	0.031510	0.613132	0.479200	0.537955	6
1.00	0.606734	0.407676	0.487674	0.037550	0.027060	0.031453	0.606549	0.473528	0.531847	6
1.00	0.601556	0.404241	0.483544	0.037484	0.027041	0.031417	0.601361	0.468805	0.526874	6
1.00	0.592268	0.398044	0.476110	0.037422	0.026983	0.031357	0.592101	0.460484	0.518064	6
1.01	0.579041	0.389457	0.465693	0.037411	0.026850	0.031263	0.578768	0.448797	0.505563	6
1.01	0.570081	0.383559	0.458579	0.036734	0.026721	0.030938	0.569843	0.441089	0.497267	6
1.01	0.559476	0.376465	0.450078	0.036765	0.026562	0.030842	0.559132	0.431792	0.487280	6
1.01	0.543922	0.366161	0.437681	0.036751	0.026363	0.030702	0.543512	0.418366	0.472798	6
1.01	0.529660	0.356679	0.426289	0.036835	0.026169	0.030599	0.529176	0.405731	0.459303	6
1.01	0.519286	0.349810	0.418024	0.036942	0.026036	0.030544	0.518744	0.396712	0.449595	6
1.01	0.511247	0.344508	0.411634	0.037011	0.025941	0.030503	0.510599	0.389721	0.442045	6
1.01	0.504097	0.339879	0.406012	0.039892	0.025899	0.031407	0.503291	0.383469	0.435285	6
1.01	0.501660	0.338460	0.404209	0.040042	0.025877	0.031438	0.500669	0.381498	0.433034	6
1.01	0.500166	0.337639	0.403138	0.040107	0.025835	0.031427	0.499182	0.380661	0.431939	6
1.01	0.500055	0.337714	0.403155	0.041854	0.025901	0.032000	0.498922	0.380559	0.431776	6
1.01	0.501492	0.338759	0.404367	0.041916	0.025916	0.032029	0.500316	0.381864	0.433138	6
1.01	0.503205	0.339954	0.405775	0.041967	0.025938	0.032061	0.501990	0.383333	0.434710	6
1.01	0.512319	0.346226	0.413206	0.042095	0.026064	0.032195	0.511138	0.391374	0.443310	6
1.01	0.527112	0.356380	0.425249	0.042152	0.026331	0.032414	0.526200	0.404539	0.457418	6
1.01	0.535856	0.362652	0.432560	0.042231	0.026435	0.032516	0.535014	0.412758	0.466001	6
1.01	0.547228	0.370716	0.442001	0.041669	0.026666	0.032520	0.546543	0.423394	0.477151	6
1.01	0.560189	0.380124	0.452916	0.041921	0.026934	0.032796	0.559448	0.434840	0.489336	6
1.02	0.567707	0.385649	0.459295	0.041896	0.027094	0.032907	0.566719	0.441534	0.496355	6
1.02	0.579196	0.393713	0.468774	0.041954	0.027348	0.033112	0.577783	0.451835	0.507106	6
1.02	0.593788	0.403942	0.480803	0.041995	0.027582	0.033296	0.592622	0.464861	0.521024	7
1.02	0.604822	0.412081	0.490186	0.041976	0.027762	0.033421	0.603927	0.475739	0.532223	7
1.02	0.614391	0.418876	0.498135	0.042036	0.027885	0.033529	0.613615	0.484321	0.541355	7
1.02	0.623769	0.425595	0.505970	0.042132	0.028056	0.033683	0.623043	0.492344	0.550036	7
1.02	0.636821	0.434406	0.516490	0.042264	0.028178	0.033813	0.636264	0.504208	0.562591	7
1.02	0.647895	0.442395	0.525779	0.042418	0.028317	0.033962	0.647532	0.514435	0.573361	7
1.02	0.659156	0.449937	0.534813	0.042424	0.028471	0.034075	0.658801	0.524077	0.583767	7
1.02	0.667250	0.455611	0.541485	0.042520	0.028488	0.034117	0.667057	0.531254	0.591461	7
1.02	0.672930	0.459942	0.546414	0.043739	0.028585	0.034574	0.672803	0.537190	0.597397	7
1.02	0.678345	0.464048	0.551097	0.043784	0.028575	0.034581	0.678530	0.542610	0.603006	7
1.02	0.679904	0.465318	0.552507	0.043802	0.028566	0.034580	0.680204	0.544832	0.605039	7
1.02	0.678486	0.464347	0.551354	0.043814	0.028582	0.034596	0.678809	0.543549	0.603696	7
1.02	0.674198	0.461211	0.547728	0.043802	0.028520	0.034546	0.674570	0.539803	0.599708	7
1.02	0.667322	0.456208	0.541931	0.043632	0.028420	0.034420	0.667652	0.533077	0.592823	7
1.02	0.660984	0.451579	0.536575	0.043547	0.028395	0.034375	0.661181	0.527461	0.586800	7
1.02	0.654275	0.446801	0.530991	0.043424	0.028321	0.034283	0.654431	0.521157	0.580240	7
1.02	0.654372	0.446427	0.530759	0.044899	0.028357	0.034761	0.654375	0.520786	0.579987	7
1.02	0.649984	0.443142	0.526993	0.044877	0.028386	0.034775	0.649968	0.516304	0.575477	7
1.02	0.645486	0.439931	0.523245	0.044806	0.028278	0.034673	0.645561	0.512762	0.571549	7
1.02	0.644603	0.439185	0.522427	0.045381	0.028206	0.034789	0.644780	0.512241	0.570919	7
1.02	0.641487	0.436870	0.519765	0.045253	0.028090	0.034664	0.641880	0.509675	0.568188	7
1.02	0.636204	0.432987	0.515283	0.044520	0.027922	0.034319	0.636747	0.505249	0.563428	7
1.02	0.633871	0.431494	0.513461	0.044481	0.027896	0.034289	0.634572	0.503074	0.561223	7
1.02	0.632628	0.431121	0.512789	0.044565	0.027920	0.034331	0.633345	0.502553	0.560419	7
1.02	0.630088	0.430001	0.511161	0.044681	0.027932	0.034375	0.630555	0.501010	0.558367	7
1.02	0.628921	0.429627	0.510514	0.045813	0.028013	0.034767	0.629235	0.500452	0.557503	7
1.02	0.627811	0.429478	0.510042	0.045896	0.028050	0.034820	0.628064	0.500061	0.556801	7
1.02	0.628802	0.430673	0.511212	0.046304	0.028205	0.035056	0.628733	0.501177	0.557755	7
1.03	0.629771	0.432465	0.512793	0.047073	0.028526	0.035524	0.629458	0.502944	0.559134	7
1.03	0.626018	0.430449	0.510132	0.047568	0.028899	0.035955	0.625126	0.499225	0.555126	7
1.03	0.623210	0.429030	0.508203	0.047275	0.029019	0.035963	0.622095	0.497058	0.552592	7
1.03	0.617567	0.425745	0.504022	0.047102	0.029173	0.036031	0.616237	0.492103	0.547218	7
1.03	0.609421	0.420220	0.497437	0.046867	0.029189	0.035973	0.607609	0.484646	0.539206	7
1.03	0.602316	0.415590	0.491827	0.046470	0.029228	0.035885	0.600041	0.478203	0.532238	7
1.03	0.598832	0.413276	0.489044	0.046531	0.029377	0.036016	0.596248	0.474521	0.528465	7
1.03	0.595351	0.411185	0.486420	0.046655	0.029665	0.036269	0.592268	0.471295	0.524902	7
1.03	0.594048	0.409841	0.485044	0.046153	0.029396	0.035916	0.591227	0.469380	0.523304	7
1.03	0.592320	0.408870	0.483788	0.046405	0.029724	0.036237	0.588958	0.467446	0.521214	7
1.03	0.592448	0.408870	0.483831	0.046275	0.029716	0.036191	0.589033	0.466944	0.520930	7
1.03	0.593274	0.409617	0.484629	0.046286	0.029859	0.036300	0.589721	0.467492	0.521541	7
1.03	0.596952	0.412380	0.487790	0.046409	0.030138	0.036544	0.593235	0.470523	0.524801	7
1.03	0.598855	0.413873	0.489470	0.046372	0.030276	0.036634	0.594834	0.471858	0.526258	7
1.03	0.602221	0.417009	0.492787	0.046400	0.030535	0.036831	0.598051	0.475200	0.529594	7
1.04	0.605019	0.419398	0.495392	0.046239	0.030762	0.036945	0.600524	0.477422	0.531944	7
1.04	0.611219	0.423878	0.500595	0.046311	0.030968	0.037116	0.606847	0.482573	0.537622	7
1.04	0.618833	0.429851	0.507314	0.046524	0.031446	0.037527	0.614266	0.489397	0.544768	7
1.04	0.622263	0.432838	0.510546	0.046630	0.031836	0.037838	0.617464	0.492242	0.547788	7
1.04	0.621862	0.432838	0.510412	0.046549	0.031935	0.037881	0.617055	0.491898	0.547414	7
1.04	0.622172	0.433286	0.510827	0.046549	0.032099	0.037996	0.617334	0.492242	0.547737	7
1.04	0.626472	0.436795	0.514716	0.046401	0.032268	0.038065	0.621685	0.496203	0.551902	7
1.04	0.629990	0.439483	0.517769	0.046574	0.032461	0.038257	0.625219	0.499466	0.555312	7
1.04	0.634585	0.443067	0.521808	0.046620	0.032655	0.038408	0.630128	0.504041	0.560076	7
1.04	0.636082	0.444635	0.523401	0.046738	0.032754	0.038516	0.631690	0.506086	0.561955	7
1.05	0.638557	0.446651	0.525636	0.046521	0.032842	0.038502	0.634590	0.508466	0.564570	7
1.05	0.641433	0.449190	0.528368	0.046143	0.032952	0.038448	0.637714	0.511311	0.567560	7
1.05	0.644591	0.452027	0.531402	0.046204	0.033386	0.038763	0.640782	0.514324	0.570631	7
1.05	0.648422	0.455536	0.535129	0.046171	0.033712	0.038970	0.644632	0.518786	0.574903	7
1.05	0.652359	0.458448	0.538478	0.046111	0.033920	0.039087	0.648760	0.522440	0.578788	7
1.05	0.656472	0.461584	0.542043	0.046091	0.034094	0.039195	0.653167	0.526699	0.583155	7
1.05	0.659414	0.463899	0.544642	0.046037	0.034266	0.039289	0.656291	0.529711	0.586246	7
1.05	0.661085	0.465766	0.546498	0.046105	0.034509	0.039473	0.658187	0.531849	0.588312	7
1.05	0.663597	0.468080	0.548949	0.045900	0.034747	0.039552	0.661032	0.534769	0.591235	7
1.05	0.665150	0.469424	0.550405	0.045887	0.034906	0.039650	0.662706	0.536777	0.593131	7
1.06	0.667264	0.472262	0.553078	0.046048	0.035307	0.039968	0.665384	0.540756	0.596631	7
1.06	0.671659	0.475472	0.556789	0.045986	0.035326	0.039957	0.670348	0.545163	0.601310	7
1.06	0.675279	0.478086	0.559825	0.045980	0.035470	0.040047	0.674607	0.549068	0.605398	7
1.06	0.675277	0.478235	0.559927	0.045886	0.035430	0.039986	0.675109	0.549756	0.606018	7
1.06	0.674541	0.477563	0.559213	0.045836	0.035451	0.039980	0.674328	0.549050	0.605274	7
1.06	0.674323	0.477862	0.559343	0.045818	0.035654	0.040102	0.674160	0.549078	0.605224	7
1.06	0.673375	0.477190	0.558556	0.045711	0.035640	0.040052	0.673212	0.548408	0.604435	7
1.06	0.673757	0.477712	0.559046	0.045716	0.035780	0.040142	0.673603	0.548734	0.604790	7
1.06	0.672097	0.477488	0.558320	0.045628	0.035924	0.040198	0.671985	0.547376	0.603314	7
1.06	0.668417	0.475323	0.555570	0.045394	0.036051	0.040187	0.668061	0.543964	0.599660	7
1.06	0.667227	0.474576	0.554649	0.045263	0.036111	0.040172	0.666648	0.542793	0.598378	7
1.06	0.664989	0.473531	0.553162	0.045197	0.036340	0.040287	0.664268	0.540803	0.596211	8
1.07	0.662864	0.472859	0.551968	0.044974	0.036516	0.040306	0.662204	0.539715	0.594718	8
1.07	0.661199	0.472560	0.551187	0.044710	0.036836	0.040393	0.660586	0.538479	0.593315	8
1.07	0.659435	0.472038	0.550218	0.044376	0.037035	0.040375	0.658968	0.537381	0.591996	8
1.07	0.657952	0.471664	0.549448	0.044203	0.037133	0.040360	0.657648	0.536601	0.590990	8
1.07	0.658975	0.473382	0.550969	0.044418	0.037340	0.040573	0.659377	0.538655	0.592934	8
1.07	0.658562	0.473232	0.550723	0.044218	0.037466	0.040563	0.659080	0.538506	0.592723	8
1.08	0.657747	0.473531	0.550640	0.044366	0.037584	0.040694	0.658634	0.538897	0.592779	8
1.08	0.655930	0.472859	0.549549	0.044226	0.037636	0.040666	0.657183	0.538135	0.591730	8
1.08	0.651387	0.470022	0.546038	0.044104	0.037621	0.040606	0.652572	0.533811	0.587247	8
1.08	0.648774	0.468379	0.544012	0.044286	0.037732	0.040747	0.649838	0.531394	0.584678	8
1.08	0.645378	0.465542	0.540904	0.044191	0.037736	0.040709	0.646045	0.527545	0.580812	8
1.08	0.641660	0.463003	0.537884	0.044061	0.037732	0.040652	0.642251	0.524216	0.577262	8
1.08	0.644306	0.464720	0.539973	0.044190	0.037804	0.040748	0.644762	0.526150	0.579448	8
1.08	0.647552	0.467110	0.542726	0.044261	0.037845	0.040803	0.648220	0.529497	0.582875	8
1.08	0.651886	0.470918	0.546818	0.044325	0.037859	0.040838	0.653408	0.534983	0.588295	8
1.08	0.656244	0.474800	0.550968	0.044436	0.037921	0.040921	0.658373	0.540394	0.593578	8
1.08	0.658929	0.476891	0.553322	0.044431	0.037933	0.040926	0.661256	0.543536	0.596645	8
1.08	0.662129	0.479355	0.556109	0.044986	0.038093	0.041254	0.664547	0.547172	0.600174	8
1.08	0.665154	0.481446	0.558583	0.045084	0.038054	0.041272	0.667950	0.550221	0.603397	8
1.08	0.666908	0.482267	0.559754	0.045264	0.038063	0.041352	0.669382	0.551504	0.604752	8
1.08	0.665875	0.481520	0.558887	0.045167	0.038150	0.041363	0.668154	0.550231	0.603486	8
1.08	0.664464	0.480550	0.557736	0.045030	0.038195	0.041332	0.666537	0.548892	0.602021	8
1.08	0.665393	0.481222	0.558516	0.045300	0.038405	0.041569	0.667206	0.549580	0.602707	8
1.08	0.667493	0.482342	0.560010	0.045359	0.038444	0.041616	0.669214	0.550807	0.604265	8
1.08	0.669701	0.483387	0.561492	0.045263	0.038520	0.041620	0.671408	0.551941	0.605842	8
1.08	0.672671	0.485179	0.563744	0.045286	0.038600	0.041677	0.674272	0.554043	0.608273	8
1.08	0.674749	0.486224	0.565180	0.045333	0.038601	0.041697	0.676392	0.555140	0.609797	8
1.08	0.677901	0.488091	0.567546	0.045373	0.038563	0.041692	0.679627	0.557762	0.612693	8
1.08	0.681177	0.490704	0.570461	0.045409	0.038716	0.041797	0.682993	0.560439	0.615677	8
1.08	0.682841	0.491749	0.571751	0.045423	0.038749	0.041821	0.684574	0.561518	0.616970	8
1.08	0.682558	0.491749	0.571652	0.045349	0.038838	0.041842	0.684146	0.560941	0.616448	8
1.08	0.681611	0.491525	0.571168	0.045330	0.038911	0.041876	0.682900	0.559900	0.615313	8
1.08	0.678915	0.489733	0.569012	0.045189	0.038932	0.041827	0.680074	0.557390	0.612650	8
1.08	0.676869	0.488763	0.567638	0.044874	0.039024	0.041745	0.677935	0.555772	0.610805	8
1.08	0.675248	0.487643	0.566313	0.044805	0.039063	0.041738	0.676076	0.553671	0.608781	8
1.08	0.673763	0.486821	0.565236	0.044616	0.039152	0.041706	0.674700	0.552109	0.607279	8
1.08	0.671790	0.486299	0.564189	0.044599	0.039286	0.041774	0.672505	0.550584	0.605468	9
1.08	0.667594	0.483611	0.560901	0.044487	0.039338	0.041754	0.668043	0.546567	0.601231	9
1.08	0.661447	0.479355	0.555868	0.044308	0.039276	0.041641	0.661516	0.541026	0.595235	9
1.08	0.656720	0.476518	0.552291	0.044156	0.039307	0.041591	0.656551	0.536563	0.590524	9
1.09	0.649445	0.472112	0.546759	0.044006	0.039427	0.041591	0.648723	0.530111	0.583449	9
1.09	0.642989	0.468379	0.541967	0.043800	0.039513	0.041546	0.641991	0.524765	0.577489	9
1.09	0.636764	0.464272	0.537007	0.043626	0.039550	0.041488	0.635502	0.518647	0.571159	9
1.09	0.630681	0.461062	0.532695	0.043301	0.039694	0.041419	0.629440	0.513189	0.565401	8
1.09	0.625013	0.457478	0.528281	0.043135	0.039684	0.041338	0.623526	0.508057	0.559900	8
1.10	0.617845	0.452923	0.522683	0.042938	0.039772	0.041295	0.615921	0.501512	0.552859	8

Thu Sep  2 12:53:24 2021
45.44	0.014526	0.478261	0.028196	0.014471	0.051566	0.022599	0.014490	0.520833	0.028195	89
39.97	0.019038	0.509296	0.036704	0.017195	0.313166	0.032601	0.018986	0.530881	0.036661	89
34.91	0.020692	0.483387	0.039686	0.017502	0.252620	0.032737	0.020861	0.510320	0.040083	89
30.07	0.022851	0.459867	0.043539	0.017864	0.231663	0.033170	0.023526	0.491978	0.044905	89
25.61	0.025248	0.432689	0.047711	0.018007	0.192098	0.032927	0.026948	0.470622	0.050978	89
21.54	0.028462	0.410214	0.053231	0.018144	0.166787	0.032728	0.032349	0.454468	0.060398	89
17.93	0.032284	0.387367	0.059600	0.018362	0.144721	0.032588	0.039847	0.435554	0.073015	89
14.78	0.037319	0.369073	0.067784	0.019130	0.127178	0.033258	0.050611	0.419395	0.090323	89
12.11	0.043123	0.349586	0.076775	0.019800	0.115572	0.033807	0.061929	0.399243	0.107226	89
9.82	0.050862	0.334130	0.088284	0.020492	0.090558	0.033422	0.075694	0.383754	0.126447	89
7.95	0.059168	0.314717	0.099609	0.021124	0.077909	0.033237	0.088659	0.364220	0.142605	89
6.40	0.069755	0.298813	0.113107	0.022772	0.069407	0.034292	0.102399	0.347001	0.158133	89
5.13	0.082343	0.282461	0.127513	0.023507	0.061530	0.034018	0.117663	0.329345	0.173382	89
4.12	0.096186	0.264915	0.141130	0.024330	0.055549	0.033839	0.130929	0.310220	0.184141	89
3.34	0.112318	0.250952	0.155182	0.024283	0.049421	0.032565	0.144340	0.294702	0.193773	89
2.74	0.129555	0.237587	0.167677	0.025992	0.044339	0.032773	0.159307	0.279361	0.202906	89
2.29	0.146973	0.225118	0.177839	0.027237	0.029683	0.028407	0.173680	0.265146	0.209881	89
1.94	0.162228	0.210110	0.183090	0.029876	0.026723	0.028211	0.183168	0.247309	0.210460	89
1.66	0.179778	0.199806	0.189264	0.038023	0.024093	0.029496	0.197452	0.234308	0.214307	85
1.46	0.190222	0.185918	0.188045	0.025886	0.018230	0.021394	0.202843	0.217293	0.209820	78
1.32	0.197426	0.174121	0.185043	0.026403	0.016068	0.019978	0.206351	0.203743	0.205039	75
1.21	0.205230	0.166430	0.183805	0.030865	0.015139	0.020314	0.208275	0.194883	0.201356	70
1.15	0.205405	0.157769	0.178463	0.027043	0.014565	0.018933	0.204674	0.184349	0.193980	66
1.10	0.204343	0.150377	0.173255	0.024384	0.014171	0.017925	0.202304	0.174679	0.187479	53
1.06	0.199748	0.142238	0.166158	0.025955	0.013828	0.018043	0.197044	0.164917	0.179555	44
1.04	0.195992	0.136564	0.160968	0.023626	0.013433	0.017128	0.193297	0.158070	0.173918	31
1.03	0.192057	0.131785	0.156312	0.020277	0.013189	0.015983	0.189827	0.151967	0.168800	22
1.01	0.188360	0.127828	0.152300	0.022735	0.012971	0.016518	0.186712	0.146993	0.164489	18
1.01	0.184403	0.124468	0.148620	0.028549	0.012840	0.017713	0.183365	0.142781	0.160548	15
1.01	0.182282	0.122601	0.146601	0.029041	0.012716	0.017687	0.181803	0.140234	0.158336	10
1.00	0.180007	0.120735	0.144530	0.017862	0.012572	0.014757	0.179739	0.137705	0.155939	8
1.00	0.176103	0.117972	0.141292	0.017866	0.012436	0.014664	0.175946	0.134246	0.152293	6
1.00	0.172691	0.115583	0.138480	0.018573	0.012336	0.014825	0.172710	0.130918	0.148938	5
1.00	0.169475	0.113417	0.135892	0.018362	0.012217	0.014672	0.169475	0.128240	0.146002	5
1.00	0.167020	0.111775	0.133924	0.018514	0.012139	0.014664	0.167020	0.126362	0.143874	5
1.00	0.164565	0.110132	0.131956	0.018204	0.012014	0.014475	0.164565	0.124661	0.141860	5
1.00	0.165793	0.110953	0.132940	0.018096	0.011981	0.014417	0.165793	0.125944	0.143147	5
1.00	0.166239	0.111252	0.133298	0.018157	0.011916	0.014389	0.166239	0.126557	0.143709	4
1.00	0.171371	0.114687	0.137413	0.018190	0.011919	0.014401	0.171371	0.130992	0.148486	4
1.00	0.173045	0.115807	0.138755	0.017967	0.011910	0.014325	0.173045	0.132517	0.150093	4
1.00	0.169140	0.113193	0.135624	0.018210	0.011805	0.014324	0.169140	0.129263	0.146537	4
1.00	0.165235	0.110580	0.132492	0.018076	0.011736	0.014232	0.165235	0.125804	0.142848	4
1.00	0.165346	0.110655	0.132582	0.018100	0.011747	0.014247	0.165346	0.125804	0.142890	3
1.00	0.165904	0.111028	0.133029	0.018087	0.011747	0.014244	0.165904	0.126455	0.143518	3
1.00	0.169140	0.113193	0.135624	0.018064	0.011769	0.014253	0.169140	0.129263	0.146537	3
1.00	0.175946	0.117748	0.141081	0.018187	0.011855	0.014354	0.175946	0.135027	0.152794	3
1.00	0.183309	0.122676	0.146985	0.018331	0.011940	0.014461	0.183309	0.141145	0.159487	3
1.00	0.180074	0.120511	0.144391	0.018222	0.011900	0.014398	0.180074	0.138374	0.156494	3
1.00	0.188776	0.126335	0.151369	0.018205	0.011950	0.014429	0.188776	0.145664	0.164441	3
1.00	0.219458	0.146868	0.175971	0.018402	0.012254	0.014711	0.219458	0.172598	0.193228	3
1.00	0.289300	0.193609	0.231974	0.018642	0.012882	0.015236	0.289300	0.234096	0.258787	3
1.00	0.449626	0.300903	0.360530	0.019278	0.013802	0.016087	0.449626	0.377755	0.410569	3
1.00	0.638625	0.427387	0.512077	0.019380	0.013208	0.015710	0.638625	0.548988	0.590424	3
1.00	0.657815	0.440230	0.527465	0.016302	0.011276	0.013331	0.657815	0.569917	0.610720	3
1.00	0.657927	0.440305	0.527554	0.007394	0.011236	0.008919	0.657927	0.570196	0.610928	2
1.00	0.657927	0.440305	0.527554	0.007393	0.011236	0.008918	0.657927	0.570196	0.610928	2
1.00	0.657927	0.440305	0.527554	0.007392	0.011236	0.008918	0.657927	0.570196	0.610928	1
1.00	0.657927	0.440305	0.527554	0.007392	0.011236	0.008918	0.657927	0.570196	0.610928	1
1.00	0.657927	0.440305	0.527554	0.007392	0.011236	0.008918	0.657927	0.570196	0.610928	1
1.00	0.657927	0.440305	0.527554	0.007392	0.011236	0.008918	0.657927	0.570196	0.610928	1
1.00	0.657927	0.440305	0.527554	0.007392	0.011236	0.008918	0.657927	0.570196	0.610928	1
1.00	0.657927	0.440305	0.527554	0.007392	0.011236	0.008918	0.657927	0.570196	0.610928	1
1.00	0.658039	0.440379	0.527644	0.018629	0.011247	0.014026	0.658039	0.570252	0.611008	2
1.00	0.658150	0.440454	0.527733	0.018630	0.011258	0.014035	0.658150	0.570308	0.611088	2
1.00	0.658150	0.440454	0.527733	0.018630	0.011258	0.014035	0.658150	0.570308	0.611088	2
1.00	0.658150	0.440454	0.527733	0.018630	0.011258	0.014035	0.658150	0.570308	0.611088	2
1.00	0.658150	0.440454	0.527733	0.018630	0.011258	0.014035	0.658150	0.570308	0.611088	2
1.00	0.658039	0.440379	0.527644	0.018629	0.011247	0.014026	0.658039	0.570252	0.611008	2
1.00	0.658039	0.440379	0.527644	0.018629	0.011247	0.014026	0.658039	0.570252	0.611008	2
1.00	0.658039	0.440379	0.527644	0.018629	0.011247	0.014026	0.658039	0.570252	0.611008	2
1.00	0.658150	0.440454	0.527733	0.018632	0.011258	0.014035	0.658150	0.570308	0.611088	3
1.00	0.660493	0.442022	0.529612	0.021689	0.012114	0.015545	0.660493	0.570308	0.612096	3
1.00	0.582841	0.390054	0.467347	0.020762	0.014409	0.017012	0.582841	0.495961	0.535903	3
1.00	0.494031	0.330620	0.396135	0.020255	0.014452	0.016868	0.494031	0.416736	0.452103	3
1.00	0.402321	0.269245	0.322598	0.020230	0.014034	0.016571	0.402321	0.334806	0.365471	3
1.00	0.329242	0.220339	0.264001	0.019982	0.013448	0.016077	0.329242	0.269984	0.296683	3
1.00	0.330023	0.220862	0.264627	0.020022	0.013486	0.016117	0.330023	0.270560	0.297348	3
1.00	0.263193	0.176137	0.211040	0.019757	0.012923	0.015626	0.263193	0.211360	0.234446	3
1.00	0.203615	0.136265	0.163267	0.019277	0.012465	0.015140	0.203615	0.158801	0.178437	3
1.00	0.169363	0.113343	0.135802	0.018917	0.012213	0.014843	0.169363	0.129105	0.146519	3
1.00	0.160995	0.107743	0.129093	0.018426	0.012129	0.014629	0.160995	0.121946	0.138776	3
1.00	0.152404	0.101994	0.122204	0.017558	0.012038	0.014283	0.152404	0.114582	0.130814	3
1.00	0.142921	0.095647	0.114600	0.017231	0.011852	0.014044	0.142921	0.106958	0.122352	3
1.00	0.138012	0.092362	0.110664	0.017078	0.011667	0.013863	0.138012	0.103146	0.118059	3
1.00	0.137342	0.091914	0.110127	0.017492	0.011574	0.013930	0.137342	0.102737	0.117546	3
1.00	0.137008	0.091690	0.109859	0.017441	0.011487	0.013851	0.137008	0.102477	0.117253	3
1.00	0.143590	0.096095	0.115137	0.017589	0.011591	0.013974	0.143590	0.108093	0.123338	3
1.00	0.153074	0.102442	0.122741	0.018319	0.011709	0.014287	0.153074	0.116014	0.131992	3
1.00	0.174718	0.116927	0.140097	0.018961	0.012113	0.014782	0.174718	0.134293	0.151861	3
1.00	0.226710	0.151721	0.181786	0.019367	0.012734	0.015366	0.226710	0.178307	0.199616	3
1.00	0.340957	0.228179	0.273394	0.020246	0.013933	0.016506	0.340957	0.279784	0.307356	3
1.00	0.377775	0.252819	0.302916	0.020566	0.014479	0.016994	0.377775	0.311646	0.341539	3
1.00	0.374986	0.250952	0.300680	0.019736	0.014699	0.016849	0.374986	0.308085	0.338259	3
1.00	0.395850	0.264915	0.317409	0.019661	0.014992	0.017012	0.395850	0.326243	0.357691	3
1.00	0.618878	0.414172	0.496243	0.021330	0.015529	0.017973	0.618878	0.525155	0.568177	3
1.00	0.670088	0.448443	0.537305	0.023065	0.012954	0.016591	0.670088	0.576695	0.619894	3
1.00	0.666183	0.445830	0.534174	0.019253	0.012186	0.014925	0.666183	0.574966	0.617222	3
1.00	0.666295	0.445905	0.534264	0.019137	0.012161	0.014872	0.666295	0.575207	0.617410	3
1.00	0.665960	0.445681	0.533995	0.018394	0.012047	0.014559	0.665960	0.575393	0.617373	3
1.00	0.666518	0.446054	0.534443	0.018288	0.012111	0.014572	0.666518	0.575616	0.617741	2
1.00	0.667410	0.446651	0.535158	0.017644	0.012272	0.014476	0.667410	0.575793	0.618226	3
1.00	0.669196	0.447846	0.536590	0.017369	0.012494	0.014534	0.669196	0.576602	0.619458	3
1.00	0.671650	0.449489	0.538558	0.020148	0.012866	0.015704	0.671650	0.577615	0.621094	3
1.00	0.670869	0.448966	0.537932	0.021110	0.012897	0.016012	0.670869	0.576565	0.620152	3
1.00	0.674997	0.451729	0.541242	0.022627	0.013488	0.016901	0.674997	0.578973	0.623308	3
1.00	0.675443	0.452027	0.541600	0.022613	0.013549	0.016945	0.675443	0.579308	0.623693	3
1.00	0.667187	0.446502	0.534979	0.018586	0.012286	0.014793	0.667187	0.575458	0.617937	3
1.00	0.664956	0.445009	0.533190	0.019389	0.011984	0.014812	0.664956	0.574640	0.616508	3
1.00	0.662501	0.443366	0.531222	0.019139	0.011741	0.014554	0.662501	0.573022	0.614522	3
1.00	0.660493	0.442022	0.529612	0.019361	0.011525	0.014449	0.660493	0.571739	0.612920	3
1.00	0.659935	0.441649	0.529164	0.019099	0.011479	0.014339	0.659935	0.571237	0.612391	3
1.00	0.659266	0.441201	0.528628	0.018921	0.011413	0.014238	0.659266	0.570903	0.611911	3
1.00	0.659266	0.441201	0.528628	0.017895	0.011386	0.013917	0.659266	0.571014	0.611975	3
1.00	0.658708	0.440827	0.528180	0.018726	0.011358	0.014139	0.658708	0.570568	0.611478	3
1.00	0.659712	0.441499	0.528986	0.021635	0.011658	0.015151	0.659712	0.570419	0.611825	3
1.00	0.659824	0.441574	0.529075	0.023420	0.013072	0.016779	0.659824	0.567704	0.610307	3
1.00	0.627915	0.420220	0.503489	0.022525	0.014487	0.017633	0.627915	0.536666	0.578715	3
1.00	0.488453	0.326887	0.391662	0.021338	0.014701	0.017408	0.488453	0.411808	0.446868	3
1.00	0.349660	0.234003	0.280372	0.020570	0.013530	0.016324	0.349660	0.288635	0.316230	3
1.00	0.307709	0.205928	0.246735	0.020352	0.013184	0.016002	0.307709	0.251556	0.276814	3
1.00	0.284726	0.190547	0.228306	0.018309	0.012930	0.015156	0.284726	0.230916	0.255013	3
1.00	0.209863	0.140446	0.168277	0.018395	0.012202	0.014672	0.209863	0.164305	0.184310	3
1.00	0.174941	0.117076	0.140276	0.018103	0.011903	0.014363	0.174941	0.134609	0.152148	3
1.00	0.153632	0.102815	0.123188	0.017986	0.011656	0.014145	0.153632	0.116070	0.132235	3
1.00	0.140690	0.094154	0.112811	0.017302	0.011513	0.013826	0.140690	0.105564	0.120621	3
1.00	0.136785	0.091540	0.109680	0.017223	0.011474	0.013773	0.136785	0.102272	0.117037	3
1.00	0.133549	0.089375	0.107085	0.017091	0.011434	0.013702	0.133549	0.099818	0.114246	3
1.00	0.131429	0.087956	0.105386	0.016493	0.011394	0.013478	0.131429	0.098339	0.112502	3
1.00	0.130871	0.087583	0.104938	0.016212	0.011376	0.013370	0.130871	0.097930	0.112030	3
1.00	0.130871	0.087583	0.104938	0.016409	0.011394	0.013449	0.130871	0.097949	0.112042	3
1.00	0.131095	0.087732	0.105117	0.016450	0.011407	0.013472	0.131095	0.098116	0.112233	3
1.00	0.131318	0.087882	0.105296	0.016545	0.011411	0.013506	0.131318	0.098246	0.112400	3
1.00	0.131541	0.088031	0.105475	0.016643	0.011416	0.013542	0.131541	0.098395	0.112579	3
1.00	0.131206	0.087807	0.105207	0.016770	0.011427	0.013592	0.131206	0.098228	0.112347	3
1.00	0.130760	0.087508	0.104849	0.016532	0.011427	0.013514	0.130760	0.097782	0.111891	3
1.00	0.131652	0.088106	0.105564	0.016794	0.011516	0.013663	0.131652	0.098228	0.112510	3
1.00	0.131429	0.087956	0.105386	0.016724	0.011521	0.013643	0.131429	0.098005	0.112282	3
1.00	0.131429	0.087956	0.105386	0.016793	0.011521	0.013666	0.131429	0.098005	0.112282	3
1.00	0.132099	0.088404	0.105922	0.016478	0.011551	0.013581	0.132099	0.098507	0.112856	3
1.00	0.133437	0.089300	0.106996	0.016816	0.011541	0.013688	0.133437	0.099288	0.113857	3
1.00	0.136227	0.091167	0.109232	0.017333	0.011609	0.013905	0.136227	0.101491	0.116321	3
1.00	0.138123	0.092436	0.110753	0.017433	0.011651	0.013967	0.138123	0.103109	0.118075	3
1.00	0.139128	0.093108	0.111558	0.017451	0.011668	0.013985	0.139128	0.103834	0.118918	3
1.00	0.140690	0.094154	0.112811	0.017936	0.011678	0.014146	0.140690	0.105155	0.120354	3
1.00	0.141136	0.094452	0.113169	0.017761	0.011651	0.014071	0.141136	0.105712	0.120882	3
1.00	0.143367	0.095946	0.114958	0.017996	0.011671	0.014159	0.143367	0.107609	0.122941	3
1.00	0.147830	0.098932	0.118536	0.018110	0.011695	0.014213	0.147830	0.111235	0.126948	3
1.00	0.152404	0.101994	0.122204	0.018089	0.011706	0.014214	0.152404	0.114843	0.130984	3
1.00	0.161776	0.108266	0.129719	0.018209	0.011792	0.014314	0.161776	0.122894	0.139680	3
1.00	0.165570	0.110804	0.132761	0.018067	0.011789	0.014268	0.165570	0.126018	0.143111	3
1.00	0.168024	0.112447	0.134729	0.018149	0.011815	0.014312	0.168024	0.128333	0.145521	3
1.00	0.167801	0.112297	0.134550	0.018118	0.011811	0.014300	0.167801	0.128110	0.145294	3
1.00	0.163784	0.109609	0.131329	0.018167	0.011803	0.014309	0.163784	0.124586	0.141521	3
1.00	0.168917	0.113044	0.135445	0.018409	0.011913	0.014465	0.168917	0.128593	0.146022	3
1.00	0.179962	0.120436	0.144301	0.018701	0.012093	0.014688	0.179962	0.137844	0.156112	3
1.00	0.195359	0.130740	0.156647	0.018925	0.012313	0.014919	0.195359	0.151670	0.170764	3
1.00	0.203838	0.136415	0.163446	0.019059	0.012416	0.015037	0.203838	0.158857	0.178558	3
1.00	0.223921	0.149854	0.179549	0.019283	0.012609	0.015247	0.223921	0.176494	0.197399	3
1.00	0.221466	0.148212	0.177581	0.019268	0.012619	0.015250	0.221466	0.174216	0.195020	3
1.00	0.231842	0.155156	0.185901	0.019290	0.012867	0.015437	0.231842	0.182510	0.204239	3
1.00	0.236640	0.158366	0.189748	0.019379	0.012996	0.015558	0.236640	0.186080	0.208336	3
1.00	0.245677	0.164414	0.196994	0.019454	0.013319	0.015812	0.245677	0.193239	0.216325	3
1.00	0.252259	0.168820	0.202272	0.019148	0.013706	0.015976	0.252259	0.197627	0.221626	3
1.00	0.255049	0.170686	0.204509	0.019056	0.013917	0.016086	0.255049	0.199496	0.223878	3
1.00	0.259734	0.173822	0.208266	0.018307	0.014238	0.016018	0.259734	0.202360	0.227485	4
1.00	0.242887	0.162548	0.194758	0.017883	0.014339	0.015916	0.242887	0.187084	0.211364	4
1.00	0.233404	0.156201	0.187153	0.023340	0.014481	0.017873	0.233404	0.178474	0.202276	4
1.00	0.210309	0.140745	0.168635	0.022901	0.014372	0.017661	0.210309	0.157509	0.180119	4
1.00	0.199152	0.133279	0.159689	0.024613	0.014234	0.018037	0.199152	0.147532	0.169499	4
1.00	0.194801	0.130367	0.156200	0.025546	0.014162	0.018222	0.194801	0.143888	0.165518	4
1.00	0.193350	0.129396	0.155037	0.025587	0.014108	0.018188	0.193350	0.142754	0.164244	4
1.00	0.190226	0.127305	0.152532	0.026310	0.014164	0.018415	0.190226	0.140020	0.161307	4
1.00	0.198148	0.132607	0.158884	0.025766	0.014517	0.018571	0.198148	0.145970	0.168103	4
1.00	0.207185	0.138655	0.166130	0.024168	0.014750	0.018320	0.207185	0.153213	0.176158	4
1.00	0.223586	0.149630	0.179281	0.024484	0.014935	0.018553	0.223586	0.167987	0.191839	4
1.00	0.236974	0.158590	0.190016	0.025784	0.015080	0.019030	0.236974	0.179860	0.204504	4
1.00	0.234408	0.156873	0.187958	0.025785	0.015024	0.018986	0.234408	0.177796	0.202214	4
1.00	0.229611	0.153662	0.184112	0.024751	0.014951	0.018642	0.229611	0.173510	0.197656	4
1.00	0.240433	0.160905	0.192789	0.023114	0.015030	0.018215	0.240433	0.183077	0.207871	4
1.00	0.246123	0.164713	0.197352	0.023278	0.014999	0.018243	0.246123	0.188283	0.213353	4
1.00	0.263416	0.176286	0.211218	0.023335	0.015157	0.018377	0.263416	0.203029	0.229314	4
1.00	0.289635	0.193833	0.232242	0.023410	0.015577	0.018707	0.289635	0.225334	0.253470	4
1.00	0.336829	0.225416	0.270084	0.023628	0.016263	0.019266	0.336829	0.266038	0.297277	4
1.00	0.362490	0.242589	0.290660	0.018137	0.016606	0.017338	0.362490	0.288291	0.321161	4
1.00	0.407230	0.272530	0.326534	0.018364	0.017210	0.017768	0.407230	0.327303	0.362918	3
1.00	0.508535	0.340327	0.407765	0.019027	0.018236	0.018623	0.508535	0.416362	0.457855	3
1.00	0.585072	0.391548	0.469136	0.019714	0.018791	0.019241	0.585072	0.483744	0.529605	3
1.00	0.659935	0.441649	0.529164	0.020769	0.018626	0.019639	0.659935	0.551564	0.600902	3
1.00	0.693295	0.463974	0.555913	0.022336	0.016998	0.019305	0.693295	0.585806	0.635034	3
1.00	0.693852	0.464347	0.556361	0.024024	0.015554	0.018883	0.693852	0.588419	0.636801	3
1.00	0.688274	0.460614	0.551888	0.023160	0.014791	0.018052	0.688274	0.585611	0.632806	3
1.00	0.688832	0.460987	0.552335	0.016321	0.014898	0.015577	0.688832	0.585899	0.633210	3
1.00	0.690059	0.461808	0.553319	0.016203	0.015083	0.015623	0.690059	0.586587	0.634130	2
1.00	0.691175	0.462555	0.554214	0.016086	0.015266	0.015665	0.691175	0.587034	0.634862	2
1.00	0.692291	0.463302	0.555108	0.015944	0.015476	0.015706	0.692291	0.587787	0.635773	2
1.00	0.693741	0.464272	0.556271	0.015672	0.015747	0.015709	0.693741	0.588558	0.636836	2
1.00	0.694633	0.464870	0.556987	0.015209	0.016044	0.015616	0.694633	0.588354	0.637092	2
1.00	0.695861	0.465691	0.557971	0.014848	0.016393	0.015583	0.695861	0.588233	0.637536	2
1.00	0.695191	0.465243	0.557434	0.014444	0.016655	0.015471	0.695191	0.586950	0.636502	2
1.00	0.694745	0.464944	0.557076	0.014314	0.016748	0.015435	0.694745	0.586216	0.635883	2
1.00	0.695526	0.465467	0.557703	0.020374	0.016845	0.018442	0.695526	0.586625	0.636451	3
1.00	0.702667	0.470246	0.563428	0.022478	0.017560	0.019717	0.702667	0.591060	0.642049	3
1.00	0.695414	0.465392	0.557613	0.019949	0.019692	0.019820	0.695414	0.581409	0.633322	3
1.00	0.597010	0.399537	0.478708	0.018202	0.020457	0.019264	0.597010	0.489369	0.537857	3
1.00	0.436796	0.292317	0.350242	0.017002	0.018913	0.017906	0.436796	0.348379	0.387609	3
1.00	0.348098	0.232958	0.279120	0.016719	0.017925	0.017301	0.348098	0.270771	0.304603	3
1.00	0.294210	0.196894	0.235910	0.027648	0.017063	0.021102	0.294210	0.224246	0.254507	4
1.00	0.271449	0.181662	0.217660	0.027559	0.016461	0.020611	0.271449	0.206023	0.234254	4
1.00	0.267991	0.179347	0.214886	0.027806	0.016421	0.020648	0.267991	0.203122	0.231090	4
1.00	0.270891	0.181289	0.217212	0.027950	0.016377	0.020653	0.270891	0.205688	0.233829	4
1.00	0.276916	0.185321	0.222043	0.028166	0.016361	0.020698	0.276916	0.210709	0.239318	4
1.00	0.296552	0.198462	0.237789	0.022837	0.016608	0.019231	0.296552	0.227723	0.257620	4
1.00	0.319090	0.213544	0.255860	0.023118	0.016798	0.019458	0.319090	0.247666	0.278877	4
1.00	0.325226	0.217651	0.260780	0.023321	0.016740	0.019490	0.325226	0.253310	0.284798	4
1.00	0.336048	0.224894	0.269458	0.023470	0.016769	0.019561	0.336048	0.262923	0.295022	4
1.00	0.337164	0.225640	0.270352	0.023453	0.016716	0.019519	0.337164	0.264169	0.296236	4
1.00	0.350218	0.234376	0.280819	0.023597	0.016852	0.019663	0.350218	0.275419	0.308347	4
1.00	0.366060	0.244979	0.293523	0.023681	0.017006	0.019796	0.366060	0.289007	0.323002	4
1.00	0.375209	0.251101	0.300859	0.023731	0.017090	0.019870	0.375209	0.296835	0.331452	4
1.00	0.384607	0.257448	0.308435	0.026588	0.017182	0.020875	0.384581	0.304998	0.340197	4
1.00	0.393865	0.263645	0.315860	0.027208	0.017306	0.021156	0.393841	0.313002	0.348799	4
1.00	0.393865	0.263645	0.315860	0.027088	0.017416	0.021201	0.393841	0.312751	0.348643	4
1.00	0.368321	0.246547	0.295375	0.027529	0.017268	0.021224	0.368292	0.290094	0.324549	4
1.00	0.362257	0.242515	0.290532	0.027871	0.017377	0.021407	0.362211	0.284293	0.318557	4
1.00	0.364600	0.244083	0.292410	0.027951	0.017558	0.021568	0.364554	0.285911	0.320478	4
1.00	0.374303	0.250579	0.300192	0.028008	0.017792	0.021761	0.374261	0.294334	0.329520	4
1.00	0.369466	0.247368	0.296333	0.028065	0.017829	0.021805	0.369408	0.289899	0.324859	5
1.00	0.381244	0.255283	0.305800	0.027558	0.018098	0.021848	0.381178	0.299513	0.335447	5
1.00	0.411463	0.275517	0.330039	0.027935	0.018469	0.022237	0.411414	0.325869	0.363679	5
1.00	0.441459	0.295602	0.354099	0.028368	0.018854	0.022652	0.441426	0.352144	0.391763	5
1.00	0.489630	0.327858	0.392737	0.028630	0.019311	0.023065	0.489624	0.395368	0.437477	5
1.00	0.556423	0.372583	0.446313	0.029278	0.019901	0.023696	0.556454	0.453686	0.499842	5
1.00	0.621585	0.416262	0.498614	0.033863	0.020418	0.025475	0.621611	0.512552	0.561838	5
1.00	0.654922	0.438587	0.525355	0.034441	0.020226	0.025486	0.654970	0.542397	0.593392	5
1.00	0.674992	0.452027	0.541454	0.034872	0.019823	0.025277	0.675053	0.561531	0.613081	5
1.00	0.688148	0.460838	0.552008	0.035352	0.019440	0.025086	0.688218	0.575254	0.626686	5
1.00	0.694057	0.464795	0.556748	0.035191	0.018949	0.024634	0.694131	0.581706	0.632965	5
1.00	0.702196	0.470246	0.563277	0.035911	0.018295	0.024240	0.702276	0.590362	0.641475	5
1.00	0.702754	0.470619	0.563724	0.036552	0.017875	0.024009	0.702834	0.590902	0.642026	5
1.00	0.703980	0.471440	0.564708	0.036975	0.017506	0.023762	0.704061	0.592575	0.643525	5
1.00	0.703423	0.471067	0.564261	0.037095	0.017258	0.023556	0.703503	0.592677	0.643352	5
1.00	0.704315	0.471664	0.564976	0.037020	0.017512	0.023776	0.704396	0.593096	0.643972	5
1.00	0.703646	0.471216	0.564440	0.035979	0.018470	0.024409	0.703726	0.590902	0.642398	5
1.00	0.696176	0.466214	0.558447	0.035322	0.019505	0.025132	0.696251	0.582264	0.634176	5
1.00	0.687925	0.460688	0.551829	0.035042	0.019959	0.025433	0.687995	0.573283	0.625422	5
1.00	0.672427	0.450310	0.539397	0.034556	0.020335	0.025603	0.672487	0.557793	0.609794	5
1.00	0.653808	0.437841	0.524461	0.034212	0.020557	0.025682	0.653855	0.540890	0.592032	5
1.00	0.639090	0.427985	0.512655	0.033886	0.020653	0.025664	0.639128	0.527056	0.577707	5
1.00	0.629167	0.421340	0.504695	0.033541	0.020652	0.025564	0.629198	0.517926	0.568165	5
1.00	0.618018	0.413873	0.495752	0.033341	0.020790	0.025610	0.618041	0.507271	0.557204	5
1.00	0.596499	0.399462	0.478490	0.032964	0.020898	0.025579	0.596508	0.486878	0.536146	5
1.00	0.570521	0.382065	0.457651	0.032464	0.020745	0.025314	0.570512	0.464024	0.511788	5
1.00	0.549114	0.367729	0.440479	0.032111	0.020698	0.025171	0.549091	0.444620	0.491364	5
1.00	0.542201	0.363100	0.434934	0.031826	0.020693	0.025080	0.542173	0.438577	0.484904	5
1.00	0.539860	0.361532	0.433056	0.031754	0.020722	0.025078	0.539830	0.436178	0.482500	5
1.00	0.525923	0.352199	0.421876	0.031597	0.020575	0.024922	0.525884	0.423921	0.469429	5
1.00	0.516388	0.345852	0.414256	0.031278	0.020531	0.024790	0.516345	0.415664	0.460567	5
1.00	0.504515	0.337938	0.404758	0.030893	0.020467	0.024622	0.504463	0.405019	0.449304	5
1.00	0.499275	0.334428	0.400554	0.030948	0.020501	0.024664	0.499219	0.400054	0.444169	5
1.00	0.496991	0.333010	0.398802	0.031217	0.020593	0.024816	0.496988	0.397413	0.441658	5
1.00	0.487522	0.326738	0.391256	0.031236	0.020667	0.024875	0.487448	0.387605	0.431830	5
1.00	0.487468	0.326738	0.391238	0.031393	0.020868	0.025071	0.487337	0.386182	0.430903	5
1.00	0.493483	0.330770	0.396066	0.031599	0.021127	0.025323	0.493362	0.390487	0.435937	5
1.00	0.497271	0.333308	0.399106	0.031683	0.021430	0.025567	0.497155	0.392356	0.438582	5
1.00	0.497828	0.333756	0.399607	0.031685	0.021640	0.025716	0.497657	0.391575	0.438288	5
1.00	0.498218	0.334055	0.399946	0.031821	0.021728	0.025824	0.498048	0.391156	0.438177	5
1.00	0.506459	0.339580	0.406561	0.031888	0.021967	0.026014	0.506304	0.397776	0.445526	5
1.00	0.508463	0.340924	0.408171	0.032009	0.022088	0.026139	0.508312	0.398669	0.446863	5
1.00	0.504120	0.338012	0.404684	0.032032	0.022024	0.026101	0.503961	0.394559	0.442600	5
1.00	0.496159	0.332711	0.398319	0.043226	0.022046	0.029199	0.495946	0.387010	0.434758	6
1.00	0.493543	0.330994	0.396246	0.043251	0.022053	0.029212	0.493269	0.384499	0.432145	6
1.00	0.492152	0.330098	0.395156	0.043240	0.022072	0.029226	0.491837	0.383077	0.430697	6
1.00	0.496939	0.333383	0.399053	0.043228	0.022126	0.029271	0.496597	0.387447	0.435284	6
1.00	0.499054	0.334876	0.400804	0.045133	0.022189	0.029751	0.498661	0.389622	0.437449	6
1.00	0.495160	0.332263	0.397676	0.045090	0.022154	0.029711	0.494756	0.386015	0.433673	6
1.00	0.493713	0.331292	0.396515	0.045046	0.022098	0.029651	0.493306	0.385057	0.432511	6
1.00	0.488595	0.327858	0.392404	0.045066	0.022020	0.029585	0.488174	0.380724	0.427805	6
1.00	0.489653	0.328604	0.393280	0.046163	0.022083	0.029875	0.489178	0.381626	0.428760	6
1.00	0.485041	0.325618	0.389653	0.044034	0.022187	0.029506	0.484548	0.377136	0.424147	6
1.00	0.484151	0.325021	0.388939	0.043944	0.022275	0.029565	0.483655	0.375912	0.423031	6
1.00	0.484151	0.325021	0.388939	0.042782	0.022372	0.029380	0.483655	0.375494	0.422766	6
1.00	0.488822	0.328157	0.392691	0.042714	0.022415	0.029401	0.488341	0.379845	0.427314	6
1.00	0.490157	0.329052	0.393763	0.042727	0.022528	0.029501	0.489680	0.380923	0.428509	6
1.00	0.500056	0.335698	0.401716	0.042859	0.022613	0.029606	0.499610	0.389551	0.437769	6
1.00	0.512957	0.344359	0.412080	0.043036	0.022795	0.029804	0.512552	0.401294	0.450150	6
1.00	0.523576	0.351527	0.420639	0.043094	0.022883	0.029893	0.523207	0.410648	0.460144	6
1.00	0.532466	0.357575	0.427838	0.043070	0.023022	0.030006	0.532132	0.418457	0.468498	6
1.00	0.557038	0.374076	0.447581	0.043261	0.023275	0.030266	0.556789	0.440050	0.491584	6
1.00	0.570206	0.382961	0.458192	0.043297	0.023470	0.030440	0.570010	0.452276	0.504363	6
1.00	0.587307	0.394534	0.471996	0.043302	0.023723	0.030653	0.587248	0.467124	0.520343	6
1.00	0.613111	0.412006	0.492833	0.044104	0.023950	0.031043	0.613206	0.490238	0.544870	6
1.00	0.638818	0.429329	0.513530	0.044374	0.023997	0.031149	0.639035	0.513082	0.569173	6
1.00	0.658187	0.442395	0.529136	0.045759	0.024233	0.031686	0.658392	0.530644	0.587656	6
1.00	0.669036	0.449787	0.537929	0.045674	0.024243	0.031674	0.669382	0.540686	0.598190	6
1.01	0.671107	0.451430	0.539773	0.046934	0.024484	0.032180	0.671334	0.542536	0.600102	6
1.01	0.674687	0.454342	0.543013	0.046518	0.024759	0.032317	0.674960	0.546004	0.603672	6
1.01	0.675679	0.455312	0.544027	0.046796	0.024997	0.032587	0.675908	0.546822	0.604551	6
1.01	0.672055	0.453222	0.541360	0.046832	0.025221	0.032786	0.672227	0.543019	0.600754	6
1.01	0.673526	0.454566	0.542796	0.047016	0.025491	0.033058	0.673789	0.543754	0.601827	7
1.01	0.670424	0.452923	0.540618	0.046660	0.025711	0.033153	0.670776	0.540732	0.598775	7
1.01	0.666519	0.450385	0.537540	0.046641	0.025934	0.033333	0.666760	0.537246	0.595037	7
1.01	0.662838	0.448145	0.534747	0.046690	0.026090	0.033475	0.663022	0.533443	0.591216	7
1.01	0.664864	0.449713	0.536522	0.047031	0.026226	0.033674	0.664993	0.535619	0.593335	7
1.01	0.668543	0.452251	0.539527	0.047137	0.026248	0.033719	0.668731	0.538724	0.596728	7
1.01	0.677298	0.458224	0.546629	0.047356	0.026217	0.033750	0.677601	0.547259	0.605495	7
1.01	0.688651	0.466214	0.556011	0.047454	0.026324	0.033864	0.689036	0.558528	0.616956	7
1.01	0.696980	0.472112	0.562920	0.047960	0.026497	0.034135	0.697293	0.566486	0.625120	7
1.01	0.703283	0.476592	0.568161	0.048322	0.026465	0.034199	0.703745	0.572827	0.631573	7
1.01	0.704801	0.477936	0.569611	0.048496	0.026705	0.034443	0.705140	0.574408	0.633095	7
1.01	0.700561	0.475323	0.566370	0.048513	0.026830	0.034552	0.700844	0.570856	0.629207	7
1.01	0.694160	0.471291	0.561416	0.048309	0.026996	0.034637	0.694466	0.565120	0.623152	7
1.01	0.677668	0.459942	0.547970	0.047735	0.027048	0.034530	0.677489	0.549779	0.606989	7
1.01	0.670516	0.455238	0.542293	0.047448	0.027031	0.034441	0.670311	0.543484	0.600272	7
1.01	0.655119	0.444785	0.529841	0.047128	0.027016	0.034345	0.654692	0.529176	0.585280	7
1.01	0.651457	0.442395	0.526948	0.046953	0.027046	0.034322	0.651047	0.525931	0.581839	7
1.02	0.652891	0.443515	0.528211	0.047005	0.026963	0.034269	0.652553	0.528134	0.583788	7
1.02	0.646884	0.439483	0.523386	0.047011	0.026899	0.034218	0.646417	0.522667	0.577992	7
1.02	0.635954	0.432390	0.514778	0.048301	0.027073	0.034698	0.635260	0.512765	0.567478	7
1.02	0.623723	0.424027	0.504845	0.048016	0.027161	0.034695	0.622820	0.501051	0.555339	7
1.02	0.611227	0.415441	0.494666	0.047848	0.027159	0.034650	0.609989	0.489113	0.542904	7
1.02	0.603448	0.410289	0.488466	0.047761	0.027203	0.034663	0.602068	0.482195	0.535505	7
1.02	0.592532	0.402822	0.479598	0.047624	0.027249	0.034664	0.590799	0.471801	0.524637	7
1.02	0.584294	0.397222	0.472931	0.047615	0.027317	0.034717	0.582264	0.464037	0.516471	7
1.02	0.582986	0.396550	0.472026	0.047282	0.027429	0.034718	0.580963	0.462810	0.515199	7
1.02	0.579046	0.394086	0.468989	0.047098	0.027556	0.034769	0.576890	0.459370	0.511466	7
1.02	0.574060	0.390951	0.465133	0.046938	0.027634	0.034788	0.571758	0.454758	0.506591	7
1.02	0.568548	0.387367	0.460787	0.046783	0.027712	0.034807	0.566180	0.449543	0.501164	7
1.02	0.563760	0.384231	0.456996	0.046707	0.027773	0.034834	0.561270	0.445201	0.496543	7
1.02	0.558318	0.380647	0.452673	0.046467	0.027897	0.034863	0.555636	0.440329	0.491308	7
1.02	0.558634	0.380945	0.452988	0.046403	0.028188	0.035071	0.555748	0.439780	0.491010	7
1.02	0.555556	0.378929	0.450550	0.046391	0.028194	0.035073	0.552624	0.437168	0.488162	7
1.02	0.556844	0.379975	0.451713	0.046412	0.028318	0.035175	0.553851	0.438265	0.489325	7
1.02	0.559094	0.381468	0.453509	0.046340	0.028343	0.035174	0.556082	0.440013	0.491285	7
1.02	0.558035	0.380871	0.452738	0.046420	0.028304	0.035166	0.555134	0.439111	0.490353	7
1.02	0.555240	0.379004	0.450499	0.046285	0.028450	0.035239	0.552289	0.436294	0.487486	7
1.02	0.551094	0.376092	0.447078	0.046136	0.028436	0.035185	0.548161	0.432203	0.483324	7
1.02	0.548895	0.374673	0.445352	0.046277	0.028441	0.035230	0.545948	0.429981	0.481074	7
1.02	0.553929	0.378481	0.449698	0.047145	0.028646	0.035638	0.551248	0.434713	0.486094	7
1.02	0.557048	0.380945	0.452465	0.058382	0.028809	0.038580	0.554316	0.437186	0.488833	8
1.02	0.562179	0.384455	0.456634	0.058342	0.028901	0.038654	0.559615	0.441547	0.493619	8
1.02	0.567859	0.388636	0.461457	0.058486	0.029032	0.038803	0.565361	0.446391	0.498881	8
1.02	0.574030	0.393116	0.466652	0.058478	0.029241	0.038987	0.571553	0.452090	0.504851	8
1.02	0.579177	0.397073	0.471141	0.057524	0.029541	0.039036	0.576946	0.455939	0.509354	8
1.02	0.581228	0.398566	0.472871	0.057316	0.029554	0.038999	0.579122	0.457511	0.511183	8
1.03	0.585074	0.401553	0.476245	0.057538	0.029612	0.039101	0.583045	0.461053	0.514922	8
1.03	0.589169	0.404540	0.479703	0.057031	0.029759	0.039111	0.587350	0.464195	0.518561	8
1.03	0.590504	0.405809	0.481037	0.056991	0.029906	0.039228	0.588782	0.464958	0.519595	8
1.03	0.592942	0.407750	0.483210	0.056625	0.029963	0.039189	0.591236	0.467198	0.521949	8
1.03	0.602235	0.414545	0.491067	0.056806	0.030372	0.039581	0.600441	0.476040	0.531053	8
1.03	0.614968	0.423953	0.501900	0.056772	0.030729	0.039875	0.613420	0.488415	0.543827	8
1.03	0.623054	0.430225	0.508988	0.056969	0.031094	0.040230	0.621565	0.496262	0.551891	8
1.03	0.633459	0.438214	0.518051	0.057406	0.031448	0.040635	0.632461	0.506062	0.562245	9
1.04	0.637823	0.441947	0.522119	0.057180	0.031724	0.040808	0.637017	0.510283	0.566650	9
1.04	0.640706	0.444710	0.525012	0.057059	0.031937	0.040952	0.639806	0.513388	0.569668	9
1.04	0.642067	0.446278	0.526561	0.056892	0.032142	0.041077	0.641145	0.515081	0.571240	9
1.04	0.639953	0.445382	0.525227	0.056470	0.032196	0.041010	0.639118	0.513416	0.569412	9
1.04	0.636198	0.443291	0.522508	0.055995	0.032297	0.040966	0.635511	0.510051	0.565911	9
1.04	0.632408	0.440603	0.519363	0.056034	0.032268	0.040952	0.631439	0.506536	0.562133	9
1.04	0.626258	0.436646	0.514540	0.056116	0.032382	0.041067	0.624689	0.500558	0.555776	9
1.04	0.623460	0.434555	0.512144	0.056356	0.032468	0.041200	0.621546	0.497053	0.552372	9
1.04	0.616663	0.429403	0.506272	0.056407	0.032340	0.041111	0.614368	0.489745	0.545023	9
1.04	0.610474	0.425595	0.501540	0.056358	0.032272	0.041042	0.607972	0.484324	0.539150	9
1.04	0.602460	0.420593	0.495361	0.056348	0.032240	0.041014	0.599455	0.477798	0.531757	9
1.04	0.602415	0.420966	0.495605	0.056822	0.032258	0.041153	0.599455	0.478523	0.532206	9
1.05	0.603693	0.422310	0.496969	0.055248	0.032334	0.040793	0.600850	0.479871	0.533589	9
1.05	0.601494	0.420817	0.495190	0.055618	0.032318	0.040881	0.598395	0.477891	0.531397	9
1.05	0.601833	0.421638	0.495873	0.055609	0.032100	0.040704	0.599232	0.479248	0.532566	9
1.05	0.602595	0.422982	0.497061	0.055785	0.032136	0.040780	0.600331	0.481312	0.534273	9
1.05	0.603459	0.424625	0.498488	0.056038	0.032124	0.040838	0.601391	0.483776	0.536210	9
1.05	0.604306	0.425446	0.499343	0.056178	0.032052	0.040816	0.602432	0.485356	0.537594	9
1.05	0.606247	0.427537	0.501445	0.056511	0.032054	0.040906	0.604441	0.487960	0.539990	9
1.06	0.609990	0.431270	0.505293	0.056709	0.032100	0.040995	0.608353	0.493129	0.544714	9
1.06	0.610578	0.432689	0.506467	0.056330	0.032122	0.040913	0.609662	0.494840	0.546283	9
1.06	0.612466	0.435078	0.508753	0.056438	0.032181	0.040990	0.611726	0.497611	0.548799	9
1.06	0.612008	0.436123	0.509308	0.056633	0.032377	0.041200	0.611019	0.498271	0.548915	9
1.07	0.611012	0.435825	0.508760	0.056593	0.032278	0.041109	0.609606	0.497415	0.547826	9
1.07	0.606134	0.432390	0.504728	0.056476	0.032067	0.040907	0.604474	0.492525	0.542787	9
1.07	0.604454	0.431643	0.503637	0.056597	0.032075	0.040945	0.602336	0.490861	0.540914	9
1.07	0.604432	0.431718	0.503680	0.056994	0.032132	0.041095	0.602261	0.490554	0.540698	9
1.07	0.601235	0.428806	0.500588	0.056891	0.031980	0.040944	0.598840	0.486667	0.536958	9
1.06	0.600357	0.427462	0.499368	0.056774	0.031736	0.040714	0.597854	0.484668	0.535344	9
1.06	0.600042	0.426790	0.498800	0.056659	0.031683	0.040641	0.597464	0.483776	0.534643	9
1.06	0.598779	0.424774	0.496986	0.056713	0.031523	0.040522	0.595771	0.481228	0.532409	9
1.06	0.597450	0.423430	0.495608	0.056427	0.031680	0.040578	0.593670	0.478898	0.530144	9
1.06	0.599135	0.423953	0.496546	0.056546	0.031985	0.040859	0.594500	0.478768	0.530394	9
1.06	0.597510	0.422758	0.495168	0.056439	0.032512	0.041257	0.591785	0.475951	0.527585	9
1.06	0.595525	0.421265	0.493462	0.056116	0.032749	0.041361	0.589274	0.473487	0.525073	9
1.06	0.592866	0.419473	0.491320	0.055940	0.032900	0.041433	0.586039	0.470270	0.521811	9
1.06	0.589327	0.417233	0.488568	0.055625	0.032938	0.041376	0.582041	0.467332	0.518417	9
1.06	0.590665	0.418577	0.489949	0.055573	0.033065	0.041461	0.583517	0.468718	0.519855	9
1.06	0.594381	0.421788	0.493427	0.055531	0.033518	0.041803	0.587181	0.472427	0.523590	9
1.06	0.595060	0.422758	0.494325	0.055395	0.033768	0.041958	0.587460	0.473190	0.524169	9
1.06	0.596101	0.424699	0.496010	0.054967	0.034121	0.042105	0.588464	0.474742	0.525521	9
1.07	0.601756	0.429851	0.501481	0.054763	0.034387	0.042247	0.594555	0.480935	0.531743	9
1.07	0.604697	0.432539	0.504331	0.054743	0.034478	0.042309	0.597698	0.484226	0.535011	9
1.07	0.611105	0.438811	0.510821	0.054496	0.034994	0.042620	0.604281	0.491627	0.542164	9
1.07	0.615776	0.442993	0.515286	0.054287	0.035303	0.042783	0.609469	0.496545	0.547242	9
1.08	0.618574	0.445606	0.518033	0.053956	0.035448	0.042787	0.612630	0.499464	0.550289	9
1.08	0.619225	0.446353	0.518766	0.053775	0.035523	0.042784	0.613243	0.499948	0.550830	9
1.08	0.618816	0.446427	0.518673	0.053700	0.035675	0.042870	0.612765	0.498972	0.550045	9
1.08	0.620715	0.448817	0.520952	0.053610	0.036039	0.043102	0.614829	0.501045	0.552136	9
1.08	0.623209	0.451505	0.523640	0.053497	0.036391	0.043317	0.617613	0.504002	0.555053	9
1.09	0.629584	0.457627	0.530007	0.053544	0.036848	0.043654	0.624809	0.511616	0.562576	9
1.09	0.631142	0.460315	0.532360	0.053459	0.037132	0.043824	0.626453	0.514601	0.565045	9
1.09	0.634843	0.464720	0.536621	0.054992	0.037667	0.044710	0.630860	0.519175	0.569595	9
1.10	0.636327	0.466662	0.538445	0.054866	0.037914	0.044841	0.632571	0.521332	0.571590	9
1.10	0.637998	0.469126	0.540682	0.066200	0.038457	0.048652	0.634349	0.523536	0.573640	10
1.10	0.642257	0.473456	0.545087	0.066011	0.038818	0.048887	0.639395	0.528965	0.578962	10
1.10	0.650283	0.480102	0.552382	0.066242	0.038990	0.049087	0.648377	0.537277	0.587622	10
1.10	0.654025	0.482864	0.555560	0.066362	0.038978	0.049110	0.652635	0.541089	0.591651	10
1.10	0.658574	0.486075	0.559326	0.066608	0.039007	0.049201	0.657544	0.545878	0.596530	10
1.10	0.661613	0.488763	0.562202	0.066744	0.039123	0.049330	0.661058	0.549476	0.600124	10
1.11	0.664144	0.491376	0.564844	0.066666	0.039198	0.049369	0.663874	0.553232	0.603524	10
1.11	0.670093	0.496528	0.570399	0.066655	0.039223	0.049385	0.671340	0.560391	0.610868	10
1.11	0.676764	0.502128	0.576511	0.055736	0.039073	0.045940	0.679064	0.568145	0.618672	9
1.11	0.683370	0.508101	0.582844	0.055877	0.039112	0.046015	0.686725	0.576085	0.626558	9
1.11	0.687594	0.511909	0.586886	0.056043	0.039112	0.046071	0.691634	0.581394	0.631741	9
1.11	0.689058	0.513925	0.588744	0.056103	0.039049	0.046048	0.693735	0.584006	0.634159	9
1.12	0.692092	0.516912	0.591811	0.056176	0.038963	0.046012	0.697547	0.588841	0.638601	9
1.12	0.696484	0.522064	0.596791	0.056411	0.039204	0.046259	0.703089	0.595573	0.644880	9
1.12	0.697358	0.524229	0.598525	0.057509	0.039398	0.046761	0.704855	0.598445	0.647306	9
1.13	0.696363	0.524677	0.598450	0.057717	0.039443	0.046861	0.704334	0.599468	0.647684	9
1.13	0.695205	0.525050	0.598264	0.057818	0.039483	0.046923	0.703944	0.600305	0.648007	9
1.13	0.692429	0.523781	0.596412	0.057835	0.039450	0.046905	0.701179	0.598724	0.645914	9
1.13	0.689229	0.520794	0.593289	0.057689	0.039314	0.046761	0.697460	0.595796	0.642632	9
1.13	0.681697	0.514746	0.586574	0.057504	0.039189	0.046612	0.688999	0.587651	0.634302	9
1.13	0.670131	0.505563	0.576329	0.078778	0.039214	0.052363	0.675957	0.575490	0.621691	11
1.12	0.663029	0.499067	0.569481	0.073124	0.039139	0.050988	0.667812	0.567401	0.613525	11
1.12	0.654071	0.492421	0.561850	0.075071	0.039331	0.051618	0.657678	0.558764	0.604199	11
1.12	0.649529	0.488613	0.557696	0.076193	0.039407	0.051947	0.652657	0.554255	0.599444	11
1.12	0.647164	0.486448	0.555413	0.076211	0.039334	0.051888	0.649868	0.551651	0.596745	11
1.12	0.645152	0.484358	0.553309	0.076326	0.039453	0.052018	0.647376	0.549011	0.594150	11
1.12	0.639900	0.478982	0.547869	0.074590	0.039356	0.051526	0.641296	0.542521	0.587788	11
1.12	0.634366	0.474128	0.542665	0.060427	0.038890	0.047324	0.635316	0.537119	0.582105	10
1.11	0.630476	0.469574	0.538257	0.062452	0.038547	0.047670	0.630667	0.531578	0.576898	10
1.11	0.626069	0.464795	0.533510	0.062109	0.038247	0.047342	0.625609	0.525804	0.571381	10
1.11	0.625541	0.464123	0.532876	0.064157	0.038205	0.047891	0.625126	0.525330	0.570899	10
1.11	0.625680	0.463526	0.532533	0.064145	0.038145	0.047840	0.625442	0.524847	0.570745	10
1.11	0.627621	0.464870	0.534123	0.063087	0.038265	0.047636	0.627487	0.526743	0.572719	10
1.10	0.630797	0.466139	0.536110	0.063119	0.038318	0.047686	0.630778	0.528752	0.575276	10
1.10	0.632005	0.466512	0.536793	0.063142	0.038340	0.047711	0.632006	0.529142	0.576018	10
1.10	0.629989	0.465542	0.535423	0.059515	0.038649	0.046865	0.629830	0.527524	0.574155	10
1.11	0.628848	0.465168	0.534764	0.058971	0.038747	0.046766	0.628380	0.526641	0.573030	10
1.11	0.629189	0.465467	0.535084	0.071001	0.039290	0.050587	0.628056	0.526455	0.572785	11
1.10	0.630765	0.465691	0.535802	0.072673	0.039183	0.050914	0.629060	0.526418	0.573180	11
1.10	0.630558	0.465915	0.535875	0.071215	0.039549	0.050855	0.628447	0.525962	0.572655	11
1.10	0.631595	0.466587	0.536694	0.071167	0.039471	0.050779	0.629618	0.527050	0.573786	11
1.10	0.634188	0.468976	0.539211	0.060280	0.039270	0.047558	0.632563	0.530072	0.576800	10
1.10	0.637511	0.471291	0.541942	0.061327	0.039037	0.047707	0.636097	0.532973	0.579986	10
1.11	0.640723	0.473904	0.544830	0.073731	0.039339	0.051304	0.639306	0.535929	0.583071	11
1.10	0.644200	0.475995	0.547469	0.075540	0.039614	0.051973	0.642430	0.537473	0.585283	11
1.10	0.646143	0.477190	0.548961	0.079239	0.039549	0.052763	0.644159	0.538086	0.586364	11
1.10	0.649929	0.479355	0.551760	0.068025	0.039451	0.049940	0.647953	0.540494	0.589365	10
1.10	0.654729	0.483238	0.556062	0.068075	0.039898	0.050310	0.653141	0.544697	0.594010	10
1.10	0.659714	0.486523	0.560034	0.068067	0.040033	0.050415	0.658440	0.548676	0.598568	10
1.11	0.667340	0.493691	0.567529	0.068074	0.040560	0.050833	0.667191	0.557304	0.607317	10
1.11	0.672447	0.498021	0.572237	0.068359	0.040762	0.051070	0.672751	0.562669	0.612805	10
1.11	0.676776	0.501531	0.576121	0.068370	0.040795	0.051100	0.677716	0.567206	0.617556	10
1.11	0.678064	0.501979	0.576883	0.068303	0.040767	0.051059	0.679017	0.567801	0.618449	10
1.11	0.680746	0.504219	0.579333	0.068016	0.040840	0.051036	0.681825	0.570181	0.621025	10
1.11	0.682130	0.505040	0.580377	0.067991	0.040862	0.051046	0.683164	0.570832	0.621967	10
1.11	0.686694	0.508624	0.584395	0.068111	0.041075	0.051246	0.687906	0.575462	0.626680	10
1.11	0.688978	0.511088	0.586848	0.069025	0.041250	0.051640	0.690769	0.578214	0.629500	10
1.11	0.690792	0.513104	0.588835	0.068927	0.041460	0.051776	0.692871	0.580762	0.631882	10
1.11	0.693019	0.515120	0.590971	0.069009	0.041600	0.051908	0.695307	0.583402	0.634458	10
1.11	0.693798	0.516165	0.591942	0.068807	0.041794	0.052002	0.696151	0.584676	0.635562	10
1.11	0.694829	0.517658	0.593299	0.068917	0.041907	0.052121	0.697601	0.586768	0.637402	10
1.12	0.695891	0.519749	0.595059	0.068652	0.041888	0.052030	0.699535	0.589101	0.639586	10
1.12	0.696190	0.521168	0.596097	0.068509	0.041826	0.051941	0.700372	0.591296	0.641228	10
1.12	0.696526	0.522512	0.597099	0.068965	0.042061	0.052254	0.701060	0.593388	0.642746	10
1.13	0.697838	0.525424	0.599480	0.068638	0.042229	0.052288	0.703384	0.597432	0.646093	10
1.13	0.698072	0.527216	0.600732	0.068786	0.042574	0.052595	0.704017	0.599617	0.647636	10
1.13	0.697454	0.527738	0.600842	0.068883	0.042585	0.052632	0.704072	0.600398	0.648115	10
1.13	0.695901	0.527290	0.599975	0.068817	0.042748	0.052737	0.702436	0.599877	0.647118	10
1.13	0.696179	0.527813	0.600416	0.068709	0.042754	0.052709	0.703143	0.600695	0.647894	10
1.13	0.695763	0.528485	0.600696	0.068619	0.043070	0.052922	0.702733	0.601365	0.648109	10
1.13	0.696212	0.528410	0.600815	0.079983	0.043402	0.056270	0.703068	0.601123	0.648111	11
1.13	0.694753	0.526992	0.599355	0.074275	0.043580	0.054930	0.701439	0.599636	0.646555	11
1.13	0.693021	0.524901	0.597357	0.073023	0.043703	0.054680	0.699059	0.597293	0.644181	11
1.13	0.691503	0.523184	0.595681	0.073052	0.043673	0.054665	0.696902	0.595340	0.642130	11
1.13	0.691519	0.523557	0.595929	0.072245	0.043619	0.054396	0.697311	0.595963	0.642666	11
1.13	0.690788	0.524602	0.596333	0.071865	0.043822	0.054444	0.697302	0.597683	0.643661	11
1.14	0.690797	0.525125	0.596674	0.071171	0.043762	0.054198	0.697443	0.598260	0.644055	11
1.14	0.689099	0.526768	0.597097	0.072766	0.047025	0.057130	0.696075	0.599775	0.644347	11
1.15	0.686134	0.527216	0.596268	0.072212	0.048206	0.057816	0.693639	0.600370	0.643643	11
1.15	0.678371	0.523632	0.591041	0.071438	0.048667	0.057894	0.686026	0.595647	0.637650	12
1.16	0.672228	0.520496	0.586710	0.071228	0.049281	0.058256	0.680038	0.591835	0.632878	12
1.16	0.663690	0.516165	0.580705	0.070792	0.049458	0.058232	0.671485	0.585438	0.625516	12
1.17	0.653154	0.512507	0.574345	0.070600	0.050950	0.059187	0.661585	0.579758	0.617974	12
1.18	0.645530	0.510043	0.569844	0.070203	0.051814	0.059622	0.654799	0.576014	0.612885	12
1.18	0.641183	0.508475	0.567169	0.070334	0.052035	0.059816	0.650262	0.573820	0.609654	12
1.19	0.637677	0.507504	0.565192	0.070455	0.052311	0.060042	0.646869	0.572072	0.607176	12
1.19	0.635063	0.507131	0.563932	0.070146	0.052476	0.060038	0.644358	0.571338	0.605655	12
1.20	0.632550	0.506683	0.562663	0.070051	0.052769	0.060194	0.641885	0.570101	0.603867	12
1.20	0.628648	0.504965	0.560060	0.069864	0.052874	0.060193	0.637813	0.567442	0.600573	12
1.20	0.624408	0.502352	0.556769	0.069724	0.053055	0.060258	0.633164	0.564021	0.596596	12
1.20	0.620702	0.500112	0.553920	0.069556	0.053291	0.060347	0.628832	0.560878	0.592914	12
1.20	0.620031	0.499664	0.553378	0.069498	0.053431	0.060414	0.627976	0.560460	0.592300	12
1.20	0.620133	0.499515	0.553327	0.069393	0.053579	0.060469	0.627530	0.560060	0.591878	13
1.20	0.623790	0.500411	0.555330	0.075009	0.053272	0.062299	0.630970	0.561296	0.594097	13
1.19	0.628537	0.502576	0.558543	0.075581	0.053110	0.062384	0.635656	0.563704	0.597522	13
1.19	0.631767	0.502800	0.559953	0.075492	0.052590	0.061993	0.638017	0.563686	0.598553	13
1.19	0.633866	0.503099	0.560962	0.075012	0.051811	0.061289	0.640174	0.563732	0.599527	14
1.18	0.637170	0.504293	0.562998	0.075047	0.051642	0.061183	0.642703	0.564774	0.601224	14
1.18	0.638582	0.504219	0.563501	0.074287	0.051566	0.060875	0.643670	0.564606	0.601552	14
1.18	0.638060	0.502949	0.562505	0.074360	0.051252	0.060681	0.643168	0.562923	0.600376	14
1.18	0.637441	0.502128	0.561751	0.073849	0.050761	0.060166	0.642610	0.561706	0.599440	14
1.17	0.638506	0.501680	0.561883	0.073874	0.049417	0.059220	0.643540	0.560990	0.599436	14
1.17	0.641136	0.502501	0.563416	0.072729	0.047081	0.057160	0.646813	0.562951	0.601975	14
1.17	0.641572	0.503323	0.564100	0.072324	0.046775	0.056809	0.647538	0.563602	0.602662	14
1.17	0.644237	0.505413	0.566444	0.073950	0.046780	0.057308	0.650699	0.565843	0.605312	14
1.17	0.646891	0.508027	0.569110	0.075203	0.046785	0.057684	0.653898	0.568892	0.608440	14
1.17	0.647226	0.508773	0.569709	0.080310	0.046919	0.059233	0.654678	0.569543	0.609151	14
1.17	0.647601	0.508923	0.569947	0.069529	0.046906	0.056020	0.654902	0.568930	0.608896	13
1.17	0.648199	0.509296	0.570413	0.069279	0.046727	0.055811	0.655580	0.569246	0.609370	13
1.17	0.650480	0.511088	0.572420	0.069373	0.046786	0.055884	0.658184	0.571291	0.611667	13
1.17	0.651116	0.511685	0.573041	0.069499	0.046790	0.055927	0.658909	0.572137	0.612465	13
1.17	0.654559	0.514000	0.575826	0.080871	0.047045	0.059486	0.662739	0.575150	0.615846	14
1.17	0.657654	0.515792	0.578148	0.081055	0.047058	0.059546	0.665798	0.577418	0.618467	14
1.17	0.662058	0.518405	0.581491	0.075765	0.046804	0.057863	0.670477	0.581035	0.622560	14
1.17	0.668739	0.522138	0.586415	0.076093	0.046809	0.057962	0.677413	0.586177	0.628501	14
1.16	0.673442	0.524453	0.589682	0.075317	0.046638	0.057605	0.682011	0.589910	0.632626	14
1.16	0.679627	0.527290	0.593845	0.074480	0.046702	0.057407	0.688519	0.594448	0.638035	14
1.16	0.683500	0.529530	0.596744	0.073663	0.046695	0.057158	0.693001	0.598334	0.642197	14
1.16	0.684622	0.529530	0.597171	0.073121	0.046687	0.056988	0.694117	0.599217	0.643185	14
1.16	0.682668	0.528784	0.595952	0.073506	0.048800	0.058658	0.691643	0.598306	0.641598	14
1.16	0.680912	0.528186	0.594904	0.073445	0.050741	0.060017	0.689189	0.597311	0.639969	14
1.16	0.677726	0.527738	0.593401	0.072946	0.051838	0.060607	0.686084	0.597144	0.638532	14
1.17	0.673874	0.525946	0.590791	0.072818	0.051787	0.060528	0.682272	0.595117	0.635721	14
1.17	0.668447	0.523408	0.587102	0.073057	0.052168	0.060870	0.676600	0.592542	0.631787	14
1.18	0.662207	0.521093	0.583236	0.073182	0.053253	0.061647	0.670520	0.589092	0.627174	14
1.18	0.659627	0.520048	0.581580	0.073307	0.053471	0.061837	0.667693	0.587809	0.625210	14
1.18	0.657820	0.520048	0.580877	0.073231	0.054113	0.062237	0.666522	0.587846	0.624717	14
1.19	0.655627	0.520272	0.580159	0.072183	0.054344	0.062006	0.665257	0.588116	0.624313	14

Thu Sep  2 15:02:22 2021
43.45	0.014499	0.456522	0.028106	0.016284	0.058435	0.025470	0.014467	0.488750	0.028102	89
37.64	0.019258	0.485104	0.037046	0.017764	0.323816	0.033680	0.019374	0.513364	0.037339	89
32.43	0.020840	0.452326	0.039844	0.018384	0.268951	0.034415	0.021230	0.480884	0.040664	89
27.62	0.022625	0.418278	0.042928	0.018993	0.247744	0.035281	0.023602	0.445452	0.044829	89
23.28	0.024776	0.386023	0.046563	0.019978	0.221183	0.036645	0.027023	0.412061	0.050720	89
19.41	0.027151	0.352647	0.050420	0.020920	0.193506	0.037757	0.031296	0.376522	0.057788	89
16.01	0.029962	0.320989	0.054808	0.022031	0.154295	0.038557	0.037410	0.342848	0.067459	89
13.03	0.033830	0.295005	0.060699	0.023073	0.134173	0.039374	0.046417	0.317652	0.080999	89
10.49	0.038007	0.266706	0.066533	0.024662	0.114362	0.040574	0.057626	0.287454	0.096005	89
8.32	0.043377	0.241395	0.073540	0.025800	0.100976	0.041099	0.072944	0.258870	0.113816	89
6.53	0.050065	0.218846	0.081488	0.027875	0.093484	0.042945	0.089022	0.234138	0.128997	89
5.11	0.057499	0.196595	0.088975	0.031159	0.083433	0.045373	0.102889	0.209816	0.138072	89
3.95	0.067458	0.178153	0.097861	0.031850	0.064342	0.042609	0.117848	0.190078	0.145491	89
3.07	0.080546	0.165236	0.108300	0.029897	0.049561	0.037295	0.133317	0.176466	0.151887	89
2.40	0.096746	0.155604	0.119311	0.031857	0.041175	0.035921	0.147445	0.166183	0.156254	86
1.94	0.115579	0.150228	0.130645	0.034440	0.038372	0.036300	0.160294	0.161163	0.160727	86
1.60	0.136117	0.146046	0.140907	0.038222	0.031485	0.034528	0.172034	0.157183	0.164274	84
1.38	0.154114	0.142238	0.147938	0.042357	0.022618	0.029489	0.179254	0.153836	0.165575	82
1.23	0.170685	0.140596	0.154186	0.044075	0.021992	0.029343	0.187157	0.152283	0.167929	80
1.14	0.185276	0.140745	0.159969	0.045739	0.020779	0.028576	0.194782	0.153343	0.171596	76
1.08	0.191391	0.138431	0.160659	0.036939	0.019579	0.025593	0.197281	0.151121	0.171143	69
1.04	0.192612	0.134324	0.158272	0.032835	0.018348	0.023541	0.194337	0.146668	0.167171	64
1.02	0.192228	0.131487	0.156159	0.031190	0.017519	0.022436	0.192780	0.143990	0.164851	56
1.01	0.190439	0.128799	0.153668	0.030658	0.017061	0.021922	0.190518	0.141247	0.162224	51
1.01	0.187569	0.126185	0.150873	0.029196	0.016347	0.020959	0.187670	0.139155	0.159812	43
1.00	0.183437	0.123049	0.147294	0.027579	0.015545	0.019883	0.183588	0.136143	0.156345	35
1.00	0.179579	0.120287	0.144071	0.027558	0.015052	0.019470	0.179572	0.133475	0.153129	30
1.00	0.175887	0.117748	0.141062	0.027845	0.014795	0.019323	0.175834	0.130983	0.150130	24
1.00	0.169140	0.113193	0.135624	0.026861	0.014372	0.018725	0.169140	0.126223	0.144563	20
1.00	0.165681	0.110879	0.132850	0.024064	0.013741	0.017493	0.165681	0.123861	0.141751	14
1.00	0.160884	0.107668	0.129003	0.024063	0.013394	0.017209	0.160884	0.120644	0.137888	12
1.00	0.157202	0.105204	0.126051	0.022266	0.013118	0.016510	0.157202	0.117939	0.134769	8
1.00	0.152962	0.102367	0.122652	0.019391	0.012793	0.015415	0.152962	0.115103	0.131359	6
1.00	0.149615	0.100127	0.119968	0.019659	0.012498	0.015281	0.149615	0.112909	0.128696	5
1.00	0.148276	0.099231	0.118894	0.020481	0.012374	0.015428	0.148276	0.112314	0.127813	4
1.00	0.145599	0.097439	0.116747	0.020605	0.012174	0.015305	0.145599	0.110463	0.125620	4
1.00	0.143702	0.096170	0.115226	0.020556	0.012049	0.015193	0.143702	0.108976	0.123953	4
1.00	0.142028	0.095050	0.113884	0.020614	0.011930	0.015113	0.142028	0.107525	0.122392	4
1.00	0.140355	0.093930	0.112542	0.020895	0.011755	0.015046	0.140355	0.106373	0.121023	4
1.00	0.140801	0.094228	0.112900	0.020898	0.011699	0.015001	0.140801	0.106772	0.121448	4
1.00	0.142028	0.095050	0.113884	0.020716	0.011648	0.014912	0.142028	0.108251	0.122860	4
1.00	0.150731	0.100874	0.120862	0.020987	0.011726	0.015046	0.150731	0.115596	0.130846	4
1.00	0.165235	0.110580	0.132492	0.020953	0.011840	0.015130	0.165235	0.129123	0.144964	4
1.00	0.188218	0.125961	0.150921	0.021443	0.012126	0.015491	0.188218	0.150061	0.166988	4
1.00	0.241102	0.161353	0.193326	0.021651	0.012834	0.016115	0.241102	0.199003	0.218039	4
1.00	0.317862	0.212723	0.254876	0.021689	0.013564	0.016690	0.317862	0.268431	0.291063	4
1.00	0.497824	0.333159	0.399177	0.010303	0.013871	0.011824	0.497824	0.427502	0.459991	3
1.00	0.627245	0.419772	0.502952	0.008971	0.011548	0.010098	0.627245	0.543574	0.582420	3
1.00	0.654692	0.438139	0.524960	0.007550	0.011189	0.009016	0.654692	0.567552	0.608015	3
1.00	0.657369	0.439931	0.527107	0.007406	0.011226	0.008925	0.657369	0.569843	0.610485	2
1.00	0.657815	0.440230	0.527465	0.007402	0.011234	0.008924	0.657815	0.570140	0.610848	2
1.00	0.657927	0.440305	0.527554	0.007397	0.011236	0.008921	0.657927	0.570196	0.610928	2
1.00	0.657927	0.440305	0.527554	0.007395	0.011236	0.008919	0.657927	0.570196	0.610928	2
1.00	0.657927	0.440305	0.527554	0.007395	0.011236	0.008919	0.657927	0.570196	0.610928	2
1.00	0.657927	0.440305	0.527554	0.007398	0.011236	0.008922	0.657927	0.570196	0.610928	2
1.00	0.657815	0.440230	0.527465	0.007401	0.011234	0.008923	0.657815	0.570140	0.610848	2
1.00	0.657481	0.440006	0.527196	0.007410	0.011228	0.008928	0.657481	0.569954	0.610597	2
1.00	0.655584	0.438737	0.525675	0.007666	0.011212	0.009106	0.655584	0.568389	0.608880	2
1.00	0.629588	0.421340	0.504831	0.009786	0.012335	0.010914	0.629588	0.545349	0.584449	2
1.00	0.436349	0.292018	0.349884	0.010518	0.014268	0.012110	0.436349	0.373009	0.402201	2
1.00	0.215441	0.144180	0.172750	0.010976	0.012465	0.011673	0.215441	0.176578	0.194083	2
1.00	0.157760	0.105578	0.126498	0.010674	0.011632	0.011133	0.157760	0.122838	0.138126	2
1.00	0.146045	0.097738	0.117105	0.010871	0.011505	0.011179	0.146045	0.111970	0.126757	2
1.00	0.140020	0.093706	0.112274	0.010820	0.011418	0.011111	0.140020	0.106754	0.121145	2
1.00	0.137566	0.092063	0.110306	0.011049	0.011400	0.011222	0.137566	0.104587	0.118831	2
1.00	0.137454	0.091988	0.110216	0.011114	0.011398	0.011254	0.137454	0.104476	0.118717	2
1.00	0.145822	0.097588	0.116926	0.010897	0.011501	0.011191	0.145822	0.111784	0.126554	2
1.00	0.170813	0.114313	0.136965	0.010862	0.011831	0.011326	0.170813	0.135120	0.150885	2
1.00	0.197032	0.131860	0.157989	0.011078	0.012223	0.011622	0.197032	0.159405	0.176233	2
1.00	0.217226	0.145374	0.174181	0.011110	0.012495	0.011762	0.217226	0.178409	0.195914	2
1.00	0.243892	0.163220	0.195563	0.011065	0.012870	0.011899	0.243892	0.203150	0.221664	2
1.00	0.353453	0.236541	0.283414	0.021953	0.013890	0.017015	0.353453	0.300824	0.325022	3
1.00	0.636617	0.426043	0.510467	0.021243	0.012481	0.015724	0.636617	0.551170	0.590820	3
1.00	0.651568	0.436049	0.522455	0.020184	0.011442	0.014605	0.651568	0.564670	0.605014	3
1.00	0.656700	0.439483	0.526570	0.018663	0.011224	0.014018	0.656700	0.569285	0.609876	3
1.00	0.657927	0.440305	0.527554	0.018641	0.011245	0.014028	0.657927	0.570270	0.610971	3
1.00	0.658039	0.440379	0.527644	0.018638	0.011247	0.014029	0.658039	0.570308	0.611040	3
1.00	0.658039	0.440379	0.527644	0.018636	0.011247	0.014028	0.658039	0.570308	0.611040	3
1.00	0.658039	0.440379	0.527644	0.018635	0.011247	0.014028	0.658039	0.570308	0.611040	3
1.00	0.658039	0.440379	0.527644	0.018636	0.011247	0.014028	0.658039	0.570308	0.611040	3
1.00	0.657927	0.440305	0.527554	0.018644	0.011245	0.014029	0.657927	0.570270	0.610971	3
1.00	0.653464	0.437318	0.523976	0.020062	0.011378	0.014521	0.653464	0.566287	0.606760	3
1.00	0.616646	0.412678	0.494453	0.021737	0.013692	0.016801	0.616646	0.532621	0.571562	3
1.00	0.610510	0.408572	0.489533	0.021813	0.013949	0.017016	0.610510	0.526699	0.565516	3
1.00	0.599911	0.401478	0.481034	0.021821	0.014114	0.017141	0.599911	0.517401	0.555609	3
1.00	0.537432	0.359665	0.430936	0.021822	0.014559	0.017465	0.537432	0.461194	0.496403	3
1.00	0.440143	0.294557	0.352925	0.021869	0.014475	0.017420	0.440143	0.376152	0.405639	3
1.00	0.367734	0.246099	0.294865	0.020546	0.014133	0.016746	0.367734	0.313189	0.338277	3
1.00	0.261296	0.174867	0.209519	0.021045	0.013160	0.016194	0.261296	0.218336	0.237893	3
1.00	0.312619	0.209214	0.250671	0.019819	0.013667	0.016178	0.312619	0.264220	0.286389	3
1.00	0.543568	0.363772	0.435856	0.019600	0.014629	0.016753	0.543568	0.466596	0.502149	3
1.00	0.651233	0.435825	0.522186	0.019255	0.012041	0.014816	0.651233	0.563377	0.604128	3
1.00	0.658708	0.440827	0.528180	0.017256	0.011377	0.013713	0.658708	0.570679	0.611542	3
1.00	0.659266	0.441201	0.528628	0.017326	0.011395	0.013748	0.659266	0.571089	0.612017	4
1.00	0.659489	0.441350	0.528807	0.017396	0.011408	0.013780	0.659489	0.571256	0.612210	3
1.00	0.659043	0.441051	0.528449	0.017035	0.011364	0.013633	0.659043	0.570949	0.611841	3
1.00	0.658931	0.440977	0.528359	0.016910	0.011353	0.013586	0.658931	0.570893	0.611761	3
1.00	0.658931	0.440977	0.528359	0.016910	0.011353	0.013585	0.658931	0.570893	0.611761	3
1.00	0.658931	0.440977	0.528359	0.016910	0.011353	0.013585	0.658931	0.570893	0.611761	3
1.00	0.658931	0.440977	0.528359	0.016909	0.011353	0.013585	0.658931	0.570893	0.611761	3
1.00	0.659154	0.441126	0.528538	0.017141	0.011375	0.013675	0.659154	0.570977	0.611905	3
1.00	0.658931	0.440977	0.528359	0.016910	0.011353	0.013585	0.658931	0.570893	0.611761	3
1.00	0.658931	0.440977	0.528359	0.016910	0.011353	0.013585	0.658931	0.570893	0.611761	3
1.00	0.658931	0.440977	0.528359	0.016910	0.011353	0.013586	0.658931	0.570893	0.611761	3
1.00	0.658931	0.440977	0.528359	0.017617	0.011344	0.013801	0.658931	0.570865	0.611745	3
1.00	0.658820	0.440902	0.528270	0.017516	0.011333	0.013762	0.658820	0.570754	0.611633	3
1.00	0.658596	0.440753	0.528091	0.018638	0.011302	0.014071	0.658596	0.570586	0.611441	3
1.00	0.658150	0.440454	0.527733	0.018635	0.011258	0.014036	0.658150	0.570363	0.611120	3
1.00	0.658039	0.440379	0.527644	0.018635	0.011247	0.014028	0.658039	0.570308	0.611040	3
1.00	0.658039	0.440379	0.527644	0.018635	0.011247	0.014028	0.658039	0.570308	0.611040	3
1.00	0.657927	0.440305	0.527554	0.007399	0.011236	0.008922	0.657927	0.570196	0.610928	2
1.00	0.657927	0.440305	0.527554	0.007402	0.011236	0.008924	0.657927	0.570196	0.610928	2

Thu Sep  2 15:30:13 2021
46.01	0.012173	0.405797	0.023636	0.019012	0.058965	0.028753	0.012152	0.370417	0.023531	89
39.64	0.013218	0.350631	0.025476	0.016505	0.292460	0.031247	0.013325	0.315504	0.025570	89
34.67	0.014224	0.330023	0.027273	0.016786	0.252654	0.031481	0.014489	0.298959	0.027638	89
30.00	0.015561	0.312402	0.029645	0.017271	0.232095	0.032150	0.016115	0.285539	0.030508	89
25.58	0.017194	0.294408	0.032491	0.017916	0.211399	0.033033	0.018250	0.271942	0.034204	89
21.62	0.019148	0.277010	0.035820	0.018610	0.190847	0.033913	0.021207	0.259796	0.039214	89
18.12	0.021542	0.261256	0.039803	0.019532	0.167559	0.034986	0.025507	0.247757	0.046253	89
15.12	0.024259	0.245501	0.044155	0.020254	0.148139	0.035635	0.031052	0.235699	0.054874	89
12.47	0.027797	0.232062	0.049647	0.021254	0.109997	0.035625	0.037978	0.226128	0.065034	89
10.24	0.031830	0.218099	0.055552	0.022316	0.089448	0.035720	0.045352	0.215601	0.074940	89
8.35	0.036241	0.202419	0.061476	0.023127	0.077486	0.035622	0.053324	0.203725	0.084524	89
6.74	0.041887	0.188830	0.068564	0.023266	0.064957	0.034260	0.063126	0.192344	0.095055	89
5.39	0.049289	0.177705	0.077173	0.024722	0.053297	0.033776	0.074587	0.182684	0.105926	89
4.29	0.058453	0.167625	0.086680	0.026953	0.049365	0.034868	0.090236	0.173740	0.118780	89
3.41	0.069128	0.157844	0.096148	0.028659	0.045970	0.035307	0.108460	0.165121	0.130923	89
2.72	0.081311	0.148137	0.104993	0.029708	0.042800	0.035072	0.123573	0.156224	0.137993	89
2.19	0.095867	0.140820	0.114075	0.031960	0.041114	0.035964	0.136231	0.149446	0.142533	88
1.81	0.111214	0.134473	0.121743	0.034110	0.039628	0.036663	0.144756	0.143231	0.143989	86
1.53	0.126417	0.129097	0.127743	0.034430	0.033445	0.033930	0.152266	0.138332	0.144965	84
1.33	0.140229	0.125215	0.132297	0.035403	0.031836	0.033525	0.159650	0.134492	0.145995	78
1.21	0.150605	0.121705	0.134622	0.036441	0.027854	0.031574	0.162512	0.131656	0.145466	71
1.13	0.157650	0.118793	0.135491	0.035749	0.016167	0.022265	0.164089	0.128765	0.144296	63
1.07	0.163123	0.116852	0.136164	0.034862	0.015184	0.021154	0.165400	0.127556	0.144033	56
1.04	0.164378	0.114388	0.134901	0.032179	0.014730	0.020209	0.164372	0.125315	0.142211	53
1.02	0.162991	0.111476	0.132399	0.032561	0.013744	0.019330	0.162550	0.122452	0.139680	44
1.01	0.163290	0.110729	0.131969	0.033072	0.013624	0.019298	0.162232	0.121931	0.139224	37
1.01	0.161740	0.109087	0.130295	0.031719	0.013361	0.018802	0.161051	0.120332	0.137745	33
1.00	0.160373	0.107818	0.128946	0.033897	0.013204	0.019005	0.159805	0.119370	0.136660	30
1.00	0.157742	0.105802	0.126654	0.034015	0.013033	0.018845	0.157388	0.117353	0.134453	27
1.00	0.156118	0.104607	0.125274	0.028597	0.012815	0.017699	0.155919	0.116377	0.133277	22
1.00	0.153769	0.102964	0.123340	0.028702	0.012633	0.017544	0.153632	0.115066	0.131581	17
1.00	0.150217	0.100575	0.120483	0.028547	0.012436	0.017324	0.150117	0.112751	0.128778	14
1.00	0.148148	0.099156	0.118799	0.029077	0.012257	0.017244	0.148109	0.111598	0.127287	9
1.00	0.145375	0.097290	0.116568	0.029175	0.012051	0.017057	0.145375	0.109831	0.125128	9
1.00	0.145375	0.097290	0.116568	0.028788	0.011989	0.016928	0.145375	0.110017	0.125249	8
1.00	0.145933	0.097663	0.117016	0.028541	0.011975	0.016871	0.145933	0.110612	0.125841	8
1.00	0.145487	0.097364	0.116658	0.026759	0.011861	0.016436	0.145487	0.110761	0.125771	7
1.00	0.144929	0.096991	0.116210	0.025442	0.011737	0.016063	0.144929	0.110556	0.125431	6
1.00	0.145822	0.097588	0.116926	0.024533	0.011706	0.015850	0.145822	0.111375	0.126291	4
1.00	0.146268	0.097887	0.117284	0.023721	0.011690	0.015661	0.146268	0.111877	0.126781	4
1.00	0.145599	0.097439	0.116747	0.023772	0.011660	0.015646	0.145599	0.111244	0.126124	4
1.00	0.144706	0.096842	0.116031	0.020034	0.011638	0.014723	0.144706	0.110435	0.125269	4
1.00	0.144929	0.096991	0.116210	0.020010	0.011606	0.014691	0.144929	0.110742	0.125550	4
1.00	0.145487	0.097364	0.116658	0.020249	0.011642	0.014784	0.145487	0.111096	0.125986	3
1.00	0.147161	0.098484	0.118000	0.020219	0.011661	0.014792	0.147161	0.112602	0.127582	3
1.00	0.148834	0.099604	0.119342	0.020285	0.011707	0.014846	0.148834	0.113764	0.128957	3
1.00	0.148611	0.099455	0.119163	0.020364	0.011685	0.014849	0.148611	0.113597	0.128766	3
1.00	0.148499	0.099380	0.119073	0.020416	0.011675	0.014855	0.148499	0.113374	0.128581	3
1.00	0.147607	0.098783	0.118357	0.020408	0.011652	0.014834	0.147607	0.112648	0.127780	3
1.00	0.146937	0.098335	0.117821	0.020242	0.011643	0.014783	0.146937	0.111867	0.127026	3
1.00	0.146714	0.098186	0.117642	0.020330	0.011656	0.014817	0.146714	0.111700	0.126835	3
1.00	0.147272	0.098559	0.118089	0.020161	0.011657	0.014773	0.147272	0.112193	0.127361	3
1.00	0.146826	0.098260	0.117731	0.020231	0.011657	0.014791	0.146826	0.111839	0.126967	3
1.00	0.145822	0.097588	0.116926	0.020368	0.011639	0.014813	0.145822	0.111021	0.126064	3
1.00	0.144371	0.096618	0.115763	0.020399	0.011613	0.014800	0.144371	0.109757	0.124707	3
1.00	0.142251	0.095199	0.114063	0.020563	0.011577	0.014814	0.142251	0.108055	0.122818	3
1.00	0.141470	0.094676	0.113437	0.020458	0.011554	0.014768	0.141470	0.107460	0.122142	3
1.00	0.144594	0.096767	0.115942	0.020217	0.011591	0.014735	0.144594	0.110054	0.124982	3
1.00	0.155640	0.104159	0.124799	0.019861	0.011726	0.014746	0.155640	0.119212	0.135012	3
1.00	0.183979	0.123124	0.147522	0.018865	0.012031	0.014692	0.183979	0.143237	0.161071	3
1.00	0.222582	0.148958	0.178476	0.018878	0.012505	0.015045	0.222582	0.176944	0.197156	3
1.00	0.243111	0.162697	0.194936	0.018931	0.012695	0.015198	0.243111	0.194786	0.216282	3
1.00	0.266986	0.178675	0.214081	0.019057	0.012966	0.015432	0.266986	0.216384	0.239037	3
1.00	0.276024	0.184723	0.221328	0.019046	0.013047	0.015486	0.276024	0.224705	0.247735	3
1.00	0.278924	0.186665	0.223654	0.019152	0.013075	0.015540	0.278924	0.227309	0.250485	3
1.00	0.256834	0.171881	0.205940	0.019238	0.012919	0.015458	0.256834	0.206928	0.229196	3
1.00	0.216334	0.144777	0.173466	0.018043	0.012506	0.014772	0.216334	0.171607	0.191392	3
1.00	0.186098	0.124543	0.149222	0.017796	0.012150	0.014441	0.186098	0.145124	0.163077	3
1.00	0.161999	0.108415	0.129898	0.017824	0.011860	0.014243	0.161999	0.124382	0.140720	3
1.00	0.147384	0.098634	0.118179	0.017639	0.011668	0.014046	0.147384	0.111821	0.127163	3
1.00	0.139351	0.093258	0.111737	0.017391	0.011545	0.013878	0.139351	0.105601	0.120151	3
1.00	0.133884	0.089599	0.107354	0.016652	0.011467	0.013581	0.133884	0.100478	0.114800	3
1.00	0.131429	0.087956	0.105386	0.016603	0.011422	0.013533	0.131429	0.098321	0.112489	3
1.00	0.129421	0.086612	0.103775	0.016886	0.011368	0.013588	0.129421	0.097001	0.110890	3
1.00	0.129086	0.086388	0.103507	0.019226	0.011335	0.014262	0.129086	0.096722	0.110585	3
1.00	0.130871	0.087583	0.104938	0.019466	0.011366	0.014352	0.130871	0.098061	0.112115	3
1.00	0.131206	0.087807	0.105207	0.018847	0.011354	0.014171	0.131206	0.098339	0.112420	3
1.00	0.132656	0.088778	0.106370	0.020193	0.011355	0.014536	0.132656	0.099530	0.113730	3
1.00	0.137008	0.091690	0.109859	0.020387	0.011404	0.014626	0.137008	0.103732	0.118070	3
1.00	0.139909	0.093631	0.112185	0.020340	0.011437	0.014642	0.139909	0.106224	0.120761	3
1.00	0.144929	0.096991	0.116210	0.020074	0.011499	0.014622	0.144929	0.110129	0.125155	3
1.00	0.153855	0.102964	0.123367	0.018403	0.011597	0.014228	0.153855	0.117678	0.133357	3
1.00	0.172598	0.115508	0.138397	0.018404	0.011909	0.014461	0.172598	0.133893	0.150802	3
1.00	0.189780	0.127007	0.152174	0.017520	0.012128	0.014334	0.189780	0.148323	0.166510	3
1.00	0.225483	0.150900	0.180802	0.018272	0.012747	0.015018	0.225483	0.179222	0.199708	3
1.00	0.287404	0.192339	0.230453	0.018375	0.013501	0.015565	0.287404	0.233491	0.257658	3
1.00	0.357135	0.239005	0.286366	0.018688	0.014237	0.016162	0.357135	0.295863	0.323624	3
1.00	0.480643	0.321661	0.385400	0.019270	0.014845	0.016770	0.480643	0.404163	0.439098	3
1.00	0.525828	0.351900	0.421632	0.019448	0.014899	0.016872	0.525828	0.444955	0.482023	3
1.00	0.575031	0.384828	0.461084	0.019613	0.014656	0.016776	0.575031	0.488890	0.528473	3
1.00	0.635278	0.425147	0.509393	0.020004	0.013750	0.016298	0.635278	0.544712	0.586519	3
1.00	0.666629	0.446129	0.534532	0.019950	0.012759	0.015564	0.666629	0.574361	0.617065	3
1.00	0.670534	0.448742	0.537663	0.017128	0.012645	0.014549	0.670534	0.577690	0.620659	3
1.00	0.668526	0.447398	0.536053	0.016994	0.012419	0.014351	0.668526	0.576509	0.619117	3
1.00	0.667410	0.446651	0.535158	0.016904	0.012300	0.014239	0.667410	0.575895	0.618285	3
1.00	0.665514	0.445382	0.533638	0.017003	0.012085	0.014128	0.665514	0.574557	0.616699	3
1.00	0.664510	0.444710	0.532832	0.017262	0.011977	0.014142	0.664510	0.574166	0.616043	3
