
Wed Sep  1 23:41:08 2021
44.74	0.016987	0.550725	0.032958	0.014105	0.066455	0.023271	0.016846	0.550833	0.032691	89
39.76	0.016158	0.429926	0.031145	0.016659	0.343123	0.031774	0.015839	0.410651	0.030501	89
35.29	0.017808	0.420518	0.034169	0.017048	0.316425	0.032353	0.017387	0.404961	0.033342	89
31.17	0.019876	0.414620	0.037934	0.017531	0.289999	0.033063	0.019470	0.402512	0.037144	89
27.46	0.022177	0.407526	0.042065	0.018058	0.272011	0.033867	0.021903	0.397538	0.041518	89
24.02	0.025168	0.404540	0.047389	0.018678	0.241031	0.034669	0.025244	0.397259	0.047472	89
20.89	0.028652	0.400582	0.053479	0.019305	0.217146	0.035458	0.029490	0.395465	0.054886	89
18.02	0.032713	0.394609	0.060417	0.019988	0.192103	0.036208	0.034814	0.391634	0.063943	89
15.43	0.037776	0.389980	0.068880	0.020938	0.178075	0.037470	0.042684	0.388200	0.076911	89
13.12	0.043243	0.379676	0.077642	0.021760	0.147172	0.037915	0.052358	0.378244	0.091984	89
11.10	0.049659	0.368999	0.087537	0.022744	0.119196	0.038200	0.065634	0.368840	0.111438	89
9.31	0.057354	0.357500	0.098849	0.024062	0.110137	0.039495	0.079871	0.358167	0.130614	89
7.75	0.066457	0.344732	0.111432	0.024745	0.096113	0.039357	0.096098	0.346722	0.150487	89
6.39	0.077079	0.329426	0.124927	0.025945	0.086123	0.039877	0.112592	0.332084	0.168167	89
5.22	0.089630	0.312999	0.139355	0.027470	0.072507	0.039844	0.129886	0.316334	0.184158	89
4.27	0.103110	0.294557	0.152750	0.028658	0.066380	0.040033	0.144049	0.297478	0.194105	89
3.49	0.118590	0.277309	0.166134	0.029466	0.056686	0.038776	0.159567	0.280213	0.203341	89
2.84	0.134895	0.256253	0.176748	0.030826	0.046023	0.036922	0.174161	0.258546	0.208125	88
2.32	0.153735	0.238632	0.186999	0.030349	0.036661	0.033208	0.187937	0.240742	0.211087	86
1.93	0.173440	0.223699	0.195389	0.031200	0.032804	0.031982	0.199212	0.224852	0.211257	84
1.64	0.198186	0.216979	0.207157	0.033484	0.031136	0.032267	0.216678	0.218753	0.217711	78
1.43	0.220305	0.210632	0.215360	0.035109	0.028687	0.031575	0.229670	0.213478	0.221278	75
1.28	0.239070	0.204958	0.220704	0.034877	0.026035	0.029814	0.242680	0.209833	0.225064	69
1.18	0.253458	0.199731	0.223410	0.037405	0.024928	0.029918	0.251840	0.206449	0.226897	61
1.11	0.263031	0.195177	0.224080	0.037790	0.023705	0.029135	0.258451	0.202916	0.227341	54
1.06	0.268303	0.190995	0.223143	0.034674	0.022147	0.027030	0.262892	0.200192	0.227297	47
1.04	0.268798	0.187113	0.220637	0.035018	0.021703	0.026798	0.263751	0.196510	0.225219	45
1.02	0.266180	0.182409	0.216472	0.034996	0.021079	0.026311	0.261495	0.192038	0.221448	40
1.01	0.260339	0.176734	0.210540	0.035122	0.020701	0.026048	0.257187	0.186548	0.216245	39
1.01	0.256141	0.172851	0.206411	0.035230	0.020460	0.025886	0.254277	0.183294	0.213028	32
1.00	0.247890	0.166654	0.199312	0.036106	0.020090	0.025816	0.246569	0.176312	0.205604	31
1.00	0.241207	0.161801	0.193681	0.036247	0.019726	0.025548	0.240396	0.171338	0.200075	29
1.00	0.234540	0.157172	0.188215	0.036750	0.019132	0.025164	0.234073	0.166624	0.194672	27
1.00	0.228428	0.152990	0.183249	0.037855	0.018737	0.025066	0.228160	0.162896	0.190082	24
1.00	0.220674	0.147764	0.177005	0.039713	0.018194	0.024955	0.220462	0.157856	0.183979	22
1.00	0.214453	0.143582	0.172004	0.039484	0.017769	0.024509	0.214326	0.153505	0.178887	19
1.00	0.207585	0.138953	0.166473	0.039152	0.017112	0.023815	0.207520	0.148875	0.173372	15
1.00	0.202365	0.135444	0.162276	0.038036	0.016442	0.022959	0.202388	0.145398	0.169223	11
1.00	0.195917	0.131113	0.157094	0.037080	0.015898	0.022255	0.195917	0.141195	0.164115	9
1.00	0.189892	0.127081	0.152263	0.027005	0.015505	0.019699	0.189892	0.136924	0.159116	7
1.00	0.184871	0.123721	0.148238	0.027599	0.015310	0.019695	0.184871	0.133326	0.154924	6
1.00	0.178400	0.119391	0.143049	0.027765	0.015039	0.019510	0.178400	0.128761	0.149569	5
1.00	0.173603	0.116180	0.139202	0.028344	0.014813	0.019457	0.173603	0.125544	0.145713	5
1.00	0.168247	0.112596	0.134908	0.027606	0.014500	0.019013	0.168247	0.121992	0.141434	4
1.00	0.165681	0.110879	0.132850	0.026643	0.014352	0.018655	0.165681	0.120560	0.139565	4
1.00	0.163673	0.109535	0.131240	0.024703	0.014262	0.018083	0.163673	0.119212	0.137949	4
1.00	0.160214	0.107220	0.128467	0.023964	0.014101	0.017755	0.160214	0.116646	0.135002	4
1.00	0.157090	0.105130	0.125962	0.027412	0.013865	0.018415	0.157090	0.114740	0.132616	4
1.00	0.156198	0.104532	0.125246	0.027290	0.013786	0.018318	0.156198	0.114154	0.131907	4
1.00	0.154859	0.103636	0.124172	0.027125	0.013655	0.018166	0.154859	0.113513	0.131001	4
1.00	0.154413	0.103338	0.123815	0.015690	0.013643	0.014595	0.154413	0.113085	0.130556	3
1.00	0.153966	0.103039	0.123457	0.015440	0.013617	0.014471	0.153966	0.112797	0.130205	3
1.00	0.153408	0.102666	0.123009	0.015307	0.013571	0.014387	0.153408	0.112462	0.129782	3
1.00	0.152070	0.101770	0.121936	0.015556	0.013465	0.014435	0.152070	0.111533	0.128684	3
1.00	0.151400	0.101322	0.121399	0.026569	0.013414	0.017827	0.151400	0.111031	0.128110	4
1.00	0.151400	0.101322	0.121399	0.026377	0.013423	0.017792	0.151400	0.111105	0.128160	4
1.00	0.153074	0.102442	0.122741	0.025672	0.013588	0.017771	0.153074	0.112193	0.129483	4
1.00	0.156756	0.104906	0.125693	0.025875	0.013846	0.018039	0.156756	0.114378	0.132255	4
1.00	0.162892	0.109012	0.130614	0.025831	0.014191	0.018318	0.162892	0.119119	0.137609	4
1.00	0.172933	0.115732	0.138665	0.026121	0.014811	0.018903	0.172933	0.125721	0.145595	4
1.00	0.185094	0.123871	0.148417	0.014667	0.015414	0.015031	0.185094	0.134572	0.155841	3
1.00	0.203057	0.135892	0.162820	0.014742	0.016100	0.015391	0.203057	0.149048	0.171910	3
1.00	0.235635	0.157694	0.188943	0.014981	0.017111	0.015975	0.235635	0.176057	0.201535	3
1.00	0.272900	0.182633	0.218823	0.015104	0.017934	0.016398	0.272900	0.207111	0.235497	3
1.00	0.301573	0.201822	0.241814	0.015477	0.018266	0.016756	0.301573	0.233027	0.262905	3
1.00	0.323329	0.216382	0.259259	0.015530	0.018585	0.016921	0.323329	0.252300	0.283432	3
1.00	0.361821	0.242141	0.290123	0.015778	0.019168	0.017308	0.361821	0.285232	0.318994	3
1.00	0.418610	0.280146	0.335659	0.016409	0.019533	0.017835	0.418610	0.335066	0.372208	3
1.00	0.446056	0.298514	0.357667	0.016899	0.019515	0.018113	0.446056	0.359640	0.398213	3
1.00	0.497824	0.333159	0.399177	0.017335	0.020125	0.018626	0.497824	0.404537	0.446359	3
1.00	0.505634	0.338386	0.405439	0.017289	0.020288	0.018669	0.505634	0.411919	0.453991	3
1.00	0.447730	0.299634	0.359009	0.016939	0.019531	0.018143	0.447730	0.361276	0.399883	3
1.00	0.371527	0.248637	0.297907	0.016391	0.018801	0.017513	0.371527	0.295915	0.329438	3
1.00	0.316523	0.211827	0.253802	0.015957	0.018155	0.016985	0.316523	0.247689	0.277907	3
1.00	0.297222	0.198910	0.238325	0.015749	0.017930	0.016769	0.297222	0.230438	0.259604	3
1.00	0.255606	0.171060	0.204956	0.015140	0.017427	0.016203	0.255606	0.193239	0.220090	3
1.00	0.237309	0.158814	0.190284	0.014851	0.017242	0.015957	0.237309	0.177266	0.202939	3
1.00	0.228718	0.153065	0.183396	0.014471	0.017281	0.015752	0.228718	0.168768	0.194222	3
1.00	0.229834	0.153812	0.184291	0.014369	0.017548	0.015800	0.229834	0.168498	0.194444	3
1.00	0.236416	0.158217	0.189569	0.013805	0.017919	0.015595	0.236416	0.172496	0.199460	3
1.00	0.244561	0.163668	0.196099	0.013590	0.018192	0.015558	0.244561	0.178344	0.206269	3
1.00	0.288408	0.193011	0.231258	0.013648	0.018858	0.015836	0.288408	0.216431	0.247288	3
1.00	0.348432	0.233182	0.279388	0.013884	0.019900	0.016357	0.348432	0.265791	0.301552	3
1.00	0.420841	0.281640	0.337449	0.014709	0.020587	0.017159	0.420841	0.326288	0.367581	3
1.00	0.458552	0.306877	0.367687	0.016495	0.019292	0.017784	0.458552	0.362102	0.404659	3
1.00	0.429767	0.287613	0.344605	0.017788	0.017313	0.017547	0.429767	0.339109	0.379093	3
1.00	0.364610	0.244008	0.292360	0.018090	0.015770	0.016851	0.364610	0.282952	0.318633	3
1.00	0.350664	0.234675	0.281177	0.029575	0.015393	0.020248	0.350664	0.271042	0.305754	4
1.00	0.376771	0.252147	0.302111	0.030257	0.015616	0.020600	0.376771	0.294063	0.330318	4
1.00	0.443713	0.296946	0.355788	0.029686	0.017189	0.021772	0.443713	0.351995	0.392568	4
1.00	0.512217	0.342791	0.410717	0.029841	0.018414	0.022775	0.512217	0.412364	0.456898	4
1.00	0.532076	0.356082	0.426642	0.029385	0.019366	0.023346	0.532076	0.428021	0.474410	4
1.00	0.537989	0.360039	0.431383	0.028185	0.020848	0.023967	0.537989	0.431703	0.479021	4
1.00	0.490014	0.327933	0.392915	0.026920	0.021155	0.023692	0.490014	0.388162	0.433182	4
1.00	0.447730	0.299634	0.359009	0.026233	0.021251	0.023481	0.447730	0.350033	0.392899	4
1.00	0.441928	0.295752	0.354357	0.026116	0.021162	0.023379	0.441928	0.345301	0.387684	4
1.00	0.452415	0.302770	0.362766	0.025443	0.021326	0.023203	0.452415	0.354524	0.397532	4
1.00	0.446725	0.298962	0.358204	0.025448	0.021349	0.023219	0.446725	0.349820	0.392378	4
1.00	0.436684	0.292242	0.350152	0.025494	0.021134	0.023110	0.436684	0.342090	0.383642	4
1.00	0.473502	0.316882	0.379674	0.025947	0.021514	0.023523	0.473502	0.375031	0.418553	4
1.00	0.488118	0.326663	0.391394	0.026138	0.021644	0.023680	0.488118	0.387716	0.432162	4
1.00	0.502287	0.336146	0.402755	0.026415	0.021703	0.023829	0.502287	0.400863	0.445880	4
1.00	0.513890	0.343911	0.412059	0.026625	0.021839	0.023996	0.513890	0.411295	0.456904	4
1.00	0.515452	0.344956	0.413312	0.026741	0.021850	0.024049	0.515452	0.413052	0.458605	4
1.00	0.506973	0.339282	0.406513	0.026799	0.021665	0.023960	0.506973	0.406596	0.451270	4
1.00	0.533527	0.357052	0.427805	0.027063	0.021848	0.024178	0.533527	0.430252	0.476356	4
1.00	0.571572	0.382513	0.458311	0.027074	0.022095	0.024332	0.571572	0.464681	0.512613	4
1.00	0.599018	0.400881	0.480318	0.027110	0.022218	0.024421	0.599018	0.489310	0.538634	4
1.00	0.642530	0.430001	0.515208	0.027893	0.022405	0.024850	0.642530	0.528945	0.580231	4
1.00	0.676448	0.452699	0.542405	0.028098	0.022325	0.024881	0.676448	0.559357	0.612355	4
1.00	0.698538	0.467483	0.560118	0.029054	0.021913	0.024983	0.698538	0.579895	0.633712	4
1.00	0.708357	0.474054	0.567991	0.029804	0.020650	0.024397	0.708357	0.590665	0.644180	4
1.00	0.708803	0.474352	0.568349	0.029438	0.020243	0.023990	0.708803	0.591428	0.644817	4
1.00	0.708468	0.474128	0.568080	0.029665	0.020034	0.023917	0.708468	0.591679	0.644828	4
1.00	0.704005	0.471142	0.564502	0.030578	0.019047	0.023473	0.704005	0.589708	0.641808	4
1.00	0.706348	0.472710	0.566380	0.030413	0.019397	0.023687	0.706348	0.591093	0.643601	4
1.00	0.705790	0.472336	0.565933	0.030232	0.019525	0.023726	0.705790	0.590126	0.642797	4
1.00	0.706348	0.472710	0.566380	0.030152	0.019575	0.023739	0.706348	0.590479	0.643238	4
1.00	0.700770	0.468976	0.561907	0.030428	0.018790	0.023233	0.700770	0.587476	0.639141	4
1.00	0.691321	0.462704	0.554368	0.030560	0.017560	0.022304	0.691342	0.582177	0.632081	5
1.00	0.684962	0.458448	0.549269	0.030089	0.016887	0.021633	0.684983	0.577825	0.626858	5
1.00	0.684739	0.458299	0.549090	0.021649	0.016645	0.018820	0.684760	0.578439	0.627125	5
1.00	0.685743	0.458971	0.549895	0.019875	0.016598	0.018090	0.685764	0.579620	0.628240	5
1.00	0.685631	0.458896	0.549805	0.019870	0.016569	0.018070	0.685652	0.579564	0.628160	5
1.00	0.686670	0.459643	0.550675	0.020030	0.016470	0.018076	0.686712	0.580977	0.629435	4
1.00	0.687117	0.459942	0.551033	0.020124	0.016395	0.018069	0.687158	0.581675	0.630032	4
1.00	0.687563	0.460240	0.551391	0.020151	0.016430	0.018101	0.687605	0.581926	0.630367	4
1.00	0.686559	0.459568	0.550586	0.020015	0.016513	0.018096	0.686600	0.580605	0.629170	5
1.00	0.685778	0.459046	0.549960	0.021780	0.016603	0.018843	0.685820	0.579555	0.628225	5
1.00	0.686259	0.459419	0.550382	0.029684	0.016882	0.021523	0.686322	0.579164	0.628206	5
1.00	0.691167	0.462704	0.554318	0.031056	0.017728	0.022571	0.691231	0.581433	0.631595	5
1.00	0.707896	0.473904	0.567736	0.032201	0.019814	0.024533	0.707966	0.591149	0.644305	5
1.00	0.705220	0.472112	0.565589	0.030569	0.022099	0.025653	0.705288	0.584572	0.639281	5
1.00	0.664548	0.444934	0.533005	0.031757	0.023103	0.026748	0.664565	0.545708	0.599301	5
1.00	0.573436	0.383932	0.459928	0.030494	0.022797	0.026090	0.573413	0.463360	0.512546	5
1.00	0.490911	0.328679	0.393739	0.029637	0.022072	0.025301	0.490851	0.389953	0.434623	5
1.00	0.424175	0.284029	0.340235	0.028461	0.021409	0.024437	0.424077	0.331667	0.372222	5
1.00	0.375516	0.251475	0.301225	0.029505	0.020959	0.024509	0.375321	0.288917	0.326499	5
1.00	0.333631	0.223550	0.267716	0.031836	0.020779	0.025146	0.333092	0.251082	0.286330	5
1.00	0.309534	0.207496	0.248447	0.033195	0.020656	0.025466	0.308658	0.229335	0.263149	5
1.00	0.293044	0.196595	0.235320	0.034290	0.020761	0.025863	0.291588	0.214218	0.246985	5
1.00	0.281139	0.188755	0.225866	0.034645	0.020948	0.026109	0.279203	0.203358	0.235320	5
1.00	0.270889	0.182035	0.217747	0.033767	0.021013	0.025905	0.268660	0.194507	0.225648	5
1.01	0.267968	0.180393	0.215628	0.034258	0.021632	0.026519	0.264644	0.191541	0.222235	5
1.01	0.266704	0.179721	0.214738	0.034220	0.021940	0.026737	0.262803	0.190165	0.220660	5
1.01	0.274345	0.185321	0.221212	0.033680	0.022685	0.027110	0.269608	0.196106	0.227057	5
1.01	0.279837	0.189427	0.225923	0.033386	0.023326	0.027463	0.274294	0.200848	0.231895	5
1.01	0.286076	0.194206	0.231354	0.033133	0.024135	0.027927	0.279538	0.206445	0.237495	5
1.02	0.293485	0.199806	0.237750	0.032602	0.024844	0.028199	0.286400	0.213037	0.244330	5
1.02	0.303130	0.206824	0.245883	0.032665	0.025550	0.028672	0.295214	0.221293	0.252964	5
1.02	0.313060	0.214067	0.254268	0.032538	0.026251	0.029058	0.304697	0.230079	0.262182	5
1.02	0.325736	0.223027	0.264770	0.032431	0.026621	0.029240	0.317472	0.241497	0.274321	5
1.02	0.329919	0.226088	0.268309	0.032381	0.026850	0.029357	0.321544	0.244769	0.277952	5
1.03	0.329707	0.226312	0.268396	0.032139	0.027044	0.029372	0.321154	0.244862	0.277866	5
1.03	0.333587	0.229075	0.271625	0.032205	0.027246	0.029519	0.324891	0.248395	0.281540	5
1.03	0.332609	0.228552	0.270933	0.032203	0.027338	0.029571	0.323831	0.247670	0.280676	5
1.03	0.332682	0.228702	0.271062	0.032217	0.027438	0.029636	0.323720	0.247847	0.280747	5
1.03	0.335686	0.230867	0.273580	0.032189	0.027496	0.029658	0.326844	0.250441	0.283586	5
1.03	0.342696	0.235944	0.279473	0.032066	0.027809	0.029786	0.333873	0.256958	0.290409	5
1.03	0.348330	0.239901	0.284123	0.032090	0.027959	0.029882	0.339618	0.261700	0.295611	5
1.03	0.367292	0.253043	0.299646	0.032046	0.028288	0.030050	0.359032	0.279356	0.314222	5
1.03	0.373469	0.257299	0.304686	0.032185	0.028427	0.030190	0.365335	0.284442	0.319853	5
1.03	0.385391	0.265512	0.314412	0.032197	0.028622	0.030304	0.377608	0.295091	0.331288	6
1.03	0.394668	0.271933	0.322002	0.032194	0.028775	0.030389	0.387147	0.303570	0.340302	6
1.03	0.398743	0.274770	0.325347	0.037777	0.028901	0.032748	0.391275	0.306787	0.343918	6
1.03	0.412549	0.284253	0.336590	0.037836	0.029039	0.032859	0.405556	0.318976	0.357093	6
1.03	0.420351	0.289629	0.342956	0.037866	0.029146	0.032939	0.413589	0.325633	0.364378	6
1.03	0.439085	0.302471	0.358194	0.038082	0.029410	0.033189	0.432947	0.342350	0.382355	6
1.03	0.453117	0.312103	0.369617	0.036230	0.029575	0.032566	0.447451	0.354976	0.395885	6
1.03	0.458171	0.315687	0.373812	0.039187	0.029711	0.033797	0.452471	0.359048	0.400382	6
1.03	0.468588	0.323005	0.382409	0.040438	0.029988	0.034438	0.463126	0.367788	0.409988	6
1.03	0.476113	0.328157	0.388525	0.040511	0.030119	0.034550	0.470825	0.374296	0.417048	6
1.03	0.479207	0.330396	0.391126	0.040928	0.030343	0.034850	0.473837	0.376621	0.419672	6
1.03	0.475097	0.327634	0.387821	0.040825	0.030462	0.034891	0.469597	0.372418	0.415400	6
1.03	0.467525	0.322482	0.381689	0.040784	0.030491	0.034894	0.461787	0.365343	0.407942	6
1.03	0.459699	0.317255	0.375420	0.040780	0.030529	0.034918	0.453643	0.357821	0.400074	6
1.03	0.461547	0.318599	0.376977	0.040832	0.030618	0.034995	0.455484	0.359532	0.401860	6
1.03	0.462154	0.319122	0.377545	0.040840	0.030669	0.035031	0.456097	0.360313	0.402586	7
1.03	0.468916	0.323826	0.383093	0.040853	0.030703	0.035058	0.463126	0.366877	0.409421	7
1.03	0.472267	0.326141	0.385832	0.040945	0.030717	0.035101	0.466585	0.370187	0.412833	7
1.03	0.477998	0.330098	0.390513	0.041029	0.030742	0.035148	0.472498	0.375747	0.418605	7
1.03	0.479347	0.330994	0.391590	0.041056	0.030651	0.035098	0.473837	0.377495	0.420214	7
1.03	0.484806	0.334727	0.396025	0.041127	0.030649	0.035123	0.479527	0.382534	0.425574	7
1.03	0.486972	0.336295	0.397845	0.041485	0.030718	0.035299	0.481647	0.384635	0.427709	7
1.03	0.495351	0.342119	0.404717	0.041541	0.030860	0.035413	0.490238	0.391924	0.435603	7
1.03	0.502486	0.347122	0.410598	0.041578	0.031001	0.035519	0.497601	0.398488	0.442564	7
1.03	0.506485	0.349884	0.413866	0.041674	0.031066	0.035597	0.501729	0.402189	0.446478	7
1.03	0.509456	0.351975	0.416321	0.041677	0.031066	0.035598	0.504798	0.405182	0.449538	7
1.03	0.514752	0.355634	0.420648	0.041784	0.031160	0.035698	0.510264	0.409915	0.454618	7
1.03	0.522801	0.361233	0.427253	0.041776	0.031250	0.035754	0.518576	0.417353	0.462491	7
1.03	0.532556	0.368252	0.435420	0.041770	0.031447	0.035881	0.528785	0.426492	0.472162	7
1.03	0.537083	0.371463	0.439177	0.041781	0.031549	0.035951	0.533471	0.430620	0.476560	7
1.03	0.541608	0.374673	0.442934	0.041769	0.031661	0.036019	0.538157	0.434897	0.481048	7
1.03	0.536959	0.371537	0.439188	0.041727	0.031665	0.036006	0.533471	0.430137	0.476263	7
1.03	0.525129	0.363548	0.429649	0.041641	0.031647	0.035963	0.521310	0.419501	0.464897	7
1.03	0.512295	0.354663	0.419148	0.041566	0.031580	0.035892	0.507977	0.407591	0.452280	7
1.04	0.508730	0.352423	0.416391	0.041543	0.031687	0.035952	0.504463	0.403927	0.448632	7
1.04	0.504740	0.349810	0.413230	0.041733	0.031752	0.036064	0.500223	0.399567	0.444265	7
1.04	0.499892	0.346674	0.409418	0.041906	0.031753	0.036130	0.495147	0.395141	0.439527	7
1.04	0.500054	0.347047	0.409732	0.041790	0.031782	0.036105	0.495537	0.395448	0.439871	7
1.04	0.497419	0.345330	0.407651	0.041681	0.031936	0.036163	0.492748	0.392222	0.436775	7
1.04	0.497045	0.345330	0.407525	0.041479	0.031960	0.036103	0.492469	0.392017	0.436539	7
1.04	0.496781	0.345703	0.407696	0.041479	0.032115	0.036202	0.492413	0.391971	0.436488	7
1.04	0.498124	0.346972	0.409031	0.041310	0.032216	0.036200	0.494087	0.393496	0.438091	7
1.04	0.499411	0.348018	0.410191	0.041175	0.032280	0.036189	0.495537	0.394323	0.439174	7
1.04	0.502409	0.350407	0.412862	0.041115	0.032496	0.036301	0.498717	0.396982	0.442072	7
1.04	0.508447	0.355036	0.418114	0.041296	0.032917	0.036634	0.504798	0.402086	0.447626	7
1.04	0.515161	0.360263	0.424008	0.041244	0.033231	0.036806	0.511826	0.408241	0.454203	7
1.05	0.520205	0.364295	0.428509	0.041180	0.033326	0.036839	0.517293	0.413411	0.459554	7
1.05	0.526596	0.368849	0.433828	0.041282	0.033411	0.036932	0.523988	0.419296	0.465832	7
1.05	0.530677	0.371985	0.437382	0.040996	0.033591	0.036926	0.528171	0.422885	0.469700	7
1.05	0.539240	0.378108	0.444522	0.041144	0.033741	0.037076	0.537097	0.430955	0.478207	7
1.05	0.551240	0.386769	0.454585	0.041294	0.033959	0.037269	0.549649	0.441740	0.489822	7
1.05	0.564070	0.395729	0.465137	0.041468	0.034097	0.037423	0.563037	0.453812	0.502558	7
1.05	0.574864	0.403345	0.474068	0.040965	0.034201	0.037278	0.574250	0.463773	0.513133	7
1.05	0.586677	0.411633	0.483809	0.041138	0.034401	0.037470	0.586411	0.474177	0.524356	7
1.05	0.598936	0.420145	0.493856	0.041385	0.034653	0.037721	0.599018	0.484739	0.535853	7
1.05	0.605157	0.424102	0.498705	0.041386	0.034588	0.037683	0.605545	0.489611	0.541442	7
1.05	0.606012	0.424475	0.499254	0.041507	0.034639	0.037763	0.606270	0.489630	0.541743	7
1.05	0.604180	0.423057	0.497650	0.041462	0.034661	0.037758	0.604262	0.487826	0.539837	7
1.05	0.602281	0.421862	0.496180	0.041447	0.034725	0.037790	0.602254	0.485613	0.537680	7
1.05	0.599084	0.420070	0.493855	0.041455	0.034891	0.037891	0.598628	0.482154	0.534115	7
1.05	0.597979	0.419697	0.493222	0.041267	0.035061	0.037911	0.597456	0.480862	0.532856	7
1.05	0.591305	0.415366	0.487961	0.041156	0.035200	0.037946	0.590148	0.474484	0.526033	7
1.05	0.584609	0.410662	0.482435	0.041055	0.035152	0.037875	0.583138	0.468124	0.519340	7
1.05	0.585617	0.411633	0.483448	0.041176	0.035237	0.037976	0.583975	0.468710	0.520032	7
1.05	0.585482	0.411932	0.483608	0.041201	0.035330	0.038040	0.583863	0.468785	0.520034	7
1.05	0.585366	0.412156	0.483723	0.041373	0.035445	0.038180	0.583417	0.468915	0.519937	7
1.05	0.583660	0.411260	0.482523	0.041131	0.035475	0.038095	0.581632	0.467688	0.518473	7
1.05	0.584039	0.412006	0.483166	0.041046	0.035554	0.038103	0.581836	0.468357	0.518966	7
1.05	0.585255	0.413126	0.484352	0.041096	0.035596	0.038149	0.583175	0.469463	0.520177	7
1.06	0.588540	0.415665	0.487222	0.041076	0.035715	0.038209	0.586299	0.472439	0.523246	7
1.06	0.591298	0.418054	0.489808	0.041104	0.035824	0.038283	0.588921	0.474930	0.525819	7
1.06	0.594047	0.420220	0.492238	0.041186	0.035998	0.038418	0.591469	0.477013	0.528111	7
1.06	0.595045	0.421414	0.493400	0.041007	0.036176	0.038440	0.592640	0.477850	0.529090	7
1.06	0.594267	0.421041	0.492876	0.040985	0.036281	0.038489	0.591748	0.476585	0.527959	7
1.06	0.593766	0.421041	0.492704	0.040982	0.036466	0.038593	0.591022	0.475860	0.527226	7
1.06	0.588780	0.417681	0.488687	0.040817	0.036448	0.038509	0.585667	0.471230	0.522253	7
1.06	0.589201	0.417980	0.489036	0.040810	0.036489	0.038529	0.586113	0.471462	0.522573	7
1.06	0.589641	0.418204	0.489341	0.040838	0.036470	0.038530	0.586448	0.471816	0.522923	7
1.06	0.593053	0.420667	0.492203	0.040933	0.036565	0.038626	0.590074	0.474828	0.526215	7
1.06	0.598316	0.424401	0.496571	0.041011	0.036628	0.038696	0.595653	0.479821	0.531499	7
1.06	0.606000	0.429851	0.502949	0.041084	0.036671	0.038752	0.604076	0.486924	0.539210	7
1.06	0.614340	0.435675	0.509807	0.041128	0.036790	0.038838	0.613057	0.495031	0.547759	7
1.06	0.619749	0.439558	0.514328	0.041320	0.036908	0.038990	0.618692	0.500470	0.553337	7
1.06	0.625316	0.443366	0.518852	0.041355	0.036931	0.039018	0.624661	0.505779	0.558969	7
1.06	0.628791	0.445830	0.521735	0.041536	0.037011	0.039143	0.628250	0.509164	0.562472	7
1.06	0.627738	0.445083	0.520862	0.041519	0.036985	0.039121	0.627190	0.508401	0.561583	7
1.06	0.623802	0.442246	0.517564	0.041458	0.036920	0.039058	0.623117	0.504887	0.557806	7
1.06	0.618195	0.438363	0.512975	0.041343	0.036878	0.038983	0.617148	0.499587	0.552180	7
1.06	0.615911	0.437019	0.511268	0.041339	0.036917	0.039003	0.614657	0.498035	0.550234	7
1.06	0.615021	0.437169	0.511064	0.041298	0.037085	0.039078	0.613876	0.497793	0.549773	7
1.06	0.612768	0.435750	0.509316	0.041319	0.037110	0.039101	0.611309	0.495989	0.547644	7
1.06	0.609134	0.433211	0.506327	0.041362	0.037076	0.039102	0.607404	0.492781	0.544122	7
1.06	0.605269	0.430598	0.503207	0.041300	0.037067	0.039069	0.603258	0.489248	0.540304	7
1.06	0.601761	0.428731	0.500719	0.041433	0.037133	0.039165	0.599018	0.486571	0.536971	7
1.07	0.600251	0.428283	0.499891	0.052671	0.037690	0.043938	0.597121	0.485641	0.535642	8
1.07	0.598850	0.427686	0.498998	0.052592	0.037639	0.043876	0.595801	0.485213	0.534851	8
1.07	0.596597	0.426790	0.497606	0.045524	0.038136	0.041503	0.593421	0.483837	0.533055	8
1.07	0.592423	0.424998	0.494935	0.046253	0.039698	0.042725	0.588624	0.480672	0.529199	8
1.08	0.588607	0.424326	0.493145	0.046207	0.042338	0.044188	0.583808	0.478181	0.525741	8
1.08	0.585346	0.423505	0.491444	0.045427	0.043418	0.044400	0.580126	0.475884	0.522860	8
1.09	0.577851	0.420369	0.486687	0.044411	0.044681	0.044545	0.571814	0.470882	0.516463	8
1.09	0.569184	0.416486	0.481007	0.043717	0.045899	0.044781	0.562349	0.465266	0.509222	8
1.10	0.561866	0.413649	0.476498	0.043138	0.047036	0.045003	0.555004	0.461064	0.503691	8
1.11	0.554625	0.410513	0.471810	0.042689	0.047515	0.044973	0.547082	0.456703	0.497824	8
1.11	0.545209	0.406108	0.465488	0.042075	0.047472	0.044611	0.537599	0.450772	0.490372	8
1.12	0.541201	0.405062	0.463339	0.041867	0.047732	0.044607	0.533638	0.449024	0.487688	8
1.12	0.535679	0.402449	0.459603	0.041693	0.047708	0.044498	0.528357	0.445119	0.483179	8
1.13	0.528703	0.399537	0.455133	0.041463	0.047996	0.044491	0.521459	0.440675	0.477675	8
1.13	0.522544	0.396326	0.450766	0.041120	0.048018	0.044302	0.515378	0.436296	0.472551	8
1.14	0.514837	0.392518	0.445433	0.040984	0.048311	0.044347	0.507066	0.430847	0.465860	8
1.15	0.509197	0.390652	0.442116	0.040896	0.048288	0.044286	0.502380	0.428207	0.462337	8
1.15	0.503443	0.387591	0.437985	0.040785	0.048216	0.044190	0.496913	0.424172	0.457670	8
1.15	0.498405	0.385052	0.434457	0.040692	0.048412	0.044217	0.492004	0.420490	0.453445	8
1.16	0.497055	0.384305	0.433468	0.040696	0.048397	0.044214	0.490554	0.419672	0.452353	8
1.15	0.497872	0.384380	0.433826	0.040698	0.048189	0.044128	0.491335	0.419820	0.452771	8
1.15	0.503975	0.388113	0.438520	0.040821	0.048279	0.044238	0.497638	0.424711	0.458292	9
1.15	0.510008	0.391921	0.443234	0.040835	0.048407	0.044300	0.503663	0.429917	0.463878	9
1.15	0.513974	0.394086	0.446116	0.040768	0.048544	0.044318	0.507122	0.432484	0.466838	9
1.15	0.521290	0.399462	0.452317	0.040684	0.048787	0.044369	0.514857	0.438871	0.473837	9
1.14	0.527523	0.403569	0.457295	0.040634	0.049067	0.044454	0.520938	0.443994	0.479398	9
1.14	0.535763	0.409393	0.464130	0.040593	0.049134	0.044457	0.529696	0.450576	0.486943	9
1.14	0.540371	0.412753	0.468018	0.040512	0.049381	0.044509	0.534178	0.453840	0.490742	9
1.14	0.543810	0.415217	0.470892	0.040460	0.049620	0.044574	0.537246	0.456239	0.493440	9
1.14	0.547961	0.418428	0.474513	0.040312	0.049738	0.044532	0.541448	0.458888	0.496761	9
1.14	0.552686	0.421788	0.478445	0.040219	0.049877	0.044530	0.546283	0.462208	0.500741	9
1.14	0.558267	0.425297	0.482794	0.040298	0.050064	0.044653	0.551824	0.465769	0.505158	9
1.14	0.564434	0.430374	0.488371	0.040175	0.050210	0.044635	0.559095	0.471732	0.511711	9
1.14	0.570241	0.435227	0.493669	0.040158	0.050364	0.044686	0.565733	0.477441	0.517850	9
1.14	0.574822	0.439110	0.497884	0.040227	0.050509	0.044785	0.570921	0.482182	0.522813	9
1.14	0.580721	0.443963	0.503216	0.040351	0.050683	0.044931	0.577597	0.488229	0.529166	9
1.14	0.583773	0.446427	0.505945	0.040372	0.050764	0.044976	0.580944	0.491316	0.532384	9
1.14	0.585292	0.448070	0.507570	0.040214	0.050820	0.044899	0.582952	0.492990	0.534210	9
1.15	0.585801	0.449115	0.508432	0.040208	0.050878	0.044918	0.583733	0.494031	0.535149	9
1.15	0.584355	0.448443	0.507456	0.040128	0.050904	0.044879	0.582339	0.492878	0.533887	9
1.15	0.579953	0.446278	0.504409	0.039951	0.050932	0.044778	0.578378	0.489661	0.530335	9
1.15	0.578031	0.446353	0.503729	0.039869	0.051023	0.044762	0.576648	0.489196	0.529335	9
1.16	0.575994	0.446801	0.503238	0.039750	0.051087	0.044711	0.575310	0.489354	0.528862	9
1.16	0.573786	0.446502	0.502205	0.039660	0.051092	0.044656	0.573729	0.488889	0.527923	9
1.17	0.572427	0.446427	0.501636	0.039630	0.051153	0.044660	0.572669	0.488834	0.527441	9
1.17	0.571319	0.446502	0.501257	0.039592	0.051377	0.044721	0.571591	0.488611	0.526853	9
1.17	0.568353	0.445457	0.499456	0.039547	0.051426	0.044711	0.568857	0.486602	0.524525	9
1.17	0.563094	0.442470	0.495547	0.039488	0.051635	0.044752	0.563446	0.482415	0.519791	9
1.18	0.556913	0.439110	0.491045	0.039330	0.051617	0.044643	0.557254	0.477710	0.514425	9
1.18	0.552654	0.437691	0.488500	0.039279	0.051632	0.044616	0.553888	0.475683	0.511816	9
1.19	0.548714	0.436497	0.486214	0.039536	0.051978	0.044911	0.550411	0.474047	0.509383	9
1.19	0.543490	0.433883	0.482541	0.039507	0.051947	0.044881	0.545558	0.470440	0.505222	9
1.19	0.542414	0.433510	0.481886	0.039541	0.051995	0.044921	0.544609	0.469845	0.504472	9
1.19	0.545276	0.435675	0.484353	0.039702	0.052019	0.045033	0.547901	0.472783	0.507577	9
1.19	0.547543	0.437691	0.486493	0.039779	0.052052	0.045095	0.550578	0.475702	0.510409	9
1.19	0.552223	0.441350	0.490600	0.040106	0.052257	0.045382	0.555729	0.480444	0.515351	9
1.19	0.554974	0.443590	0.493070	0.040042	0.052250	0.045339	0.559095	0.483791	0.518724	9
1.20	0.555120	0.444038	0.493404	0.039965	0.052188	0.045266	0.559578	0.484609	0.519402	9
1.20	0.556550	0.445681	0.494983	0.040015	0.052239	0.045317	0.561475	0.486878	0.521522	9
1.20	0.557273	0.446801	0.495960	0.040167	0.052194	0.045397	0.562535	0.488728	0.523040	9
1.20	0.558059	0.447473	0.496685	0.040326	0.052171	0.045490	0.563558	0.490234	0.524345	9
1.20	0.559122	0.448742	0.497888	0.040815	0.052247	0.045829	0.565120	0.492428	0.526276	10
1.20	0.561964	0.450310	0.499979	0.040806	0.052253	0.045826	0.567909	0.494753	0.528813	10
1.20	0.567152	0.454043	0.504333	0.041066	0.052426	0.046056	0.573450	0.499866	0.534136	10
1.19	0.570495	0.456208	0.506991	0.041060	0.052558	0.046103	0.576741	0.502414	0.537018	10
1.19	0.572203	0.457403	0.508403	0.040953	0.052517	0.046020	0.578471	0.504143	0.538755	10
1.20	0.573616	0.458747	0.509791	0.040797	0.052612	0.045957	0.580070	0.505826	0.540410	10
1.19	0.577722	0.461211	0.512933	0.040873	0.052619	0.046008	0.584086	0.509489	0.544243	10
1.19	0.579781	0.462032	0.514252	0.040890	0.052637	0.046026	0.585704	0.510627	0.545595	10
1.19	0.583630	0.464795	0.517478	0.040926	0.052380	0.045950	0.589944	0.514792	0.549812	10
1.19	0.588893	0.467931	0.521490	0.041055	0.052491	0.046074	0.595095	0.519023	0.554462	10
1.19	0.590721	0.468678	0.522670	0.041066	0.052410	0.046050	0.597103	0.520278	0.556049	10
1.18	0.592100	0.468976	0.523395	0.040955	0.052414	0.045981	0.598237	0.520761	0.556817	10
1.18	0.592460	0.468155	0.523023	0.041008	0.052448	0.046028	0.597698	0.519906	0.556094	10
1.18	0.594661	0.469051	0.524440	0.041030	0.052194	0.045944	0.599427	0.521570	0.557795	10
1.18	0.596970	0.470694	0.526364	0.041094	0.052198	0.045985	0.601659	0.524127	0.560223	10
1.18	0.598257	0.471664	0.527472	0.041059	0.052127	0.045936	0.602774	0.525894	0.561715	10
1.18	0.599206	0.473083	0.528727	0.041027	0.052196	0.045942	0.603890	0.527716	0.563239	10
1.18	0.597448	0.471963	0.527343	0.040868	0.052154	0.045826	0.602161	0.526303	0.561682	10
1.18	0.596036	0.471515	0.526513	0.040674	0.052189	0.045718	0.600989	0.525280	0.560590	10
1.18	0.591748	0.469051	0.523304	0.040411	0.052262	0.045579	0.596582	0.521840	0.556714	10
1.19	0.589756	0.468528	0.522199	0.040275	0.052381	0.045537	0.594964	0.521189	0.555638	10
1.19	0.587203	0.467334	0.520456	0.040068	0.052429	0.045423	0.592566	0.519348	0.553546	10
1.19	0.586885	0.467782	0.520608	0.039995	0.052485	0.045397	0.592566	0.519757	0.553779	10
1.19	0.584393	0.466886	0.519072	0.039914	0.052507	0.045353	0.590390	0.518474	0.552100	10
1.19	0.582851	0.465915	0.517864	0.039906	0.052507	0.045348	0.588438	0.517163	0.550503	10
1.20	0.578923	0.463899	0.515067	0.039819	0.052489	0.045285	0.584570	0.514485	0.547293	10
1.20	0.579280	0.465094	0.515945	0.040177	0.052677	0.045586	0.585760	0.516137	0.548749	10
1.20	0.580197	0.467259	0.517639	0.040249	0.052926	0.045725	0.587229	0.518852	0.550927	10
1.21	0.581415	0.469499	0.519498	0.040283	0.052959	0.045759	0.589590	0.521715	0.553580	10
1.21	0.583187	0.471366	0.521348	0.040377	0.052853	0.045780	0.591822	0.524142	0.555930	10
1.21	0.586525	0.474502	0.524600	0.040466	0.052883	0.045848	0.596117	0.527917	0.559948	10
1.21	0.588664	0.476891	0.526915	0.040613	0.053068	0.046013	0.598814	0.530724	0.562717	10
1.21	0.592010	0.480176	0.530261	0.040638	0.053173	0.046068	0.602663	0.534825	0.566721	10
1.21	0.595032	0.482939	0.533157	0.040772	0.053337	0.046216	0.606028	0.537558	0.569743	10
1.21	0.597735	0.484731	0.535334	0.040790	0.053445	0.046268	0.608483	0.539306	0.571810	10
1.21	0.598636	0.484880	0.535786	0.040788	0.053293	0.046209	0.609190	0.539064	0.571986	10
1.21	0.601863	0.487269	0.538538	0.040776	0.053387	0.046237	0.612704	0.541727	0.575034	11
1.21	0.602884	0.486971	0.538763	0.040711	0.053355	0.046183	0.613057	0.541485	0.575053	12
1.21	0.604533	0.487941	0.540016	0.040660	0.053357	0.046151	0.614619	0.542657	0.576401	12
1.21	0.602439	0.486971	0.538585	0.040423	0.053394	0.046012	0.612667	0.540983	0.574598	12
1.21	0.599982	0.485029	0.536416	0.040190	0.053144	0.045768	0.610194	0.538296	0.571995	12
1.21	0.596847	0.483387	0.534158	0.040024	0.053528	0.045801	0.607107	0.535981	0.569331	12
1.21	0.593822	0.482267	0.532262	0.039893	0.053643	0.045757	0.604095	0.533936	0.566853	12
1.22	0.588381	0.478683	0.527893	0.039659	0.053660	0.045609	0.598386	0.529228	0.561686	12
1.22	0.581044	0.473755	0.521943	0.039430	0.053574	0.045426	0.590632	0.522812	0.554657	12
1.22	0.574758	0.469574	0.516869	0.039286	0.053532	0.045316	0.583677	0.517280	0.548477	12
1.22	0.569775	0.466736	0.513134	0.039187	0.053709	0.045313	0.578991	0.513691	0.544390	12
1.23	0.567779	0.466288	0.512053	0.039135	0.053716	0.045281	0.577243	0.512948	0.543200	12
1.23	0.567288	0.466139	0.511763	0.039191	0.053773	0.045338	0.576686	0.512446	0.542671	12
1.23	0.566331	0.465691	0.511104	0.039208	0.053748	0.045341	0.575756	0.511906	0.541957	12
1.23	0.566046	0.465542	0.510898	0.039219	0.053718	0.045338	0.575719	0.511906	0.541941	12
1.23	0.563879	0.463675	0.508891	0.039192	0.053645	0.045293	0.573357	0.509675	0.539644	12
1.23	0.561086	0.461211	0.506270	0.039136	0.053546	0.045221	0.569954	0.506607	0.536417	12
1.23	0.557097	0.458598	0.503071	0.039063	0.053497	0.045155	0.565659	0.503390	0.532711	12
1.23	0.554489	0.457030	0.501064	0.038914	0.053529	0.045066	0.562925	0.500749	0.530020	12
1.23	0.552108	0.455686	0.499284	0.038828	0.053525	0.045007	0.560787	0.498983	0.528083	12
1.23	0.550882	0.454715	0.498200	0.038817	0.053533	0.045003	0.559578	0.497793	0.526880	12
1.23	0.549123	0.453222	0.496584	0.039128	0.053885	0.045336	0.557682	0.495729	0.524883	12
1.23	0.546670	0.451729	0.494685	0.038849	0.053791	0.045115	0.555320	0.493832	0.522774	12
1.23	0.546030	0.450833	0.493886	0.042581	0.053803	0.047539	0.554372	0.492512	0.521614	12
1.24	0.545003	0.450758	0.493421	0.041626	0.054048	0.047031	0.553665	0.492605	0.521353	12
1.24	0.545996	0.451579	0.494320	0.052964	0.065325	0.058499	0.554781	0.493953	0.522603	13
1.24	0.547458	0.452624	0.495545	0.054650	0.065445	0.059562	0.556436	0.495561	0.524237	13
1.24	0.547638	0.452774	0.495708	0.055748	0.065444	0.060208	0.557087	0.495989	0.524765	13
1.23	0.549874	0.454416	0.497608	0.057266	0.065571	0.061138	0.559783	0.498592	0.527419	13
1.24	0.550018	0.454864	0.497936	0.058300	0.065732	0.061793	0.559969	0.498983	0.527720	13

Thu Sep  2 01:07:27 2021
45.44	0.014526	0.478261	0.028196	0.014471	0.051566	0.022599	0.014490	0.520833	0.028195	89
40.10	0.018888	0.506832	0.036418	0.017398	0.312713	0.032962	0.018791	0.522280	0.036278	89
35.08	0.020888	0.490331	0.040070	0.018021	0.253641	0.033651	0.020968	0.510391	0.040281	89
30.33	0.023123	0.469350	0.044075	0.018523	0.231410	0.034301	0.023590	0.493521	0.045028	89
25.89	0.025633	0.444113	0.048468	0.018867	0.196256	0.034424	0.026969	0.471858	0.051022	89
21.88	0.028303	0.414470	0.052988	0.019053	0.166600	0.034195	0.031131	0.446194	0.058202	89
18.26	0.031726	0.387740	0.058652	0.019551	0.153075	0.034673	0.037518	0.421472	0.068902	89
15.09	0.035834	0.361831	0.065211	0.020165	0.129102	0.034881	0.046221	0.395282	0.082764	89
12.33	0.041222	0.340028	0.073530	0.020874	0.115248	0.035346	0.056650	0.374307	0.098407	89
10.01	0.047449	0.317703	0.082567	0.021216	0.089041	0.034267	0.067042	0.352291	0.112647	89
8.01	0.055462	0.297394	0.093489	0.022023	0.080556	0.034589	0.078896	0.331399	0.127451	89
6.40	0.064549	0.276488	0.104664	0.022799	0.071700	0.034597	0.090346	0.309560	0.139870	89
5.08	0.075288	0.256029	0.116360	0.023515	0.063069	0.034258	0.101871	0.287460	0.150432	89
4.04	0.088354	0.239155	0.129036	0.025868	0.060150	0.036178	0.115010	0.267926	0.160937	89
3.24	0.101313	0.219518	0.138640	0.026081	0.042010	0.032182	0.126754	0.245258	0.167131	89
2.63	0.115398	0.203017	0.147152	0.027673	0.037786	0.031948	0.137047	0.226483	0.170764	89
2.19	0.126846	0.185993	0.150828	0.029108	0.032688	0.030794	0.145443	0.207869	0.171141	88
1.88	0.137919	0.173374	0.153627	0.030670	0.029256	0.029946	0.152505	0.193204	0.170459	88
1.64	0.149100	0.163294	0.155875	0.028506	0.025179	0.026739	0.160168	0.180717	0.169823	82
1.45	0.158110	0.153140	0.155585	0.030305	0.020970	0.024787	0.167934	0.169352	0.168640	80
1.30	0.164784	0.143806	0.153582	0.033692	0.019513	0.024713	0.173083	0.158632	0.165542	75
1.20	0.167813	0.134772	0.149489	0.034847	0.017770	0.023538	0.175878	0.148246	0.160884	69
1.12	0.169974	0.127903	0.145967	0.032648	0.016544	0.021960	0.176021	0.140637	0.156352	62
1.08	0.169659	0.122079	0.141989	0.028599	0.014026	0.018821	0.174358	0.134780	0.152035	52
1.05	0.168784	0.118047	0.138928	0.029087	0.013730	0.018655	0.171341	0.130001	0.147836	39
1.02	0.167956	0.115135	0.136617	0.029123	0.013426	0.018380	0.169512	0.126728	0.145031	24
1.01	0.165346	0.112148	0.133648	0.029080	0.013189	0.018148	0.166509	0.123461	0.141790	19
1.01	0.161405	0.108788	0.129973	0.030119	0.012858	0.018022	0.162222	0.119947	0.137918	13
1.00	0.157098	0.105428	0.126178	0.030325	0.012554	0.017757	0.157481	0.116609	0.133998	11
1.00	0.154412	0.103487	0.123921	0.028981	0.012339	0.017308	0.154636	0.114378	0.131494	7
1.00	0.152765	0.102292	0.122535	0.025192	0.012204	0.016442	0.152851	0.113281	0.130124	7
1.00	0.151065	0.101098	0.121131	0.023906	0.012087	0.016056	0.151065	0.112109	0.128704	6
1.00	0.148946	0.099679	0.119431	0.023198	0.011998	0.015816	0.148946	0.110696	0.127003	6
1.00	0.146380	0.097962	0.117373	0.017256	0.011923	0.014102	0.146380	0.108855	0.124859	5
1.00	0.145152	0.097140	0.116389	0.017265	0.011865	0.014064	0.145152	0.107907	0.123788	5
1.00	0.144260	0.096543	0.115674	0.017221	0.011839	0.014032	0.144260	0.107181	0.122987	5
1.00	0.144929	0.096991	0.116210	0.017374	0.011860	0.014097	0.144929	0.107637	0.123530	5
1.00	0.144148	0.096468	0.115584	0.017404	0.011836	0.014090	0.144148	0.106968	0.122805	5
1.00	0.144037	0.096394	0.115495	0.017602	0.011806	0.014133	0.144037	0.107116	0.122863	5
1.00	0.144037	0.096394	0.115495	0.017365	0.011871	0.014101	0.144037	0.106726	0.122605	5
1.00	0.144483	0.096692	0.115853	0.017365	0.011887	0.014113	0.144483	0.107042	0.122976	5
1.00	0.146156	0.097812	0.117194	0.017420	0.011926	0.014159	0.146156	0.108399	0.124478	5
1.00	0.147830	0.098932	0.118536	0.017226	0.011857	0.014046	0.147830	0.110017	0.126151	4
1.00	0.149727	0.100202	0.120057	0.017204	0.011866	0.014045	0.149727	0.111486	0.127807	4
1.00	0.157090	0.105130	0.125962	0.017621	0.012029	0.014298	0.157090	0.117622	0.134521	3
1.00	0.161999	0.108415	0.129898	0.017679	0.012135	0.014391	0.161999	0.121825	0.139069	3
1.00	0.168024	0.112447	0.134729	0.017750	0.012228	0.014480	0.168024	0.126548	0.144366	3
1.00	0.178735	0.119615	0.143317	0.017913	0.012358	0.014626	0.178735	0.135037	0.153843	3
1.00	0.184871	0.123721	0.148238	0.017668	0.012389	0.014565	0.184871	0.140559	0.159698	3
1.00	0.202053	0.135220	0.162015	0.018091	0.012470	0.014764	0.202053	0.155426	0.175699	3
1.00	0.237755	0.159113	0.190642	0.018431	0.012752	0.015074	0.237755	0.187196	0.209468	3
1.00	0.291420	0.195027	0.233673	0.018861	0.013091	0.015455	0.291420	0.233975	0.259557	3
1.00	0.388598	0.260061	0.311594	0.019549	0.013643	0.016071	0.388598	0.319748	0.350827	3
1.00	0.465581	0.311581	0.373323	0.019821	0.013893	0.016336	0.465581	0.388209	0.423389	3
1.00	0.457325	0.306055	0.366702	0.019860	0.013922	0.016369	0.457325	0.381227	0.415823	3
1.00	0.524378	0.350930	0.420469	0.020283	0.014177	0.016689	0.524378	0.440613	0.478860	3
1.00	0.595671	0.398641	0.477635	0.020715	0.013450	0.016310	0.595671	0.508187	0.548463	3
1.00	0.644985	0.431643	0.517177	0.020760	0.012332	0.015473	0.644985	0.555339	0.596814	3
1.00	0.658262	0.440529	0.527822	0.020597	0.011583	0.014827	0.658262	0.569508	0.610677	3
1.00	0.660158	0.441798	0.529343	0.018199	0.011493	0.014088	0.660158	0.571572	0.612680	3
1.00	0.660270	0.441873	0.529433	0.018158	0.011476	0.014064	0.660270	0.571572	0.612728	2
1.00	0.659824	0.441574	0.529075	0.018051	0.011432	0.013999	0.659824	0.571293	0.612375	2
1.00	0.659824	0.441574	0.529075	0.018051	0.011432	0.013999	0.659824	0.571293	0.612375	2
1.00	0.659712	0.441499	0.528986	0.018018	0.011421	0.013981	0.659712	0.571182	0.612263	2
1.00	0.659377	0.441275	0.528717	0.017890	0.011388	0.013917	0.659377	0.570903	0.611959	2
1.00	0.659377	0.441275	0.528717	0.018639	0.011379	0.014131	0.659377	0.570958	0.611991	2
1.00	0.659266	0.441201	0.528628	0.017836	0.011377	0.013893	0.659266	0.570847	0.611879	2
1.00	0.659266	0.441201	0.528628	0.017836	0.011377	0.013893	0.659266	0.570847	0.611879	2
1.00	0.659266	0.441201	0.528628	0.017836	0.011377	0.013893	0.659266	0.570847	0.611879	2
1.00	0.659489	0.441350	0.528807	0.017938	0.011399	0.013940	0.659489	0.570958	0.612039	2
1.00	0.659489	0.441350	0.528807	0.017938	0.011399	0.013940	0.659489	0.570958	0.612039	2
1.00	0.659489	0.441350	0.528807	0.017938	0.011399	0.013940	0.659489	0.570958	0.612039	2
1.00	0.659489	0.441350	0.528807	0.017938	0.011399	0.013940	0.659489	0.570958	0.612039	2
1.00	0.659489	0.441350	0.528807	0.017938	0.011399	0.013940	0.659489	0.570958	0.612039	2
1.00	0.659266	0.441201	0.528628	0.017836	0.011377	0.013893	0.659266	0.570847	0.611879	2
1.00	0.659377	0.441275	0.528717	0.018639	0.011379	0.014131	0.659377	0.570958	0.611991	2
1.00	0.659377	0.441275	0.528717	0.018639	0.011379	0.014131	0.659377	0.570958	0.611991	2
1.00	0.659266	0.441201	0.528628	0.018638	0.011368	0.014122	0.659266	0.570903	0.611911	2
1.00	0.659266	0.441201	0.528628	0.018638	0.011368	0.014122	0.659266	0.570903	0.611911	2
1.00	0.659266	0.441201	0.528628	0.018638	0.011368	0.014122	0.659266	0.570903	0.611911	2
1.00	0.659043	0.441051	0.528449	0.018637	0.011346	0.014105	0.659043	0.570791	0.611750	2
1.00	0.658931	0.440977	0.528359	0.018636	0.011335	0.014096	0.658931	0.570679	0.611638	2
1.00	0.658931	0.440977	0.528359	0.018636	0.011335	0.014096	0.658931	0.570679	0.611638	2
1.00	0.658931	0.440977	0.528359	0.018636	0.011335	0.014096	0.658931	0.570679	0.611638	2
1.00	0.658485	0.440678	0.528001	0.018633	0.011291	0.014061	0.658485	0.570456	0.611318	2
1.00	0.658373	0.440603	0.527912	0.018632	0.011280	0.014052	0.658373	0.570401	0.611238	2
1.00	0.658373	0.440603	0.527912	0.018632	0.011280	0.014052	0.658373	0.570401	0.611238	2
1.00	0.658485	0.440678	0.528001	0.018633	0.011291	0.014061	0.658485	0.570456	0.611318	2
1.00	0.658931	0.440977	0.528359	0.018636	0.011335	0.014096	0.658931	0.570679	0.611638	2
1.00	0.658485	0.440678	0.528001	0.020623	0.011370	0.014658	0.658485	0.570159	0.611147	3
1.00	0.652795	0.436870	0.523439	0.022311	0.011927	0.015544	0.652795	0.563260	0.604731	3
1.00	0.566217	0.378929	0.454017	0.020613	0.013809	0.016539	0.566217	0.479365	0.519184	3
1.00	0.387259	0.259165	0.310521	0.019401	0.013750	0.016094	0.387259	0.318396	0.349467	3
1.00	0.266429	0.178302	0.213634	0.018729	0.013368	0.015601	0.266429	0.210579	0.235234	3
1.00	0.242999	0.162622	0.194847	0.018120	0.013215	0.015284	0.242999	0.190282	0.213434	3
1.00	0.231842	0.155156	0.185901	0.018023	0.013126	0.015190	0.231842	0.180185	0.202775	3
1.00	0.233069	0.155977	0.186885	0.017760	0.013319	0.015222	0.233069	0.180390	0.203374	3
1.00	0.248466	0.166281	0.199231	0.017929	0.013702	0.015533	0.248466	0.193350	0.217470	3
1.00	0.276247	0.184873	0.221507	0.017650	0.014104	0.015679	0.276247	0.216399	0.242688	3
1.00	0.361709	0.242067	0.290034	0.017951	0.014896	0.016281	0.361709	0.290643	0.322305	3
1.00	0.463796	0.310386	0.371891	0.018202	0.015714	0.016867	0.463796	0.380468	0.418020	3
1.00	0.501171	0.335399	0.401861	0.018010	0.016353	0.017142	0.501171	0.412581	0.452582	3
1.00	0.545353	0.364967	0.437288	0.017801	0.016616	0.017188	0.545353	0.451194	0.493825	3
1.00	0.658262	0.440529	0.527822	0.018941	0.015825	0.017243	0.658262	0.555943	0.602791	3
1.00	0.680241	0.455238	0.545446	0.020232	0.014391	0.016819	0.680241	0.580144	0.626218	3
1.00	0.679237	0.454566	0.544641	0.018326	0.013919	0.015821	0.679237	0.580302	0.625884	3
1.00	0.679348	0.454640	0.544731	0.017092	0.014006	0.015396	0.679348	0.580367	0.625969	3
1.00	0.679014	0.454416	0.544462	0.015613	0.013846	0.014677	0.679014	0.580377	0.625833	3
1.00	0.679795	0.454939	0.545089	0.015366	0.014042	0.014674	0.679795	0.580591	0.626289	2
1.00	0.679906	0.455014	0.545178	0.015376	0.014053	0.014685	0.679906	0.580702	0.626401	2
1.00	0.682584	0.456806	0.547325	0.015210	0.014490	0.014841	0.682584	0.581781	0.628164	3
1.00	0.684034	0.457776	0.548488	0.019462	0.014980	0.016929	0.684034	0.581656	0.628705	3
1.00	0.686489	0.459419	0.550456	0.019709	0.015715	0.017487	0.686489	0.581572	0.629690	3
1.00	0.672654	0.450161	0.539363	0.017691	0.016810	0.017240	0.672654	0.565795	0.614614	3
1.00	0.653353	0.437243	0.523886	0.016533	0.017425	0.016967	0.653353	0.546902	0.595407	3
1.00	0.607163	0.406332	0.486849	0.015328	0.018080	0.016590	0.607163	0.503297	0.550372	3
1.00	0.486444	0.325543	0.390052	0.013894	0.018197	0.015757	0.486444	0.393289	0.434935	3
1.00	0.374428	0.250579	0.300233	0.013310	0.018105	0.015342	0.374428	0.290786	0.327349	3
1.00	0.309048	0.206824	0.247808	0.013018	0.017931	0.015084	0.309048	0.232617	0.265441	3
1.00	0.267656	0.179123	0.214618	0.012885	0.017795	0.014947	0.267656	0.196837	0.226848	3
1.00	0.247908	0.165908	0.198783	0.013019	0.017594	0.014965	0.247908	0.179916	0.208509	3
1.00	0.235859	0.157844	0.189121	0.013296	0.017298	0.015035	0.235859	0.170469	0.197902	3
1.00	0.223140	0.149332	0.178923	0.013484	0.016985	0.015033	0.223140	0.160047	0.186399	3
1.00	0.214883	0.143806	0.172303	0.013540	0.016862	0.015020	0.214883	0.153678	0.179199	3
1.00	0.215330	0.144105	0.172661	0.013583	0.016851	0.015042	0.215330	0.154310	0.179784	3
1.00	0.215664	0.144329	0.172929	0.022998	0.016895	0.019480	0.215664	0.154282	0.179881	4
1.00	0.213321	0.142761	0.171050	0.022431	0.016726	0.019163	0.213321	0.152376	0.177771	4
1.00	0.216111	0.144628	0.173287	0.022281	0.016629	0.019045	0.216111	0.154589	0.180245	4
1.00	0.219011	0.146569	0.175613	0.022825	0.016418	0.019098	0.219011	0.157313	0.183105	4
1.00	0.217896	0.145822	0.174718	0.023361	0.016028	0.019012	0.217896	0.157574	0.182889	4
1.00	0.225371	0.150825	0.180712	0.024193	0.015960	0.019233	0.225371	0.163803	0.189717	4
1.00	0.240321	0.160830	0.192700	0.025200	0.016051	0.019611	0.240321	0.176717	0.203669	4
1.00	0.255272	0.170836	0.204688	0.025886	0.016034	0.019802	0.255272	0.189334	0.217413	4
1.00	0.278143	0.186142	0.223027	0.026195	0.015856	0.019755	0.278143	0.210430	0.239594	4
1.00	0.311391	0.208392	0.249687	0.026880	0.015847	0.019939	0.311391	0.239996	0.271071	4
1.00	0.328350	0.219742	0.263285	0.026978	0.015511	0.019697	0.328350	0.257280	0.288503	4
1.00	0.325971	0.218174	0.261395	0.027037	0.015291	0.019534	0.325951	0.256090	0.286828	4
1.00	0.324520	0.217203	0.260232	0.027074	0.015171	0.019445	0.324501	0.255430	0.285852	4
1.00	0.320170	0.214291	0.256743	0.026855	0.014968	0.019222	0.320150	0.252380	0.282254	4
1.00	0.338242	0.226387	0.271235	0.027121	0.014740	0.019100	0.338224	0.269342	0.299879	4
1.00	0.381372	0.255283	0.305841	0.027793	0.014870	0.019374	0.381346	0.306769	0.340016	4
1.00	0.433017	0.289853	0.347258	0.028354	0.015251	0.019834	0.433002	0.352832	0.388828	4
1.00	0.475792	0.318450	0.381536	0.029598	0.015345	0.020212	0.475789	0.391253	0.429400	4
1.00	0.533802	0.357276	0.428054	0.028934	0.015166	0.019900	0.533806	0.445030	0.485392	4
1.00	0.604975	0.404913	0.485128	0.028638	0.014668	0.019400	0.604987	0.511055	0.554068	4
1.00	0.645025	0.431718	0.517243	0.027785	0.013883	0.018515	0.645041	0.549955	0.593715	4
1.00	0.660977	0.442395	0.530035	0.026963	0.012789	0.017349	0.660995	0.566998	0.610399	4
1.00	0.663989	0.444411	0.532451	0.029378	0.012033	0.017073	0.664008	0.572409	0.614815	4
1.00	0.663989	0.444411	0.532451	0.026351	0.011883	0.016380	0.664008	0.572985	0.615148	4
1.00	0.664436	0.444710	0.532808	0.024111	0.011901	0.015936	0.664454	0.573376	0.615564	3
1.00	0.664919	0.445083	0.533232	0.025836	0.011962	0.016353	0.664956	0.573692	0.615962	3
1.00	0.667076	0.446577	0.534997	0.026620	0.012189	0.016721	0.667132	0.574901	0.617592	3
1.00	0.670422	0.448817	0.537681	0.026363	0.012556	0.017010	0.670479	0.576714	0.620071	3
1.00	0.671983	0.449862	0.538933	0.026451	0.012780	0.017233	0.672041	0.577271	0.621062	3
1.00	0.672987	0.450534	0.539738	0.026043	0.012952	0.017300	0.673045	0.577532	0.621641	3
1.00	0.674771	0.451729	0.541169	0.026056	0.013198	0.017521	0.674830	0.578396	0.622903	3
1.00	0.677002	0.453222	0.542958	0.026003	0.013473	0.017749	0.677061	0.579475	0.624479	3
1.00	0.679344	0.454790	0.544837	0.026000	0.013756	0.017992	0.679404	0.580600	0.626128	3
1.00	0.680348	0.455462	0.545642	0.025745	0.013928	0.018076	0.680408	0.580935	0.626749	3
1.00	0.680459	0.455536	0.545731	0.025712	0.013948	0.018085	0.680520	0.580935	0.626796	3
1.00	0.680236	0.455387	0.545552	0.025544	0.013911	0.018012	0.680297	0.580935	0.626702	3
1.00	0.680013	0.455238	0.545373	0.025919	0.013858	0.018060	0.680074	0.580823	0.626542	3
1.00	0.678563	0.454267	0.544210	0.025962	0.013663	0.017904	0.678623	0.580209	0.625569	3
1.00	0.675998	0.452550	0.542153	0.026036	0.013346	0.017647	0.676057	0.578926	0.623733	3
1.00	0.673656	0.450982	0.540275	0.026292	0.013033	0.017427	0.673714	0.577783	0.622072	3
1.00	0.672764	0.450385	0.539559	0.026431	0.012917	0.017354	0.672822	0.577355	0.621443	3
1.00	0.672131	0.450011	0.539088	0.024240	0.012844	0.016791	0.672264	0.577104	0.621060	3
1.00	0.671908	0.449862	0.538909	0.024319	0.012804	0.016776	0.672041	0.577104	0.620965	3
1.00	0.672354	0.450161	0.539267	0.024572	0.012881	0.016902	0.672487	0.577076	0.621139	3
1.00	0.674138	0.451355	0.540698	0.025577	0.013073	0.017302	0.674272	0.577978	0.622423	3
1.00	0.678002	0.454043	0.543869	0.031609	0.013689	0.019104	0.678177	0.579205	0.624796	4
1.00	0.679897	0.455312	0.545389	0.030512	0.015076	0.020181	0.680074	0.576314	0.623909	4
1.00	0.658602	0.441051	0.528307	0.029249	0.016423	0.021035	0.658764	0.552680	0.601077	4
1.00	0.609810	0.408422	0.489201	0.028691	0.017522	0.021757	0.609952	0.504816	0.552426	4
1.00	0.537681	0.360114	0.431337	0.028223	0.018060	0.022026	0.537766	0.436517	0.481881	4
1.00	0.470680	0.315239	0.377588	0.027705	0.018610	0.022264	0.470713	0.373281	0.416373	4
1.00	0.413378	0.276861	0.331619	0.026977	0.018540	0.021977	0.413366	0.321843	0.361908	4
1.00	0.374136	0.250579	0.300139	0.026374	0.018561	0.021788	0.374094	0.286695	0.324615	4
1.00	0.340022	0.227731	0.272772	0.025767	0.018511	0.021545	0.339953	0.255601	0.291803	4
1.00	0.317614	0.212723	0.254796	0.025107	0.018439	0.021262	0.317528	0.235769	0.270608	4
1.00	0.308807	0.206824	0.247731	0.024828	0.018448	0.021168	0.308714	0.228220	0.262433	4
1.00	0.298439	0.199881	0.239413	0.024522	0.018560	0.021128	0.298338	0.219104	0.252655	4
1.00	0.288820	0.193459	0.231712	0.024138	0.018482	0.020935	0.288631	0.210988	0.243776	4
1.00	0.283629	0.190025	0.227578	0.024213	0.018591	0.021033	0.283387	0.206014	0.238584	4
1.00	0.279140	0.187038	0.223991	0.023759	0.018603	0.020867	0.278869	0.202434	0.234582	4
1.00	0.279920	0.187561	0.224617	0.023694	0.018683	0.020893	0.279650	0.202713	0.235046	4
1.00	0.285428	0.191294	0.229067	0.023601	0.018824	0.020943	0.285172	0.207325	0.240096	4
1.00	0.287879	0.192937	0.231034	0.023460	0.018850	0.020904	0.287627	0.209203	0.242225	4
1.00	0.300357	0.201299	0.241048	0.023352	0.018988	0.020945	0.300123	0.219960	0.253863	4
1.00	0.312577	0.209512	0.250872	0.023325	0.019047	0.020970	0.312284	0.230680	0.265350	4
1.00	0.327988	0.219891	0.263276	0.023363	0.019090	0.021011	0.327625	0.244589	0.280082	4
1.00	0.341833	0.229224	0.274426	0.023395	0.019177	0.021077	0.341459	0.256875	0.293188	5
1.00	0.351703	0.235869	0.282369	0.023375	0.019237	0.021105	0.351333	0.265558	0.302483	5
1.00	0.357381	0.239677	0.286927	0.023209	0.019288	0.021067	0.357023	0.270467	0.307776	5
1.00	0.369071	0.247517	0.296313	0.023157	0.019372	0.021096	0.368738	0.281271	0.319120	5
1.00	0.380497	0.255208	0.305506	0.023222	0.019505	0.021202	0.380174	0.291424	0.329935	5
1.00	0.393255	0.263795	0.315771	0.023270	0.019621	0.021290	0.393005	0.302228	0.341690	5
1.00	0.408838	0.274248	0.328283	0.023363	0.019727	0.021392	0.408624	0.315880	0.356316	5
1.00	0.431879	0.289704	0.346785	0.023781	0.019868	0.021649	0.431719	0.335210	0.377392	5
1.00	0.450417	0.302173	0.361695	0.027847	0.020115	0.023358	0.450240	0.352131	0.395187	5
1.00	0.463499	0.310983	0.372224	0.028088	0.020263	0.023542	0.463294	0.363567	0.407416	5
1.00	0.470235	0.315538	0.377659	0.028131	0.020246	0.023546	0.470099	0.369294	0.413644	5
1.00	0.462668	0.310461	0.371582	0.028230	0.020272	0.023598	0.462513	0.362172	0.406238	5
1.00	0.453494	0.304338	0.364238	0.028150	0.020253	0.023558	0.453364	0.352953	0.396906	5
1.00	0.455051	0.305383	0.365489	0.028282	0.020311	0.023643	0.454926	0.354050	0.398198	5
1.00	0.455557	0.305757	0.365919	0.028332	0.020457	0.023759	0.455428	0.353626	0.398122	5
1.00	0.451613	0.303143	0.362775	0.028378	0.020538	0.023830	0.451523	0.349386	0.393942	5
1.00	0.452786	0.303965	0.363742	0.028429	0.020573	0.023871	0.452694	0.350288	0.394961	5
1.00	0.455789	0.305981	0.366154	0.028639	0.020574	0.023946	0.455707	0.353301	0.398022	5
1.00	0.465302	0.312402	0.373822	0.029049	0.020672	0.024154	0.465246	0.361780	0.407041	5
1.00	0.470641	0.315986	0.378110	0.029304	0.020705	0.024265	0.470601	0.366391	0.412009	5
1.00	0.471648	0.316733	0.378970	0.032491	0.020772	0.025342	0.471494	0.367191	0.412857	5
1.00	0.488274	0.328007	0.392407	0.033396	0.020968	0.025761	0.488174	0.382160	0.428710	5
1.00	0.493002	0.331367	0.396338	0.034923	0.021114	0.026317	0.492748	0.386623	0.433282	5
1.00	0.504274	0.339132	0.405536	0.034952	0.021233	0.026418	0.503942	0.396854	0.444032	6
1.01	0.504993	0.339804	0.406249	0.034789	0.021371	0.026477	0.504500	0.397374	0.444575	6
1.01	0.497282	0.334727	0.400125	0.034333	0.021505	0.026446	0.496802	0.390234	0.437116	6
1.01	0.495508	0.333607	0.398751	0.034709	0.021737	0.026733	0.494905	0.388073	0.435026	6
1.01	0.492906	0.332039	0.396788	0.035101	0.022095	0.027119	0.492004	0.384959	0.431948	6
1.01	0.490035	0.330471	0.394738	0.035453	0.022607	0.027609	0.488601	0.381528	0.428477	6
1.01	0.488220	0.329575	0.393510	0.034957	0.023095	0.027814	0.486370	0.379259	0.426188	6
1.01	0.487562	0.329277	0.393083	0.034884	0.023446	0.028044	0.485533	0.377697	0.424880	6
1.01	0.488185	0.330098	0.393871	0.034877	0.024068	0.028482	0.485589	0.377679	0.424889	6
1.01	0.495531	0.335324	0.399982	0.034434	0.024359	0.028533	0.492934	0.384060	0.431739	6
1.01	0.503583	0.341074	0.406695	0.034056	0.024670	0.028613	0.501004	0.390578	0.438953	6
1.01	0.503965	0.341671	0.407244	0.034082	0.025050	0.028876	0.501004	0.390959	0.439193	6
1.01	0.506272	0.343538	0.409323	0.033529	0.025387	0.028895	0.503124	0.392205	0.440794	6
1.01	0.499560	0.339207	0.404056	0.032759	0.025543	0.028705	0.496318	0.385808	0.434141	6
1.02	0.485162	0.329575	0.392513	0.032333	0.025827	0.028716	0.481647	0.371732	0.419611	6
1.02	0.472835	0.321661	0.382865	0.032047	0.026270	0.028872	0.468853	0.359298	0.406829	6
1.02	0.461530	0.314418	0.374029	0.031740	0.026556	0.028917	0.457064	0.348392	0.395397	6
1.02	0.454565	0.310013	0.368624	0.031478	0.026723	0.028906	0.449924	0.341623	0.388364	6
1.02	0.451017	0.307997	0.366032	0.031293	0.027008	0.028993	0.446242	0.337737	0.384481	6
1.02	0.450950	0.308221	0.366168	0.042141	0.027140	0.033016	0.446372	0.337290	0.384239	7
1.02	0.451648	0.308967	0.366925	0.042042	0.027214	0.033041	0.447153	0.338192	0.385114	7
1.02	0.456380	0.312477	0.370961	0.042058	0.027289	0.033101	0.451913	0.342367	0.389586	7
1.02	0.456934	0.312925	0.371460	0.042180	0.027368	0.033196	0.452471	0.342320	0.389763	7
1.02	0.457638	0.313373	0.372009	0.042286	0.027402	0.033254	0.453085	0.342209	0.389918	7
1.02	0.452573	0.309938	0.367915	0.038688	0.027347	0.032044	0.447953	0.337579	0.385011	7
1.02	0.448719	0.307399	0.364853	0.038534	0.027294	0.031955	0.444104	0.333971	0.381243	7
1.02	0.441587	0.302546	0.359077	0.038358	0.027270	0.031877	0.436796	0.327779	0.374515	7
1.02	0.432153	0.296050	0.351382	0.039067	0.026948	0.031895	0.427442	0.318751	0.365181	7
1.02	0.425567	0.291570	0.346050	0.039022	0.026797	0.031774	0.420860	0.312503	0.358677	7
1.02	0.420508	0.288136	0.341958	0.039069	0.026707	0.031726	0.415839	0.307395	0.353487	7
1.02	0.411835	0.282162	0.334884	0.039180	0.026447	0.031579	0.407155	0.299818	0.345338	7
1.02	0.404207	0.276936	0.328681	0.039335	0.026279	0.031508	0.399494	0.293105	0.338128	7
1.02	0.402375	0.275741	0.327234	0.039264	0.026184	0.031417	0.397709	0.291376	0.336338	7
1.02	0.402788	0.276114	0.327634	0.039330	0.026175	0.031431	0.398211	0.291469	0.336580	7
1.03	0.404135	0.277309	0.328920	0.039178	0.026052	0.031294	0.399717	0.292966	0.338115	7
1.03	0.399239	0.274098	0.325040	0.038921	0.025929	0.031124	0.394808	0.288930	0.333672	7
1.03	0.400043	0.274770	0.325779	0.038854	0.025846	0.031042	0.395701	0.289711	0.334511	7
1.03	0.401108	0.275592	0.326709	0.039109	0.025807	0.031096	0.396817	0.290920	0.335715	7
1.03	0.407697	0.279997	0.331991	0.038977	0.025635	0.030929	0.403957	0.296685	0.342109	7
1.03	0.411432	0.282685	0.335118	0.039509	0.025635	0.031095	0.407825	0.300571	0.346078	7
1.03	0.418749	0.287837	0.341166	0.040246	0.025655	0.031335	0.415319	0.307222	0.353184	7
1.03	0.422468	0.290898	0.344550	0.040496	0.025735	0.031471	0.418963	0.311127	0.357081	7
1.03	0.425449	0.293586	0.347427	0.040517	0.025728	0.031472	0.421994	0.314381	0.360325	7
1.03	0.429405	0.296573	0.350837	0.040428	0.025760	0.031469	0.426066	0.318175	0.364300	7
1.03	0.432211	0.298962	0.353445	0.040118	0.025809	0.031411	0.428911	0.321234	0.367344	7
1.04	0.432252	0.299410	0.353772	0.039696	0.025911	0.031355	0.428856	0.321243	0.367330	7
1.04	0.430847	0.298887	0.352936	0.039424	0.025981	0.031321	0.427628	0.320044	0.366096	7
1.04	0.430108	0.298663	0.352532	0.039388	0.025962	0.031295	0.426940	0.319746	0.365649	7
1.04	0.433512	0.301351	0.355548	0.040609	0.026222	0.031867	0.430232	0.323093	0.369044	7
1.04	0.439987	0.306279	0.361155	0.041034	0.026566	0.032252	0.436591	0.329285	0.375421	7
1.04	0.447543	0.311506	0.367334	0.041035	0.026658	0.032320	0.444457	0.335872	0.382609	7
1.04	0.456282	0.317554	0.374483	0.042123	0.027120	0.032996	0.453103	0.343951	0.391053	7
1.04	0.466359	0.323975	0.382341	0.041191	0.027133	0.032716	0.463517	0.353527	0.401119	7
1.04	0.475371	0.330023	0.389582	0.041209	0.027298	0.032841	0.472498	0.361570	0.409657	7
1.04	0.481828	0.334578	0.394924	0.041001	0.027409	0.032855	0.479118	0.368385	0.416517	7
1.04	0.487618	0.338162	0.399365	0.041277	0.027486	0.032999	0.485050	0.373331	0.421920	7
1.04	0.488695	0.338908	0.400247	0.041335	0.027438	0.032982	0.486035	0.374958	0.423332	7
1.04	0.489978	0.339506	0.401094	0.041648	0.027509	0.033133	0.487318	0.376009	0.424488	7
1.03	0.484953	0.335698	0.396753	0.041727	0.027370	0.033057	0.482112	0.371620	0.419716	7
1.03	0.481378	0.332935	0.393626	0.041911	0.027286	0.033053	0.478448	0.368701	0.416466	7
1.03	0.479745	0.331591	0.392141	0.042029	0.027194	0.033022	0.476775	0.367715	0.415203	7
1.03	0.478741	0.330396	0.390970	0.042158	0.027111	0.033000	0.475696	0.366550	0.414051	7
1.03	0.479117	0.330620	0.391252	0.042361	0.027184	0.033116	0.476020	0.367405	0.414719	8
1.03	0.477922	0.329724	0.390227	0.054015	0.027419	0.036374	0.474570	0.366159	0.413375	9
1.03	0.474943	0.327634	0.387770	0.053906	0.027422	0.036352	0.471613	0.363816	0.410760	9
1.03	0.472159	0.326066	0.385743	0.053307	0.027472	0.036258	0.468749	0.362050	0.408548	9
1.03	0.473462	0.327036	0.386857	0.053419	0.027673	0.036459	0.469698	0.363212	0.409648	9
1.03	0.476868	0.330172	0.390188	0.053159	0.028059	0.036730	0.472933	0.366605	0.413036	9
1.04	0.479927	0.332935	0.393141	0.052816	0.028355	0.036900	0.476150	0.369720	0.416239	9
1.04	0.486370	0.338386	0.399102	0.052758	0.028689	0.037167	0.482807	0.376278	0.422938	9
1.04	0.487476	0.340028	0.400616	0.051940	0.029007	0.037225	0.483949	0.377589	0.424204	9
1.04	0.488399	0.341074	0.401653	0.040041	0.029149	0.033738	0.484916	0.378222	0.424974	8
1.05	0.491690	0.344583	0.405198	0.039361	0.029524	0.033740	0.488373	0.381308	0.428250	8
1.05	0.487997	0.343015	0.402859	0.050720	0.030290	0.037929	0.484330	0.378324	0.424814	9
1.05	0.486277	0.342642	0.402015	0.050305	0.030470	0.037952	0.483047	0.377097	0.423546	9
1.05	0.484082	0.341746	0.400648	0.050174	0.030530	0.037961	0.480853	0.375339	0.421595	9
1.06	0.483180	0.342119	0.400595	0.049933	0.030679	0.038006	0.480128	0.375033	0.421122	9
1.06	0.489216	0.347196	0.406149	0.049982	0.031000	0.038267	0.486654	0.380788	0.427261	9
1.06	0.486614	0.346076	0.404486	0.049727	0.031075	0.038248	0.484088	0.378556	0.424867	9
1.07	0.488065	0.348092	0.406363	0.050125	0.031391	0.038605	0.485390	0.380657	0.426691	9
1.07	0.489608	0.350034	0.408220	0.049926	0.031610	0.038711	0.487287	0.382926	0.428849	9
1.07	0.489255	0.350183	0.408199	0.049965	0.031667	0.038765	0.486896	0.383131	0.428825	9
1.07	0.489155	0.350258	0.408215	0.049828	0.031653	0.038713	0.486803	0.383131	0.428789	9
1.07	0.492654	0.353020	0.411309	0.049544	0.031763	0.038709	0.490838	0.386524	0.432480	9
1.07	0.497292	0.356530	0.415308	0.049631	0.031780	0.038749	0.495859	0.391601	0.437606	9
1.07	0.500625	0.358695	0.417939	0.049955	0.031836	0.038888	0.499308	0.394669	0.440865	9
1.07	0.502610	0.359441	0.419137	0.050079	0.031680	0.038809	0.501410	0.396287	0.442693	9
1.07	0.509632	0.363473	0.424319	0.050112	0.031607	0.038764	0.508569	0.402153	0.449144	9
1.06	0.513914	0.365415	0.427125	0.039946	0.031107	0.034977	0.513102	0.405937	0.453272	8
1.06	0.517281	0.366535	0.429052	0.040254	0.030831	0.034918	0.516505	0.408448	0.456164	8
1.06	0.521895	0.369297	0.432532	0.040483	0.030670	0.034900	0.521191	0.412864	0.460746	8
1.06	0.526622	0.372209	0.436152	0.040707	0.030663	0.034978	0.526044	0.417085	0.465271	8
1.06	0.534756	0.377959	0.442889	0.040761	0.030689	0.035015	0.534568	0.425825	0.474040	8
1.06	0.542278	0.383559	0.449313	0.041161	0.030925	0.035316	0.542583	0.433737	0.482092	8
1.06	0.547190	0.387441	0.453663	0.041191	0.031096	0.035439	0.547826	0.438897	0.487349	8
1.06	0.551953	0.391473	0.458064	0.041221	0.031312	0.035589	0.553014	0.443787	0.492416	8
1.06	0.553849	0.393190	0.459893	0.041112	0.031391	0.035600	0.555023	0.445693	0.494386	8
1.06	0.551344	0.392070	0.458262	0.040855	0.031508	0.035577	0.552512	0.443639	0.492126	8
1.07	0.549880	0.392220	0.457858	0.052084	0.031864	0.039539	0.551371	0.442765	0.491135	9
1.07	0.548276	0.391772	0.456996	0.052966	0.032363	0.040177	0.549455	0.440961	0.489266	9
1.07	0.546555	0.390951	0.455839	0.064209	0.032467	0.043127	0.547744	0.439287	0.487557	10
1.07	0.539987	0.386172	0.450307	0.063503	0.032574	0.043060	0.540827	0.432035	0.480348	10
1.07	0.532081	0.380796	0.443903	0.062798	0.032603	0.042922	0.532385	0.423565	0.471781	10
1.07	0.525211	0.375644	0.438011	0.062601	0.032574	0.042851	0.524966	0.416016	0.464183	10
1.07	0.514599	0.368476	0.429448	0.062396	0.032542	0.042775	0.513790	0.405909	0.453523	10
1.07	0.511623	0.366460	0.427043	0.062460	0.032609	0.042848	0.510573	0.402618	0.450215	10
1.07	0.508181	0.364071	0.424221	0.062331	0.032769	0.042956	0.506854	0.398825	0.446397	10
1.07	0.501304	0.358919	0.418327	0.062376	0.032715	0.042920	0.499509	0.391619	0.439033	10
1.07	0.495670	0.354738	0.413526	0.062671	0.032689	0.042967	0.493440	0.385613	0.432913	10
1.07	0.488882	0.349660	0.407714	0.062905	0.032740	0.043066	0.485890	0.379012	0.425847	10
1.07	0.479082	0.342866	0.399687	0.061274	0.032621	0.042575	0.475626	0.369296	0.415770	10
1.07	0.472515	0.338236	0.394256	0.061879	0.032656	0.042751	0.468653	0.362620	0.408874	10
1.07	0.465638	0.333383	0.388565	0.063638	0.032770	0.043262	0.461252	0.355629	0.401612	10
1.07	0.463827	0.331740	0.386819	0.063680	0.032706	0.043216	0.459244	0.353156	0.399273	10
1.07	0.464461	0.332263	0.387394	0.061967	0.032710	0.042818	0.459846	0.354095	0.400100	10
1.07	0.465859	0.333159	0.388490	0.061779	0.032754	0.042811	0.461334	0.355192	0.401364	10
1.07	0.469575	0.335922	0.391660	0.061767	0.032672	0.042738	0.465573	0.358753	0.405242	10
1.07	0.473223	0.338460	0.394654	0.061985	0.032783	0.042885	0.469422	0.361802	0.408645	10
1.07	0.476350	0.340626	0.397214	0.061894	0.032725	0.042814	0.472881	0.365307	0.412191	10
1.07	0.480581	0.343687	0.400766	0.061909	0.032946	0.043005	0.477474	0.369761	0.416770	10
1.07	0.486314	0.347570	0.405400	0.061940	0.032972	0.043036	0.483666	0.374986	0.422448	10
1.07	0.495921	0.354066	0.413156	0.061441	0.033113	0.043034	0.493838	0.383633	0.431815	10
1.07	0.501937	0.358023	0.417938	0.061484	0.033124	0.043053	0.500030	0.388904	0.437521	10
1.07	0.509471	0.363473	0.424264	0.061338	0.033153	0.043042	0.508044	0.396352	0.445301	10
1.06	0.517129	0.368551	0.430378	0.062851	0.033182	0.043433	0.516133	0.403576	0.452967	10
1.06	0.527364	0.375569	0.438707	0.063221	0.033324	0.043643	0.526918	0.412799	0.462929	10
1.06	0.533221	0.379303	0.443281	0.063421	0.033316	0.043684	0.533036	0.417652	0.468342	10
1.06	0.540805	0.384455	0.449420	0.063474	0.033155	0.043558	0.541058	0.424579	0.475793	10
1.06	0.547229	0.389308	0.454954	0.063725	0.033296	0.043738	0.547529	0.430697	0.482136	10
1.06	0.552794	0.393638	0.459834	0.063201	0.033436	0.043734	0.553414	0.436387	0.487982	10
1.06	0.560155	0.399089	0.466100	0.063360	0.033586	0.043901	0.561365	0.443732	0.495665	10
1.06	0.567686	0.404540	0.472424	0.063409	0.033662	0.043978	0.569342	0.451607	0.503686	10
1.07	0.573626	0.409244	0.477689	0.063102	0.033752	0.043980	0.575999	0.457464	0.509934	10
1.07	0.580787	0.414396	0.483681	0.063432	0.033819	0.044117	0.583716	0.464298	0.517203	10
1.07	0.582854	0.415740	0.485313	0.063455	0.033800	0.044106	0.585929	0.466185	0.519243	10
1.07	0.586160	0.418054	0.488037	0.063406	0.033869	0.044153	0.589248	0.469281	0.522467	10
1.07	0.591655	0.422459	0.492943	0.063657	0.034011	0.044335	0.594827	0.474971	0.528185	10
1.07	0.595168	0.424923	0.495840	0.063710	0.034081	0.044407	0.598509	0.478253	0.531666	10
1.07	0.596715	0.425894	0.497037	0.062818	0.034116	0.044218	0.599940	0.479704	0.533127	10
1.07	0.598639	0.426865	0.498366	0.063049	0.034193	0.044340	0.601670	0.481024	0.534625	10
1.06	0.599707	0.427313	0.499041	0.063145	0.034017	0.044215	0.602830	0.481768	0.535542	10
1.06	0.597420	0.425371	0.496925	0.063194	0.034023	0.044232	0.600264	0.479146	0.532910	10
1.06	0.592422	0.421414	0.492496	0.063461	0.034278	0.044513	0.594529	0.473772	0.527326	10
1.06	0.587951	0.418278	0.488809	0.063434	0.034261	0.044492	0.589806	0.469486	0.522813	10
1.06	0.585066	0.415964	0.486232	0.063363	0.034242	0.044459	0.586738	0.467171	0.520172	10
1.06	0.580760	0.412902	0.482653	0.063485	0.034218	0.044468	0.582022	0.462503	0.515425	10
1.06	0.576108	0.409766	0.478904	0.063651	0.034416	0.044676	0.576853	0.458728	0.511054	10
1.06	0.568595	0.404465	0.472688	0.063614	0.034633	0.044849	0.568599	0.450993	0.503013	10
1.06	0.562598	0.400284	0.467760	0.063347	0.034733	0.044866	0.562016	0.445173	0.496817	10
1.06	0.557622	0.396326	0.463338	0.063848	0.034819	0.045063	0.556382	0.439222	0.490909	10
1.06	0.550956	0.391548	0.457771	0.063871	0.034626	0.044907	0.549186	0.433095	0.484280	10
1.06	0.543286	0.386097	0.451399	0.063851	0.034515	0.044809	0.540985	0.426271	0.476826	10
1.06	0.539083	0.383633	0.448264	0.063856	0.034718	0.044980	0.536206	0.422571	0.472654	10
1.06	0.537454	0.383036	0.447293	0.064867	0.034967	0.045440	0.534198	0.420851	0.470798	10
1.07	0.534643	0.381991	0.445606	0.064714	0.035173	0.045575	0.531018	0.418638	0.468179	10
1.07	0.535811	0.384305	0.447585	0.064616	0.035391	0.045733	0.532058	0.420097	0.469495	10
1.08	0.535892	0.385724	0.448574	0.064224	0.035647	0.045847	0.531649	0.420572	0.469632	10
1.08	0.532673	0.385276	0.447140	0.063929	0.036050	0.046103	0.528023	0.417810	0.466495	10
1.09	0.531744	0.386471	0.447615	0.063499	0.036728	0.046538	0.527108	0.418219	0.466392	10
1.09	0.534727	0.389756	0.450875	0.063459	0.037120	0.046841	0.530325	0.421697	0.469813	10
1.09	0.536327	0.392444	0.453240	0.063420	0.037583	0.047197	0.532062	0.423900	0.471862	10
1.10	0.537836	0.394833	0.455371	0.063176	0.037838	0.047329	0.534181	0.426076	0.474043	10
1.10	0.537688	0.395206	0.455567	0.063218	0.037985	0.047456	0.533791	0.425927	0.473797	10
1.10	0.537259	0.395132	0.455363	0.063162	0.037967	0.047426	0.533419	0.425722	0.473524	10
1.10	0.538180	0.395729	0.456091	0.063223	0.037963	0.047440	0.534404	0.426373	0.474315	10
1.10	0.538610	0.395804	0.456294	0.063295	0.038058	0.047535	0.534880	0.426299	0.474457	10
1.10	0.541798	0.397297	0.458430	0.063333	0.037815	0.047355	0.538544	0.429097	0.477631	10
1.09	0.544296	0.398641	0.460219	0.063352	0.037704	0.047273	0.540868	0.431478	0.480020	10
1.09	0.546493	0.400209	0.462049	0.063421	0.037662	0.047259	0.543323	0.433681	0.482350	10
1.09	0.551118	0.402897	0.465493	0.063686	0.037427	0.047147	0.548492	0.438200	0.487182	10
1.09	0.551383	0.403420	0.465937	0.063643	0.037468	0.047167	0.548697	0.438943	0.487722	10
1.10	0.550407	0.403569	0.465687	0.063529	0.037476	0.047142	0.547692	0.438813	0.487244	10
1.10	0.548623	0.403121	0.464750	0.063453	0.037709	0.047305	0.545628	0.437400	0.485556	10
1.10	0.544285	0.401030	0.461803	0.063229	0.037758	0.047281	0.540868	0.434295	0.481758	10
1.10	0.540576	0.399388	0.459378	0.063228	0.038097	0.047546	0.536945	0.431171	0.478279	10
1.11	0.536979	0.397372	0.456746	0.063003	0.038095	0.047481	0.533281	0.428019	0.474887	10
1.11	0.534031	0.396028	0.454791	0.063369	0.038367	0.047796	0.530064	0.425797	0.472244	10
1.11	0.525946	0.391249	0.448707	0.063146	0.038316	0.047693	0.521882	0.419512	0.465131	10
1.12	0.517193	0.386321	0.442279	0.062693	0.038167	0.047448	0.513050	0.412752	0.457468	10
1.12	0.511959	0.383559	0.438554	0.062488	0.038269	0.047468	0.507490	0.409033	0.452973	10
1.12	0.508861	0.381617	0.436148	0.073770	0.038595	0.050677	0.504236	0.406254	0.449973	11
1.12	0.506553	0.380945	0.434860	0.073397	0.038625	0.050614	0.501772	0.405101	0.448284	11
1.13	0.506233	0.382065	0.435471	0.067626	0.038744	0.049264	0.501698	0.406012	0.448811	11
1.13	0.507298	0.384081	0.437173	0.063923	0.039248	0.048635	0.502999	0.408159	0.450644	11
1.13	0.510592	0.386919	0.440234	0.063579	0.039413	0.048661	0.506514	0.411878	0.454320	11
1.13	0.513769	0.390054	0.443445	0.064907	0.040386	0.049791	0.509932	0.416025	0.458217	11
1.14	0.517265	0.393713	0.447111	0.064427	0.041238	0.050288	0.513717	0.420246	0.462305	11
1.14	0.521288	0.397670	0.451165	0.065185	0.043101	0.051891	0.517511	0.425118	0.466787	12
1.14	0.521314	0.398118	0.451463	0.065089	0.043843	0.052394	0.517325	0.426187	0.467354	12
1.14	0.523205	0.399836	0.453276	0.064850	0.044316	0.052651	0.519136	0.428465	0.469463	12
1.14	0.522120	0.400060	0.453012	0.064669	0.045199	0.053209	0.518076	0.429097	0.469407	12
1.15	0.521587	0.400508	0.453098	0.065350	0.045810	0.053862	0.517518	0.429534	0.469439	12
1.15	0.519309	0.399612	0.451665	0.065178	0.046269	0.054120	0.515008	0.428623	0.467862	12
1.15	0.517258	0.399462	0.450792	0.065088	0.047384	0.054842	0.512684	0.428307	0.466712	12
1.16	0.517022	0.400284	0.451225	0.065222	0.047943	0.055263	0.512646	0.429367	0.467326	12
1.16	0.520859	0.403644	0.454821	0.064520	0.048089	0.055106	0.516960	0.433979	0.471849	12
1.16	0.522922	0.406257	0.457265	0.064655	0.048688	0.055547	0.519285	0.436917	0.474553	12
1.16	0.524482	0.407900	0.458902	0.064598	0.048928	0.055681	0.521163	0.438943	0.476533	12
1.16	0.525331	0.408796	0.459794	0.064712	0.049396	0.056026	0.521844	0.439836	0.477343	12
1.16	0.528307	0.411782	0.462823	0.064628	0.049635	0.056148	0.525447	0.443676	0.481112	12
1.17	0.529997	0.413574	0.464603	0.064777	0.049738	0.056270	0.527307	0.445731	0.483099	12
1.17	0.531020	0.414769	0.465750	0.064631	0.049931	0.056338	0.528218	0.446530	0.483951	12
1.17	0.534739	0.418353	0.469440	0.064408	0.050249	0.056455	0.532011	0.450398	0.487815	12
1.17	0.539504	0.422161	0.473673	0.064611	0.050528	0.056709	0.537099	0.454372	0.492284	12
1.17	0.541126	0.423430	0.475097	0.064585	0.050461	0.056656	0.538884	0.455590	0.493749	12
1.17	0.543296	0.425371	0.477156	0.064554	0.050444	0.056634	0.541227	0.457579	0.495900	12
1.17	0.550357	0.431270	0.483590	0.064657	0.050586	0.056763	0.549409	0.465445	0.503953	12
1.17	0.552414	0.433211	0.485604	0.064431	0.050440	0.056583	0.551501	0.467587	0.506089	12
1.17	0.556527	0.437393	0.489820	0.064768	0.050740	0.056902	0.556239	0.472822	0.511149	12
1.18	0.560740	0.441499	0.494026	0.063743	0.050883	0.056591	0.561538	0.477535	0.516141	12
1.18	0.569302	0.448369	0.501650	0.063242	0.050873	0.056387	0.571288	0.486154	0.525294	11
1.18	0.575387	0.452774	0.506769	0.063298	0.050844	0.056392	0.578038	0.492476	0.531838	11
1.17	0.582518	0.457776	0.512668	0.063421	0.050896	0.056472	0.585736	0.499171	0.539000	11
1.17	0.591095	0.462928	0.519219	0.065060	0.050403	0.056801	0.595414	0.507018	0.547672	11

Thu Sep  2 02:44:26 2021
43.45	0.014499	0.456522	0.028106	0.016284	0.058435	0.025470	0.014467	0.488750	0.028102	89
37.97	0.019839	0.504069	0.038176	0.017658	0.325154	0.033497	0.020013	0.537659	0.038590	89
33.03	0.021656	0.478758	0.041437	0.018299	0.281295	0.034363	0.022180	0.515372	0.042530	89
28.33	0.023940	0.453819	0.045480	0.018759	0.248066	0.034880	0.025296	0.492558	0.048120	89
24.03	0.026613	0.427985	0.050110	0.019623	0.217635	0.036001	0.029500	0.467966	0.055501	89
20.20	0.029549	0.399388	0.055026	0.020345	0.182013	0.036599	0.034859	0.440810	0.064609	89
16.78	0.033337	0.374300	0.061221	0.021201	0.147982	0.037088	0.042314	0.417678	0.076844	89
13.74	0.037864	0.348092	0.068299	0.022603	0.131200	0.038562	0.051416	0.391143	0.090885	89
11.12	0.043488	0.323527	0.076671	0.024020	0.111037	0.039496	0.064435	0.364973	0.109532	89
8.87	0.051049	0.303143	0.087383	0.026096	0.098076	0.041223	0.082211	0.344425	0.132739	89
7.03	0.060293	0.283730	0.099452	0.029133	0.089022	0.043899	0.100571	0.324417	0.153543	89
5.48	0.071165	0.260957	0.111833	0.030959	0.079218	0.044519	0.119908	0.299574	0.171266	89
4.24	0.085571	0.242888	0.126556	0.033431	0.064092	0.043942	0.142509	0.280263	0.188943	89
3.27	0.102767	0.224894	0.141071	0.034973	0.046629	0.039968	0.163152	0.260292	0.200580	89
2.55	0.124442	0.212200	0.156882	0.029749	0.040239	0.034208	0.183456	0.244877	0.209763	89
2.03	0.148982	0.202121	0.171530	0.032401	0.028271	0.030195	0.202044	0.233097	0.216463	84
1.66	0.174105	0.193982	0.183507	0.035088	0.024516	0.028865	0.217097	0.224190	0.220586	84
1.42	0.198395	0.188307	0.193220	0.037075	0.022609	0.028089	0.230763	0.218565	0.224498	80
1.26	0.219024	0.184649	0.200373	0.042041	0.021419	0.028380	0.241035	0.214874	0.227204	78
1.15	0.237437	0.183454	0.206984	0.043483	0.019858	0.027265	0.250339	0.214000	0.230748	77
1.09	0.251529	0.184275	0.212713	0.038548	0.018568	0.025063	0.259118	0.215237	0.235148	73
1.05	0.254022	0.179198	0.210148	0.037410	0.017750	0.024076	0.257845	0.209668	0.231274	64
1.03	0.253494	0.174718	0.206860	0.037458	0.017235	0.023608	0.254698	0.204424	0.226808	58
1.02	0.244896	0.166580	0.198285	0.039142	0.016611	0.023324	0.244897	0.193983	0.216486	54
1.01	0.238527	0.161054	0.192280	0.033976	0.016122	0.021868	0.238586	0.187456	0.209953	51
1.00	0.231453	0.155604	0.186096	0.034423	0.015444	0.021322	0.231340	0.181756	0.203572	44
1.00	0.223150	0.149705	0.179194	0.026614	0.014904	0.019108	0.222898	0.174309	0.195632	33
1.00	0.216292	0.144926	0.173559	0.026103	0.014446	0.018599	0.216092	0.168805	0.189544	29
1.00	0.208477	0.139551	0.167188	0.025013	0.013919	0.017886	0.208412	0.162966	0.182909	19
1.00	0.199041	0.133204	0.159599	0.024054	0.013553	0.017337	0.199041	0.155407	0.174538	13
1.00	0.187549	0.125513	0.150385	0.019569	0.013191	0.015759	0.187549	0.145580	0.163921	11
1.00	0.177508	0.118793	0.142333	0.019430	0.012822	0.015449	0.177508	0.137584	0.155017	8
1.00	0.167355	0.111999	0.134192	0.019508	0.012436	0.015189	0.167355	0.129347	0.145916	7
1.00	0.162222	0.108564	0.130077	0.019909	0.012220	0.015145	0.162222	0.125497	0.141516	6
1.00	0.157537	0.105428	0.126320	0.019914	0.012047	0.015012	0.157537	0.121462	0.137167	6
1.00	0.154189	0.103188	0.123636	0.019899	0.011949	0.014932	0.154189	0.118580	0.134060	5
1.00	0.150842	0.100948	0.120952	0.020114	0.011810	0.014882	0.150842	0.115912	0.131090	5
1.00	0.145264	0.097215	0.116479	0.020635	0.011660	0.014900	0.145264	0.111077	0.125891	5
1.00	0.140355	0.093930	0.112542	0.020529	0.011531	0.014767	0.140355	0.107042	0.121456	5
1.00	0.138347	0.092586	0.110932	0.020531	0.011477	0.014724	0.138347	0.105201	0.119518	4
1.00	0.136115	0.091092	0.109143	0.021047	0.011430	0.014815	0.136115	0.103211	0.117401	4
1.00	0.134776	0.090196	0.108069	0.021282	0.011380	0.014830	0.134776	0.101984	0.116109	4
1.00	0.134330	0.089898	0.107712	0.021203	0.011363	0.014796	0.134330	0.101538	0.115654	4
1.00	0.134218	0.089823	0.107622	0.021289	0.011352	0.014808	0.134218	0.101426	0.115541	4
1.00	0.134553	0.090047	0.107891	0.010155	0.011349	0.010719	0.134553	0.101649	0.115809	2
1.00	0.136227	0.091167	0.109232	0.010109	0.011377	0.010706	0.136227	0.103100	0.117371	2
1.00	0.138235	0.092511	0.110843	0.010014	0.011411	0.010667	0.138235	0.105052	0.119381	2
1.00	0.138904	0.092959	0.111379	0.009863	0.011415	0.010582	0.138904	0.105722	0.120062	2
1.00	0.139462	0.093332	0.111827	0.009949	0.011424	0.010636	0.139462	0.106224	0.120595	2
1.00	0.138904	0.092959	0.111379	0.009932	0.011407	0.010618	0.138904	0.105610	0.119990	2
1.00	0.139128	0.093108	0.111558	0.010019	0.011411	0.010670	0.139128	0.105777	0.120182	2
1.00	0.137789	0.092212	0.110485	0.010198	0.011396	0.010764	0.137789	0.104550	0.118890	2
1.00	0.137231	0.091839	0.110038	0.010421	0.011394	0.010886	0.137231	0.104048	0.118358	2
1.00	0.135892	0.090943	0.108964	0.010341	0.011371	0.010832	0.135892	0.103044	0.117210	2
1.00	0.134665	0.090122	0.107980	0.010306	0.011367	0.010811	0.134665	0.101873	0.115996	2
1.00	0.132210	0.088479	0.106012	0.010707	0.011325	0.011007	0.132210	0.099474	0.113529	2
1.00	0.130425	0.087284	0.104580	0.011193	0.011302	0.011247	0.130425	0.097800	0.111781	2
1.00	0.129421	0.086612	0.103775	0.011336	0.011293	0.011315	0.129421	0.096852	0.110792	2
1.00	0.128194	0.085791	0.102791	0.012094	0.011272	0.011669	0.128194	0.095959	0.109759	2
1.00	0.127636	0.085418	0.102344	0.012655	0.011263	0.011918	0.127636	0.095541	0.109281	2
1.00	0.127301	0.085194	0.102076	0.012654	0.011257	0.011915	0.127301	0.095262	0.108975	2
1.00	0.127301	0.085194	0.102076	0.012654	0.011257	0.011915	0.127301	0.095262	0.108975	2
1.00	0.127636	0.085418	0.102344	0.012655	0.011263	0.011918	0.127636	0.095541	0.109281	2
1.00	0.128640	0.086090	0.103149	0.012656	0.011280	0.011928	0.128640	0.096238	0.110105	2
1.00	0.128863	0.086239	0.103328	0.012224	0.011284	0.011735	0.128863	0.096350	0.110260	2
1.00	0.130202	0.087135	0.104401	0.011563	0.011306	0.011433	0.130202	0.097577	0.111553	2
1.00	0.130314	0.087210	0.104491	0.011381	0.011300	0.011341	0.130314	0.097633	0.111630	2
1.00	0.131095	0.087732	0.105117	0.011176	0.011314	0.011244	0.131095	0.098358	0.112391	2
1.00	0.132322	0.088554	0.106101	0.010870	0.011327	0.011093	0.132322	0.099530	0.113607	2
1.00	0.132322	0.088554	0.106101	0.010870	0.011327	0.011093	0.132322	0.099530	0.113607	2
1.00	0.132210	0.088479	0.106012	0.010843	0.011325	0.011079	0.132210	0.099418	0.113493	2
1.00	0.131764	0.088180	0.105654	0.011186	0.011317	0.011251	0.131764	0.098972	0.113038	2
1.00	0.131095	0.087732	0.105117	0.011363	0.011314	0.011338	0.131095	0.098358	0.112391	2
1.00	0.130760	0.087508	0.104849	0.011283	0.011308	0.011296	0.130760	0.098023	0.112049	2
1.00	0.130090	0.087060	0.104312	0.012067	0.011305	0.011673	0.130090	0.097466	0.111439	2
1.00	0.129198	0.086463	0.103596	0.012270	0.011289	0.011759	0.129198	0.096573	0.110528	2
1.00	0.128082	0.085716	0.102702	0.012655	0.011270	0.011923	0.128082	0.095764	0.109590	2
1.00	0.127301	0.085194	0.102076	0.012654	0.011257	0.011915	0.127301	0.095206	0.108939	2
1.00	0.127078	0.085044	0.101897	0.012654	0.011253	0.011912	0.127078	0.095039	0.108748	2

Thu Sep  2 03:02:29 2021
46.01	0.012173	0.405797	0.023636	0.019012	0.058965	0.028753	0.012152	0.370417	0.023531	89
39.54	0.013132	0.347495	0.025307	0.016350	0.303284	0.031028	0.013230	0.313279	0.025388	89
34.57	0.014175	0.327933	0.027176	0.016709	0.260013	0.031401	0.014529	0.298061	0.027708	89
29.98	0.015492	0.310834	0.029513	0.017150	0.230487	0.031925	0.016267	0.284609	0.030774	89
25.66	0.017089	0.293437	0.032298	0.017770	0.207875	0.032741	0.018570	0.270309	0.034752	89
21.73	0.019122	0.278130	0.035784	0.018584	0.188318	0.033829	0.021802	0.258754	0.040216	89
18.25	0.021544	0.263123	0.039827	0.019528	0.162962	0.034876	0.026416	0.246850	0.047725	89
15.19	0.024617	0.250280	0.044826	0.020615	0.146419	0.036141	0.032790	0.236688	0.057600	89
12.52	0.028275	0.236840	0.050519	0.021617	0.104417	0.035818	0.040274	0.226648	0.068394	89
10.25	0.032572	0.223400	0.056854	0.022768	0.089228	0.036278	0.048484	0.216486	0.079225	89
8.33	0.037499	0.209139	0.063595	0.023980	0.077176	0.036591	0.056828	0.206326	0.089112	89
6.71	0.043526	0.195401	0.071193	0.024529	0.063437	0.035378	0.066585	0.196179	0.099424	89
5.36	0.051696	0.185321	0.080842	0.025347	0.055438	0.034788	0.078639	0.188267	0.110939	89
4.26	0.062009	0.176809	0.091817	0.027555	0.050898	0.035754	0.094851	0.181554	0.124604	89
3.39	0.073181	0.165908	0.101563	0.028993	0.046596	0.035745	0.112925	0.172258	0.136419	89
2.70	0.086919	0.157321	0.111973	0.029867	0.043454	0.035402	0.128768	0.164439	0.144434	88
2.19	0.102244	0.149705	0.121504	0.032879	0.040951	0.036474	0.139504	0.157661	0.148028	88
1.82	0.117427	0.142985	0.128952	0.034452	0.037700	0.036003	0.146892	0.151134	0.148983	87
1.54	0.132422	0.136041	0.134207	0.035591	0.036459	0.036020	0.154072	0.144589	0.149180	84
1.35	0.145632	0.131561	0.138239	0.038233	0.033919	0.035947	0.158559	0.140619	0.149051	76
1.22	0.155352	0.126783	0.139621	0.041497	0.030823	0.035372	0.162530	0.136091	0.148140	71
1.13	0.160389	0.121780	0.138443	0.038838	0.018054	0.024650	0.163478	0.131061	0.145486	62
1.08	0.163670	0.118271	0.137315	0.039482	0.015718	0.022484	0.163353	0.127751	0.143375	52
1.05	0.164855	0.115508	0.135839	0.038235	0.014439	0.020962	0.163431	0.125585	0.142030	45
1.03	0.163538	0.112521	0.133316	0.038928	0.013181	0.019693	0.161730	0.122926	0.139683	40
1.02	0.161857	0.110132	0.131076	0.040563	0.013005	0.019696	0.159827	0.120155	0.137181	37
1.01	0.155916	0.105578	0.125902	0.039793	0.012708	0.019264	0.154468	0.115079	0.131895	34
1.01	0.153190	0.103263	0.123366	0.043459	0.012533	0.019456	0.152163	0.112992	0.129684	28
1.00	0.151539	0.101844	0.121818	0.043210	0.012391	0.019259	0.150805	0.111598	0.128272	21
1.00	0.149059	0.099978	0.119682	0.041295	0.012205	0.018841	0.148667	0.110287	0.126633	15
1.00	0.145706	0.097663	0.116942	0.042522	0.012026	0.018749	0.145320	0.108316	0.124118	13
1.00	0.143239	0.095946	0.114917	0.046076	0.011863	0.018868	0.143088	0.106847	0.122340	11
1.00	0.142395	0.095348	0.114217	0.018359	0.011741	0.014323	0.142307	0.106531	0.121847	8
1.00	0.141073	0.094452	0.113148	0.018211	0.011641	0.014203	0.140968	0.105936	0.120967	5
1.00	0.139016	0.093034	0.111469	0.017485	0.011508	0.013880	0.139016	0.104783	0.119496	3
1.00	0.138458	0.092660	0.111022	0.017151	0.011496	0.013765	0.138458	0.104420	0.119054	3
1.00	0.137454	0.091988	0.110216	0.017027	0.011479	0.013713	0.137454	0.103713	0.118223	3
1.00	0.135446	0.090644	0.108606	0.016682	0.011427	0.013563	0.135446	0.102040	0.116393	3
1.00	0.133661	0.089450	0.107175	0.015608	0.011386	0.013167	0.133661	0.100496	0.114730	3
1.00	0.132545	0.088703	0.106280	0.015909	0.011361	0.013256	0.132545	0.099520	0.113683	3
1.00	0.131764	0.088180	0.105654	0.018237	0.011335	0.013981	0.131764	0.098907	0.112995	3
1.00	0.131206	0.087807	0.105207	0.017119	0.011320	0.013628	0.131206	0.098535	0.112547	3
1.00	0.130648	0.087434	0.104759	0.020603	0.011312	0.014605	0.130648	0.098088	0.112051	3
1.00	0.130202	0.087135	0.104401	0.009187	0.011298	0.010134	0.130202	0.097754	0.111668	2
1.00	0.130090	0.087060	0.104312	0.009268	0.011297	0.010182	0.130090	0.097586	0.111518	2
1.00	0.129533	0.086687	0.103865	0.009239	0.011287	0.010161	0.129533	0.097103	0.110998	2
1.00	0.129309	0.086538	0.103686	0.009261	0.011283	0.010173	0.129309	0.096954	0.110818	2
1.00	0.129421	0.086612	0.103775	0.009339	0.011285	0.010220	0.129421	0.097066	0.110932	2
1.00	0.129756	0.086836	0.104044	0.009551	0.011291	0.010348	0.129756	0.097345	0.111237	2
1.00	0.129979	0.086986	0.104223	0.009513	0.011295	0.010328	0.129979	0.097512	0.111429	2
1.00	0.132099	0.088404	0.105922	0.009778	0.011331	0.010497	0.132099	0.099130	0.113264	2
1.00	0.136561	0.091391	0.109501	0.010171	0.011383	0.010743	0.136561	0.102579	0.117156	2
1.00	0.141470	0.094676	0.113437	0.009924	0.011443	0.010629	0.141470	0.106949	0.121811	2
1.00	0.155528	0.104084	0.124709	0.009774	0.011618	0.010617	0.155528	0.119380	0.135077	2
1.00	0.183867	0.123049	0.147432	0.009465	0.012006	0.010585	0.183867	0.142577	0.160611	2
1.00	0.255495	0.170985	0.204867	0.009347	0.012908	0.010842	0.255495	0.205571	0.227830	2
1.00	0.429990	0.287762	0.344784	0.009683	0.014071	0.011472	0.429990	0.360592	0.392245	2
1.00	0.599018	0.400881	0.480318	0.009789	0.012320	0.010909	0.599018	0.516103	0.554478	2
1.00	0.656365	0.439259	0.526302	0.009136	0.011274	0.010093	0.656365	0.568894	0.609508	2
1.00	0.657704	0.440155	0.527375	0.007400	0.011232	0.008922	0.657704	0.570122	0.610789	2
1.00	0.657927	0.440305	0.527554	0.007397	0.011236	0.008921	0.657927	0.570196	0.610928	2
1.00	0.657927	0.440305	0.527554	0.007393	0.011236	0.008918	0.657927	0.570196	0.610928	2
1.00	0.657927	0.440305	0.527554	0.007393	0.011236	0.008918	0.657927	0.570196	0.610928	2
1.00	0.657927	0.440305	0.527554	0.007393	0.011236	0.008918	0.657927	0.570196	0.610928	2
1.00	0.657927	0.440305	0.527554	0.007393	0.011236	0.008918	0.657927	0.570196	0.610928	2
1.00	0.657927	0.440305	0.527554	0.007395	0.011236	0.008919	0.657927	0.570196	0.610928	2
1.00	0.657927	0.440305	0.527554	0.007396	0.011236	0.008920	0.657927	0.570196	0.610928	2
1.00	0.657927	0.440305	0.527554	0.007397	0.011236	0.008921	0.657927	0.570196	0.610928	2
1.00	0.657815	0.440230	0.527465	0.007396	0.011234	0.008920	0.657815	0.570159	0.610859	2
1.00	0.657815	0.440230	0.527465	0.007400	0.011234	0.008923	0.657815	0.570159	0.610859	2
1.00	0.657815	0.440230	0.527465	0.007399	0.011234	0.008922	0.657815	0.570159	0.610859	2
1.00	0.657704	0.440155	0.527375	0.007400	0.011232	0.008922	0.657704	0.570122	0.610789	2
1.00	0.657704	0.440155	0.527375	0.007400	0.011232	0.008922	0.657704	0.570122	0.610789	2
1.00	0.657704	0.440155	0.527375	0.007401	0.011232	0.008923	0.657704	0.570122	0.610789	2
1.00	0.656588	0.439409	0.526481	0.008587	0.011245	0.009738	0.656588	0.569062	0.609700	2
1.00	0.648778	0.434182	0.520218	0.009476	0.011385	0.010343	0.648778	0.562219	0.602405	2
1.00	0.568783	0.380647	0.456074	0.009721	0.012696	0.011011	0.568783	0.488694	0.525706	2
1.00	0.343077	0.229598	0.275094	0.009657	0.013592	0.011292	0.343077	0.283506	0.310460	2
1.00	0.220016	0.147241	0.176418	0.009581	0.012462	0.010833	0.220016	0.174793	0.194814	2
1.00	0.178400	0.119391	0.143049	0.009668	0.011913	0.010674	0.178400	0.138337	0.155835	2
1.00	0.169363	0.113343	0.135802	0.009893	0.011814	0.010769	0.169363	0.131057	0.147768	2
1.00	0.161218	0.107892	0.129272	0.009883	0.011708	0.010718	0.161218	0.124252	0.140341	2
1.00	0.157760	0.105578	0.126498	0.009956	0.011673	0.010746	0.157760	0.121183	0.137074	2
1.00	0.154078	0.103114	0.123546	0.009960	0.011634	0.010732	0.154078	0.117855	0.133554	2
1.00	0.148834	0.099604	0.119342	0.009840	0.011560	0.010631	0.148834	0.112899	0.128400	2
1.00	0.147607	0.098783	0.118357	0.009877	0.011539	0.010644	0.147607	0.111839	0.127258	2
1.00	0.147384	0.098634	0.118179	0.009887	0.011536	0.010648	0.147384	0.111672	0.127066	2
1.00	0.153632	0.102815	0.123188	0.010117	0.011642	0.010826	0.153632	0.117278	0.133016	2
1.00	0.166908	0.111700	0.133834	0.009996	0.011773	0.010812	0.166908	0.128937	0.145486	2
1.00	0.181859	0.121705	0.145822	0.021111	0.011970	0.015277	0.181859	0.140903	0.158783	3
1.00	0.211536	0.141566	0.169619	0.021075	0.012340	0.015566	0.211536	0.166760	0.186498	3
1.00	0.259734	0.173822	0.208266	0.020937	0.012968	0.016016	0.259734	0.209104	0.231685	3
1.00	0.305367	0.204360	0.244856	0.020962	0.013378	0.016332	0.305367	0.249409	0.274565	3
1.00	0.391387	0.261928	0.313831	0.021073	0.014019	0.016837	0.391387	0.325168	0.355218	3
1.00	0.566775	0.379303	0.454464	0.021194	0.013244	0.016302	0.566775	0.485399	0.522940	3
1.00	0.640634	0.428731	0.513688	0.021199	0.011791	0.015153	0.640634	0.554316	0.594357	3
1.00	0.652683	0.436795	0.523349	0.020963	0.011410	0.014777	0.652683	0.565622	0.606042	3
1.00	0.656253	0.439185	0.526212	0.020654	0.011324	0.014628	0.656253	0.568429	0.609192	3
1.00	0.655584	0.438737	0.525675	0.020930	0.011377	0.014741	0.655584	0.567965	0.608637	3
1.00	0.652572	0.436721	0.523260	0.020977	0.011470	0.014831	0.652572	0.565054	0.605668	3
1.00	0.648220	0.433809	0.519771	0.021253	0.011712	0.015102	0.648220	0.560703	0.601294	3
1.00	0.639853	0.428209	0.513061	0.021346	0.012015	0.015376	0.639853	0.552568	0.593016	3
1.00	0.633828	0.424177	0.508230	0.020879	0.012391	0.015552	0.633828	0.546422	0.586889	3
1.00	0.615530	0.411932	0.493559	0.020414	0.012860	0.015780	0.615530	0.528673	0.568805	3
1.00	0.620663	0.415366	0.497674	0.020663	0.012831	0.015831	0.620663	0.533211	0.573623	3
1.00	0.621778	0.416113	0.498569	0.020782	0.012893	0.015913	0.621778	0.533861	0.574476	3
1.00	0.631708	0.422758	0.506531	0.020867	0.012674	0.015770	0.631708	0.543531	0.584312	3
