
Wed Sep  1 19:01:21 2021
44.74	0.016987	0.550725	0.032958	0.014105	0.066455	0.023271	0.016846	0.550833	0.032691	89
39.61	0.016191	0.429179	0.031206	0.016650	0.343326	0.031761	0.015892	0.408327	0.030594	89
35.15	0.017944	0.422086	0.034424	0.017093	0.330617	0.032505	0.017515	0.405844	0.033581	89
30.94	0.020064	0.415441	0.038280	0.017602	0.303955	0.033276	0.019540	0.403033	0.037273	89
27.05	0.022626	0.409542	0.042882	0.018204	0.268766	0.034099	0.022206	0.399816	0.042075	89
23.47	0.025775	0.404764	0.048464	0.018905	0.243615	0.035087	0.025734	0.397640	0.048340	89
20.24	0.029710	0.402374	0.055335	0.019718	0.215753	0.036134	0.030694	0.396050	0.056972	89
17.38	0.034492	0.401105	0.063521	0.020683	0.189982	0.037304	0.036736	0.396897	0.067248	89
14.83	0.040131	0.398268	0.072914	0.021551	0.143702	0.037481	0.044747	0.397759	0.080444	89
12.53	0.046936	0.393489	0.083868	0.022453	0.135923	0.038540	0.055849	0.395240	0.097868	89
10.55	0.055157	0.389383	0.096627	0.023443	0.118272	0.039130	0.070482	0.394306	0.119588	89
8.79	0.064831	0.381319	0.110821	0.024768	0.105244	0.040099	0.087917	0.388477	0.143385	89
7.27	0.076602	0.372881	0.127095	0.025837	0.089450	0.040093	0.110198	0.382973	0.171149	89
5.96	0.091290	0.364369	0.146001	0.027237	0.078978	0.040505	0.133166	0.377375	0.196864	89
4.86	0.108997	0.354514	0.166731	0.029027	0.070240	0.041078	0.158827	0.369668	0.222190	89
3.94	0.128696	0.339655	0.186664	0.029921	0.059323	0.039778	0.181475	0.357602	0.240767	89
3.20	0.152282	0.325917	0.207575	0.030985	0.047932	0.037639	0.206300	0.345087	0.258227	88
2.62	0.179765	0.314941	0.228885	0.032480	0.040602	0.036090	0.231190	0.333843	0.273192	86
2.17	0.208475	0.303069	0.247026	0.032768	0.037929	0.035160	0.254126	0.321291	0.283788	83
1.84	0.240856	0.296498	0.265797	0.034004	0.034166	0.034085	0.280207	0.315759	0.296923	82
1.58	0.275415	0.292093	0.283509	0.036762	0.032440	0.034466	0.305312	0.311631	0.308439	77
1.41	0.306477	0.289704	0.297854	0.039305	0.029953	0.033998	0.326959	0.311687	0.319141	67
1.29	0.336745	0.289853	0.311544	0.040900	0.027644	0.032990	0.348621	0.314861	0.330882	59
1.20	0.358338	0.287837	0.319241	0.042500	0.026982	0.033008	0.363456	0.314545	0.337236	56
1.13	0.370684	0.281341	0.319891	0.043188	0.026130	0.032560	0.369310	0.309162	0.336570	52
1.09	0.376828	0.275144	0.318056	0.042330	0.024664	0.031168	0.371568	0.303490	0.334096	47
1.06	0.378174	0.269096	0.314444	0.038907	0.022948	0.028869	0.371468	0.298866	0.331235	40
1.04	0.377474	0.263496	0.310351	0.038772	0.022220	0.028250	0.370410	0.293668	0.327605	35
1.03	0.380300	0.261181	0.309681	0.036308	0.021581	0.027071	0.373357	0.292990	0.328327	34
1.02	0.370318	0.252445	0.300226	0.037650	0.021089	0.027035	0.364461	0.283106	0.318673	29
1.01	0.363386	0.246173	0.293510	0.034368	0.020514	0.025692	0.359255	0.276580	0.312542	24
1.01	0.357412	0.240872	0.287792	0.035100	0.020063	0.025532	0.354476	0.271857	0.307717	22
1.00	0.345957	0.232584	0.278162	0.036042	0.019523	0.025327	0.343970	0.263182	0.298201	19
1.00	0.331553	0.222504	0.266297	0.037683	0.019035	0.025294	0.330302	0.252034	0.285909	14
1.00	0.321862	0.215784	0.258359	0.046873	0.018651	0.026685	0.321154	0.244611	0.277705	11
1.00	0.317174	0.212499	0.254493	0.047255	0.018499	0.026589	0.316802	0.241097	0.273813	10
1.00	0.305986	0.204958	0.245484	0.036126	0.018183	0.024191	0.305645	0.231911	0.263721	7
1.00	0.299666	0.200702	0.240397	0.036737	0.018034	0.024192	0.299342	0.226983	0.258189	7
1.00	0.298048	0.199507	0.239020	0.036786	0.017880	0.024064	0.298114	0.226277	0.257275	6
1.00	0.299387	0.200403	0.240093	0.036499	0.017728	0.023865	0.299453	0.228024	0.258903	6
1.00	0.298940	0.200105	0.239735	0.036426	0.017678	0.023804	0.299007	0.227522	0.258412	6
1.00	0.294144	0.196894	0.235889	0.036066	0.017459	0.023528	0.294210	0.224413	0.254615	5
1.00	0.283610	0.189801	0.227411	0.036293	0.017240	0.023376	0.283610	0.216092	0.245290	5
1.00	0.281267	0.188233	0.225532	0.036897	0.017120	0.023388	0.281267	0.214604	0.243455	5
1.00	0.280821	0.187934	0.225174	0.036709	0.016995	0.023234	0.280821	0.214986	0.243532	5
1.00	0.274908	0.183977	0.220433	0.035369	0.016854	0.022829	0.274908	0.210132	0.238195	5
1.00	0.270222	0.180841	0.216676	0.033758	0.016791	0.022427	0.270222	0.205939	0.233741	5
1.00	0.263974	0.176659	0.211666	0.028141	0.016665	0.020933	0.263974	0.200668	0.228008	4
1.00	0.264309	0.176883	0.211934	0.028313	0.016607	0.020934	0.264309	0.201281	0.228529	4
1.00	0.264532	0.177033	0.212113	0.028292	0.016501	0.020845	0.264532	0.201913	0.229020	4
1.00	0.255718	0.171134	0.205046	0.028294	0.016192	0.020597	0.255718	0.195266	0.221440	4
1.00	0.257057	0.172030	0.206119	0.028338	0.016196	0.020612	0.257057	0.196493	0.222731	4
1.00	0.273458	0.183006	0.219270	0.028320	0.016537	0.020881	0.273458	0.209761	0.237411	4
1.00	0.268660	0.179795	0.215423	0.028226	0.016562	0.020875	0.268660	0.205381	0.232797	4
1.00	0.263193	0.176137	0.211040	0.028080	0.016765	0.020995	0.263193	0.199505	0.226966	4
1.00	0.272119	0.182110	0.218196	0.027913	0.017237	0.021313	0.272119	0.206051	0.234521	4
1.00	0.274462	0.183678	0.220075	0.027668	0.017551	0.021478	0.274462	0.207538	0.236354	4
1.00	0.256834	0.171881	0.205940	0.027303	0.017563	0.021375	0.256834	0.191156	0.219181	4
1.00	0.248243	0.166132	0.199052	0.026775	0.017685	0.021301	0.248243	0.182537	0.210379	4
1.00	0.232065	0.155305	0.186080	0.026328	0.017514	0.021035	0.232065	0.168879	0.195494	4
1.00	0.224367	0.150153	0.179907	0.026035	0.017487	0.020922	0.224367	0.162464	0.188463	4
1.00	0.220573	0.147614	0.176865	0.037086	0.017599	0.023870	0.220573	0.158708	0.184595	5
1.00	0.219904	0.147166	0.176328	0.036960	0.017634	0.023876	0.219904	0.157871	0.183795	5
1.00	0.216222	0.144702	0.173376	0.036937	0.017552	0.023796	0.216222	0.154970	0.180543	5
1.00	0.212987	0.142537	0.170782	0.036727	0.017541	0.023743	0.212987	0.152032	0.177420	5
1.00	0.218788	0.146420	0.175434	0.036430	0.017897	0.024002	0.218788	0.155844	0.182029	5
1.00	0.233181	0.156052	0.186974	0.036239	0.018295	0.024315	0.233181	0.166862	0.194524	5
1.00	0.248466	0.166281	0.199231	0.036313	0.018397	0.024421	0.248466	0.179906	0.208700	5
1.00	0.253487	0.169641	0.203256	0.025056	0.018448	0.021250	0.253487	0.184295	0.213423	4
1.00	0.264978	0.177331	0.212471	0.025153	0.018681	0.021439	0.264978	0.193722	0.223816	4
1.00	0.274573	0.183753	0.220165	0.025176	0.018852	0.021560	0.274573	0.201718	0.232574	4
1.00	0.279148	0.186814	0.223833	0.024382	0.018854	0.021264	0.279148	0.205679	0.236847	4
1.00	0.285619	0.191145	0.229021	0.024795	0.018905	0.021453	0.285619	0.211704	0.243168	4
1.00	0.299119	0.200179	0.239846	0.025054	0.019085	0.021666	0.299119	0.223288	0.255700	4
1.00	0.310610	0.207870	0.249061	0.026181	0.019056	0.022057	0.310610	0.233302	0.266462	4
1.00	0.347205	0.232360	0.278404	0.026391	0.019509	0.022434	0.347205	0.264467	0.300240	4
1.00	0.398974	0.267005	0.319914	0.026798	0.020047	0.022936	0.398974	0.309712	0.348721	4
1.00	0.444159	0.297245	0.356146	0.026997	0.020395	0.023236	0.444159	0.348961	0.390847	4
1.00	0.464911	0.311133	0.372786	0.027039	0.020592	0.023379	0.464911	0.366946	0.410160	4
1.00	0.474172	0.317330	0.380211	0.026984	0.020676	0.023413	0.474172	0.375369	0.419025	4
1.00	0.454647	0.304263	0.364555	0.026613	0.020533	0.023181	0.454647	0.357685	0.400379	4
1.00	0.448795	0.300381	0.359887	0.037769	0.020591	0.026652	0.448734	0.352349	0.394743	5
1.00	0.433847	0.290376	0.347900	0.037600	0.020573	0.026595	0.433783	0.339300	0.380768	5
1.00	0.424364	0.284029	0.340296	0.037456	0.020513	0.026509	0.424300	0.330659	0.371672	5
1.00	0.404061	0.270440	0.324015	0.037266	0.020303	0.026286	0.403994	0.313236	0.352873	5
1.00	0.397792	0.266333	0.319052	0.034911	0.020285	0.025660	0.397746	0.307955	0.347138	5
1.00	0.396210	0.265363	0.317846	0.032235	0.020348	0.024948	0.396184	0.306058	0.345338	5
1.00	0.387848	0.259763	0.311139	0.032566	0.020285	0.024999	0.387817	0.298276	0.337204	5
1.00	0.403745	0.270440	0.323913	0.034654	0.020607	0.025845	0.403659	0.311655	0.351741	5
1.00	0.429336	0.287613	0.344467	0.035295	0.020831	0.026200	0.429209	0.334044	0.375694	5
1.00	0.450908	0.302098	0.361799	0.035328	0.021039	0.026372	0.450742	0.352713	0.395747	5
1.00	0.460664	0.308669	0.369652	0.035550	0.021180	0.026545	0.460449	0.360932	0.404662	5
1.00	0.471585	0.315986	0.378415	0.035853	0.021343	0.026757	0.471382	0.369792	0.414453	5
1.00	0.490196	0.328530	0.393402	0.035960	0.021556	0.026954	0.489903	0.386402	0.432040	5
1.00	0.520993	0.349287	0.418201	0.036277	0.021925	0.027331	0.520585	0.412983	0.460583	5
1.00	0.555345	0.372359	0.445805	0.036625	0.022209	0.027651	0.555004	0.443962	0.493312	5
1.00	0.569870	0.382140	0.457495	0.036017	0.022309	0.027552	0.569508	0.456235	0.506617	5
1.00	0.573480	0.384604	0.460425	0.036114	0.022429	0.027672	0.573078	0.459350	0.509950	5
1.00	0.574132	0.385127	0.461009	0.035525	0.022403	0.027478	0.573692	0.460679	0.511012	5
1.00	0.568280	0.381244	0.456341	0.035065	0.022407	0.027342	0.567779	0.454413	0.504809	5
1.00	0.563863	0.378407	0.452884	0.034444	0.022336	0.027099	0.563316	0.449675	0.500121	5
1.00	0.547264	0.367431	0.439669	0.034609	0.022397	0.027195	0.546525	0.434585	0.484169	5
1.00	0.518889	0.348690	0.417095	0.034539	0.022346	0.027136	0.517851	0.407938	0.456370	5
1.01	0.487740	0.328231	0.392395	0.034530	0.022137	0.026978	0.485998	0.380185	0.426629	5
1.01	0.477721	0.321810	0.384564	0.034560	0.022246	0.027068	0.475399	0.370720	0.416584	5
1.01	0.472582	0.318525	0.380553	0.034735	0.022610	0.027391	0.469876	0.365263	0.411017	5
1.01	0.462781	0.312402	0.373005	0.034885	0.022911	0.027658	0.459240	0.355900	0.401020	5
1.01	0.453883	0.306802	0.366123	0.034728	0.023183	0.027805	0.449831	0.347696	0.392224	5
1.01	0.447336	0.302845	0.361175	0.034885	0.023304	0.027942	0.442449	0.341708	0.385608	5
1.01	0.426683	0.289181	0.344726	0.034670	0.023178	0.027783	0.420990	0.323141	0.365633	5
1.01	0.405346	0.275144	0.327789	0.034567	0.023084	0.027682	0.398788	0.304463	0.345299	5
1.02	0.390664	0.265586	0.316206	0.034345	0.023091	0.027616	0.383279	0.292075	0.331519	6
1.02	0.381266	0.259539	0.308841	0.034232	0.023166	0.027633	0.373257	0.283372	0.322163	6
1.02	0.374904	0.255432	0.303846	0.034243	0.023157	0.027629	0.366284	0.277729	0.315918	6
1.02	0.370853	0.252893	0.300719	0.034403	0.023082	0.027628	0.361598	0.274447	0.312052	6
1.02	0.371350	0.253565	0.301358	0.034466	0.023170	0.027711	0.361412	0.274940	0.312300	6
1.02	0.374290	0.255880	0.303960	0.034558	0.023207	0.027767	0.364108	0.277524	0.314974	6
1.02	0.374263	0.256029	0.304057	0.034620	0.023166	0.027758	0.363736	0.278290	0.315327	6
1.02	0.372695	0.254984	0.302802	0.034734	0.023076	0.027730	0.362063	0.277379	0.314113	6
1.02	0.372573	0.254984	0.302762	0.034866	0.023070	0.027767	0.361709	0.277723	0.314201	6
1.02	0.373950	0.255955	0.303901	0.034937	0.023076	0.027794	0.363160	0.278997	0.315563	6
1.02	0.375082	0.256701	0.304801	0.035301	0.022975	0.027835	0.364275	0.280587	0.317001	6
1.02	0.376978	0.257971	0.306321	0.035536	0.022950	0.027889	0.366265	0.282391	0.318905	6
1.02	0.377373	0.258269	0.306663	0.035671	0.022914	0.027903	0.366655	0.282837	0.319338	6
1.02	0.376704	0.257896	0.306179	0.035748	0.022897	0.027915	0.365837	0.282409	0.318755	6
1.02	0.369999	0.253416	0.300807	0.035789	0.022782	0.027841	0.358957	0.276700	0.312507	6
1.02	0.368639	0.252595	0.299778	0.035810	0.022772	0.027840	0.357451	0.275734	0.311319	6
1.02	0.368954	0.252893	0.300093	0.035799	0.022816	0.027870	0.357693	0.275938	0.311541	6
1.02	0.367378	0.251923	0.298888	0.035785	0.022834	0.027879	0.355982	0.274358	0.309885	6
1.03	0.365477	0.250728	0.297418	0.035666	0.022831	0.027840	0.353937	0.272851	0.308149	6
1.02	0.369109	0.253192	0.300354	0.035543	0.022900	0.027854	0.357674	0.275789	0.311439	6
1.03	0.376305	0.258269	0.306309	0.035468	0.023079	0.027962	0.364889	0.282130	0.318217	6
1.03	0.378290	0.259688	0.307965	0.035466	0.023221	0.028066	0.366786	0.283850	0.320032	6
1.03	0.379389	0.260584	0.308959	0.035194	0.023323	0.028054	0.367567	0.284464	0.320720	6
1.03	0.387615	0.266408	0.315780	0.034994	0.023446	0.028079	0.375953	0.291614	0.328456	7
1.03	0.397482	0.273426	0.323985	0.034798	0.023759	0.028238	0.386217	0.300093	0.337751	7
1.03	0.406552	0.279848	0.331505	0.034676	0.024003	0.028369	0.395441	0.307038	0.345677	7
1.03	0.413453	0.285000	0.337414	0.034405	0.024316	0.028494	0.402265	0.312248	0.351586	7
1.03	0.416838	0.287613	0.340373	0.034087	0.024492	0.028504	0.405724	0.315159	0.354752	7
1.03	0.413793	0.285821	0.338103	0.033884	0.024616	0.028516	0.402265	0.312323	0.351634	8
1.03	0.412907	0.285672	0.337702	0.033705	0.024718	0.028521	0.400982	0.311923	0.350890	8
1.04	0.412912	0.286045	0.337965	0.033557	0.024808	0.028527	0.401038	0.311858	0.350870	8
1.04	0.416326	0.288658	0.340932	0.033405	0.024899	0.028532	0.404348	0.314963	0.354102	8
1.04	0.416003	0.288808	0.340928	0.033240	0.024994	0.028533	0.403976	0.314722	0.353806	8
1.04	0.416649	0.289629	0.341717	0.033046	0.025091	0.028524	0.404422	0.315140	0.354242	8
1.04	0.422879	0.293960	0.346826	0.032970	0.025245	0.028595	0.410986	0.320495	0.360143	8
1.04	0.426609	0.296872	0.350108	0.032930	0.025416	0.028689	0.414761	0.323536	0.363512	8
1.04	0.425692	0.296423	0.349487	0.032784	0.025435	0.028645	0.413701	0.322625	0.362530	8
1.04	0.425372	0.296423	0.349380	0.032681	0.025505	0.028650	0.413366	0.322141	0.362096	8
1.04	0.429764	0.299933	0.353298	0.032588	0.025650	0.028706	0.417792	0.326213	0.366366	8
1.04	0.440180	0.307399	0.361998	0.032650	0.025786	0.028815	0.428409	0.335585	0.376358	8
1.04	0.449562	0.314119	0.369830	0.032734	0.025968	0.028961	0.438060	0.343339	0.384959	8
1.05	0.455331	0.318525	0.374835	0.032619	0.026088	0.028990	0.444308	0.348676	0.390726	8
1.05	0.459298	0.321437	0.378196	0.032501	0.026107	0.028955	0.448548	0.352646	0.394857	8
1.05	0.467897	0.327559	0.385349	0.032577	0.026292	0.029099	0.457473	0.360456	0.403211	8
1.05	0.471065	0.330023	0.388128	0.032537	0.026359	0.029124	0.460895	0.363478	0.406430	8
1.05	0.478497	0.335623	0.394523	0.032621	0.026484	0.029234	0.468723	0.370562	0.413902	8
1.05	0.494729	0.346898	0.407830	0.032842	0.026642	0.029419	0.485533	0.385671	0.429879	8
1.05	0.502661	0.352647	0.414498	0.032912	0.026747	0.029511	0.493994	0.392858	0.437659	8
1.05	0.507606	0.356306	0.418707	0.032915	0.026714	0.029492	0.499200	0.397823	0.442783	8
1.05	0.508556	0.357276	0.419700	0.032892	0.026754	0.029508	0.500446	0.399050	0.444033	9
1.05	0.509716	0.358396	0.420868	0.033054	0.026939	0.029685	0.501748	0.400231	0.445276	9
1.05	0.503926	0.354588	0.416269	0.032976	0.026912	0.029637	0.495928	0.395368	0.439975	10
1.05	0.494966	0.348690	0.409147	0.032854	0.026846	0.029547	0.486667	0.387465	0.431437	11
1.05	0.486240	0.343015	0.402259	0.032749	0.026772	0.029461	0.477537	0.379692	0.423031	11
1.06	0.477263	0.336967	0.395028	0.032488	0.026656	0.029285	0.468463	0.371715	0.414519	11
1.06	0.469314	0.331740	0.388714	0.032391	0.026598	0.029210	0.460263	0.364491	0.406816	11
1.06	0.463608	0.328157	0.384296	0.032239	0.026563	0.029127	0.454665	0.359359	0.401433	11
1.06	0.462625	0.327634	0.383600	0.032265	0.026541	0.029124	0.453661	0.358875	0.400740	11
1.06	0.458921	0.325319	0.380740	0.032161	0.026520	0.029069	0.449887	0.356105	0.397540	11
1.06	0.453933	0.321885	0.376671	0.032067	0.026410	0.028965	0.444847	0.351977	0.393000	11
1.06	0.453780	0.321810	0.376567	0.032091	0.026405	0.028972	0.444699	0.351865	0.392872	11
1.06	0.455961	0.323527	0.378494	0.035838	0.026468	0.030449	0.447153	0.354115	0.395233	11
1.06	0.454880	0.323303	0.377968	0.036587	0.026502	0.030738	0.446130	0.353938	0.394723	11
1.06	0.452608	0.321959	0.376265	0.036631	0.026498	0.030751	0.443694	0.351893	0.392497	11
1.06	0.448988	0.319719	0.373485	0.040247	0.026620	0.032045	0.439780	0.349020	0.389179	11
1.07	0.446737	0.318450	0.371840	0.039485	0.026663	0.031831	0.437307	0.347300	0.387141	11
1.07	0.445200	0.317853	0.370900	0.039369	0.026689	0.031812	0.435819	0.346445	0.386026	11
1.07	0.445361	0.318599	0.371463	0.038416	0.026804	0.031576	0.435857	0.346872	0.386306	11
1.07	0.447017	0.320018	0.373004	0.038369	0.026850	0.031592	0.437716	0.348267	0.387902	11
1.07	0.453361	0.324797	0.378458	0.037802	0.026909	0.031439	0.444503	0.354310	0.394315	11
1.07	0.460352	0.329874	0.384341	0.037856	0.027044	0.031549	0.452034	0.361246	0.401573	11
1.07	0.468098	0.335250	0.390690	0.037943	0.027136	0.031642	0.460272	0.367736	0.408833	11
1.07	0.473673	0.339207	0.395319	0.039065	0.027185	0.032060	0.466241	0.372961	0.414417	11
1.07	0.477631	0.341970	0.398573	0.040957	0.027333	0.032786	0.470127	0.376773	0.418305	11
1.07	0.479136	0.342940	0.399756	0.042256	0.027502	0.033319	0.471392	0.377982	0.419550	11
1.07	0.480639	0.343836	0.400888	0.042669	0.027590	0.033512	0.472786	0.379051	0.420761	11
1.07	0.480647	0.343986	0.400992	0.042545	0.027666	0.033529	0.472712	0.379190	0.420818	11
1.07	0.478615	0.342567	0.399321	0.042427	0.027748	0.033552	0.470406	0.376922	0.418507	11
1.07	0.479766	0.343463	0.400331	0.042588	0.027891	0.033707	0.471280	0.378372	0.419746	11
1.07	0.478138	0.342119	0.398851	0.042491	0.027866	0.033659	0.469383	0.376680	0.417953	11
1.07	0.473118	0.338386	0.394567	0.042184	0.027729	0.033462	0.463980	0.372050	0.412960	12
1.07	0.462847	0.331143	0.386072	0.041979	0.027591	0.033297	0.453332	0.362037	0.402573	12
1.07	0.454327	0.324946	0.378896	0.041458	0.027398	0.032992	0.444537	0.354041	0.394161	12
1.07	0.448747	0.320989	0.374265	0.041137	0.027335	0.032845	0.438568	0.349122	0.388767	12
1.07	0.440897	0.315538	0.367830	0.041036	0.027317	0.032799	0.430219	0.341768	0.380926	12
1.07	0.435336	0.311655	0.363257	0.040494	0.027238	0.032569	0.424324	0.336543	0.375370	12
1.07	0.431283	0.308818	0.359918	0.040203	0.027238	0.032474	0.420084	0.332671	0.371303	12
1.07	0.427411	0.306429	0.356947	0.040137	0.027242	0.032455	0.415958	0.329436	0.367675	12
1.07	0.425185	0.305309	0.355411	0.038585	0.027121	0.031853	0.413965	0.327892	0.365935	12
1.07	0.422793	0.303591	0.353412	0.037800	0.027063	0.031543	0.411566	0.325512	0.363516	12
1.07	0.419757	0.301725	0.351086	0.036710	0.027035	0.031138	0.408479	0.322983	0.360735	12
1.08	0.418301	0.301053	0.350122	0.037413	0.027114	0.031441	0.406943	0.321942	0.359486	12
1.08	0.416477	0.300082	0.348826	0.037905	0.027201	0.031673	0.404768	0.320427	0.357693	12
1.08	0.416158	0.300381	0.348916	0.039339	0.027444	0.032332	0.404266	0.320241	0.357381	12
1.08	0.417132	0.301426	0.349963	0.039561	0.027569	0.032494	0.405214	0.321235	0.358371	12
1.08	0.417303	0.302173	0.350526	0.038790	0.027682	0.032308	0.405642	0.321905	0.358954	12
1.08	0.420066	0.304487	0.353058	0.039460	0.027934	0.032711	0.408468	0.324471	0.361656	12
1.08	0.428086	0.310461	0.359907	0.039748	0.028210	0.033000	0.417187	0.332123	0.369827	12
1.09	0.433916	0.315239	0.365178	0.040092	0.028434	0.033271	0.423378	0.337999	0.375901	12
1.09	0.439310	0.319421	0.369893	0.040202	0.028528	0.033374	0.429123	0.343246	0.381411	12
1.09	0.444000	0.323229	0.374109	0.040255	0.028627	0.033459	0.434293	0.347876	0.386311	12
1.09	0.452732	0.330396	0.382009	0.040362	0.028816	0.033626	0.444052	0.357406	0.396045	12
1.09	0.458410	0.334951	0.387075	0.040533	0.028941	0.033770	0.450169	0.363199	0.402034	12
1.09	0.463776	0.339356	0.391929	0.040563	0.029136	0.033913	0.455915	0.369065	0.407919	12
1.09	0.467903	0.342866	0.395743	0.040680	0.029404	0.034135	0.460396	0.373203	0.412239	12
1.10	0.471809	0.346151	0.399328	0.040415	0.029590	0.034166	0.464439	0.377303	0.416361	12
1.10	0.478998	0.352498	0.406125	0.040531	0.030187	0.034603	0.472189	0.384927	0.424116	12
1.10	0.483672	0.357202	0.410926	0.040368	0.030722	0.034891	0.477024	0.390701	0.429569	12
1.11	0.486437	0.360188	0.413900	0.039770	0.031112	0.034913	0.480018	0.394020	0.432788	12
1.11	0.491002	0.364668	0.418509	0.039823	0.031646	0.035266	0.484611	0.399505	0.437962	12
1.11	0.490929	0.365713	0.419170	0.039467	0.032045	0.035371	0.484739	0.400212	0.438439	12
1.12	0.488463	0.365116	0.417877	0.039153	0.032562	0.035555	0.482002	0.398975	0.436576	12
1.12	0.485854	0.364145	0.416286	0.039140	0.033138	0.035890	0.478766	0.397060	0.434102	12
1.12	0.483691	0.363175	0.414858	0.038737	0.033404	0.035873	0.476461	0.395340	0.432126	12
1.12	0.480361	0.361607	0.412609	0.038412	0.033592	0.035841	0.473300	0.393165	0.429526	12
1.13	0.477491	0.360337	0.410723	0.038119	0.033622	0.035730	0.470510	0.391361	0.427301	12
1.13	0.475429	0.359740	0.409572	0.037932	0.033780	0.035735	0.468446	0.390078	0.425685	12
1.13	0.472890	0.358172	0.407614	0.037876	0.033888	0.035771	0.465638	0.387856	0.423203	13
1.13	0.470542	0.357202	0.406112	0.037621	0.034036	0.035739	0.463444	0.386089	0.421245	13
1.14	0.466411	0.354588	0.402884	0.037447	0.034002	0.035642	0.459082	0.382584	0.417356	13
1.14	0.465698	0.354290	0.402426	0.037389	0.034007	0.035618	0.458598	0.382045	0.416836	13
1.14	0.463824	0.353244	0.401051	0.037250	0.033984	0.035542	0.456664	0.380594	0.415174	13
1.14	0.461192	0.351378	0.398864	0.040010	0.034044	0.036786	0.453615	0.378251	0.412519	13
1.14	0.457893	0.349138	0.396187	0.039805	0.034067	0.036713	0.450221	0.375081	0.409230	13
1.14	0.456707	0.348540	0.395359	0.039773	0.034132	0.036737	0.449087	0.374263	0.408275	13
1.14	0.455186	0.347346	0.394020	0.039710	0.034117	0.036702	0.447471	0.372970	0.406838	13
1.14	0.453602	0.346002	0.392562	0.039571	0.034121	0.036644	0.445753	0.371074	0.404999	13
1.14	0.451326	0.344434	0.390700	0.039423	0.034061	0.036546	0.443311	0.369251	0.402906	13
1.14	0.451134	0.344658	0.390772	0.039340	0.034098	0.036532	0.443295	0.369307	0.402933	13
1.14	0.450762	0.344508	0.390537	0.039288	0.034199	0.036567	0.442934	0.368917	0.402551	13
1.14	0.452504	0.346076	0.392198	0.039270	0.034250	0.036589	0.444972	0.370683	0.404444	13
1.14	0.455015	0.348540	0.394724	0.039278	0.034435	0.036697	0.447919	0.373975	0.407621	13
1.15	0.456060	0.349511	0.395739	0.039300	0.034543	0.036768	0.449009	0.374802	0.408563	13
1.15	0.459420	0.352498	0.398918	0.039050	0.034555	0.036665	0.452430	0.378363	0.412095	13
1.15	0.462855	0.355410	0.402078	0.036293	0.034601	0.035427	0.456112	0.382203	0.415899	13
1.15	0.465132	0.357575	0.404323	0.036246	0.034684	0.035448	0.458818	0.385224	0.418813	13
1.15	0.467844	0.360114	0.406970	0.036505	0.034813	0.035639	0.461633	0.388172	0.421727	13
1.15	0.470782	0.362727	0.409750	0.036777	0.035013	0.035873	0.464999	0.391612	0.425162	13
1.15	0.471390	0.364145	0.410885	0.036963	0.035154	0.036036	0.465891	0.393713	0.426772	13
1.16	0.473050	0.366311	0.412893	0.037063	0.035237	0.036127	0.467851	0.396354	0.429145	13
1.16	0.474226	0.368177	0.414526	0.037049	0.035250	0.036127	0.469197	0.399013	0.431268	13
1.16	0.474225	0.368849	0.414952	0.037118	0.035406	0.036242	0.468894	0.399933	0.431677	13
1.17	0.473195	0.369073	0.414699	0.037118	0.035517	0.036300	0.467998	0.399803	0.431221	13
1.17	0.472055	0.368924	0.414166	0.037104	0.035573	0.036322	0.466603	0.399301	0.430337	13
1.17	0.469394	0.367580	0.412294	0.048335	0.035835	0.041157	0.463864	0.397317	0.428019	14
1.17	0.466419	0.366087	0.410207	0.042719	0.036163	0.039169	0.460127	0.394732	0.424928	13
1.18	0.464825	0.365564	0.409262	0.042701	0.037529	0.039948	0.458001	0.393709	0.423429	13
1.18	0.462274	0.364593	0.407664	0.041744	0.038438	0.040023	0.454853	0.392212	0.421217	13
1.18	0.462345	0.365340	0.408158	0.040833	0.039801	0.040310	0.454740	0.392975	0.421607	13
1.18	0.461575	0.365489	0.407951	0.039995	0.040243	0.040119	0.454528	0.393198	0.421644	14
1.19	0.460490	0.365937	0.407805	0.039667	0.041391	0.040511	0.453394	0.393644	0.421412	14
1.19	0.459573	0.366684	0.407907	0.039267	0.042527	0.040832	0.452891	0.394295	0.421567	14
1.20	0.458039	0.367580	0.407854	0.038879	0.043174	0.040914	0.451962	0.395308	0.421741	14
1.20	0.456508	0.367953	0.407475	0.038699	0.043438	0.040932	0.451237	0.395662	0.421626	14
1.21	0.454219	0.368177	0.406697	0.038476	0.043847	0.040986	0.449608	0.395792	0.420987	14
1.22	0.452159	0.369073	0.406413	0.042058	0.043956	0.042986	0.448789	0.396647	0.421110	14
1.22	0.450105	0.367431	0.404588	0.041936	0.043878	0.042885	0.446577	0.394490	0.418921	14
1.22	0.449391	0.366311	0.403620	0.040979	0.043864	0.042372	0.445517	0.392928	0.417573	14
1.21	0.450244	0.365863	0.403691	0.041047	0.043863	0.042408	0.445889	0.392240	0.417347	14
1.21	0.450838	0.365639	0.403793	0.043838	0.043927	0.043882	0.446242	0.391868	0.417291	14
1.21	0.451762	0.365713	0.404209	0.043836	0.043870	0.043853	0.447190	0.392222	0.417906	14
1.21	0.452597	0.365713	0.404543	0.043925	0.043919	0.043922	0.447687	0.392389	0.418218	14
1.21	0.452586	0.365265	0.404264	0.043941	0.043537	0.043738	0.447631	0.391720	0.417813	14
1.21	0.451855	0.364743	0.403652	0.044686	0.043550	0.044111	0.446869	0.391143	0.417153	14
1.21	0.451628	0.364593	0.403470	0.044708	0.043788	0.044243	0.446584	0.390808	0.416839	14
1.20	0.452668	0.364892	0.404068	0.043121	0.043589	0.043354	0.447296	0.391199	0.417371	14
1.20	0.453341	0.365265	0.404565	0.042922	0.043544	0.043231	0.448189	0.391571	0.417971	14
1.20	0.452163	0.364519	0.403638	0.043819	0.043788	0.043803	0.447027	0.390213	0.416692	14
1.21	0.452189	0.364743	0.403786	0.044664	0.043671	0.044162	0.447281	0.390427	0.416925	14
1.21	0.451267	0.364369	0.403189	0.044530	0.043442	0.043979	0.446454	0.389665	0.416131	14
1.21	0.453999	0.366236	0.405422	0.044519	0.042838	0.043662	0.449351	0.392278	0.418879	14
1.20	0.455413	0.366833	0.406352	0.044750	0.042881	0.043796	0.450430	0.393124	0.419830	14
1.20	0.457164	0.368551	0.408103	0.045513	0.042648	0.044034	0.452623	0.394909	0.421801	14
1.20	0.458511	0.369671	0.409326	0.045708	0.042346	0.043963	0.453997	0.396071	0.423060	14
1.20	0.458337	0.369223	0.408982	0.046028	0.041919	0.043878	0.453876	0.395364	0.422605	14
1.20	0.458113	0.368700	0.408572	0.046909	0.041571	0.044079	0.453635	0.394546	0.422032	14
1.20	0.457522	0.368327	0.408108	0.047027	0.041444	0.044060	0.453073	0.393970	0.421459	14
1.20	0.458438	0.369372	0.409113	0.047627	0.041344	0.044263	0.454161	0.395364	0.422728	14
1.20	0.460152	0.369895	0.410116	0.048133	0.041052	0.044311	0.456076	0.396164	0.424014	15
1.20	0.461782	0.370791	0.411314	0.049013	0.041141	0.044733	0.457670	0.397475	0.425454	15
1.20	0.462606	0.370865	0.411687	0.049516	0.040530	0.044575	0.458681	0.397810	0.426082	15
1.20	0.461668	0.369596	0.410533	0.049639	0.039405	0.043934	0.457789	0.396322	0.424844	15
1.19	0.462006	0.369073	0.410344	0.050476	0.039032	0.044022	0.457677	0.395876	0.424539	15
1.19	0.460725	0.367431	0.408823	0.052117	0.038780	0.044470	0.456059	0.393681	0.422581	15
1.19	0.459170	0.365265	0.406870	0.052738	0.038190	0.044300	0.454226	0.390901	0.420191	15
1.19	0.456460	0.362428	0.404045	0.053872	0.037986	0.044556	0.450743	0.387257	0.416595	15
1.19	0.454776	0.360785	0.402365	0.056811	0.038030	0.045561	0.448573	0.385118	0.414431	15

Wed Sep  1 20:07:55 2021
45.44	0.014526	0.478261	0.028196	0.014471	0.051566	0.022599	0.014490	0.520833	0.028195	89
39.82	0.019270	0.513477	0.037145	0.017610	0.316181	0.033362	0.019205	0.525823	0.037056	89
34.71	0.021244	0.493541	0.040735	0.018100	0.254391	0.033796	0.021457	0.507884	0.041174	89
29.93	0.023606	0.472784	0.044967	0.018632	0.231619	0.034489	0.024505	0.489137	0.046672	89
25.52	0.026095	0.445681	0.049303	0.018936	0.199432	0.034588	0.028321	0.467349	0.053406	89
21.54	0.029049	0.418652	0.054327	0.019269	0.172528	0.034666	0.033798	0.444353	0.062817	89
18.01	0.032582	0.392593	0.060170	0.019713	0.149012	0.034820	0.041398	0.420975	0.075383	89
14.90	0.037150	0.370417	0.067528	0.020231	0.133133	0.035125	0.051444	0.401283	0.091197	89
12.20	0.042746	0.348914	0.076161	0.020987	0.116892	0.035585	0.061495	0.381029	0.105899	89
9.93	0.049476	0.328828	0.086011	0.021663	0.092510	0.035106	0.072177	0.361151	0.120310	89
8.05	0.057516	0.309714	0.097016	0.022430	0.082578	0.035277	0.083035	0.342705	0.133680	89
6.49	0.066813	0.290152	0.108616	0.023171	0.073630	0.035250	0.092840	0.323524	0.144277	89
5.25	0.077199	0.271410	0.120207	0.024502	0.064523	0.035517	0.102415	0.303154	0.153106	89
4.27	0.088105	0.251923	0.130553	0.025234	0.045318	0.032417	0.110993	0.281835	0.159264	89
3.52	0.099109	0.233331	0.139124	0.026756	0.042537	0.032850	0.118185	0.260534	0.162607	89
2.95	0.109785	0.216382	0.145665	0.028575	0.039965	0.033323	0.125317	0.241595	0.165031	89
2.51	0.117176	0.196521	0.146814	0.029565	0.035582	0.032296	0.128727	0.219305	0.162229	89
2.17	0.123371	0.179571	0.146258	0.032075	0.031966	0.032020	0.130937	0.199948	0.158246	89
1.92	0.127214	0.163593	0.143128	0.036643	0.026984	0.031080	0.132874	0.182153	0.153659	84
1.73	0.127567	0.147465	0.136797	0.035067	0.021848	0.026922	0.133338	0.164326	0.147219	78
1.57	0.130781	0.137236	0.133931	0.043315	0.018564	0.025989	0.136978	0.153513	0.144775	74
1.42	0.132847	0.126559	0.129627	0.033395	0.016552	0.022133	0.142069	0.141627	0.141848	69
1.30	0.136446	0.118719	0.126966	0.037789	0.015300	0.021782	0.146960	0.132762	0.139501	63
1.20	0.139329	0.111625	0.123948	0.033800	0.013627	0.019423	0.148210	0.125005	0.135622	50
1.13	0.139825	0.105279	0.120118	0.027333	0.012509	0.017163	0.146595	0.117678	0.130554	37
1.07	0.138765	0.099828	0.116120	0.025793	0.012120	0.016491	0.142984	0.111058	0.125015	26
1.05	0.138818	0.097140	0.114298	0.026960	0.011978	0.016587	0.141331	0.107879	0.122360	14
1.03	0.137415	0.094527	0.112006	0.026028	0.011851	0.016287	0.139137	0.104829	0.119571	11
1.02	0.136379	0.092735	0.110400	0.025010	0.011753	0.015991	0.137212	0.103053	0.117705	8
1.01	0.134586	0.090943	0.108542	0.023454	0.011631	0.015551	0.135278	0.101119	0.115731	6
1.01	0.132867	0.089375	0.106865	0.024019	0.011539	0.015588	0.133270	0.099186	0.113729	6
1.00	0.132065	0.088628	0.106072	0.025302	0.011465	0.015780	0.132322	0.098460	0.112907	6
1.00	0.131283	0.087956	0.105338	0.027225	0.011426	0.016097	0.131373	0.097735	0.112085	5
1.00	0.130493	0.087359	0.104656	0.028940	0.011384	0.016340	0.130537	0.097038	0.111322	5
1.00	0.130314	0.087210	0.104491	0.029288	0.011388	0.016399	0.130314	0.096945	0.111179	5
1.00	0.129756	0.086836	0.104044	0.029132	0.011370	0.016356	0.129756	0.096554	0.110720	5
1.00	0.129309	0.086538	0.103686	0.028571	0.011353	0.016250	0.129309	0.096248	0.110355	5
1.00	0.129086	0.086388	0.103507	0.028350	0.011348	0.016209	0.129086	0.096155	0.110213	5
1.00	0.128975	0.086314	0.103417	0.028384	0.011337	0.016203	0.128975	0.096099	0.110136	5
1.00	0.128640	0.086090	0.103149	0.027827	0.011323	0.016096	0.128640	0.095838	0.109843	5
1.00	0.128305	0.085866	0.102881	0.028665	0.011302	0.016212	0.128305	0.095634	0.109586	5
1.00	0.128417	0.085940	0.102970	0.028788	0.011312	0.016242	0.128417	0.095745	0.109700	5
1.00	0.128305	0.085866	0.102881	0.028549	0.011304	0.016195	0.128305	0.095699	0.109629	5
1.00	0.128305	0.085866	0.102881	0.017251	0.011298	0.013654	0.128305	0.095773	0.109678	4
1.00	0.128194	0.085791	0.102791	0.017010	0.011280	0.013564	0.128194	0.095662	0.109564	4
1.00	0.128640	0.086090	0.103149	0.017188	0.011287	0.013626	0.128640	0.096034	0.109971	4
1.00	0.129421	0.086612	0.103775	0.017669	0.011310	0.013791	0.129421	0.096629	0.110646	4
1.00	0.130090	0.087060	0.104312	0.017789	0.011304	0.013824	0.130090	0.097131	0.111220	4
1.00	0.132099	0.088404	0.105922	0.018179	0.011331	0.013961	0.132099	0.098767	0.113027	4
1.00	0.134218	0.089823	0.107622	0.018066	0.011370	0.013956	0.134218	0.100255	0.114777	4
1.00	0.137566	0.092063	0.110306	0.018017	0.011403	0.013966	0.137566	0.103053	0.117834	3
1.00	0.141805	0.094900	0.113705	0.018223	0.011435	0.014052	0.141805	0.106717	0.121784	3
1.00	0.146937	0.098335	0.117821	0.018508	0.011490	0.014178	0.146937	0.111105	0.126533	3
1.00	0.154524	0.103412	0.123904	0.018560	0.011558	0.014245	0.154524	0.117000	0.133169	3
1.00	0.165123	0.110505	0.132403	0.018661	0.011683	0.014369	0.165123	0.125758	0.142777	3
1.00	0.181747	0.121631	0.145733	0.018978	0.011790	0.014544	0.181747	0.139918	0.158113	3
1.00	0.225259	0.150750	0.180623	0.019464	0.012187	0.014989	0.225259	0.178530	0.199191	3
1.00	0.325561	0.217875	0.261048	0.020233	0.012815	0.015691	0.325561	0.268366	0.294210	3
1.00	0.444271	0.297320	0.356235	0.020695	0.013127	0.016064	0.444271	0.376291	0.407465	3
1.00	0.560861	0.375345	0.449723	0.020582	0.012134	0.015267	0.560861	0.480955	0.517844	3
1.00	0.610175	0.408348	0.489265	0.020251	0.011597	0.014748	0.610175	0.526847	0.565458	3
1.00	0.598014	0.400209	0.479513	0.020512	0.011957	0.015108	0.598014	0.514593	0.553176	3
1.00	0.528729	0.353842	0.423958	0.020726	0.012689	0.015741	0.528729	0.451315	0.486964	3
1.00	0.463126	0.309938	0.371354	0.020811	0.013361	0.016274	0.463126	0.392305	0.424784	3
1.00	0.326676	0.218622	0.261943	0.020236	0.012851	0.015719	0.326676	0.269575	0.295391	3
1.00	0.244226	0.163444	0.195831	0.019747	0.012459	0.015278	0.244226	0.195256	0.217013	3
1.00	0.190338	0.127380	0.152621	0.018707	0.011997	0.014619	0.190338	0.147319	0.166088	3
1.00	0.166685	0.111551	0.133655	0.018484	0.011828	0.014425	0.166685	0.127208	0.144295	3
1.00	0.152962	0.102367	0.122652	0.018572	0.011771	0.014409	0.152962	0.115214	0.131432	3
1.00	0.144706	0.096842	0.116031	0.029535	0.011675	0.016735	0.144706	0.108576	0.124064	4
1.00	0.141247	0.094527	0.113258	0.029765	0.011637	0.016732	0.141247	0.105712	0.120923	4
1.00	0.138347	0.092586	0.110932	0.030070	0.011636	0.016779	0.138347	0.103249	0.118248	4

Wed Sep  1 20:24:18 2021
43.45	0.014499	0.456522	0.028106	0.016284	0.058435	0.025470	0.014467	0.488750	0.028102	89
38.15	0.019407	0.495557	0.037352	0.017739	0.336615	0.033703	0.019553	0.524354	0.037700	89
33.16	0.021054	0.467184	0.040292	0.018221	0.275392	0.034181	0.021492	0.497038	0.041203	89
28.43	0.023147	0.440454	0.043983	0.018936	0.248826	0.035193	0.024220	0.471955	0.046076	89
24.14	0.025784	0.416486	0.048562	0.019907	0.218204	0.036485	0.028102	0.448224	0.052889	89
20.32	0.029001	0.394385	0.054029	0.021096	0.201771	0.038198	0.033327	0.427097	0.061829	89
16.91	0.032636	0.369372	0.059973	0.022017	0.165630	0.038867	0.040161	0.401655	0.073021	89
13.88	0.037815	0.351154	0.068278	0.023404	0.141469	0.040163	0.049469	0.385297	0.087680	89
11.24	0.043965	0.330620	0.077610	0.025223	0.123906	0.041914	0.060864	0.365056	0.104332	89
9.00	0.051925	0.312626	0.089058	0.027316	0.109116	0.043693	0.076054	0.346991	0.124763	89
7.13	0.061935	0.295453	0.102403	0.028976	0.098808	0.044811	0.095542	0.328871	0.148068	89
5.56	0.073970	0.275069	0.116588	0.032676	0.086536	0.047439	0.116122	0.307300	0.168552	89
4.32	0.088181	0.254685	0.131003	0.036852	0.060837	0.045900	0.140039	0.285089	0.187819	88
3.34	0.106421	0.238109	0.147097	0.037289	0.052196	0.043501	0.164752	0.266949	0.203754	88
2.61	0.129209	0.225790	0.164361	0.038005	0.046237	0.041719	0.189239	0.252826	0.216459	87
2.07	0.153651	0.212872	0.178478	0.034645	0.032864	0.033731	0.208325	0.238378	0.222340	86
1.69	0.181193	0.204435	0.192113	0.035616	0.026538	0.030414	0.227825	0.228783	0.228303	85
1.43	0.209472	0.199806	0.204525	0.037293	0.024565	0.029620	0.246100	0.224339	0.234716	83
1.26	0.232300	0.195251	0.212170	0.040351	0.023251	0.029502	0.258583	0.219225	0.237283	77
1.15	0.250437	0.192339	0.217577	0.043736	0.022321	0.029557	0.266161	0.215618	0.238238	70
1.08	0.262995	0.190398	0.220884	0.041465	0.020661	0.027580	0.271840	0.213861	0.239390	65
1.04	0.269231	0.187635	0.221147	0.038138	0.019612	0.025904	0.273488	0.210672	0.238005	60
1.02	0.268173	0.183454	0.217867	0.036743	0.019105	0.025139	0.270337	0.206506	0.234150	54
1.01	0.267219	0.180467	0.215438	0.034692	0.018737	0.024333	0.267665	0.202053	0.230277	46
1.00	0.263637	0.177182	0.211932	0.032825	0.018516	0.023676	0.263714	0.197497	0.225852	41
1.00	0.259873	0.174419	0.208739	0.028506	0.018134	0.022166	0.259790	0.194094	0.222188	38
1.00	0.251978	0.168820	0.202182	0.027601	0.017632	0.021518	0.251980	0.186833	0.214571	34
1.00	0.245706	0.164489	0.197057	0.028280	0.017488	0.021612	0.245677	0.181989	0.209091	27
1.00	0.239264	0.160158	0.191878	0.027382	0.016946	0.020936	0.239206	0.177405	0.203722	20
1.00	0.234382	0.156873	0.187950	0.028084	0.016643	0.020901	0.234352	0.174253	0.199883	18
1.00	0.228358	0.152841	0.183119	0.028342	0.016086	0.020523	0.228328	0.170274	0.195073	16
1.00	0.225817	0.151124	0.181070	0.028082	0.015423	0.019911	0.225817	0.169753	0.193812	9
1.00	0.221466	0.148212	0.177581	0.028069	0.015026	0.019574	0.221466	0.167476	0.190723	7
1.00	0.221243	0.148062	0.177402	0.028130	0.014726	0.019332	0.221243	0.168470	0.191284	6
1.00	0.220908	0.147838	0.177134	0.028133	0.014296	0.018958	0.220908	0.169874	0.192059	5
1.00	0.214995	0.143881	0.172392	0.028090	0.013854	0.018556	0.214995	0.166034	0.187369	5
1.00	0.211983	0.141865	0.169977	0.027393	0.013263	0.017873	0.211983	0.165421	0.185829	5
1.00	0.216222	0.144702	0.173376	0.027052	0.013054	0.017611	0.216222	0.170534	0.190680	5
1.00	0.223363	0.149481	0.179102	0.027033	0.012921	0.017485	0.223363	0.177907	0.198060	5
1.00	0.243668	0.163070	0.195384	0.026707	0.013116	0.017592	0.243668	0.196372	0.217478	4
1.00	0.272677	0.182483	0.218644	0.027650	0.013368	0.018022	0.272677	0.222870	0.245270	4
1.00	0.334486	0.223848	0.268205	0.027934	0.013884	0.018549	0.334486	0.277772	0.303502	4
1.00	0.418833	0.280296	0.335838	0.028901	0.014359	0.019185	0.418833	0.353834	0.383600	4
1.00	0.492357	0.329500	0.394793	0.028018	0.014109	0.018767	0.492357	0.420427	0.453558	4
1.00	0.572130	0.382887	0.458758	0.026710	0.012717	0.017230	0.572130	0.494373	0.530417	4
1.00	0.623675	0.417382	0.500089	0.015016	0.011405	0.012964	0.623675	0.541571	0.579730	3
1.00	0.642865	0.430225	0.515477	0.014317	0.011170	0.012549	0.642865	0.558738	0.597856	3
1.00	0.643200	0.430449	0.515745	0.013798	0.011210	0.012370	0.643200	0.558980	0.598140	3
1.00	0.639630	0.428059	0.512882	0.014646	0.011283	0.012747	0.639630	0.555651	0.594690	3
1.00	0.636952	0.426267	0.510735	0.014725	0.011302	0.012788	0.636952	0.553085	0.592063	3
1.00	0.642977	0.430299	0.515566	0.015033	0.011266	0.012880	0.642977	0.558533	0.597788	3
1.00	0.651010	0.435675	0.522008	0.014565	0.011211	0.012669	0.651010	0.565041	0.604987	3
1.00	0.652349	0.436571	0.523081	0.014502	0.011217	0.012650	0.652349	0.565953	0.606087	3
1.00	0.650563	0.435377	0.521650	0.014060	0.011197	0.012466	0.650563	0.564707	0.604602	3
1.00	0.642196	0.429777	0.514940	0.014786	0.011367	0.012853	0.642196	0.558013	0.597152	3
1.00	0.621667	0.416038	0.498479	0.015613	0.011981	0.013558	0.621667	0.538605	0.577163	3
1.00	0.543568	0.363772	0.435856	0.016579	0.013766	0.015042	0.543568	0.467308	0.502562	3
1.00	0.476626	0.318973	0.382179	0.016760	0.014158	0.015350	0.476626	0.406717	0.438905	3
1.00	0.338280	0.226387	0.271247	0.016938	0.013797	0.015207	0.338280	0.283056	0.308214	3
1.00	0.237420	0.158889	0.190374	0.017099	0.012758	0.014613	0.237420	0.193856	0.213438	3
1.00	0.194355	0.130068	0.155842	0.017167	0.012199	0.014263	0.194355	0.154692	0.172270	3
1.00	0.170255	0.113940	0.136518	0.017880	0.011906	0.014294	0.170255	0.132359	0.148934	3
1.00	0.167913	0.112372	0.134639	0.019299	0.011939	0.014752	0.167913	0.130239	0.146696	3
1.00	0.160103	0.107146	0.128377	0.020111	0.011856	0.014918	0.160103	0.123136	0.139207	3
1.00	0.161218	0.107892	0.129272	0.020195	0.011899	0.014975	0.161218	0.124010	0.140187	3
1.00	0.169698	0.113567	0.136071	0.020581	0.012044	0.015196	0.169698	0.131299	0.148049	3
1.00	0.185206	0.123945	0.148506	0.031584	0.012272	0.017676	0.185206	0.145273	0.162827	4
1.00	0.204842	0.137087	0.164251	0.031121	0.012531	0.017868	0.204842	0.162734	0.181376	4
1.00	0.256834	0.171881	0.205940	0.031076	0.013200	0.018530	0.256834	0.209020	0.230473	4
1.00	0.336160	0.224968	0.269547	0.031159	0.014071	0.019387	0.336160	0.278956	0.304898	4
1.00	0.429321	0.287314	0.344248	0.031274	0.014608	0.019914	0.429321	0.362085	0.392847	4
1.00	0.542229	0.362876	0.434783	0.031224	0.014563	0.019863	0.542229	0.464045	0.500100	4
1.00	0.574361	0.384380	0.460547	0.031043	0.014264	0.019547	0.574361	0.491993	0.529996	4
1.00	0.549035	0.367431	0.440240	0.030948	0.014650	0.019886	0.549035	0.469530	0.506180	4
1.00	0.537878	0.359964	0.431294	0.030964	0.014692	0.019929	0.537878	0.459973	0.495884	4
1.00	0.504965	0.337938	0.404902	0.031183	0.014880	0.020146	0.504965	0.429374	0.464112	4
1.00	0.437242	0.292616	0.350599	0.031199	0.014778	0.020056	0.437242	0.368612	0.400004	4
1.00	0.346201	0.231688	0.277599	0.031011	0.014164	0.019446	0.346201	0.287919	0.314382	4
1.00	0.253263	0.169492	0.203077	0.031753	0.013117	0.018565	0.253263	0.205701	0.227018	4
1.00	0.201607	0.134921	0.161657	0.031821	0.012504	0.017953	0.201607	0.160019	0.178421	4
1.00	0.173156	0.115881	0.138844	0.031689	0.012077	0.017489	0.173156	0.134181	0.151197	4
1.00	0.165346	0.110655	0.132582	0.031201	0.011952	0.017283	0.165346	0.127534	0.143999	4

Wed Sep  1 20:42:44 2021
46.01	0.012173	0.405797	0.023636	0.019012	0.058965	0.028753	0.012152	0.370417	0.023531	89
39.52	0.013397	0.354290	0.025818	0.016544	0.304439	0.031382	0.013519	0.317024	0.025932	89
34.44	0.014592	0.336370	0.027971	0.016874	0.254020	0.031645	0.014912	0.304442	0.028432	89
29.69	0.016236	0.322557	0.030916	0.017388	0.229844	0.032330	0.016953	0.294477	0.032060	89
25.28	0.018157	0.307175	0.034287	0.017837	0.211023	0.032893	0.019652	0.283088	0.036753	89
21.31	0.020595	0.293661	0.038490	0.018532	0.188710	0.033750	0.023464	0.273374	0.043219	89
17.86	0.023388	0.279549	0.043165	0.019179	0.159523	0.034241	0.028513	0.263022	0.051448	89
14.85	0.026705	0.265437	0.048527	0.019985	0.147613	0.035204	0.035105	0.252256	0.061633	89
12.23	0.031292	0.256179	0.055772	0.021091	0.119025	0.035833	0.043454	0.244727	0.073804	89
10.00	0.036393	0.243635	0.063327	0.021738	0.088459	0.034900	0.052663	0.234561	0.086014	89
8.15	0.042301	0.230643	0.071491	0.021979	0.075641	0.034060	0.063495	0.223078	0.098853	89
6.57	0.050147	0.220638	0.081720	0.023117	0.066646	0.034327	0.076907	0.214939	0.113281	89
5.26	0.059691	0.210035	0.092963	0.024225	0.055675	0.033760	0.092989	0.205446	0.128030	89
4.20	0.071208	0.199955	0.105018	0.025752	0.051688	0.034377	0.112035	0.196573	0.142726	89
3.34	0.085121	0.190473	0.117661	0.026534	0.049206	0.034477	0.130614	0.187843	0.154086	89
2.70	0.100935	0.182185	0.129901	0.028246	0.046894	0.035256	0.145716	0.179508	0.160857	89
2.19	0.118105	0.173299	0.140475	0.029689	0.044670	0.035670	0.156635	0.171782	0.163859	87
1.81	0.135618	0.164265	0.148573	0.031962	0.041059	0.035944	0.164248	0.163089	0.163666	86
1.55	0.151069	0.156201	0.153592	0.033581	0.038137	0.035714	0.169250	0.155437	0.162050	85
1.37	0.164642	0.150750	0.157390	0.034193	0.036547	0.035331	0.174249	0.150757	0.161654	79
1.24	0.173749	0.144404	0.157723	0.035485	0.033646	0.034541	0.176921	0.144639	0.159160	71
1.16	0.177729	0.137759	0.155212	0.036974	0.020729	0.026565	0.177584	0.139051	0.155973	64
1.10	0.180165	0.132383	0.152621	0.037281	0.018674	0.024884	0.177985	0.134523	0.153232	56
1.06	0.181875	0.129620	0.151365	0.039173	0.017570	0.024259	0.178713	0.132171	0.151958	47
1.04	0.181760	0.126633	0.149269	0.040543	0.016889	0.023845	0.177787	0.130023	0.150200	39
1.03	0.177353	0.121855	0.144457	0.037993	0.014928	0.021434	0.174658	0.125975	0.146375	36
1.02	0.173503	0.118121	0.140554	0.040113	0.014364	0.021153	0.171613	0.123047	0.143327	32
1.01	0.170998	0.115956	0.138198	0.040149	0.014124	0.020897	0.169270	0.121466	0.141438	29
1.01	0.166298	0.112297	0.134064	0.036300	0.013740	0.019934	0.164975	0.118416	0.137871	21
1.01	0.160661	0.108191	0.129306	0.036104	0.013328	0.019469	0.159880	0.115469	0.134093	19
1.00	0.156819	0.105428	0.126088	0.037019	0.013054	0.019302	0.156086	0.113132	0.131182	15
1.00	0.150889	0.101396	0.121288	0.036823	0.012774	0.018968	0.150117	0.108976	0.126280	12
1.00	0.148371	0.099604	0.119192	0.036935	0.012572	0.018758	0.147886	0.107776	0.124685	10
1.00	0.145258	0.097439	0.116638	0.025895	0.012347	0.016721	0.144929	0.106187	0.122569	8
1.00	0.143907	0.096468	0.115507	0.025490	0.012246	0.016543	0.143590	0.105350	0.121533	5
1.00	0.142666	0.095572	0.114465	0.024948	0.012147	0.016339	0.142530	0.104606	0.120658	5
1.00	0.140818	0.094303	0.112959	0.024214	0.012024	0.016068	0.140745	0.103518	0.119295	5
1.00	0.139146	0.093183	0.111618	0.024012	0.011928	0.015939	0.139072	0.102440	0.117978	5
1.00	0.137966	0.092362	0.110649	0.023792	0.011843	0.015814	0.137900	0.101845	0.117161	4
1.00	0.137535	0.092063	0.110296	0.024981	0.011798	0.016027	0.137454	0.101547	0.116803	4
1.00	0.137773	0.092212	0.110480	0.025666	0.011784	0.016152	0.137677	0.101938	0.117142	4
1.00	0.137439	0.091988	0.110212	0.025655	0.011754	0.016122	0.137342	0.101845	0.116959	4
1.00	0.137327	0.091914	0.110122	0.026172	0.011728	0.016197	0.137231	0.101826	0.116907	4
1.00	0.137327	0.091914	0.110122	0.026062	0.011734	0.016182	0.137231	0.101770	0.116870	4
1.00	0.136450	0.091316	0.109411	0.025832	0.011679	0.016086	0.136450	0.101231	0.116231	4
1.00	0.135446	0.090644	0.108606	0.026306	0.011617	0.016116	0.135446	0.100710	0.115523	4
1.00	0.135223	0.090495	0.108427	0.025521	0.011594	0.015944	0.135223	0.100608	0.115375	4
1.00	0.135446	0.090644	0.108606	0.023233	0.011585	0.015461	0.135446	0.100868	0.115627	4
1.00	0.135111	0.090420	0.108338	0.022381	0.011537	0.015226	0.135111	0.100720	0.115408	4
1.00	0.135334	0.090570	0.108517	0.022215	0.011547	0.015196	0.135334	0.100813	0.115550	4
1.00	0.136115	0.091092	0.109143	0.022297	0.011552	0.015219	0.136115	0.101538	0.116311	4
1.00	0.137119	0.091764	0.109948	0.023593	0.011570	0.015526	0.137119	0.102309	0.117184	4
1.00	0.137677	0.092138	0.110395	0.023628	0.011571	0.015535	0.137677	0.102653	0.117613	4
1.00	0.141566	0.094751	0.113521	0.023462	0.011638	0.015558	0.141582	0.106503	0.121562	4
1.00	0.144021	0.096394	0.115490	0.023462	0.011664	0.015581	0.144037	0.108455	0.123739	4
1.00	0.150156	0.100500	0.120410	0.023710	0.011760	0.015722	0.150173	0.113857	0.129517	4
1.00	0.158969	0.106399	0.127477	0.022246	0.011887	0.015494	0.158987	0.121174	0.137529	4
1.00	0.165440	0.110729	0.132665	0.022488	0.011959	0.015614	0.165458	0.127013	0.143709	4
1.00	0.171352	0.114687	0.137407	0.021981	0.011988	0.015514	0.171371	0.132071	0.149176	4
1.00	0.181058	0.121183	0.145189	0.021843	0.012099	0.015572	0.181078	0.141126	0.158625	4
1.00	0.200022	0.133876	0.160397	0.021352	0.012316	0.015622	0.200045	0.157927	0.176508	4
1.00	0.223784	0.149780	0.179452	0.021507	0.012634	0.015917	0.223809	0.179070	0.198955	4
1.00	0.245984	0.164638	0.197254	0.021602	0.012917	0.016166	0.246011	0.198743	0.219865	4
1.00	0.294065	0.196819	0.235810	0.022410	0.013535	0.016877	0.294098	0.242190	0.265632	4
1.00	0.377622	0.252744	0.302813	0.022604	0.014317	0.017531	0.377664	0.316202	0.344211	4
1.00	0.486836	0.325842	0.390392	0.022601	0.014744	0.017846	0.486891	0.412877	0.446840	4
1.00	0.571508	0.382513	0.458290	0.022895	0.013938	0.017327	0.571572	0.488650	0.526868	4
1.00	0.638443	0.427313	0.511965	0.022563	0.012573	0.016148	0.638514	0.550309	0.591139	4
1.00	0.648706	0.434182	0.520195	0.023901	0.012079	0.016048	0.648778	0.560229	0.601261	4
1.00	0.653949	0.437691	0.524400	0.022800	0.011745	0.015504	0.654022	0.565268	0.606415	4
1.00	0.656403	0.439334	0.526368	0.022532	0.011675	0.015380	0.656477	0.567397	0.608695	4
1.00	0.657296	0.439931	0.527083	0.022750	0.011714	0.015465	0.657369	0.567881	0.609357	4
1.00	0.653430	0.437393	0.524018	0.021020	0.011818	0.015130	0.653576	0.564320	0.605677	4
1.00	0.644841	0.431643	0.517130	0.022103	0.012502	0.015970	0.644985	0.555543	0.596932	4
1.00	0.613540	0.410737	0.492061	0.021644	0.013707	0.016785	0.613745	0.525179	0.566019	4
1.00	0.546783	0.366087	0.438551	0.023239	0.014960	0.018203	0.546915	0.464069	0.502098	4
1.00	0.436775	0.292466	0.350342	0.022893	0.015248	0.018304	0.436796	0.365097	0.397741	4
1.00	0.304973	0.204211	0.244622	0.023144	0.014219	0.017615	0.304920	0.247852	0.273440	4
1.00	0.236593	0.158441	0.189786	0.022958	0.013433	0.016949	0.236528	0.185457	0.207902	4
1.00	0.211483	0.141641	0.169655	0.022782	0.013137	0.016665	0.211369	0.163608	0.184447	4
1.00	0.202474	0.135668	0.162472	0.022264	0.013125	0.016514	0.202276	0.154980	0.175497	4
1.00	0.200423	0.134324	0.160848	0.021829	0.013359	0.016575	0.200212	0.151410	0.172424	4
1.00	0.202539	0.135817	0.162599	0.021982	0.013581	0.016789	0.202109	0.151828	0.173397	4
1.00	0.202002	0.135593	0.162266	0.022765	0.013691	0.017099	0.201272	0.150945	0.172513	4
1.00	0.195821	0.131561	0.157385	0.022362	0.013660	0.016960	0.194801	0.144938	0.166211	4
