
Sun Aug 29 17:57:28 2021
65.22	0.011883	0.482866	0.023195	0.015291	0.113274	0.026945	0.012012	0.549333	0.023510	124
58.47	0.011392	0.446429	0.022217	0.020682	0.155512	0.036509	0.011534	0.506572	0.022554	125
51.51	0.011724	0.404762	0.022787	0.021528	0.135056	0.037136	0.011852	0.463943	0.023113	125
45.06	0.012141	0.366667	0.023503	0.021811	0.124086	0.037101	0.012225	0.422795	0.023763	125
38.71	0.012618	0.327381	0.024300	0.022219	0.109344	0.036933	0.012736	0.381942	0.024649	124
32.78	0.012625	0.277381	0.024151	0.019374	0.085175	0.031568	0.012848	0.321107	0.024707	121
27.56	0.013275	0.245238	0.025186	0.019588	0.068792	0.030494	0.013607	0.287655	0.025984	120
22.67	0.014339	0.217857	0.026908	0.010832	0.058671	0.018287	0.014516	0.255536	0.027472	117
18.50	0.015170	0.188095	0.028076	0.012493	0.049621	0.019960	0.015101	0.221788	0.028276	112
15.17	0.014871	0.151190	0.027079	0.010147	0.037509	0.015973	0.014605	0.179455	0.027012	107
12.01	0.015087	0.121429	0.026839	0.011403	0.034156	0.017098	0.014661	0.140675	0.026554	102
9.47	0.015186	0.096429	0.026239	0.010283	0.022560	0.014127	0.014187	0.116400	0.025292	92
7.29	0.018514	0.090476	0.030738	0.011027	0.019164	0.013999	0.017638	0.111072	0.030442	86
5.50	0.019063	0.070238	0.029987	0.010092	0.013146	0.011418	0.017028	0.088514	0.028561	77
4.05	0.019298	0.052381	0.028205	0.009736	0.005555	0.007074	0.016082	0.065127	0.025794	72
2.83	0.020075	0.038095	0.026294	0.009874	0.002554	0.004059	0.020541	0.045885	0.028378	59
2.00	0.025801	0.034524	0.029532	0.009929	0.001419	0.002483	0.027117	0.040557	0.032502	51
1.45	0.033129	0.032143	0.032628	0.009896	0.001444	0.002520	0.034251	0.036116	0.035159	40
1.20	0.044577	0.035714	0.039656	0.010021	0.001718	0.002934	0.045885	0.037892	0.041507	34
1.11	0.059105	0.044048	0.050477	0.010541	0.002165	0.003593	0.062167	0.044997	0.052207	32
1.05	0.079526	0.055952	0.065688	0.010358	0.002798	0.004405	0.081705	0.055358	0.065999	31
1.02	0.119584	0.082143	0.097389	0.009945	0.003859	0.005560	0.121670	0.089106	0.102872	32
1.02	0.127622	0.086905	0.103399	0.008739	0.004076	0.005559	0.128774	0.095323	0.109552	30
1.01	0.147627	0.100000	0.119234	0.008700	0.004785	0.006174	0.148313	0.109828	0.126202	29
1.01	0.173684	0.117857	0.140426	0.009255	0.005800	0.007131	0.174956	0.127886	0.147763	30
1.01	0.196113	0.132143	0.157895	0.009078	0.006496	0.007573	0.197158	0.143576	0.166154	28
1.00	0.230089	0.154762	0.185053	0.009507	0.007773	0.008553	0.230906	0.164298	0.191989	24
1.00	0.248227	0.166667	0.199430	0.009191	0.008405	0.008780	0.248668	0.174660	0.205194	20
1.00	0.264654	0.177381	0.212402	0.008914	0.008961	0.008937	0.264654	0.184577	0.217478	15
1.00	0.269982	0.180952	0.216679	0.008978	0.009191	0.009083	0.269982	0.187537	0.221331	15
1.00	0.275311	0.184524	0.220955	0.008963	0.009420	0.009186	0.275311	0.189668	0.224603	12
1.00	0.271758	0.182143	0.218104	0.009160	0.009401	0.009279	0.271758	0.186116	0.220928	10
1.00	0.268206	0.179762	0.215253	0.009260	0.009337	0.009298	0.268206	0.182564	0.217249	10
1.00	0.262877	0.176190	0.210976	0.009212	0.009241	0.009226	0.262877	0.178123	0.212356	8
1.00	0.259325	0.173810	0.208125	0.009201	0.009221	0.009211	0.259325	0.174275	0.208459	8
1.00	0.261101	0.175000	0.209551	0.017008	0.009269	0.011999	0.261101	0.175163	0.209668	7
1.00	0.255773	0.171429	0.205274	0.016983	0.009173	0.011912	0.255773	0.169834	0.204127	6
1.00	0.252220	0.169048	0.202423	0.016962	0.009109	0.011853	0.252220	0.166282	0.200427	5
1.00	0.250444	0.167857	0.200998	0.016951	0.009077	0.011823	0.250444	0.164506	0.198576	4
1.00	0.248668	0.166667	0.199572	0.016940	0.009045	0.011793	0.248668	0.161841	0.196072	3
1.00	0.248668	0.166667	0.199572	0.017143	0.009045	0.011842	0.248668	0.161841	0.196072	3
1.00	0.248668	0.166667	0.199572	0.017143	0.009045	0.011842	0.248668	0.161841	0.196072	3
1.00	0.246892	0.165476	0.198147	0.017140	0.009013	0.011814	0.246892	0.160065	0.194216	3
1.00	0.246892	0.165476	0.198147	0.017140	0.009013	0.011814	0.246892	0.160065	0.194216	3
1.00	0.245115	0.164286	0.196721	0.017137	0.008981	0.011785	0.245115	0.158289	0.192358	3
1.00	0.245115	0.164286	0.196721	0.017137	0.008981	0.011785	0.245115	0.158289	0.192358	3
1.00	0.252220	0.169048	0.202423	0.017149	0.009124	0.011911	0.252220	0.165394	0.199781	3
1.00	0.257549	0.172619	0.206700	0.016970	0.009236	0.011962	0.257549	0.170722	0.205334	3
1.00	0.264654	0.177381	0.212402	0.014881	0.009320	0.011461	0.264654	0.176939	0.212085	3
1.00	0.266430	0.178571	0.213828	0.013295	0.009263	0.010918	0.266430	0.179603	0.214566	3
1.00	0.278863	0.186905	0.223806	0.013288	0.009487	0.011070	0.278863	0.191149	0.226821	3
1.00	0.296625	0.198810	0.238061	0.013428	0.009807	0.011335	0.296625	0.207134	0.243931	3
1.00	0.310835	0.208333	0.249465	0.012102	0.010063	0.010989	0.310835	0.221344	0.258565	3
1.00	0.319716	0.214286	0.256593	0.012629	0.010239	0.011309	0.319716	0.228449	0.266485	3
1.00	0.325044	0.217857	0.260870	0.013477	0.010350	0.011709	0.325044	0.233777	0.271958	3
1.00	0.333925	0.223810	0.267997	0.013973	0.010542	0.012017	0.333925	0.240349	0.279513	4
1.00	0.341030	0.228571	0.273699	0.013825	0.010656	0.012036	0.341030	0.245678	0.285606	4
1.00	0.351687	0.235714	0.282252	0.013081	0.010791	0.011826	0.351687	0.255743	0.296138	4
1.00	0.367673	0.246429	0.295082	0.012543	0.011050	0.011749	0.367673	0.269953	0.311325	4
1.00	0.371226	0.248810	0.297933	0.012568	0.011101	0.011789	0.371226	0.273209	0.314763	4
1.00	0.373002	0.250000	0.299359	0.012455	0.011119	0.011749	0.373002	0.275281	0.316776	4
1.00	0.376554	0.252381	0.302210	0.012594	0.011186	0.011848	0.376554	0.277057	0.319233	4
1.00	0.382979	0.257143	0.307692	0.012884	0.011347	0.012067	0.382771	0.284162	0.326177	4
1.00	0.385841	0.259524	0.310320	0.012882	0.011413	0.012103	0.385435	0.286827	0.328899	4
1.00	0.385841	0.259524	0.310320	0.013151	0.011429	0.012230	0.385435	0.285938	0.328314	4
1.01	0.374558	0.252381	0.301565	0.013179	0.011282	0.012156	0.373890	0.274985	0.316900	4
1.01	0.361552	0.244048	0.291400	0.013050	0.011042	0.011962	0.360568	0.262256	0.303653	4
1.00	0.350442	0.235714	0.281851	0.013141	0.010844	0.011883	0.349911	0.250710	0.292119	4
1.01	0.340989	0.229762	0.274538	0.013199	0.010727	0.011835	0.340142	0.243606	0.283892	4
1.00	0.326241	0.219048	0.262108	0.013795	0.010510	0.011930	0.325933	0.228508	0.268661	4
1.00	0.314387	0.210714	0.252316	0.013548	0.010268	0.011682	0.314387	0.216963	0.256743	3
1.00	0.307282	0.205952	0.246614	0.012983	0.010093	0.011357	0.307282	0.212818	0.251472	3
1.00	0.305506	0.204762	0.245189	0.013139	0.010045	0.011385	0.305506	0.211930	0.250257	3
1.00	0.300178	0.201190	0.240912	0.012849	0.009933	0.011205	0.300178	0.206602	0.244750	3
1.00	0.300178	0.201190	0.240912	0.012849	0.009933	0.011205	0.300178	0.206602	0.244750	3
1.00	0.298401	0.200000	0.239487	0.012545	0.009886	0.011058	0.298401	0.205713	0.243536	3
1.00	0.294849	0.197619	0.236636	0.012172	0.009806	0.010862	0.294849	0.203049	0.240486	3
1.00	0.294326	0.197619	0.236467	0.012169	0.009806	0.010861	0.293961	0.203049	0.240190	3
1.00	0.296625	0.198810	0.238061	0.012531	0.009854	0.011032	0.296625	0.204825	0.242322	3
1.00	0.298401	0.200000	0.239487	0.012647	0.009886	0.011097	0.298401	0.205713	0.243536	4
1.00	0.303191	0.203571	0.243590	0.013027	0.010013	0.011323	0.302842	0.208378	0.246882	3
1.00	0.308511	0.207143	0.247863	0.013467	0.010140	0.011569	0.308171	0.212818	0.251769	3
1.00	0.312057	0.209524	0.250712	0.013125	0.010204	0.011482	0.311723	0.216371	0.255438	3
1.00	0.312057	0.209524	0.250712	0.013046	0.010204	0.011452	0.311723	0.216371	0.255438	4
1.00	0.313830	0.210714	0.252137	0.013422	0.010252	0.011625	0.313499	0.217259	0.256653	4
1.00	0.317376	0.213095	0.254986	0.013296	0.010316	0.011618	0.317052	0.220811	0.260321	4
1.00	0.328014	0.220238	0.263533	0.013331	0.010508	0.011752	0.327709	0.231468	0.271306	4
1.00	0.335106	0.225000	0.269231	0.013399	0.010636	0.011859	0.334814	0.238573	0.278617	4
1.00	0.342199	0.229762	0.274929	0.013398	0.010764	0.011938	0.341918	0.245678	0.285917	4
1.00	0.341593	0.229762	0.274733	0.021195	0.011383	0.014812	0.340142	0.244790	0.284694	5
1.00	0.339823	0.228571	0.273310	0.021178	0.011351	0.014780	0.338366	0.243014	0.282870	5
1.00	0.336879	0.226190	0.270655	0.020989	0.011272	0.014667	0.335702	0.240349	0.280134	5
1.00	0.336879	0.226190	0.270655	0.020989	0.011272	0.014667	0.335702	0.240349	0.280134	5
1.00	0.333333	0.223810	0.267806	0.020955	0.011208	0.014604	0.332149	0.236797	0.276483	5
1.00	0.333333	0.223810	0.267806	0.020955	0.011208	0.014604	0.332149	0.236797	0.276483	5
1.00	0.328014	0.220238	0.263533	0.021052	0.011096	0.014532	0.326821	0.231468	0.271002	5
1.00	0.322695	0.216667	0.259259	0.020562	0.010969	0.014306	0.321492	0.227916	0.266735	5
1.00	0.320922	0.215476	0.257835	0.020779	0.010952	0.014344	0.319716	0.225252	0.264297	5
1.00	0.320922	0.215476	0.257835	0.020710	0.010952	0.014327	0.319716	0.225252	0.264297	5
1.00	0.323894	0.217857	0.260498	0.021046	0.011047	0.014489	0.322380	0.227028	0.266430	5
1.00	0.325664	0.219048	0.261922	0.020770	0.011066	0.014439	0.324156	0.228804	0.268259	5
1.01	0.333922	0.225000	0.268848	0.020848	0.011845	0.015107	0.331261	0.236797	0.276175	5
1.01	0.339223	0.228571	0.273115	0.020903	0.011941	0.015200	0.336590	0.242126	0.281648	5
1.01	0.339223	0.228571	0.273115	0.020903	0.011941	0.015200	0.336590	0.242126	0.281648	5
1.01	0.339223	0.228571	0.273115	0.020903	0.011941	0.015200	0.336590	0.242126	0.281648	5
1.01	0.330389	0.222619	0.266003	0.020942	0.011766	0.015067	0.327709	0.233245	0.272523	5
1.01	0.328622	0.221429	0.264580	0.020923	0.011734	0.015035	0.325933	0.231468	0.270696	5
1.01	0.325088	0.219048	0.261735	0.020883	0.011670	0.014973	0.322380	0.227916	0.267040	5
1.01	0.322183	0.217857	0.259943	0.020505	0.012225	0.015318	0.317940	0.227028	0.264901	5
1.01	0.320423	0.216667	0.258523	0.020556	0.012193	0.015307	0.316163	0.225252	0.263075	5
1.01	0.320423	0.216667	0.258523	0.020955	0.012238	0.015452	0.316163	0.224364	0.262468	5
1.01	0.316901	0.214286	0.255682	0.020989	0.012174	0.015410	0.312611	0.220811	0.258812	5
1.01	0.314587	0.213095	0.254081	0.020622	0.012716	0.015732	0.309059	0.219035	0.256374	5
1.01	0.317544	0.215476	0.256738	0.020993	0.012812	0.015912	0.310835	0.220811	0.258201	5
1.01	0.324561	0.220238	0.262411	0.021256	0.012971	0.016111	0.317940	0.225844	0.264093	5
1.01	0.325132	0.220238	0.262598	0.021136	0.012352	0.015592	0.319716	0.226732	0.265313	5
1.01	0.334507	0.226190	0.269886	0.021091	0.012528	0.015719	0.329485	0.235613	0.274752	5
1.01	0.339789	0.229762	0.274148	0.021085	0.012624	0.015792	0.334814	0.240941	0.280225	5
1.01	0.341549	0.230952	0.275568	0.020810	0.012656	0.015739	0.336590	0.242718	0.282048	5
1.01	0.345070	0.233333	0.278409	0.020898	0.012735	0.015826	0.340142	0.246270	0.285693	5
1.01	0.343915	0.232143	0.277185	0.020676	0.012040	0.015218	0.340142	0.245382	0.285094	5
1.01	0.343915	0.232143	0.277185	0.020628	0.012040	0.015205	0.340142	0.245382	0.285094	6
1.01	0.342152	0.230952	0.275764	0.019935	0.011919	0.014918	0.338366	0.245086	0.284269	6
1.01	0.345679	0.233333	0.278607	0.020090	0.011954	0.014989	0.341918	0.248046	0.287514	7
1.01	0.347443	0.234524	0.280028	0.020093	0.011972	0.015004	0.343695	0.249822	0.289335	7
1.01	0.356261	0.240476	0.287136	0.020597	0.012195	0.015319	0.352575	0.256039	0.296651	7
1.01	0.352734	0.238095	0.284293	0.020472	0.012086	0.015199	0.349023	0.253375	0.293605	7
1.01	0.356261	0.240476	0.287136	0.020744	0.012197	0.015362	0.352575	0.255151	0.296054	7
1.01	0.367958	0.248810	0.296875	0.021172	0.012531	0.015743	0.363233	0.261072	0.303793	6
1.01	0.371930	0.252381	0.300709	0.021697	0.012765	0.016073	0.366785	0.264624	0.307440	6
1.02	0.375874	0.255952	0.304533	0.021816	0.012908	0.016219	0.369449	0.267880	0.310572	6
1.02	0.375652	0.257143	0.305300	0.021672	0.012927	0.016194	0.367673	0.268472	0.310338	6
1.03	0.381034	0.263095	0.311268	0.021713	0.013194	0.016414	0.371226	0.274689	0.315743	6
1.03	0.384483	0.265476	0.314085	0.021918	0.013289	0.016546	0.374778	0.277057	0.318593	6
1.03	0.381034	0.263095	0.311268	0.021845	0.013194	0.016451	0.371226	0.273505	0.314960	6
1.03	0.381034	0.263095	0.311268	0.021912	0.013194	0.016470	0.371226	0.273505	0.314960	6
1.03	0.379310	0.261905	0.309859	0.021940	0.013175	0.016464	0.369449	0.272617	0.313731	6
1.03	0.379310	0.261905	0.309859	0.021961	0.013175	0.016469	0.369449	0.272617	0.313731	6
1.03	0.377586	0.260714	0.308451	0.021990	0.013127	0.016440	0.367673	0.271729	0.312503	6
1.03	0.375862	0.259524	0.307042	0.021817	0.013080	0.016354	0.365897	0.271137	0.311469	6
1.03	0.376936	0.260714	0.308234	0.024292	0.013280	0.017172	0.365897	0.272025	0.312054	6
1.03	0.375862	0.259524	0.307042	0.024351	0.013232	0.017147	0.365009	0.271137	0.311147	6
1.03	0.376936	0.260714	0.308234	0.024328	0.013868	0.017666	0.365009	0.272321	0.311925	6
1.03	0.374138	0.258333	0.305634	0.024227	0.013773	0.017562	0.362345	0.268769	0.308619	6
1.03	0.369603	0.254762	0.301621	0.024147	0.013630	0.017424	0.357904	0.265216	0.304667	6
1.03	0.368512	0.253571	0.300423	0.024032	0.014214	0.017863	0.356128	0.262552	0.302263	6
1.03	0.367876	0.253571	0.300211	0.023855	0.014183	0.017790	0.355240	0.264624	0.303308	6
1.03	0.368512	0.253571	0.300423	0.023768	0.014167	0.017753	0.357016	0.264624	0.303954	6
1.02	0.365685	0.251190	0.297812	0.023652	0.014072	0.017646	0.354352	0.262848	0.301817	6
1.02	0.363478	0.248810	0.295406	0.023684	0.013402	0.017118	0.353464	0.260184	0.299734	6
1.02	0.364747	0.248810	0.295824	0.023693	0.013416	0.017131	0.357016	0.261368	0.301795	6
1.01	0.367776	0.250000	0.297661	0.023669	0.013432	0.017138	0.360568	0.263144	0.304247	6
1.01	0.364273	0.247619	0.294826	0.023364	0.013337	0.016981	0.357016	0.260480	0.301202	6
1.02	0.367133	0.250000	0.297450	0.024750	0.013585	0.017541	0.358792	0.262256	0.303021	6
1.02	0.379371	0.258333	0.307365	0.025148	0.013872	0.017880	0.371226	0.272913	0.314567	6
1.02	0.374126	0.254762	0.303116	0.025040	0.013760	0.017760	0.365897	0.268472	0.309704	6
1.02	0.371728	0.253571	0.301486	0.025730	0.013880	0.018033	0.362345	0.266400	0.307052	6
1.02	0.368881	0.251190	0.298867	0.025582	0.013785	0.017916	0.359680	0.263736	0.304325	6
1.02	0.363636	0.247619	0.294618	0.025437	0.013658	0.017773	0.354352	0.260184	0.300053	6
1.02	0.361888	0.246429	0.293201	0.025744	0.014274	0.018365	0.352575	0.258407	0.298235	6
1.02	0.356643	0.242857	0.288952	0.025818	0.014176	0.018302	0.347247	0.254855	0.293962	6
1.02	0.350785	0.239286	0.284501	0.025053	0.014064	0.018015	0.341918	0.249526	0.288506	6
1.02	0.342059	0.233333	0.277424	0.025168	0.013888	0.017899	0.333037	0.241533	0.279999	6
1.02	0.340314	0.232143	0.276008	0.025210	0.013856	0.017883	0.331261	0.239757	0.278178	6
1.02	0.339688	0.233333	0.276641	0.023913	0.013919	0.017596	0.333037	0.239461	0.278602	6
1.03	0.336788	0.232143	0.274841	0.023567	0.013887	0.017477	0.331261	0.237685	0.276778	6
1.03	0.333333	0.230952	0.272855	0.023211	0.013855	0.017352	0.329485	0.235909	0.274953	6
1.04	0.334477	0.232143	0.274069	0.023067	0.013903	0.017349	0.329485	0.236501	0.275355	6
1.04	0.341338	0.236905	0.279691	0.023350	0.014078	0.017565	0.336590	0.242718	0.282048	6
1.04	0.349829	0.244048	0.287518	0.023793	0.014335	0.017891	0.342806	0.249526	0.288822	6
1.04	0.361775	0.252381	0.297335	0.024226	0.014608	0.018226	0.352575	0.258111	0.298037	6
1.04	0.375643	0.260714	0.307800	0.025630	0.014895	0.018840	0.362345	0.266992	0.307445	6
1.04	0.387650	0.269048	0.317639	0.026224	0.015213	0.019255	0.373890	0.275873	0.317489	6
1.04	0.394872	0.275000	0.324211	0.026203	0.015346	0.019356	0.380995	0.285050	0.326112	7
1.04	0.403087	0.279762	0.330288	0.026184	0.015279	0.019297	0.389876	0.292747	0.334401	8
1.04	0.413675	0.288095	0.339649	0.024763	0.015413	0.019000	0.401421	0.302516	0.345020	8
1.04	0.429302	0.300000	0.353189	0.022139	0.015645	0.018334	0.420071	0.318502	0.362303	8
1.04	0.433673	0.303571	0.357143	0.024647	0.016586	0.019828	0.424512	0.322054	0.366253	8
1.05	0.438031	0.307143	0.361092	0.025579	0.017508	0.020788	0.428064	0.326791	0.370634	7
1.05	0.443124	0.310714	0.365290	0.024529	0.017517	0.020439	0.434281	0.333008	0.376961	7
1.04	0.452381	0.316667	0.372549	0.024606	0.017680	0.020576	0.444050	0.340112	0.385193	7
1.05	0.460102	0.322619	0.379286	0.032492	0.018165	0.023303	0.451451	0.347217	0.392532	8
1.04	0.465986	0.326190	0.383754	0.032556	0.018293	0.023424	0.457667	0.352546	0.398287	9
1.04	0.476190	0.333333	0.392157	0.032707	0.018563	0.023684	0.468324	0.359059	0.406477	9
1.05	0.485618	0.341667	0.401118	0.032900	0.018912	0.024018	0.477205	0.365867	0.414185	9
1.05	0.483051	0.339286	0.398601	0.032862	0.018848	0.023956	0.474541	0.362315	0.410903	8
1.05	0.487310	0.342857	0.402516	0.033136	0.019096	0.024229	0.478982	0.363499	0.413326	8
1.05	0.482233	0.339286	0.398323	0.033077	0.018984	0.024123	0.473653	0.359059	0.408471	8
1.05	0.478921	0.338095	0.396371	0.033264	0.019041	0.024219	0.470101	0.357282	0.406000	8
1.06	0.473154	0.335714	0.392758	0.033312	0.019050	0.024239	0.462996	0.352546	0.400292	8
1.06	0.463866	0.328571	0.384669	0.033218	0.018765	0.023982	0.453227	0.344553	0.391488	8
1.06	0.458054	0.325000	0.380223	0.040986	0.018987	0.025952	0.445234	0.338336	0.384493	9
1.06	0.446128	0.315476	0.369595	0.040875	0.018622	0.025587	0.433689	0.327975	0.373496	9
1.05	0.447635	0.315476	0.370112	0.039121	0.018803	0.025399	0.434577	0.327679	0.373632	8
1.05	0.439189	0.309524	0.363129	0.037908	0.018565	0.024924	0.426584	0.322054	0.367022	8
1.05	0.431472	0.303571	0.356394	0.037028	0.018356	0.024545	0.418591	0.317022	0.360794	8
1.06	0.430976	0.304762	0.357043	0.036521	0.018404	0.024474	0.418887	0.317910	0.361479	9
1.07	0.431667	0.308333	0.359722	0.035702	0.018699	0.024544	0.421551	0.321462	0.364766	10
1.07	0.428099	0.308333	0.358478	0.034872	0.018670	0.024320	0.421551	0.321462	0.364766	10
1.07	0.428808	0.308333	0.358726	0.034882	0.018670	0.024322	0.422439	0.321462	0.365098	10
1.07	0.428808	0.308333	0.358726	0.034968	0.018655	0.024330	0.422439	0.321462	0.365098	10
1.07	0.431177	0.309524	0.360360	0.035019	0.018687	0.024369	0.424215	0.323239	0.366906	10
1.07	0.422886	0.303571	0.353430	0.034893	0.018477	0.024161	0.415335	0.317318	0.359770	10
1.07	0.420530	0.302381	0.351801	0.033533	0.019047	0.024294	0.412374	0.315838	0.357707	10
1.07	0.419569	0.301190	0.350658	0.033517	0.018970	0.024228	0.412374	0.314950	0.357137	10
1.07	0.420530	0.302381	0.351801	0.033527	0.019047	0.024293	0.412374	0.315838	0.357707	10
1.07	0.414876	0.298810	0.347405	0.033514	0.018904	0.024173	0.405861	0.311397	0.352409	10
1.08	0.414191	0.298810	0.347165	0.033735	0.018933	0.024254	0.403197	0.311397	0.351401	10
1.07	0.411570	0.296429	0.344637	0.033932	0.018866	0.024250	0.399645	0.307845	0.347789	10
1.07	0.410596	0.295238	0.343490	0.034550	0.019438	0.024879	0.396092	0.306069	0.345310	10
1.07	0.411960	0.295238	0.343967	0.034740	0.019438	0.024928	0.397869	0.306069	0.345983	10
1.06	0.409015	0.291667	0.340514	0.034625	0.019189	0.024693	0.394612	0.301628	0.341911	10
1.06	0.413043	0.294048	0.343533	0.035009	0.019284	0.024869	0.398165	0.303108	0.344194	10
1.06	0.409015	0.291667	0.340514	0.034673	0.019207	0.024720	0.394612	0.298372	0.339809	10
1.06	0.407346	0.290476	0.339124	0.034631	0.019146	0.024659	0.392836	0.297484	0.338574	10
1.06	0.412752	0.292857	0.342618	0.035960	0.019241	0.025069	0.396980	0.301036	0.342414	10
1.06	0.422819	0.300000	0.350975	0.036929	0.019485	0.025510	0.406750	0.308437	0.350836	10
1.06	0.438127	0.311905	0.364395	0.038220	0.020564	0.026741	0.421847	0.320870	0.364495	10
1.06	0.447412	0.319048	0.372481	0.040247	0.020821	0.027444	0.431468	0.327679	0.372479	10
1.06	0.458961	0.326190	0.381350	0.049038	0.022606	0.030947	0.443902	0.335376	0.382082	11
1.06	0.461409	0.327381	0.383008	0.049908	0.022654	0.031163	0.446566	0.337152	0.384221	11
1.06	0.460504	0.326190	0.381882	0.049734	0.022577	0.031056	0.445678	0.335376	0.382738	11
1.05	0.461149	0.325000	0.381285	0.049754	0.022180	0.030682	0.449230	0.336560	0.384818	11
1.05	0.465430	0.328571	0.385206	0.048514	0.021363	0.029663	0.453671	0.340113	0.388769	11
1.06	0.459732	0.326190	0.381616	0.048457	0.021496	0.029781	0.445678	0.335672	0.382931	11
1.06	0.458961	0.326190	0.381350	0.045998	0.020764	0.028612	0.444790	0.336264	0.382987	11
1.06	0.458194	0.326190	0.381085	0.045940	0.020764	0.028601	0.443902	0.336264	0.382658	11
1.06	0.458194	0.326190	0.381085	0.045935	0.020764	0.028600	0.443902	0.336560	0.382849	11
1.07	0.457571	0.327381	0.381679	0.045827	0.020783	0.028597	0.443014	0.337448	0.383092	11
1.07	0.457711	0.328571	0.382536	0.043888	0.020831	0.028252	0.443902	0.338040	0.383805	11
1.07	0.457711	0.328571	0.382536	0.043937	0.020859	0.028289	0.443902	0.339224	0.384567	11
1.08	0.456343	0.329762	0.382861	0.044223	0.021031	0.028506	0.441237	0.339224	0.383564	11
1.09	0.453355	0.329762	0.381806	0.041870	0.021031	0.027998	0.440349	0.339224	0.383228	10
1.09	0.448052	0.328571	0.379121	0.040482	0.020983	0.027640	0.437685	0.338336	0.381651	10
1.10	0.447326	0.328571	0.378861	0.040344	0.020983	0.027608	0.435909	0.338336	0.380974	10
1.10	0.457929	0.336905	0.388203	0.040267	0.021239	0.027809	0.448342	0.347809	0.391728	10
1.10	0.458199	0.339286	0.389877	0.039770	0.021287	0.027731	0.450118	0.351658	0.394842	10
1.11	0.456140	0.340476	0.389911	0.043067	0.022248	0.029339	0.451303	0.353730	0.396603	10
1.12	0.455414	0.340476	0.389646	0.034378	0.020886	0.025985	0.451303	0.353730	0.396603	9
1.12	0.457870	0.342857	0.392103	0.034423	0.021118	0.026177	0.454559	0.356394	0.399535	9
1.12	0.461783	0.345238	0.395095	0.034382	0.021198	0.026226	0.458999	0.359947	0.403483	9
1.12	0.463376	0.346429	0.396458	0.034486	0.020795	0.025945	0.460776	0.361723	0.405285	9
1.12	0.463376	0.346429	0.396458	0.034486	0.020795	0.025945	0.460776	0.361723	0.405285	9
1.12	0.463492	0.347619	0.397279	0.034865	0.021148	0.026327	0.458999	0.361723	0.404596	9
1.12	0.461173	0.346429	0.395649	0.034799	0.020665	0.025931	0.456927	0.359947	0.402680	9
1.12	0.458730	0.344048	0.393197	0.034851	0.020585	0.025883	0.454263	0.357282	0.399978	9
1.12	0.454690	0.340476	0.389381	0.034983	0.020458	0.025818	0.450710	0.353138	0.396002	9
1.12	0.444268	0.332143	0.380109	0.034679	0.020501	0.025768	0.440053	0.343369	0.385745	8
1.10	0.447496	0.329762	0.379712	0.033941	0.020253	0.025368	0.438573	0.341593	0.384055	8
1.09	0.445351	0.325000	0.375774	0.033600	0.019153	0.024398	0.436797	0.338040	0.381125	8
1.07	0.450331	0.323810	0.376731	0.034253	0.018951	0.024401	0.440349	0.338040	0.382471	9
1.07	0.443522	0.317857	0.370319	0.036271	0.018773	0.024741	0.429988	0.330343	0.373636	9
1.07	0.443333	0.316667	0.369444	0.038738	0.019685	0.026105	0.429100	0.328567	0.372164	8
1.07	0.445923	0.319048	0.371964	0.038939	0.019796	0.026248	0.431764	0.328863	0.373353	8
1.06	0.447412	0.319048	0.372481	0.038954	0.019796	0.026251	0.433541	0.328863	0.374016	8
1.06	0.452421	0.322619	0.376650	0.040748	0.020514	0.027289	0.437093	0.331824	0.377252	8
1.07	0.455000	0.325000	0.379167	0.040019	0.020456	0.027073	0.440645	0.335376	0.380871	8
1.07	0.458472	0.328571	0.382802	0.040073	0.020554	0.027172	0.444198	0.338928	0.384488	8
1.07	0.470000	0.335714	0.391667	0.040166	0.020809	0.027415	0.456631	0.347809	0.394860	8
1.06	0.472454	0.336905	0.393329	0.041268	0.020688	0.027560	0.460184	0.349586	0.397332	8
1.07	0.475083	0.340476	0.396671	0.041204	0.020816	0.027659	0.461664	0.351954	0.399412	8
1.08	0.476898	0.344048	0.399723	0.040187	0.021699	0.028182	0.461664	0.354618	0.401122	9
1.08	0.475248	0.342857	0.398340	0.040113	0.021651	0.028123	0.459888	0.353730	0.399883	9
1.08	0.474465	0.342857	0.398065	0.040155	0.021651	0.028134	0.458999	0.353730	0.399547	9
1.08	0.474465	0.342857	0.398065	0.040113	0.021651	0.028123	0.458999	0.353730	0.399547	9
1.08	0.476112	0.344048	0.399447	0.040131	0.021683	0.028154	0.460776	0.355506	0.401353	9
1.08	0.476190	0.345238	0.400276	0.040119	0.021884	0.028320	0.459888	0.356394	0.401580	9
1.08	0.474465	0.342857	0.398065	0.038624	0.021788	0.027860	0.459888	0.354914	0.400639	9
1.08	0.468750	0.339286	0.393646	0.037994	0.021646	0.027579	0.454263	0.351362	0.396241	9
1.08	0.465574	0.338095	0.391724	0.036679	0.021567	0.027162	0.452783	0.350178	0.394925	10
1.08	0.462295	0.335714	0.388966	0.036423	0.021456	0.027004	0.449822	0.349586	0.393420	10
1.10	0.460292	0.338095	0.389842	0.035154	0.022009	0.027070	0.448638	0.351362	0.394086	10
1.10	0.462903	0.341667	0.393151	0.035175	0.022442	0.027401	0.451303	0.354914	0.397346	10
1.10	0.462158	0.341667	0.392882	0.034979	0.022442	0.027342	0.451303	0.354914	0.397346	10
1.12	0.456280	0.341667	0.390742	0.034053	0.022610	0.027176	0.450414	0.354026	0.396446	10
1.12	0.456418	0.342857	0.391570	0.033545	0.023414	0.027578	0.448490	0.354914	0.396253	10
1.12	0.458003	0.344048	0.392930	0.033509	0.022995	0.027274	0.451155	0.356690	0.398399	10
1.12	0.458003	0.344048	0.392930	0.033634	0.023163	0.027433	0.450266	0.355802	0.397499	10
1.13	0.467085	0.354762	0.403248	0.034263	0.024203	0.028368	0.458111	0.362907	0.404989	10
1.13	0.466354	0.354762	0.402975	0.034333	0.024431	0.028548	0.456335	0.362907	0.404294	10
1.13	0.467085	0.354762	0.403248	0.042892	0.025888	0.032288	0.458111	0.362907	0.404989	11
1.13	0.474097	0.359524	0.408937	0.043882	0.026079	0.032715	0.466104	0.367052	0.410690	11
1.13	0.477237	0.361905	0.411645	0.043926	0.026174	0.032802	0.469657	0.370604	0.414292	11
1.13	0.474016	0.358333	0.408136	0.043730	0.025821	0.032469	0.466992	0.367052	0.411034	11
1.12	0.475436	0.357143	0.407886	0.043558	0.025468	0.032142	0.469657	0.367052	0.412063	12
1.11	0.475279	0.354762	0.406271	0.043606	0.025038	0.031811	0.471729	0.366459	0.412484	13
1.11	0.476800	0.354762	0.406826	0.043484	0.024717	0.031518	0.475281	0.366459	0.413836	13
1.12	0.474522	0.354762	0.405995	0.043416	0.024564	0.031376	0.471729	0.366459	0.412484	13
1.11	0.481541	0.357143	0.410116	0.044169	0.024660	0.031649	0.474393	0.370012	0.415751	13
1.11	0.489567	0.363095	0.416951	0.044386	0.024867	0.031875	0.482386	0.375340	0.422184	13
1.10	0.490354	0.363095	0.417237	0.044469	0.024248	0.031383	0.484162	0.376229	0.423425	14
1.10	0.491143	0.363095	0.417522	0.044357	0.024203	0.031318	0.485050	0.376229	0.423765	14
1.10	0.491143	0.363095	0.417522	0.044301	0.024174	0.031280	0.485050	0.377413	0.424515	14
1.10	0.493569	0.365476	0.419973	0.044289	0.024269	0.031356	0.486826	0.378893	0.426131	14
1.10	0.494364	0.365476	0.420260	0.044402	0.024406	0.031499	0.487715	0.380077	0.427220	14
1.10	0.498387	0.367857	0.423288	0.040551	0.024302	0.030391	0.492451	0.384517	0.431842	14
1.10	0.498387	0.367857	0.423288	0.040604	0.024302	0.030406	0.492451	0.384517	0.431842	14
1.09	0.501623	0.367857	0.424451	0.040723	0.024226	0.030380	0.495115	0.385702	0.433613	14
1.09	0.502447	0.366667	0.423950	0.040517	0.024026	0.030165	0.496892	0.384813	0.433729	14
1.08	0.504918	0.366667	0.424828	0.040747	0.024026	0.030228	0.497780	0.384813	0.434067	13
1.09	0.504092	0.366667	0.424535	0.040466	0.024026	0.030151	0.498076	0.384813	0.434180	12
1.09	0.503257	0.367857	0.425034	0.040561	0.024830	0.030803	0.496300	0.385998	0.434254	12
1.09	0.500813	0.366667	0.423368	0.040583	0.024811	0.030795	0.493635	0.384814	0.432484	12
1.09	0.500813	0.366667	0.423368	0.040671	0.024856	0.030855	0.492747	0.383629	0.431395	12
1.10	0.491909	0.361905	0.417010	0.040795	0.024880	0.030909	0.482090	0.376229	0.422631	12
1.10	0.488673	0.359524	0.414266	0.040796	0.024816	0.030860	0.478538	0.372676	0.419024	11
1.10	0.486312	0.359524	0.413415	0.041130	0.025103	0.031177	0.474097	0.369716	0.415450	11
1.11	0.483146	0.358333	0.411483	0.041281	0.025223	0.031314	0.469657	0.368828	0.413180	11
1.10	0.483871	0.357143	0.410959	0.041406	0.025052	0.031217	0.470545	0.367940	0.412964	11
1.10	0.483037	0.355952	0.409870	0.041191	0.025033	0.031141	0.466992	0.367348	0.411220	11
1.10	0.484653	0.357143	0.411241	0.044145	0.025804	0.032570	0.465216	0.367348	0.410530	11
1.10	0.483037	0.355952	0.409870	0.044182	0.025757	0.032542	0.463440	0.365571	0.408729	11
1.10	0.484653	0.357143	0.411241	0.044617	0.025804	0.032698	0.464328	0.367348	0.410183	11
1.10	0.484603	0.355952	0.410432	0.045436	0.025530	0.032692	0.465216	0.366459	0.409974	11
1.09	0.486179	0.355952	0.410997	0.045267	0.024699	0.031959	0.468769	0.368236	0.412465	11
1.09	0.488636	0.358333	0.413462	0.045251	0.024749	0.031998	0.471433	0.370900	0.415167	11
1.09	0.494309	0.361905	0.417869	0.045859	0.024877	0.032256	0.477946	0.375340	0.420474	11
1.09	0.497561	0.364286	0.420619	0.045778	0.024972	0.032316	0.481498	0.378005	0.423521	11
1.09	0.501629	0.366667	0.423659	0.045728	0.024264	0.031705	0.487715	0.381557	0.428154	10
1.10	0.502423	0.370238	0.426319	0.045654	0.024407	0.031809	0.487715	0.383925	0.429641	10
1.10	0.507293	0.372619	0.429650	0.045668	0.024458	0.031855	0.493931	0.386590	0.433718	10
1.10	0.504854	0.371429	0.427984	0.045538	0.024352	0.031734	0.491267	0.384813	0.431573	10
1.10	0.509677	0.376190	0.432877	0.045620	0.024695	0.032044	0.495708	0.389254	0.436078	10
1.10	0.513732	0.378571	0.435915	0.045692	0.024733	0.032093	0.500148	0.391326	0.439095	10
1.10	0.516908	0.382143	0.439425	0.045839	0.025165	0.032493	0.501924	0.394879	0.442013	10
1.11	0.509615	0.378571	0.434426	0.044743	0.025051	0.032119	0.495412	0.391030	0.437075	10
1.12	0.503949	0.379762	0.433130	0.043675	0.025863	0.032487	0.489787	0.390142	0.434323	10
1.13	0.506270	0.384524	0.437077	0.043570	0.026524	0.032975	0.490971	0.395471	0.438077	10
1.13	0.503155	0.379762	0.432836	0.040908	0.025442	0.031373	0.492747	0.393991	0.437870	10
1.13	0.496855	0.376190	0.428184	0.040422	0.025284	0.031109	0.488899	0.392806	0.435616	10
1.13	0.493730	0.375000	0.426252	0.040498	0.025541	0.031326	0.484458	0.391030	0.432759	10
1.14	0.492236	0.377381	0.427224	0.040519	0.026000	0.031675	0.481794	0.390734	0.431512	10
1.16	0.482335	0.373810	0.421194	0.040212	0.026797	0.032162	0.470841	0.386590	0.424576	10
1.15	0.478462	0.370238	0.417450	0.041241	0.027686	0.033130	0.466400	0.384517	0.421519	10
1.15	0.472308	0.365476	0.412081	0.041265	0.027569	0.033054	0.458851	0.377709	0.414345	10
1.16	0.462481	0.359524	0.404555	0.041276	0.027696	0.033149	0.445530	0.369124	0.403744	10
1.17	0.458841	0.358333	0.402406	0.041241	0.027708	0.033147	0.441089	0.367052	0.400679	11
1.17	0.455927	0.357143	0.400534	0.040355	0.026732	0.032160	0.437537	0.365275	0.398154	12
1.17	0.452345	0.355952	0.398401	0.040349	0.026684	0.032124	0.433097	0.364387	0.395782	12
1.18	0.445783	0.352381	0.393617	0.040180	0.027008	0.032303	0.425104	0.359059	0.389300	12
1.18	0.444444	0.352381	0.393094	0.039204	0.027008	0.031982	0.423623	0.359059	0.388678	13
1.18	0.450450	0.357143	0.398406	0.039236	0.027046	0.032020	0.431320	0.364387	0.395039	13
1.18	0.452774	0.359524	0.400796	0.039090	0.026957	0.031909	0.435613	0.367644	0.398752	13
1.18	0.461769	0.366667	0.408759	0.039066	0.027243	0.032100	0.445382	0.376525	0.408069	13
1.19	0.472347	0.376190	0.418820	0.050876	0.031669	0.039038	0.456631	0.386590	0.418701	14
1.20	0.480059	0.386905	0.428477	0.046284	0.032211	0.037986	0.465808	0.396951	0.428632	14
1.21	0.482353	0.390476	0.431579	0.045922	0.032186	0.037846	0.467288	0.399911	0.430982	14
1.20	0.483013	0.389286	0.431114	0.045736	0.031848	0.037549	0.470545	0.399023	0.431843	14
1.21	0.483824	0.391667	0.432895	0.046158	0.032131	0.037888	0.470693	0.402575	0.433977	14
1.20	0.490370	0.394048	0.436964	0.046146	0.031845	0.037684	0.479574	0.407016	0.440326	14
1.20	0.494815	0.397619	0.440924	0.046380	0.031988	0.037862	0.484310	0.411160	0.444748	14
1.20	0.495562	0.398810	0.441953	0.046400	0.032020	0.037891	0.485198	0.412937	0.446161	14
1.20	0.494815	0.397619	0.440924	0.046295	0.031819	0.037716	0.484902	0.412049	0.445517	14
1.20	0.494083	0.397619	0.440633	0.046424	0.031972	0.037866	0.482830	0.411160	0.444122	14
1.19	0.494048	0.395238	0.439153	0.046525	0.031937	0.037875	0.482534	0.406424	0.441221	14
1.19	0.497015	0.396429	0.441060	0.054738	0.033499	0.041563	0.485346	0.407312	0.442918	16
1.18	0.496997	0.394048	0.439575	0.055292	0.033420	0.041659	0.485346	0.404944	0.441514	17
1.18	0.499246	0.394048	0.440452	0.055427	0.033449	0.041720	0.488307	0.405240	0.442912	17
1.17	0.500756	0.394048	0.441039	0.055400	0.033113	0.041450	0.490083	0.408200	0.445410	17
1.17	0.500000	0.391667	0.439252	0.052797	0.029159	0.037569	0.490083	0.405536	0.443819	17
1.17	0.502276	0.394048	0.441628	0.054099	0.032850	0.040878	0.493635	0.409088	0.447403	17
1.17	0.502276	0.394048	0.441628	0.050144	0.036477	0.042233	0.494523	0.409088	0.447767	17
1.17	0.511416	0.400000	0.448898	0.050293	0.036684	0.042424	0.505181	0.416193	0.456390	17
1.17	0.512158	0.401190	0.449933	0.049941	0.036505	0.042179	0.506957	0.418265	0.458360	17
1.17	0.512898	0.402381	0.450967	0.051457	0.037325	0.043266	0.505181	0.418265	0.457633	17
1.18	0.512048	0.404762	0.452128	0.051730	0.037907	0.043753	0.504292	0.420930	0.458856	17
1.18	0.509774	0.403571	0.450498	0.051743	0.037888	0.043745	0.501628	0.419745	0.457048	18
1.18	0.506024	0.400000	0.446809	0.047837	0.033903	0.039682	0.498076	0.414417	0.452411	18
1.18	0.500000	0.394048	0.440746	0.047881	0.033711	0.039566	0.489787	0.407608	0.444935	18
1.18	0.492470	0.389286	0.434840	0.047293	0.033736	0.039380	0.479722	0.400503	0.436548	19
1.17	0.485584	0.380952	0.426951	0.046533	0.029651	0.036221	0.472617	0.389846	0.427260	19
1.17	0.483283	0.378571	0.424566	0.046666	0.029584	0.036212	0.470249	0.386886	0.424513	19
1.17	0.478723	0.375000	0.420561	0.047177	0.029515	0.036312	0.465808	0.381557	0.419494	18
1.17	0.471927	0.370238	0.414943	0.047976	0.029416	0.036471	0.456927	0.376229	0.412670	18
1.16	0.479389	0.373810	0.420067	0.048373	0.029646	0.036762	0.464920	0.379485	0.417880	19
1.16	0.478593	0.372619	0.419009	0.048355	0.029598	0.036720	0.464032	0.378597	0.416983	19
1.16	0.478593	0.372619	0.419009	0.048388	0.029598	0.036729	0.463144	0.378597	0.416624	19
1.16	0.479326	0.372619	0.419290	0.040554	0.027509	0.032781	0.465808	0.378597	0.417699	16
1.16	0.473118	0.366667	0.413146	0.040486	0.027271	0.032589	0.458703	0.373564	0.411779	16
1.15	0.474576	0.366667	0.413700	0.040666	0.027271	0.032648	0.459591	0.373268	0.411956	16
1.15	0.475385	0.367857	0.414765	0.043373	0.031780	0.036682	0.459591	0.374156	0.412497	16
1.16	0.477727	0.370238	0.417170	0.044232	0.032804	0.037671	0.462996	0.376821	0.415487	16
1.16	0.476263	0.370238	0.416611	0.043538	0.032804	0.037417	0.462108	0.376821	0.415129	16

Sun Aug 29 19:11:01 2021
64.35	0.014996	0.601246	0.029262	0.012886	0.132015	0.023481	0.015026	0.676667	0.029400	123
56.92	0.014417	0.550000	0.028097	0.011985	0.197177	0.022596	0.014347	0.600414	0.028024	123
50.26	0.015304	0.515476	0.029725	0.011097	0.172958	0.020856	0.015214	0.570515	0.029637	122
43.75	0.016929	0.496429	0.032741	0.011142	0.157978	0.020816	0.016891	0.554381	0.032782	122
37.52	0.018606	0.467857	0.035789	0.010227	0.131025	0.018974	0.018640	0.525962	0.036004	122
31.80	0.021336	0.454762	0.040760	0.011031	0.117789	0.020174	0.021437	0.509384	0.041142	120
26.74	0.023313	0.417857	0.044162	0.009601	0.083689	0.017225	0.023356	0.475192	0.044524	118
22.39	0.026343	0.395238	0.049394	0.009870	0.073447	0.017402	0.026459	0.450918	0.049985	111
18.50	0.029573	0.366667	0.054731	0.011024	0.070011	0.019049	0.029588	0.415690	0.055244	106
15.00	0.033874	0.340476	0.061618	0.012808	0.059480	0.021078	0.033497	0.390823	0.061705	102
12.06	0.036682	0.296429	0.065286	0.006432	0.040566	0.011103	0.035952	0.347602	0.065165	96
9.37	0.042069	0.264286	0.072585	0.005975	0.024229	0.009586	0.040912	0.313499	0.072378	92
7.25	0.048494	0.235714	0.080439	0.006721	0.016472	0.009547	0.047523	0.274719	0.081029	82
5.55	0.054417	0.202381	0.085772	0.005717	0.010528	0.007410	0.055050	0.229426	0.088794	75
4.21	0.062078	0.175000	0.091646	0.005704	0.009703	0.007185	0.067756	0.190645	0.099979	68
3.31	0.070815	0.157143	0.097633	0.005855	0.009133	0.007136	0.076622	0.168739	0.105388	62
2.66	0.084168	0.150000	0.107831	0.006390	0.008941	0.007453	0.094896	0.158970	0.118847	55
2.12	0.097071	0.138095	0.114005	0.006688	0.007632	0.007129	0.113588	0.143280	0.126718	42
1.75	0.112576	0.132143	0.121577	0.006986	0.007561	0.007262	0.134962	0.133215	0.134083	37
1.52	0.121495	0.123810	0.122642	0.006659	0.007337	0.006981	0.142836	0.120782	0.130886	31
1.35	0.132895	0.120238	0.126250	0.006443	0.006711	0.006574	0.151125	0.115749	0.131092	28
1.23	0.152738	0.126190	0.138201	0.006744	0.007005	0.006872	0.167851	0.121137	0.140718	25
1.15	0.164615	0.127381	0.143624	0.006703	0.007081	0.006887	0.177324	0.122617	0.144981	23
1.11	0.172800	0.128571	0.147440	0.006544	0.007202	0.006857	0.183245	0.122025	0.146496	21
1.07	0.173554	0.125000	0.145329	0.006239	0.007151	0.006664	0.183837	0.115512	0.141877	17
1.06	0.188552	0.133333	0.156206	0.006644	0.007419	0.007011	0.196270	0.126761	0.154037	12
1.04	0.197256	0.136905	0.161630	0.006940	0.007605	0.007257	0.202487	0.129722	0.158135	12
1.02	0.219895	0.150000	0.178344	0.007254	0.008224	0.007709	0.222913	0.143339	0.174482	12
1.01	0.227915	0.153571	0.183499	0.007295	0.008410	0.007813	0.228242	0.147780	0.179402	12
1.00	0.237589	0.159524	0.190883	0.007438	0.008659	0.008002	0.238011	0.154589	0.187437	11
1.00	0.241563	0.161905	0.193870	0.007478	0.008767	0.008071	0.241563	0.158141	0.191146	8
1.00	0.246892	0.165476	0.198147	0.007441	0.008908	0.008109	0.246892	0.162137	0.195734	7
1.00	0.253996	0.170238	0.203849	0.007486	0.008992	0.008170	0.253996	0.170130	0.203772	5
1.00	0.257549	0.172619	0.206700	0.007549	0.009056	0.008234	0.257549	0.172795	0.206826	5
1.00	0.257549	0.172619	0.206700	0.007444	0.009056	0.008171	0.257549	0.172795	0.206826	5
1.00	0.259325	0.173810	0.208125	0.007316	0.009043	0.008088	0.259325	0.174571	0.208670	4
1.00	0.259325	0.173810	0.208125	0.007088	0.008998	0.007930	0.259325	0.175459	0.209303	4
1.00	0.264654	0.177381	0.212402	0.007112	0.009094	0.007982	0.264654	0.179899	0.214197	2
1.00	0.266430	0.178571	0.213828	0.007294	0.009127	0.008108	0.266430	0.181676	0.216038	2
1.00	0.262877	0.176190	0.210976	0.007732	0.009107	0.008363	0.262877	0.178123	0.212356	2
1.00	0.261101	0.175000	0.209551	0.007703	0.009075	0.008333	0.261101	0.176347	0.210514	2
1.00	0.261101	0.175000	0.209551	0.007902	0.009075	0.008448	0.261101	0.176347	0.210514	2
1.00	0.265957	0.178571	0.213675	0.015861	0.009231	0.011670	0.265542	0.179899	0.214488	3
1.00	0.262411	0.176190	0.210826	0.015920	0.009167	0.011635	0.261989	0.177235	0.211435	3
1.00	0.265957	0.178571	0.213675	0.015767	0.009187	0.011609	0.265542	0.180787	0.215118	3
1.00	0.271277	0.182143	0.217949	0.015840	0.009283	0.011706	0.270870	0.185228	0.220009	3
1.00	0.278369	0.186905	0.223647	0.015929	0.009411	0.011832	0.277975	0.191445	0.226735	3
1.00	0.276596	0.185714	0.222222	0.015908	0.009379	0.011800	0.276199	0.189668	0.224898	3
1.00	0.276596	0.185714	0.222222	0.015908	0.009379	0.011800	0.276199	0.189668	0.224898	3
1.00	0.276596	0.185714	0.222222	0.016100	0.009379	0.011853	0.276199	0.189668	0.224898	3
1.00	0.276596	0.185714	0.222222	0.016201	0.009379	0.011880	0.276199	0.189668	0.224898	3
1.00	0.276596	0.185714	0.222222	0.016412	0.009379	0.011936	0.276199	0.189668	0.224898	3
1.00	0.274823	0.184524	0.220798	0.016510	0.009347	0.011936	0.274423	0.187892	0.223060	3
1.00	0.274823	0.184524	0.220798	0.016510	0.009347	0.011936	0.274423	0.187892	0.223060	3
1.00	0.276596	0.185714	0.222222	0.016523	0.009379	0.011966	0.276199	0.189668	0.224898	3
1.00	0.274823	0.184524	0.220798	0.016510	0.009347	0.011936	0.274423	0.187892	0.223060	3
1.00	0.274823	0.184524	0.220798	0.016510	0.009347	0.011936	0.274423	0.187892	0.223060	3
1.00	0.274823	0.184524	0.220798	0.016510	0.009347	0.011936	0.274423	0.187892	0.223060	3
1.00	0.274823	0.184524	0.220798	0.016630	0.009391	0.012004	0.274423	0.187004	0.222433	3
1.00	0.274823	0.184524	0.220798	0.016630	0.009391	0.012004	0.274423	0.187004	0.222433	3
1.00	0.276596	0.185714	0.222222	0.016642	0.009423	0.012033	0.276199	0.188780	0.224272	3
1.00	0.276596	0.185714	0.222222	0.016642	0.009423	0.012033	0.276199	0.188780	0.224272	3
1.00	0.274823	0.184524	0.220798	0.016510	0.009347	0.011936	0.274423	0.187892	0.223060	3
1.00	0.274823	0.184524	0.220798	0.016397	0.009347	0.011907	0.274423	0.187892	0.223060	3
1.00	0.276596	0.185714	0.222222	0.016412	0.009379	0.011936	0.276199	0.189668	0.224898	3
1.00	0.279646	0.188095	0.224911	0.016438	0.009443	0.011995	0.278863	0.193221	0.228274	3
1.00	0.286726	0.192857	0.230605	0.016482	0.009587	0.012122	0.285968	0.198549	0.234373	3
1.00	0.292553	0.196429	0.235043	0.016298	0.009685	0.012150	0.292185	0.202990	0.239554	3
1.00	0.302655	0.203571	0.243416	0.014535	0.009853	0.011744	0.302842	0.211279	0.248907	4
1.00	0.325044	0.217857	0.260870	0.014698	0.010317	0.012124	0.325044	0.227265	0.267499	4
1.00	0.339254	0.227381	0.272274	0.014428	0.010473	0.012137	0.339254	0.237922	0.279693	4
1.00	0.353464	0.236905	0.283678	0.014324	0.010749	0.012282	0.353464	0.247454	0.291108	4
1.00	0.367673	0.246429	0.295082	0.014295	0.011068	0.012476	0.367673	0.259888	0.304524	4
1.00	0.383659	0.257143	0.307912	0.014301	0.011374	0.012671	0.383659	0.274245	0.319854	5
1.00	0.399645	0.267857	0.320741	0.013673	0.011578	0.012539	0.399645	0.291415	0.337055	5
1.00	0.419183	0.280952	0.336422	0.013719	0.011903	0.012747	0.419183	0.311545	0.357437	5
1.00	0.424512	0.284524	0.340699	0.013539	0.011926	0.012681	0.424512	0.317170	0.363073	5
1.00	0.436945	0.292857	0.350677	0.013702	0.012197	0.012906	0.436945	0.327827	0.374602	5
1.00	0.444050	0.297619	0.356379	0.013757	0.012340	0.013010	0.444050	0.334932	0.381848	4
1.00	0.447602	0.300000	0.359230	0.013796	0.012405	0.013063	0.447602	0.338484	0.385470	4
1.00	0.461812	0.309524	0.370634	0.013994	0.012708	0.013320	0.461812	0.350918	0.398799	4
1.00	0.463588	0.310714	0.372060	0.014013	0.012740	0.013346	0.463588	0.351806	0.400035	4
1.00	0.472469	0.316667	0.379187	0.014107	0.012900	0.013476	0.472469	0.360687	0.409079	4
1.00	0.477798	0.320238	0.383464	0.014086	0.012980	0.013510	0.477798	0.366015	0.414502	4
1.00	0.470693	0.315476	0.377762	0.014039	0.012774	0.013377	0.470693	0.359799	0.407842	4
1.00	0.463588	0.310714	0.372060	0.014009	0.012599	0.013266	0.463588	0.353582	0.401181	4
1.00	0.452931	0.303571	0.363507	0.014137	0.012418	0.013222	0.452931	0.342925	0.390325	4
1.00	0.436945	0.292857	0.350677	0.014266	0.012034	0.013055	0.436945	0.328715	0.375181	4
1.00	0.426288	0.285714	0.342124	0.014341	0.011795	0.012944	0.426288	0.319834	0.365467	4
1.00	0.406028	0.272619	0.326211	0.014110	0.011364	0.012589	0.405861	0.303256	0.347136	4
1.00	0.406028	0.272619	0.326211	0.014153	0.011438	0.012651	0.405861	0.302664	0.346747	4
1.00	0.404255	0.271429	0.324786	0.014105	0.011390	0.012603	0.404085	0.302072	0.345710	4
1.00	0.407080	0.273810	0.327402	0.013968	0.011363	0.012531	0.407638	0.307993	0.350878	4
1.00	0.405310	0.272619	0.325979	0.013880	0.011300	0.012458	0.405861	0.308526	0.350563	4
1.00	0.403540	0.271429	0.324555	0.013841	0.011268	0.012423	0.404085	0.307638	0.349327	4
1.01	0.394366	0.266667	0.318182	0.014155	0.011184	0.012496	0.395204	0.299349	0.340662	4
1.01	0.387324	0.261905	0.312500	0.014222	0.011056	0.012441	0.388099	0.292244	0.333419	4
1.01	0.383128	0.259524	0.309439	0.022301	0.011716	0.015361	0.382771	0.284399	0.326333	5
1.01	0.371479	0.251190	0.299716	0.022248	0.011536	0.015194	0.370337	0.272558	0.314012	5
1.01	0.367491	0.247619	0.295875	0.022404	0.011503	0.015201	0.366785	0.264624	0.307440	5
1.01	0.356261	0.240476	0.287136	0.022449	0.011355	0.015082	0.355240	0.253967	0.296186	5
1.01	0.355634	0.240476	0.286932	0.022533	0.012005	0.015665	0.353464	0.251895	0.294158	5
1.01	0.349206	0.235714	0.281450	0.022517	0.011893	0.015565	0.347247	0.244790	0.287153	4
1.01	0.349206	0.235714	0.281450	0.022312	0.011909	0.015529	0.347247	0.244790	0.287153	4
1.01	0.347443	0.234524	0.280028	0.021907	0.011892	0.015416	0.345471	0.242126	0.284710	4
1.01	0.358025	0.241667	0.288557	0.022203	0.012236	0.015777	0.356128	0.249822	0.293650	4
1.01	0.358025	0.241667	0.288557	0.022158	0.012191	0.015729	0.356128	0.250710	0.294263	4
1.01	0.367491	0.247619	0.295875	0.022190	0.012338	0.015858	0.365009	0.258703	0.302797	4
1.01	0.371025	0.250000	0.298720	0.022146	0.012402	0.015900	0.368561	0.262256	0.306451	4
1.01	0.372792	0.251190	0.300142	0.022169	0.012450	0.015945	0.370337	0.264032	0.308278	4
1.00	0.378761	0.254762	0.304626	0.022087	0.012577	0.016027	0.376554	0.269361	0.314063	5
1.00	0.380531	0.255952	0.306050	0.022109	0.012609	0.016059	0.378330	0.271137	0.315888	5
1.00	0.392920	0.264286	0.316014	0.022102	0.012849	0.016251	0.390764	0.281794	0.327451	5
1.00	0.398230	0.267857	0.320285	0.022170	0.012992	0.016383	0.396092	0.287123	0.332917	5
1.00	0.408850	0.275000	0.328826	0.022297	0.013186	0.016572	0.406750	0.297188	0.343442	5
1.00	0.426549	0.286905	0.343060	0.022376	0.013584	0.016906	0.424512	0.312285	0.359852	6
1.00	0.431858	0.290476	0.347331	0.022216	0.013698	0.016947	0.429840	0.315838	0.364124	6
1.00	0.449558	0.302381	0.361566	0.022312	0.014081	0.017266	0.447602	0.331824	0.381114	6
1.00	0.457447	0.307143	0.367521	0.022120	0.013501	0.016768	0.456483	0.340113	0.389798	6
1.00	0.461947	0.310714	0.371530	0.022222	0.014216	0.017339	0.460036	0.344553	0.394007	6
1.00	0.456637	0.307143	0.367260	0.022262	0.014149	0.017302	0.454707	0.340113	0.389149	6
1.00	0.442478	0.297619	0.355872	0.022267	0.013922	0.017132	0.440497	0.326495	0.375024	6
1.00	0.433628	0.291667	0.348754	0.022343	0.013759	0.017031	0.431616	0.318502	0.366531	6
1.01	0.438163	0.295238	0.352774	0.022278	0.014506	0.017571	0.435169	0.323831	0.371334	6
1.01	0.445230	0.300000	0.358464	0.022394	0.014681	0.017735	0.442274	0.328271	0.376839	6
1.01	0.445230	0.300000	0.358464	0.022356	0.014636	0.017690	0.442274	0.327383	0.376253	6
1.01	0.443463	0.298810	0.357041	0.022374	0.014649	0.017705	0.440497	0.327383	0.375609	6
1.01	0.443463	0.298810	0.357041	0.022410	0.014664	0.017728	0.440497	0.326495	0.375024	6
1.01	0.443463	0.298810	0.357041	0.022393	0.014724	0.017767	0.440497	0.324719	0.373849	6
1.01	0.432862	0.291667	0.348506	0.022256	0.014548	0.017595	0.429840	0.314062	0.362941	5
1.01	0.423280	0.285714	0.341151	0.030082	0.014661	0.019714	0.419183	0.303996	0.352416	6
1.01	0.417989	0.282143	0.336887	0.030062	0.014565	0.019623	0.413854	0.298668	0.346951	5
1.01	0.415493	0.280952	0.335227	0.030157	0.014730	0.019793	0.410302	0.296892	0.344503	5
1.01	0.411972	0.278571	0.332386	0.030206	0.014650	0.019731	0.406750	0.294227	0.341457	5
1.01	0.398246	0.270238	0.321986	0.030233	0.014654	0.019740	0.390764	0.283570	0.328647	5
1.01	0.387040	0.263095	0.313253	0.030451	0.014383	0.019538	0.380107	0.273801	0.318313	5
1.02	0.380454	0.259524	0.308563	0.028948	0.014272	0.019118	0.374778	0.269361	0.313443	5
1.02	0.376307	0.257143	0.305516	0.029275	0.014389	0.019295	0.369449	0.266400	0.309574	5
1.02	0.378049	0.258333	0.306931	0.029296	0.014421	0.019328	0.371226	0.268176	0.311397	5
1.02	0.375652	0.257143	0.305300	0.028610	0.014526	0.019269	0.367673	0.266400	0.308949	5
1.02	0.372174	0.254762	0.302473	0.028312	0.014866	0.019496	0.364121	0.263736	0.305903	5
1.02	0.372174	0.254762	0.302473	0.028416	0.014880	0.019532	0.364121	0.263736	0.305903	5
1.02	0.369338	0.252381	0.299859	0.027971	0.014587	0.019174	0.362345	0.261368	0.303682	5
1.02	0.369983	0.252381	0.300071	0.027975	0.014587	0.019175	0.362345	0.261368	0.303682	5
1.02	0.370629	0.252381	0.300283	0.029021	0.014587	0.019415	0.361456	0.261368	0.303370	6
1.02	0.370629	0.252381	0.300283	0.028852	0.014587	0.019377	0.361456	0.261368	0.303370	6
1.02	0.374126	0.254762	0.303116	0.028895	0.014653	0.019445	0.365009	0.264920	0.307013	6
1.02	0.382199	0.260714	0.309979	0.030496	0.014860	0.019983	0.373002	0.272913	0.315203	6
1.02	0.379791	0.259524	0.308345	0.030531	0.014828	0.019962	0.370337	0.271137	0.313067	6
1.02	0.383944	0.261905	0.311394	0.030600	0.014740	0.019896	0.375666	0.273801	0.316745	6
1.02	0.390925	0.266667	0.317056	0.030671	0.014915	0.020070	0.382771	0.280018	0.323429	6
1.02	0.411150	0.280952	0.333805	0.030374	0.015408	0.020445	0.403197	0.295115	0.340792	6
1.02	0.432810	0.295238	0.351026	0.030430	0.015658	0.020676	0.426288	0.315542	0.362648	6
1.02	0.441536	0.301190	0.358103	0.030322	0.015880	0.020844	0.435169	0.321462	0.369772	7
1.02	0.458188	0.313095	0.371994	0.030279	0.016855	0.021655	0.451155	0.335672	0.384939	7
1.02	0.472125	0.322619	0.383310	0.030152	0.017145	0.021860	0.465364	0.346921	0.397507	7
1.02	0.475610	0.325000	0.386139	0.030031	0.017149	0.021831	0.468917	0.351658	0.401909	7
1.02	0.481739	0.329762	0.391519	0.030194	0.017339	0.022028	0.475133	0.354914	0.406318	7
1.02	0.480836	0.328571	0.390382	0.030174	0.017278	0.021974	0.474245	0.353138	0.404828	7
1.02	0.486014	0.330952	0.393768	0.030162	0.017145	0.021863	0.480462	0.355802	0.408841	7
1.02	0.489510	0.333333	0.396601	0.030156	0.017209	0.021913	0.484014	0.358467	0.411886	7
1.02	0.484266	0.329762	0.392351	0.030159	0.017113	0.021836	0.478686	0.354026	0.407025	7
1.02	0.473776	0.322619	0.383853	0.030170	0.016948	0.021703	0.468028	0.345145	0.397302	7
1.01	0.465849	0.316667	0.377038	0.029972	0.016709	0.021457	0.460036	0.340113	0.391087	7
1.01	0.472855	0.321429	0.382707	0.029925	0.016733	0.021464	0.467140	0.347809	0.398738	7
1.02	0.480769	0.327381	0.389518	0.030037	0.017030	0.021736	0.474245	0.355802	0.406573	7
1.02	0.491259	0.334524	0.398017	0.030115	0.017206	0.021900	0.484902	0.365571	0.416865	7
1.02	0.494755	0.336905	0.400850	0.030151	0.017270	0.021961	0.488455	0.369124	0.420487	7
1.02	0.495637	0.338095	0.401982	0.030023	0.017439	0.022063	0.488455	0.370900	0.421637	6
1.02	0.493913	0.338095	0.401413	0.030070	0.017605	0.022208	0.485790	0.370900	0.420641	6
1.02	0.482639	0.330952	0.392655	0.029939	0.017351	0.021970	0.474245	0.361131	0.410030	7
1.02	0.481802	0.330952	0.392378	0.029961	0.017351	0.021976	0.473357	0.361131	0.409698	7
1.02	0.478261	0.327381	0.388693	0.030017	0.017224	0.021888	0.469805	0.355802	0.404933	6
1.02	0.476522	0.326190	0.387279	0.030089	0.017160	0.021856	0.468028	0.354914	0.403697	6
1.02	0.480903	0.329762	0.391243	0.028580	0.017256	0.021520	0.473357	0.360243	0.409125	6
1.03	0.480969	0.330952	0.392102	0.029069	0.017641	0.021957	0.471581	0.359947	0.408270	6
1.02	0.478336	0.328571	0.389555	0.028922	0.017760	0.022007	0.468028	0.354618	0.403506	5
1.02	0.483536	0.332143	0.393790	0.028277	0.017919	0.021937	0.473357	0.359059	0.408361	5
1.02	0.487002	0.334524	0.396613	0.027022	0.017999	0.021606	0.476909	0.362611	0.411979	5
1.03	0.502591	0.346429	0.410148	0.027326	0.019003	0.022417	0.492007	0.378597	0.427915	5
1.03	0.505190	0.347619	0.411848	0.027122	0.018884	0.022266	0.495560	0.378597	0.429253	5
1.02	0.508681	0.348810	0.413842	0.027752	0.018810	0.022423	0.500000	0.376229	0.429373	5
1.02	0.520833	0.357143	0.423729	0.027537	0.018931	0.022437	0.513322	0.386886	0.441225	5
1.02	0.526956	0.360714	0.428269	0.029250	0.019074	0.023091	0.518650	0.389550	0.444924	6
1.02	0.532062	0.365476	0.433310	0.030147	0.018487	0.022920	0.524867	0.394879	0.450687	6
1.03	0.539792	0.371429	0.440056	0.030071	0.018623	0.023001	0.532860	0.401687	0.458068	6
1.03	0.538062	0.370238	0.438646	0.029959	0.018212	0.022653	0.532860	0.401095	0.457683	6
1.03	0.544041	0.375000	0.443975	0.030007	0.018250	0.022696	0.539964	0.405240	0.463001	5
1.03	0.556897	0.384524	0.454930	0.030078	0.018524	0.022928	0.552398	0.416193	0.474719	5
1.03	0.561102	0.388095	0.458832	0.030074	0.018636	0.023012	0.556838	0.420633	0.479246	5
1.03	0.559380	0.386905	0.457424	0.030051	0.018588	0.022969	0.555062	0.419745	0.478012	5

Sun Aug 29 19:48:24 2021
62.85	0.014637	0.573209	0.028545	0.011398	0.117629	0.020783	0.014553	0.544000	0.028349	121
57.35	0.013907	0.534524	0.027108	0.010858	0.194303	0.020567	0.013874	0.504796	0.027006	123
51.53	0.014269	0.492857	0.027735	0.010479	0.173877	0.019767	0.014218	0.469568	0.027600	123
45.90	0.015364	0.472619	0.029760	0.010766	0.164192	0.020207	0.015324	0.449822	0.029639	120
40.60	0.016535	0.450000	0.031899	0.009956	0.152261	0.018690	0.016511	0.427916	0.031795	117
35.42	0.017954	0.426190	0.034456	0.010401	0.140947	0.019372	0.017946	0.408082	0.034381	114
30.57	0.019641	0.402381	0.037454	0.010534	0.125767	0.019440	0.019652	0.386915	0.037403	111
26.22	0.021742	0.382143	0.041143	0.010803	0.111674	0.019700	0.021859	0.371166	0.041286	108
22.29	0.023424	0.350000	0.043910	0.009677	0.086536	0.017407	0.023456	0.344523	0.043922	102
18.62	0.026421	0.329762	0.048923	0.009753	0.073603	0.017224	0.026239	0.327650	0.048588	98
15.29	0.030560	0.313095	0.055685	0.010605	0.069446	0.018400	0.030624	0.316637	0.055847	90
12.47	0.034763	0.290476	0.062094	0.012322	0.055922	0.020195	0.035342	0.298875	0.063209	86
10.14	0.039405	0.267857	0.068702	0.013892	0.045165	0.021249	0.040006	0.274452	0.069833	85
8.03	0.045103	0.242857	0.076077	0.008598	0.029430	0.013308	0.045337	0.252842	0.076888	77
6.27	0.052423	0.220238	0.084688	0.008694	0.020467	0.012204	0.052052	0.228863	0.084815	73
4.80	0.061391	0.197619	0.093679	0.009327	0.012974	0.010853	0.058701	0.203848	0.091153	69
3.61	0.073399	0.177381	0.103833	0.011747	0.010837	0.011274	0.069152	0.179574	0.099852	60
2.73	0.080078	0.146429	0.103535	0.015398	0.008096	0.010612	0.074324	0.144287	0.098110	52
2.12	0.094039	0.133333	0.110290	0.015548	0.007263	0.009901	0.088395	0.129485	0.105066	41
1.69	0.104101	0.117857	0.110553	0.015555	0.006362	0.009031	0.100622	0.113203	0.106542	36
1.39	0.117647	0.109524	0.113440	0.015812	0.005789	0.008475	0.119745	0.105151	0.111975	31
1.21	0.145161	0.117857	0.130092	0.016541	0.006194	0.009013	0.149201	0.114920	0.129836	26
1.13	0.153605	0.116667	0.132612	0.008662	0.005971	0.007069	0.156305	0.114032	0.131864	24
1.08	0.163097	0.117857	0.136835	0.008107	0.006092	0.006956	0.167259	0.114180	0.135714	21
1.04	0.180579	0.126190	0.148563	0.008515	0.006628	0.007454	0.184725	0.123061	0.147716	21
1.03	0.193772	0.133333	0.157969	0.009666	0.006999	0.008119	0.196270	0.129574	0.156096	20
1.01	0.198594	0.134524	0.160397	0.011202	0.006984	0.008604	0.199822	0.129574	0.157207	18
1.01	0.213404	0.144048	0.171997	0.011233	0.007505	0.008998	0.214032	0.139935	0.169228	18
1.00	0.212389	0.142857	0.170819	0.007425	0.007295	0.007359	0.213144	0.138159	0.167649	18
1.00	0.208850	0.140476	0.167972	0.007366	0.007226	0.007295	0.209591	0.133718	0.163271	16
1.00	0.208850	0.140476	0.167972	0.007137	0.007400	0.007266	0.209591	0.131054	0.161269	15
1.00	0.221631	0.148810	0.178063	0.007675	0.007814	0.007744	0.222025	0.141415	0.172780	15
1.00	0.226950	0.152381	0.182336	0.007812	0.008146	0.007976	0.227353	0.143783	0.176159	13
1.00	0.226950	0.152381	0.182336	0.007860	0.008159	0.008007	0.227353	0.142599	0.175268	11
1.00	0.226950	0.152381	0.182336	0.007346	0.008230	0.007763	0.227353	0.142599	0.175268	12
1.00	0.230906	0.154762	0.185317	0.007314	0.008368	0.007806	0.230906	0.146152	0.179003	12
1.00	0.232682	0.155952	0.186743	0.007383	0.008534	0.007917	0.232682	0.147040	0.180203	10
1.00	0.236234	0.158333	0.189594	0.007716	0.008687	0.008173	0.236234	0.150592	0.183933	8
1.00	0.238011	0.159524	0.191019	0.008200	0.008764	0.008472	0.238011	0.151184	0.184912	5
1.00	0.234458	0.157143	0.188168	0.007484	0.008684	0.008040	0.234458	0.147632	0.181180	5
1.00	0.232682	0.155952	0.186743	0.008000	0.008741	0.008354	0.232682	0.144967	0.178638	5
1.00	0.229130	0.153571	0.183892	0.008308	0.008677	0.008488	0.229130	0.141415	0.174891	3
1.00	0.214920	0.144048	0.172488	0.008223	0.008421	0.008321	0.214920	0.128094	0.160518	3
1.00	0.213144	0.142857	0.171062	0.008869	0.008389	0.008622	0.213144	0.126317	0.158626	3
1.00	0.213144	0.142857	0.171062	0.008869	0.008389	0.008622	0.213144	0.126317	0.158626	3
1.00	0.213144	0.142857	0.171062	0.009277	0.008389	0.008811	0.213144	0.126317	0.158626	3
1.00	0.213144	0.142857	0.171062	0.009277	0.008389	0.008811	0.213144	0.126317	0.158626	3
1.00	0.214920	0.144048	0.172488	0.009280	0.008421	0.008830	0.214920	0.128094	0.160518	3
1.00	0.222025	0.148810	0.178190	0.009291	0.008549	0.008904	0.222025	0.135198	0.168060	3
1.00	0.225577	0.151190	0.181041	0.009296	0.008613	0.008942	0.225577	0.138751	0.171818	3
1.00	0.232682	0.155952	0.186743	0.009308	0.008741	0.009015	0.232682	0.145856	0.179311	3
1.00	0.238011	0.159524	0.191019	0.009082	0.008837	0.008958	0.238011	0.150296	0.184246	3
1.00	0.241563	0.161905	0.193870	0.009098	0.008857	0.008976	0.241563	0.153848	0.187977	4
1.00	0.246892	0.165476	0.198147	0.009124	0.008953	0.009037	0.246892	0.159177	0.193561	4
1.00	0.253996	0.170238	0.203849	0.008984	0.009081	0.009032	0.253996	0.164506	0.199683	4
1.00	0.255773	0.171429	0.205274	0.008684	0.009068	0.008872	0.255773	0.166282	0.201540	4
1.00	0.257549	0.172619	0.206700	0.008303	0.009056	0.008663	0.257549	0.168946	0.204044	4
1.00	0.264654	0.177381	0.212402	0.011851	0.009263	0.010398	0.264654	0.176051	0.211446	3
1.00	0.275311	0.184524	0.220955	0.011570	0.009410	0.010379	0.275311	0.184932	0.221247	3
1.00	0.277087	0.185714	0.222381	0.011465	0.009353	0.010302	0.277087	0.188484	0.224355	4
1.00	0.282416	0.189286	0.226657	0.011186	0.009271	0.010139	0.282416	0.193813	0.229872	4
1.00	0.287744	0.192857	0.230934	0.011092	0.009367	0.010157	0.287744	0.197365	0.234136	4
1.00	0.294849	0.197619	0.236636	0.011137	0.009495	0.010251	0.294849	0.204470	0.241480	4
1.00	0.296625	0.198810	0.238061	0.011120	0.009483	0.010236	0.296625	0.206246	0.243314	4
1.00	0.294849	0.197619	0.236636	0.009715	0.009361	0.009535	0.294849	0.206542	0.242919	4
1.00	0.293073	0.196429	0.235210	0.009427	0.009285	0.009355	0.293073	0.205950	0.241906	4
1.00	0.296625	0.198810	0.238061	0.009487	0.009304	0.009395	0.296625	0.209503	0.245565	4
1.00	0.294849	0.197619	0.236636	0.008470	0.009272	0.008853	0.294849	0.207726	0.243736	4
1.00	0.293073	0.196429	0.235210	0.008489	0.009240	0.008849	0.293073	0.205950	0.241906	4
1.00	0.291297	0.195238	0.233785	0.008301	0.009208	0.008731	0.291297	0.204174	0.240076	4
1.00	0.293073	0.196429	0.235210	0.008413	0.009285	0.008827	0.293073	0.204766	0.241088	4
1.00	0.294849	0.197619	0.236636	0.009751	0.009332	0.009537	0.294849	0.206542	0.242919	4
1.00	0.294849	0.197619	0.236636	0.010069	0.009303	0.009671	0.294849	0.206542	0.242919	4
1.00	0.294849	0.197619	0.236636	0.011074	0.009217	0.010060	0.294849	0.207726	0.243736	4
1.00	0.301954	0.202381	0.242338	0.012021	0.009276	0.010472	0.301954	0.213351	0.250035	4
1.00	0.309059	0.207143	0.248040	0.012608	0.009466	0.010814	0.309059	0.215719	0.254088	4
1.00	0.307282	0.205952	0.246614	0.012763	0.009510	0.010899	0.307282	0.212759	0.251430	4
1.00	0.319716	0.214286	0.256593	0.013203	0.009830	0.011270	0.319716	0.224600	0.263848	4
1.00	0.321492	0.215476	0.258019	0.012627	0.009849	0.011066	0.321492	0.226673	0.265882	4
1.00	0.323268	0.216667	0.259444	0.013568	0.009912	0.011456	0.323268	0.227561	0.267100	4
1.00	0.328597	0.220238	0.263721	0.014892	0.010010	0.011973	0.328597	0.231113	0.271366	4
1.00	0.330373	0.221429	0.265146	0.014870	0.010058	0.012000	0.330373	0.232001	0.272583	4
1.00	0.332149	0.222619	0.266572	0.015010	0.010106	0.012079	0.332149	0.234665	0.275024	4
1.00	0.333925	0.223810	0.267997	0.015011	0.010153	0.012113	0.333925	0.236442	0.276853	4
1.00	0.332149	0.222619	0.266572	0.015086	0.010106	0.012103	0.332149	0.234665	0.275024	4
1.00	0.326821	0.219048	0.262295	0.015049	0.009963	0.011989	0.326821	0.230225	0.270148	4
1.00	0.323268	0.216667	0.259444	0.014971	0.009868	0.011895	0.323268	0.227561	0.267100	4
1.00	0.323268	0.216667	0.259444	0.011681	0.009817	0.010668	0.323268	0.226377	0.266282	4
1.00	0.319716	0.214286	0.256593	0.011670	0.009662	0.010571	0.319716	0.226673	0.265272	4
1.00	0.313830	0.210714	0.252137	0.011500	0.009548	0.010433	0.313499	0.221048	0.259279	4
1.00	0.310284	0.208333	0.249288	0.011329	0.009511	0.010340	0.309947	0.220160	0.257449	4
1.01	0.312721	0.210714	0.251778	0.011804	0.009706	0.010653	0.309947	0.222232	0.258861	4
1.01	0.314488	0.211905	0.253201	0.012005	0.009754	0.010763	0.311723	0.224008	0.260685	4
1.01	0.303887	0.204762	0.244666	0.011285	0.009528	0.010333	0.301066	0.214239	0.250338	4
1.01	0.300353	0.202381	0.241821	0.010925	0.009433	0.010124	0.297513	0.210687	0.246683	4
1.01	0.302120	0.203571	0.243243	0.011077	0.009449	0.010199	0.299290	0.211575	0.247902	4
1.01	0.295053	0.198810	0.237553	0.010452	0.009319	0.009853	0.292185	0.205358	0.241195	4
1.00	0.292553	0.196429	0.235043	0.009755	0.009224	0.009482	0.292185	0.203878	0.240171	4
1.00	0.293073	0.196429	0.235210	0.009664	0.009252	0.009454	0.293073	0.202694	0.239645	4
1.00	0.291297	0.195238	0.233785	0.009912	0.009220	0.009554	0.291297	0.200918	0.237810	4
1.00	0.287744	0.192857	0.230934	0.010090	0.009230	0.009641	0.287744	0.197365	0.234136	4
1.00	0.282416	0.189286	0.226657	0.007904	0.009103	0.008461	0.282416	0.192925	0.229246	4
1.00	0.284192	0.190476	0.228083	0.007982	0.009224	0.008558	0.284192	0.193813	0.230458	4
1.00	0.284192	0.190476	0.228083	0.007982	0.009224	0.008558	0.284192	0.193813	0.230458	4
1.00	0.285968	0.191667	0.229508	0.008075	0.009300	0.008645	0.285968	0.195589	0.232297	4
1.00	0.287744	0.192857	0.230934	0.008089	0.009377	0.008685	0.287744	0.196477	0.233510	4
1.00	0.285968	0.191667	0.229508	0.008002	0.009256	0.008583	0.285968	0.194701	0.231670	4
1.00	0.287744	0.192857	0.230934	0.007805	0.009288	0.008482	0.287744	0.196477	0.233510	4
1.00	0.291297	0.195238	0.233785	0.007714	0.009352	0.008454	0.291297	0.200030	0.237186	4
1.00	0.291297	0.195238	0.233785	0.007717	0.009352	0.008456	0.291297	0.200030	0.237186	4
1.00	0.291297	0.195238	0.233785	0.007717	0.009352	0.008456	0.291297	0.200030	0.237186	4
1.00	0.292553	0.196429	0.235043	0.015530	0.010003	0.012168	0.291297	0.200918	0.237810	5
1.00	0.292553	0.196429	0.235043	0.015526	0.010003	0.012167	0.291297	0.200918	0.237810	5
1.00	0.292553	0.196429	0.235043	0.015530	0.010003	0.012168	0.291297	0.200918	0.237810	5
1.00	0.294326	0.197619	0.236467	0.015551	0.010035	0.012198	0.293073	0.201806	0.239023	5
1.00	0.295575	0.198810	0.237722	0.015612	0.010731	0.012719	0.293073	0.203582	0.240265	5
1.00	0.293805	0.197619	0.236299	0.015658	0.010699	0.012712	0.291297	0.201806	0.238431	5
1.00	0.288496	0.194048	0.232028	0.015749	0.010558	0.012641	0.285968	0.199141	0.234785	5
1.00	0.288496	0.194048	0.232028	0.015824	0.010558	0.012665	0.285968	0.199141	0.234785	5
1.00	0.290266	0.195238	0.233452	0.017282	0.010650	0.013179	0.287744	0.200918	0.236617	5
1.00	0.292035	0.196429	0.234875	0.018296	0.010698	0.013501	0.289520	0.202694	0.238449	5
1.00	0.292035	0.196429	0.234875	0.018658	0.010669	0.013575	0.289520	0.202694	0.238449	5
1.00	0.292035	0.196429	0.234875	0.018191	0.010669	0.013449	0.289520	0.202694	0.238449	5
1.01	0.293286	0.197619	0.236131	0.018930	0.010732	0.013698	0.290409	0.204470	0.239977	5
1.01	0.294014	0.198810	0.237216	0.019345	0.010795	0.013857	0.288632	0.206246	0.240582	5
1.01	0.293497	0.198810	0.237048	0.019423	0.011414	0.014379	0.286856	0.206246	0.239962	5
1.01	0.293497	0.198810	0.237048	0.019267	0.011414	0.014336	0.286856	0.206246	0.239962	5
1.01	0.294221	0.200000	0.238129	0.019814	0.011478	0.014535	0.285968	0.205950	0.239451	5
1.02	0.295455	0.201190	0.239377	0.019814	0.012129	0.015047	0.285968	0.206838	0.240050	5
1.02	0.295455	0.201190	0.239377	0.019814	0.012129	0.015047	0.285968	0.206838	0.240050	5
1.02	0.295455	0.201190	0.239377	0.019814	0.012129	0.015047	0.285968	0.206838	0.240050	5
1.02	0.295455	0.201190	0.239377	0.019814	0.012129	0.015047	0.285968	0.206838	0.240050	5
1.02	0.295455	0.201190	0.239377	0.019814	0.012129	0.015047	0.285968	0.206838	0.240050	5
1.02	0.298429	0.203571	0.242038	0.020205	0.012224	0.015232	0.288632	0.209503	0.242783	5
1.02	0.301394	0.205952	0.244696	0.020537	0.012319	0.015401	0.291297	0.212167	0.245513	5
1.02	0.307826	0.210714	0.250177	0.020808	0.012494	0.015613	0.296625	0.217200	0.250774	5
1.03	0.309689	0.213095	0.252468	0.020799	0.012589	0.015685	0.297513	0.218976	0.252273	5
1.03	0.314879	0.216667	0.256700	0.020928	0.012717	0.015820	0.302842	0.223416	0.257135	5
1.03	0.316609	0.217857	0.258110	0.020609	0.012749	0.015753	0.304618	0.225192	0.258952	5
1.03	0.322414	0.222619	0.263380	0.020320	0.012850	0.015744	0.309947	0.229633	0.263813	5
1.03	0.323580	0.223810	0.264602	0.020251	0.012853	0.015726	0.309947	0.230225	0.264203	5
1.03	0.327586	0.226190	0.267606	0.020322	0.012919	0.015797	0.314387	0.232889	0.267570	5
1.03	0.348276	0.240476	0.284507	0.020733	0.013368	0.016256	0.335702	0.252427	0.288169	5
1.03	0.369416	0.255952	0.302391	0.021025	0.013838	0.016691	0.356128	0.268709	0.306303	5
1.03	0.372852	0.258333	0.305204	0.021024	0.013876	0.016718	0.359680	0.270841	0.309002	5
1.03	0.383162	0.265476	0.313643	0.021165	0.014101	0.016926	0.370337	0.280906	0.319481	5
1.03	0.400691	0.276190	0.326991	0.021322	0.014425	0.017209	0.388988	0.295411	0.335802	5
1.03	0.424870	0.292857	0.346723	0.021380	0.014999	0.017630	0.413854	0.316726	0.358834	5
1.03	0.428325	0.295238	0.349542	0.021226	0.015049	0.017612	0.417407	0.319094	0.361689	5
1.03	0.437716	0.301190	0.356841	0.021258	0.015212	0.017734	0.427176	0.325903	0.369730	5
1.03	0.435233	0.300000	0.355180	0.021141	0.015180	0.017671	0.424512	0.324127	0.367589	6
1.03	0.436960	0.301190	0.356589	0.021301	0.015212	0.017749	0.426288	0.325903	0.369397	6
1.03	0.436960	0.301190	0.356589	0.021118	0.015212	0.017685	0.426288	0.325903	0.369397	6
1.03	0.437931	0.302381	0.357746	0.021133	0.015259	0.017722	0.426288	0.326791	0.369967	6
1.03	0.437931	0.302381	0.357746	0.021073	0.015259	0.017701	0.426288	0.326791	0.369967	6
1.03	0.431779	0.297619	0.352361	0.021020	0.014512	0.017170	0.420959	0.320574	0.363972	6
1.03	0.431034	0.297619	0.352113	0.021298	0.014557	0.017294	0.420071	0.319686	0.363068	6
1.03	0.418244	0.289286	0.342013	0.021185	0.014286	0.017064	0.407638	0.309917	0.352123	6
1.03	0.411360	0.284524	0.336383	0.021241	0.014126	0.016968	0.400533	0.303996	0.345651	6
1.03	0.404475	0.279762	0.330753	0.021469	0.014041	0.016978	0.393428	0.296596	0.338217	6
1.03	0.388316	0.269048	0.317862	0.021260	0.013641	0.016619	0.376554	0.282386	0.322741	6
1.03	0.375215	0.259524	0.306826	0.021147	0.013320	0.016345	0.363233	0.271729	0.310887	6
1.03	0.376936	0.260714	0.308234	0.021395	0.013483	0.016542	0.365009	0.275518	0.314012	6
1.03	0.359725	0.248810	0.294159	0.021012	0.013023	0.016080	0.347247	0.259828	0.297243	6
1.03	0.352332	0.242857	0.287526	0.020775	0.012785	0.015829	0.341030	0.254204	0.291284	6
1.03	0.348276	0.240476	0.284507	0.020726	0.012689	0.015741	0.336590	0.250651	0.287332	7
1.03	0.337931	0.233333	0.276056	0.021682	0.012587	0.015928	0.325933	0.242954	0.278392	7
1.03	0.333907	0.230952	0.273047	0.021716	0.013200	0.016420	0.320604	0.238218	0.273338	7
1.04	0.334477	0.232143	0.274069	0.023785	0.013764	0.017437	0.317940	0.239402	0.273137	7
1.04	0.333333	0.232143	0.273684	0.024640	0.014069	0.017911	0.314387	0.238218	0.271053	7
1.04	0.335043	0.233333	0.275088	0.023838	0.014117	0.017732	0.316163	0.239994	0.272863	7
1.04	0.336735	0.235714	0.277311	0.023368	0.014336	0.017770	0.317940	0.241770	0.274672	7
1.05	0.339527	0.239286	0.280726	0.023152	0.014616	0.017919	0.320604	0.245323	0.277956	7
1.05	0.341216	0.240476	0.282123	0.023063	0.014648	0.017916	0.322380	0.247099	0.279764	7
1.05	0.345178	0.242857	0.285115	0.023117	0.014699	0.017971	0.327709	0.250651	0.284047	7
1.05	0.350254	0.246429	0.289308	0.023157	0.014781	0.018045	0.333037	0.253020	0.287566	7
1.05	0.352542	0.247619	0.290909	0.023020	0.014661	0.017913	0.336590	0.254796	0.290036	7
1.04	0.356048	0.248810	0.292922	0.023118	0.014606	0.017901	0.338366	0.258052	0.292801	7
1.04	0.362245	0.253571	0.298319	0.023521	0.014752	0.018132	0.342806	0.262789	0.297511	7
1.04	0.379252	0.265476	0.312325	0.023684	0.015679	0.018867	0.360568	0.278774	0.314439	7
1.04	0.387372	0.270238	0.318373	0.023210	0.015564	0.018633	0.371226	0.283570	0.321531	7
1.04	0.384354	0.269048	0.316527	0.022695	0.015290	0.018271	0.367673	0.282386	0.319435	7
1.04	0.386054	0.270238	0.317927	0.022753	0.015324	0.018314	0.368561	0.284458	0.321094	7
1.04	0.391823	0.273810	0.322355	0.022166	0.015191	0.018027	0.375666	0.288603	0.326429	7
1.04	0.395230	0.276190	0.325158	0.022692	0.015315	0.018288	0.379218	0.290083	0.328715	7
1.04	0.393526	0.275000	0.323756	0.021439	0.015159	0.017761	0.378330	0.289195	0.327811	7
1.04	0.391823	0.273810	0.322355	0.021415	0.015127	0.017730	0.376554	0.287419	0.326003	7
1.04	0.391823	0.273810	0.322355	0.021407	0.015127	0.017727	0.376554	0.287419	0.326003	7
1.04	0.395230	0.276190	0.325158	0.021464	0.015223	0.017812	0.380107	0.290971	0.329619	7
1.04	0.395904	0.276190	0.325386	0.021484	0.014604	0.017388	0.381883	0.291859	0.330857	7
1.04	0.395904	0.276190	0.325386	0.021484	0.014604	0.017388	0.381883	0.291859	0.330857	7
1.04	0.395904	0.276190	0.325386	0.021489	0.014559	0.017358	0.381883	0.291859	0.330857	7
1.04	0.394872	0.275000	0.324211	0.021427	0.014483	0.017283	0.380995	0.291267	0.330143	7
1.04	0.394872	0.275000	0.324211	0.021314	0.014483	0.017246	0.380995	0.291267	0.330143	7
1.04	0.396581	0.276190	0.325614	0.021335	0.014515	0.017276	0.382771	0.293043	0.331950	7
1.04	0.396581	0.276190	0.325614	0.021339	0.014515	0.017277	0.382771	0.293043	0.331950	7
1.04	0.397260	0.276190	0.325843	0.021401	0.014499	0.017286	0.384547	0.294227	0.333378	7
1.04	0.403061	0.282143	0.331933	0.023840	0.015038	0.018443	0.388099	0.300148	0.338504	8
1.04	0.391156	0.273810	0.322129	0.023695	0.014704	0.018147	0.375666	0.289491	0.326996	8
1.05	0.377327	0.265476	0.311670	0.023786	0.014371	0.017917	0.362049	0.280551	0.316132	8
1.05	0.371622	0.261905	0.307263	0.023682	0.014241	0.017787	0.355832	0.277886	0.312066	8
1.06	0.366387	0.259524	0.303833	0.024298	0.014220	0.017940	0.350207	0.273150	0.306916	8
1.07	0.371667	0.265476	0.309722	0.024359	0.015618	0.019033	0.352872	0.280255	0.312399	8
1.08	0.369458	0.267857	0.310559	0.024344	0.016316	0.019538	0.348135	0.281143	0.311073	9
1.09	0.367647	0.267857	0.309917	0.024344	0.016316	0.019538	0.345471	0.280255	0.309464	9
1.09	0.363636	0.266667	0.307692	0.026399	0.016284	0.020143	0.340734	0.278478	0.306477	9
1.10	0.360841	0.265476	0.305899	0.024303	0.016252	0.019479	0.337182	0.276702	0.303963	9
1.10	0.353226	0.260714	0.300000	0.022667	0.016080	0.018813	0.329781	0.270782	0.297383	9
1.10	0.352181	0.259524	0.298835	0.022767	0.016063	0.018837	0.328301	0.268117	0.295172	9
1.10	0.352181	0.259524	0.298835	0.022817	0.016063	0.018854	0.328301	0.268117	0.295172	9
1.10	0.360258	0.265476	0.305689	0.024261	0.016965	0.019968	0.335702	0.270545	0.299622	9
1.10	0.365539	0.270238	0.310746	0.024427	0.017156	0.020156	0.340142	0.275577	0.304475	9
1.10	0.370370	0.273810	0.314853	0.025813	0.017328	0.020736	0.344583	0.280906	0.309503	9
1.10	0.368760	0.272619	0.313484	0.025729	0.017267	0.020665	0.342806	0.280018	0.308247	9
1.10	0.368167	0.272619	0.313269	0.025729	0.017267	0.020665	0.342510	0.280018	0.308127	9
1.10	0.372581	0.275000	0.316438	0.025795	0.017362	0.020754	0.347839	0.283570	0.312434	9
1.10	0.386473	0.285714	0.328542	0.033746	0.018112	0.023572	0.361753	0.296892	0.326128	10
1.10	0.391935	0.289286	0.332877	0.033765	0.018255	0.023698	0.367969	0.301332	0.331333	10
1.11	0.399038	0.296429	0.340164	0.033907	0.018556	0.023986	0.374482	0.308733	0.338444	10
1.11	0.406100	0.301190	0.345865	0.034014	0.018718	0.024147	0.381883	0.312877	0.343953	10
1.11	0.408946	0.304762	0.349250	0.033907	0.018787	0.024178	0.383659	0.316785	0.347030	10
1.11	0.412141	0.307143	0.351978	0.034007	0.018911	0.024306	0.387211	0.319449	0.350082	10
1.11	0.413738	0.308333	0.353342	0.034033	0.018974	0.024365	0.388988	0.320337	0.351340	10
1.11	0.419872	0.311905	0.357924	0.034738	0.019254	0.024776	0.395204	0.323594	0.355832	10
1.10	0.421900	0.311905	0.358658	0.034069	0.019423	0.024741	0.397276	0.322706	0.356129	10
1.10	0.425121	0.314286	0.361396	0.034026	0.019721	0.024970	0.399941	0.323594	0.357739	10
1.11	0.428800	0.319048	0.365870	0.033522	0.020369	0.025341	0.403493	0.326850	0.361150	10
1.10	0.429952	0.317857	0.365503	0.033962	0.020417	0.025502	0.404381	0.325074	0.360416	10
1.10	0.432258	0.319048	0.367123	0.033745	0.020464	0.025478	0.406454	0.325962	0.361785	9
1.10	0.436893	0.321429	0.370370	0.033769	0.020093	0.025195	0.411782	0.328626	0.365535	9
1.10	0.442464	0.325000	0.374743	0.033631	0.020512	0.025482	0.417999	0.332416	0.370327	9
1.09	0.439739	0.321429	0.371389	0.033139	0.020064	0.024995	0.417111	0.329751	0.368322	9
1.08	0.445545	0.321429	0.373444	0.032708	0.019743	0.024623	0.423327	0.330343	0.371099	9
1.07	0.444444	0.319048	0.371448	0.032481	0.019495	0.024366	0.423919	0.329159	0.370578	10
1.07	0.450000	0.321429	0.375000	0.032431	0.019422	0.024295	0.430136	0.331528	0.374449	10
1.07	0.451667	0.322619	0.376389	0.032375	0.018775	0.023767	0.432800	0.336264	0.378473	10
1.07	0.455000	0.325000	0.379167	0.036277	0.018407	0.024422	0.436945	0.339816	0.382308	10
1.06	0.458194	0.326190	0.381085	0.036372	0.017820	0.023920	0.440497	0.342481	0.385354	9
1.07	0.456667	0.326190	0.380556	0.036280	0.017804	0.023886	0.438721	0.342481	0.384673	9
1.07	0.453333	0.323810	0.377778	0.035050	0.017738	0.023555	0.435169	0.342185	0.383116	9
1.07	0.446844	0.320238	0.373093	0.035511	0.017611	0.023545	0.428064	0.338632	0.378132	9
1.07	0.441860	0.316667	0.368932	0.034579	0.017344	0.023101	0.422735	0.335080	0.373838	9
1.07	0.434494	0.311905	0.363132	0.035252	0.017153	0.023077	0.415631	0.330935	0.368479	9
1.08	0.432343	0.311905	0.362379	0.035266	0.017786	0.023646	0.412078	0.330935	0.367076	9
1.08	0.428336	0.309524	0.359364	0.035764	0.017691	0.023672	0.408230	0.329159	0.364455	10
1.09	0.422259	0.307143	0.355617	0.036663	0.017748	0.023918	0.402013	0.325311	0.359617	10
1.09	0.419935	0.305952	0.353994	0.036932	0.018517	0.024666	0.397573	0.322647	0.356212	10
1.09	0.423701	0.310714	0.358516	0.036973	0.019432	0.025475	0.400533	0.327975	0.360641	11
1.10	0.418006	0.309524	0.355677	0.036905	0.019384	0.025418	0.394908	0.327383	0.357989	12
1.11	0.416933	0.310714	0.356071	0.032654	0.019309	0.024268	0.395796	0.328271	0.358885	12
1.12	0.412044	0.309524	0.353501	0.032131	0.019108	0.023965	0.391800	0.327383	0.356707	12
1.12	0.414286	0.310714	0.355102	0.032106	0.019003	0.023875	0.393576	0.328863	0.358321	12
1.12	0.416139	0.313095	0.357337	0.032248	0.019054	0.023954	0.394464	0.331528	0.360268	12
1.13	0.421136	0.317857	0.362280	0.035956	0.019976	0.025683	0.400681	0.338040	0.366705	12
1.13	0.423622	0.320238	0.364746	0.034639	0.019906	0.025282	0.403937	0.340705	0.369636	12
1.12	0.431962	0.325000	0.370924	0.033642	0.019930	0.025031	0.414002	0.341889	0.374506	12
1.13	0.437795	0.330952	0.376949	0.034283	0.021716	0.026589	0.419923	0.345145	0.378880	12
1.13	0.435331	0.328571	0.374491	0.033932	0.021455	0.026288	0.418295	0.342481	0.376610	13
1.12	0.435127	0.327381	0.373641	0.033052	0.021423	0.025996	0.418295	0.340705	0.375534	13
1.12	0.432647	0.325000	0.371176	0.033015	0.021359	0.025938	0.415038	0.338040	0.372603	13
1.12	0.436508	0.327381	0.374150	0.033063	0.021499	0.026055	0.418295	0.340409	0.375354	14
1.11	0.435407	0.325000	0.372188	0.033146	0.021435	0.026034	0.416815	0.336856	0.372594	14
1.11	0.439103	0.326190	0.374317	0.033221	0.021482	0.026092	0.421255	0.337744	0.374905	14
1.10	0.439418	0.323810	0.372858	0.033430	0.021463	0.026142	0.419923	0.333304	0.371633	13
1.10	0.437097	0.322619	0.371233	0.030902	0.021583	0.025415	0.417555	0.331528	0.369601	13
1.10	0.432258	0.319048	0.367123	0.030935	0.021669	0.025486	0.412374	0.326199	0.364259	12
1.11	0.429487	0.319048	0.366120	0.030795	0.021974	0.025648	0.411486	0.326495	0.364096	12
1.12	0.426752	0.319048	0.365123	0.030840	0.022127	0.025767	0.410598	0.326495	0.363748	12

Sun Aug 29 20:39:48 2021
64.30	0.014308	0.573209	0.027919	0.018538	0.102893	0.031415	0.014282	0.611167	0.027913	127
57.83	0.013976	0.541667	0.027249	0.015329	0.164469	0.028045	0.013901	0.576406	0.027148	127
51.51	0.014001	0.483333	0.027214	0.015946	0.129461	0.028394	0.013862	0.529662	0.027017	125
45.39	0.014869	0.452381	0.028792	0.016519	0.119546	0.029027	0.014721	0.499171	0.028598	123
39.58	0.015615	0.414286	0.030096	0.016269	0.102231	0.028071	0.015468	0.459355	0.029928	121
34.06	0.016116	0.367857	0.030878	0.018313	0.080294	0.029823	0.015906	0.411989	0.030629	121
28.83	0.017681	0.341667	0.033622	0.018263	0.076593	0.029493	0.017374	0.383185	0.033242	119
24.05	0.019204	0.309524	0.036164	0.017979	0.055136	0.027116	0.018951	0.351806	0.035964	114
19.87	0.021368	0.284524	0.039751	0.020966	0.048885	0.029346	0.021006	0.322203	0.039441	110
16.32	0.023511	0.257143	0.043084	0.021261	0.045781	0.029037	0.023365	0.287863	0.043222	107
13.02	0.026596	0.232143	0.047724	0.021834	0.044383	0.029269	0.027382	0.257312	0.049496	99
10.29	0.027965	0.192857	0.048847	0.021047	0.027545	0.023862	0.028882	0.212907	0.050863	94
7.99	0.032021	0.171429	0.053963	0.012737	0.024911	0.016856	0.034245	0.188336	0.057953	87
6.12	0.035725	0.146429	0.057436	0.012914	0.017360	0.014810	0.038825	0.156661	0.062229	80
4.64	0.042097	0.130952	0.063713	0.012748	0.016831	0.014507	0.047453	0.136531	0.070428	71
3.48	0.050968	0.119048	0.071378	0.012447	0.012289	0.012367	0.061051	0.117880	0.080441	66
2.64	0.063257	0.111905	0.080825	0.012751	0.011844	0.012281	0.071719	0.106335	0.085662	58
2.02	0.067544	0.091667	0.077778	0.010032	0.009125	0.009557	0.079206	0.083541	0.081315	52
1.60	0.083426	0.089286	0.086256	0.010263	0.009150	0.009674	0.094287	0.079100	0.086028	47
1.34	0.103586	0.092857	0.097928	0.010051	0.009364	0.009695	0.110480	0.082356	0.094367	43
1.19	0.117735	0.094048	0.104567	0.010079	0.009450	0.009754	0.124038	0.081764	0.098559	36
1.11	0.142173	0.105952	0.121419	0.011641	0.006431	0.008285	0.145648	0.089017	0.110499	28
1.07	0.147841	0.105952	0.123440	0.007304	0.006549	0.006906	0.148313	0.088721	0.111026	24
1.05	0.153716	0.108333	0.127095	0.007004	0.006747	0.006873	0.151865	0.090497	0.113412	20
1.03	0.165232	0.114286	0.135116	0.007705	0.007175	0.007430	0.164298	0.095234	0.120577	18
1.02	0.165794	0.113095	0.134466	0.007283	0.007143	0.007212	0.166075	0.093458	0.119607	16
1.01	0.167845	0.113095	0.135135	0.007269	0.007143	0.007205	0.167851	0.093458	0.120065	13
1.00	0.175221	0.117857	0.140925	0.008104	0.007315	0.007690	0.174956	0.099674	0.126997	12
1.00	0.175532	0.117857	0.141026	0.008078	0.007315	0.007678	0.175844	0.099674	0.127230	8
1.00	0.175844	0.117857	0.141126	0.007632	0.007404	0.007517	0.175844	0.098490	0.126261	7
1.00	0.181172	0.121429	0.145403	0.008088	0.007545	0.007807	0.181172	0.102635	0.131037	6
1.00	0.184725	0.123810	0.148254	0.008226	0.007654	0.007930	0.184725	0.105003	0.133896	6
1.00	0.188277	0.126190	0.151105	0.008347	0.007762	0.008044	0.188277	0.107667	0.136994	6
1.00	0.188277	0.126190	0.151105	0.008342	0.007762	0.008042	0.188277	0.107667	0.136994	4
1.00	0.191829	0.128571	0.153956	0.007670	0.007915	0.007791	0.191829	0.109443	0.139372	4
1.00	0.193606	0.129762	0.155381	0.008274	0.008037	0.008154	0.193606	0.109443	0.139838	3
1.00	0.188277	0.126190	0.151105	0.007681	0.007941	0.007808	0.188277	0.104115	0.134083	3
1.00	0.188277	0.126190	0.151105	0.007678	0.007941	0.007807	0.188277	0.104115	0.134083	2
1.00	0.195382	0.130952	0.156807	0.008383	0.008069	0.008223	0.195382	0.110332	0.141026	2
1.00	0.204263	0.136905	0.163934	0.008709	0.008229	0.008462	0.204263	0.119213	0.150557	3
1.00	0.206039	0.138095	0.165360	0.008748	0.008261	0.008498	0.206039	0.120989	0.152454	3
1.00	0.214920	0.144048	0.172488	0.008563	0.008376	0.008469	0.214920	0.130758	0.162593	3
1.00	0.232682	0.155952	0.186743	0.008813	0.008696	0.008754	0.232682	0.148520	0.181310	3
1.00	0.239787	0.160714	0.192445	0.008355	0.008691	0.008519	0.239787	0.156513	0.189401	3
1.00	0.248668	0.166667	0.199572	0.008333	0.008806	0.008563	0.248668	0.166282	0.199296	3
1.00	0.253996	0.170238	0.203849	0.008155	0.008858	0.008492	0.253996	0.169834	0.203559	3
1.00	0.257549	0.172619	0.206700	0.007979	0.008922	0.008424	0.257549	0.172499	0.206613	3
1.00	0.273535	0.183333	0.219530	0.008004	0.009210	0.008565	0.273535	0.187596	0.222557	4
1.00	0.284192	0.190476	0.228083	0.007755	0.009313	0.008463	0.284192	0.197365	0.232951	4
1.00	0.300178	0.201190	0.240912	0.007642	0.009512	0.008475	0.300178	0.214239	0.250030	4
1.00	0.316163	0.211905	0.253742	0.007714	0.009756	0.008615	0.316163	0.229337	0.265840	4
1.00	0.333925	0.223810	0.267997	0.007745	0.010031	0.008741	0.333925	0.247099	0.284025	4
1.00	0.348135	0.233333	0.279401	0.010688	0.010334	0.010508	0.348135	0.259532	0.297374	3
1.00	0.353464	0.236905	0.283678	0.011560	0.010283	0.010884	0.353464	0.266193	0.303683	3
1.00	0.369449	0.247619	0.296508	0.012429	0.010576	0.011428	0.369449	0.277738	0.317096	3
1.00	0.378330	0.253571	0.303635	0.012482	0.010707	0.011526	0.378330	0.286027	0.325767	3
1.00	0.388988	0.260714	0.312188	0.012292	0.010797	0.011496	0.388988	0.296980	0.336814	4
1.00	0.408526	0.273810	0.327869	0.012509	0.011136	0.011782	0.408526	0.316519	0.356684	4
1.00	0.419183	0.280952	0.336422	0.012872	0.011299	0.012034	0.419183	0.326584	0.367135	4
1.00	0.426288	0.285714	0.342124	0.012807	0.011411	0.012069	0.426288	0.333689	0.374347	4
1.00	0.426288	0.285714	0.342124	0.012807	0.011411	0.012069	0.426288	0.334577	0.374905	4
1.00	0.423759	0.284524	0.340456	0.012560	0.011348	0.011923	0.423623	0.333689	0.373316	4
1.00	0.415929	0.279762	0.334520	0.012201	0.011351	0.011761	0.415631	0.325400	0.365022	4
1.01	0.413428	0.278571	0.332859	0.012530	0.011364	0.011918	0.412966	0.322735	0.362318	4
1.01	0.388693	0.261905	0.312945	0.011947	0.010898	0.011398	0.388099	0.300533	0.338749	4
1.01	0.372792	0.251190	0.300142	0.011503	0.010667	0.011070	0.372114	0.285435	0.323061	4
1.00	0.368142	0.247619	0.296085	0.011255	0.010718	0.010980	0.367673	0.278478	0.316920	4
1.00	0.350442	0.235714	0.281851	0.009545	0.010412	0.009960	0.349911	0.261308	0.299188	4
1.00	0.320354	0.215476	0.257651	0.007806	0.009852	0.008710	0.319716	0.233777	0.270075	3
1.00	0.304425	0.204762	0.244840	0.007987	0.009697	0.008759	0.303730	0.216903	0.253077	3
1.00	0.302655	0.203571	0.243416	0.008241	0.009799	0.008952	0.301954	0.214239	0.250644	3
1.00	0.297872	0.200000	0.239316	0.008347	0.009703	0.008974	0.297513	0.209799	0.246073	3
1.00	0.296625	0.198810	0.238061	0.008499	0.009715	0.009067	0.296625	0.208911	0.245158	3
1.00	0.291297	0.195238	0.233785	0.008734	0.009664	0.009175	0.291297	0.202694	0.239049	3
1.00	0.289520	0.194048	0.232359	0.008721	0.009632	0.009154	0.289520	0.200918	0.237216	3
1.00	0.289520	0.194048	0.232359	0.008721	0.009632	0.009154	0.289520	0.200918	0.237216	3
1.00	0.289520	0.194048	0.232359	0.008721	0.009632	0.009154	0.289520	0.200918	0.237216	3
1.00	0.293073	0.196429	0.235210	0.008746	0.009696	0.009197	0.293073	0.203582	0.240265	3
1.00	0.293073	0.196429	0.235210	0.008746	0.009696	0.009197	0.293073	0.203582	0.240265	3
1.00	0.294849	0.197619	0.236636	0.008574	0.009728	0.009115	0.294849	0.205358	0.242098	3
1.00	0.301954	0.202381	0.242338	0.008543	0.009811	0.009133	0.301954	0.212463	0.249424	3
1.00	0.303730	0.203571	0.243763	0.009770	0.009770	0.009770	0.303730	0.213351	0.250642	3
1.00	0.309059	0.207143	0.248040	0.010512	0.009837	0.010163	0.309059	0.217792	0.255520	4
1.00	0.309059	0.207143	0.248040	0.010550	0.009764	0.010142	0.309059	0.219568	0.256738	4
1.00	0.316163	0.211905	0.253742	0.011628	0.009836	0.010657	0.316163	0.224600	0.262630	5
1.00	0.328597	0.220238	0.263721	0.011386	0.010002	0.010649	0.328597	0.233777	0.273194	4
1.00	0.335702	0.225000	0.269423	0.011934	0.010148	0.010969	0.335702	0.239994	0.279892	4
1.00	0.346359	0.232143	0.277976	0.012469	0.010389	0.011335	0.346359	0.245974	0.287660	4
1.00	0.344583	0.230952	0.276550	0.012353	0.010357	0.011268	0.344583	0.244198	0.285833	5
1.00	0.348135	0.233333	0.279401	0.012445	0.010453	0.011362	0.348135	0.246862	0.288880	5
1.00	0.339254	0.227381	0.272274	0.012498	0.010308	0.011298	0.339254	0.237685	0.279529	5
1.00	0.332149	0.222619	0.266572	0.012240	0.010180	0.011115	0.332149	0.232356	0.273432	5
1.00	0.335702	0.225000	0.269423	0.012402	0.010275	0.011239	0.335702	0.235021	0.276481	5
1.00	0.344583	0.230952	0.276550	0.012681	0.010469	0.011469	0.344583	0.241237	0.283794	4
1.00	0.349911	0.234524	0.280827	0.012828	0.010596	0.011606	0.349911	0.243902	0.287444	4
1.00	0.358156	0.240476	0.287749	0.013045	0.010745	0.011784	0.357016	0.249822	0.293952	4
1.00	0.361702	0.242857	0.290598	0.013247	0.010809	0.011905	0.360568	0.252487	0.297000	5
1.00	0.359929	0.241667	0.289174	0.013125	0.010820	0.011861	0.358792	0.251599	0.295783	5
1.00	0.355240	0.238095	0.285103	0.012854	0.010645	0.011646	0.355240	0.250118	0.293552	5
1.00	0.347518	0.233333	0.279202	0.012681	0.010531	0.011506	0.347247	0.243902	0.286541	5
1.00	0.343972	0.230952	0.276353	0.012487	0.010449	0.011377	0.343695	0.242126	0.284105	5
1.00	0.346359	0.232143	0.277976	0.012433	0.010465	0.011364	0.346359	0.243902	0.286238	5
1.00	0.339254	0.227381	0.272274	0.012069	0.010319	0.011126	0.339254	0.238573	0.280142	5
1.00	0.330373	0.221429	0.265146	0.011715	0.010112	0.010855	0.330373	0.233541	0.273643	5
1.00	0.325044	0.217857	0.260870	0.011843	0.010001	0.010844	0.325044	0.229100	0.268766	5
1.00	0.326241	0.219048	0.262108	0.012582	0.010201	0.011267	0.325044	0.229988	0.269376	4
1.01	0.323322	0.217857	0.260313	0.012920	0.010337	0.011485	0.320604	0.227324	0.266024	4
1.01	0.325132	0.220238	0.262598	0.013614	0.010738	0.012006	0.320604	0.229100	0.267236	4
1.01	0.326316	0.221429	0.263830	0.013934	0.010938	0.012256	0.320604	0.229988	0.267839	4
1.01	0.324561	0.220238	0.262411	0.013853	0.010891	0.012194	0.318828	0.229396	0.266817	4
1.01	0.328070	0.222619	0.265248	0.014019	0.010970	0.012309	0.322380	0.231764	0.269663	4
1.01	0.334501	0.227381	0.270730	0.014420	0.011282	0.012660	0.327709	0.235909	0.274333	4
1.01	0.341506	0.232143	0.276400	0.014707	0.011442	0.012870	0.334814	0.241237	0.280425	4
1.02	0.349650	0.238095	0.283286	0.015148	0.011786	0.013257	0.341918	0.246566	0.286517	4
1.02	0.356021	0.242857	0.288747	0.015624	0.012113	0.013646	0.347247	0.251895	0.291983	4
1.02	0.356021	0.242857	0.288747	0.015784	0.012113	0.013707	0.347247	0.251895	0.291983	4
1.02	0.357766	0.244048	0.290163	0.015801	0.012145	0.013734	0.349023	0.253671	0.293804	4
1.02	0.364747	0.248810	0.295824	0.015892	0.012289	0.013860	0.356128	0.258999	0.299895	4
1.02	0.378709	0.258333	0.307148	0.016246	0.012455	0.014100	0.371226	0.272321	0.314173	4
1.02	0.383944	0.261905	0.311394	0.016308	0.012551	0.014185	0.376554	0.277649	0.319625	4
1.02	0.395470	0.270238	0.321075	0.016394	0.012822	0.014390	0.387211	0.288011	0.330324	4
1.01	0.397548	0.270238	0.321758	0.017052	0.012441	0.014386	0.390764	0.290971	0.333564	4
1.02	0.395105	0.269048	0.320113	0.017408	0.012422	0.014498	0.388099	0.288899	0.331231	5
1.02	0.393357	0.267857	0.318697	0.016932	0.012222	0.014196	0.387211	0.288011	0.330324	5
1.01	0.392294	0.266667	0.317505	0.016984	0.012037	0.014089	0.387211	0.287123	0.329739	5
1.02	0.398601	0.271429	0.322946	0.019091	0.012181	0.014872	0.393428	0.293339	0.336090	5
1.02	0.396161	0.270238	0.321302	0.025044	0.012418	0.016603	0.391652	0.291563	0.334276	6
1.02	0.407986	0.279762	0.331921	0.029269	0.013387	0.018371	0.402309	0.301036	0.344382	6
1.03	0.411054	0.283333	0.335447	0.029315	0.013472	0.018460	0.404973	0.303700	0.347101	7
1.03	0.422414	0.291667	0.345070	0.029617	0.013747	0.018778	0.416519	0.312581	0.357142	7
1.03	0.416523	0.288095	0.340605	0.029421	0.014003	0.018975	0.408526	0.305477	0.349565	7
1.03	0.410653	0.284524	0.336146	0.029371	0.013938	0.018905	0.402309	0.298372	0.342632	7
1.04	0.415094	0.288095	0.340126	0.029451	0.014081	0.019053	0.405861	0.300503	0.345325	7
1.03	0.424399	0.294048	0.347398	0.027722	0.014291	0.018859	0.415631	0.306720	0.352965	7
1.03	0.427586	0.295238	0.349296	0.027928	0.014309	0.018923	0.419183	0.307608	0.354831	7
1.03	0.431779	0.297619	0.352361	0.027876	0.014405	0.018994	0.423623	0.309384	0.357602	7
1.03	0.440415	0.303571	0.359408	0.027950	0.014643	0.019218	0.432504	0.314713	0.364324	7
1.03	0.452668	0.313095	0.370162	0.027391	0.014856	0.019264	0.445826	0.326258	0.376784	7
1.04	0.452830	0.314286	0.371047	0.026955	0.015071	0.019333	0.444938	0.326258	0.376466	8
1.03	0.448454	0.310714	0.367089	0.028303	0.014975	0.019587	0.440497	0.321818	0.371919	8
1.03	0.432014	0.298810	0.353272	0.028102	0.014562	0.019183	0.423623	0.305832	0.355217	8
1.03	0.410035	0.282143	0.334274	0.029697	0.013973	0.019004	0.401421	0.288070	0.335428	8
1.02	0.402778	0.276190	0.327684	0.029612	0.013779	0.018807	0.394316	0.281853	0.328732	8
1.02	0.398614	0.273810	0.324630	0.029627	0.013744	0.018777	0.388988	0.278301	0.324464	8
1.02	0.389948	0.267857	0.317572	0.029529	0.013595	0.018618	0.380107	0.272084	0.317149	7
1.03	0.387543	0.266667	0.315938	0.029473	0.013576	0.018590	0.377442	0.270308	0.315015	7
1.02	0.388215	0.266667	0.316161	0.029503	0.013634	0.018650	0.378330	0.270308	0.315324	6
1.03	0.377163	0.259524	0.307475	0.029411	0.013698	0.018691	0.365897	0.264624	0.307127	6
1.03	0.370690	0.255952	0.302817	0.028205	0.013861	0.018587	0.357016	0.260184	0.301004	6
1.03	0.361446	0.250000	0.295566	0.027337	0.013667	0.018223	0.347839	0.256631	0.295354	6
1.03	0.348276	0.240476	0.284507	0.027019	0.013439	0.017950	0.334517	0.246270	0.283689	6
1.03	0.347079	0.240476	0.284107	0.026843	0.013910	0.018325	0.331261	0.245086	0.281731	6
1.04	0.343590	0.239286	0.282105	0.026635	0.014363	0.018662	0.324156	0.245323	0.279283	6
1.04	0.339041	0.235714	0.278090	0.025594	0.014204	0.018269	0.320604	0.240290	0.274697	6
1.04	0.340171	0.236905	0.279298	0.025226	0.014265	0.018225	0.322380	0.241178	0.275929	6
1.04	0.336735	0.235714	0.277311	0.023679	0.014355	0.017874	0.318828	0.241474	0.274811	6
1.05	0.341216	0.240476	0.282123	0.023109	0.014877	0.018101	0.321492	0.245027	0.278099	6
1.05	0.344595	0.242857	0.284916	0.022931	0.015065	0.018184	0.324156	0.247691	0.280811	6
1.05	0.349073	0.246429	0.288904	0.022838	0.015780	0.018664	0.327709	0.251243	0.284426	6
1.06	0.356303	0.252381	0.295470	0.023638	0.015927	0.019031	0.335702	0.260124	0.293120	6
1.06	0.361204	0.257143	0.300417	0.023845	0.016055	0.019189	0.341030	0.266341	0.299093	7
1.06	0.361809	0.257143	0.300626	0.023658	0.016026	0.019108	0.341918	0.267229	0.299995	6
1.06	0.367003	0.259524	0.304045	0.024390	0.015603	0.019031	0.349023	0.272262	0.305900	6
1.06	0.390572	0.276190	0.323570	0.025970	0.015979	0.019785	0.373002	0.292688	0.328000	6
1.06	0.406040	0.288095	0.337047	0.025994	0.016244	0.019993	0.388988	0.311101	0.345712	6
1.06	0.424497	0.301190	0.352368	0.027085	0.016508	0.020513	0.406454	0.326791	0.362295	7
1.06	0.442761	0.313095	0.366806	0.027446	0.016525	0.020629	0.426880	0.343073	0.380415	7
1.05	0.462057	0.326190	0.382414	0.027673	0.016911	0.020993	0.447306	0.360391	0.399172	7
1.06	0.485714	0.344048	0.402787	0.027886	0.017382	0.021415	0.471877	0.383245	0.422967	7
1.06	0.522613	0.371429	0.434238	0.028319	0.018266	0.022208	0.510953	0.417880	0.459754	7
1.06	0.561873	0.400000	0.467316	0.028679	0.019162	0.022974	0.552398	0.454293	0.498565	7
1.06	0.577629	0.411905	0.480889	0.026831	0.019562	0.022627	0.568384	0.466430	0.512384	7
1.06	0.600334	0.427381	0.499305	0.027362	0.019965	0.023086	0.592658	0.487744	0.535107	7
1.06	0.621035	0.442857	0.517026	0.026333	0.020415	0.022999	0.614861	0.507578	0.556093	7
1.07	0.619601	0.444048	0.517337	0.026771	0.021021	0.023550	0.613381	0.509355	0.556548	7
1.07	0.617550	0.444048	0.516620	0.026771	0.021021	0.023550	0.611605	0.509355	0.555816	7
1.07	0.614238	0.441667	0.513850	0.026250	0.020354	0.022929	0.608940	0.505802	0.552600	7
1.07	0.604305	0.434524	0.505540	0.026126	0.020222	0.022798	0.598283	0.493369	0.540785	7
1.08	0.598023	0.432143	0.501728	0.027351	0.020358	0.023342	0.591178	0.488040	0.534681	7
1.08	0.585526	0.423810	0.491713	0.027264	0.020178	0.023192	0.577857	0.474719	0.521235	7
1.08	0.568369	0.410714	0.476849	0.029147	0.019810	0.023588	0.559207	0.458141	0.503654	7
1.08	0.546205	0.394048	0.457815	0.028142	0.019360	0.022939	0.535820	0.436234	0.480926	7
1.08	0.527183	0.380952	0.442294	0.028075	0.018992	0.022657	0.515394	0.417584	0.461362	7
1.07	0.505804	0.363095	0.422730	0.027684	0.018509	0.022186	0.491119	0.392422	0.436258	7
1.07	0.493377	0.354762	0.412742	0.027704	0.018279	0.022026	0.477798	0.377324	0.421658	7
1.07	0.480066	0.344048	0.400832	0.028824	0.017960	0.022131	0.462996	0.363114	0.407017	7
1.07	0.462562	0.330952	0.385843	0.028694	0.017606	0.021822	0.444346	0.344908	0.388363	7
1.07	0.450000	0.321429	0.375000	0.028784	0.017318	0.021625	0.431024	0.331587	0.374823	8
1.07	0.444260	0.317857	0.370576	0.028703	0.017222	0.021528	0.424808	0.327146	0.369635	8
1.07	0.440932	0.315476	0.367800	0.028807	0.017142	0.021494	0.421255	0.324482	0.366590	8
1.06	0.439065	0.313095	0.365532	0.028941	0.017123	0.021516	0.419479	0.320930	0.363646	8
1.07	0.434276	0.310714	0.362248	0.028493	0.017072	0.021351	0.413854	0.317969	0.359630	8
1.07	0.428333	0.305952	0.356944	0.028597	0.017081	0.021387	0.408526	0.313233	0.354588	8
1.07	0.427152	0.307143	0.357341	0.028160	0.018067	0.022012	0.404973	0.312049	0.352490	8
1.07	0.416252	0.298810	0.347886	0.027448	0.018068	0.021791	0.393724	0.302575	0.342184	8
1.07	0.408638	0.292857	0.341193	0.027317	0.017845	0.021588	0.385731	0.296359	0.335190	8
1.07	0.397671	0.284524	0.331714	0.026838	0.017830	0.021426	0.375074	0.289195	0.326583	8
1.07	0.399007	0.286905	0.333795	0.026290	0.018260	0.021551	0.375370	0.291859	0.328388	8
1.07	0.398347	0.286905	0.333564	0.026110	0.018260	0.021491	0.374482	0.291859	0.328048	8
1.07	0.391736	0.282143	0.328028	0.025945	0.018069	0.021302	0.367377	0.286530	0.321956	8
1.08	0.400990	0.289286	0.336100	0.026118	0.018461	0.021632	0.376258	0.295411	0.330969	8
1.08	0.397690	0.286905	0.333333	0.025974	0.018366	0.021517	0.372706	0.291859	0.327365	8
1.08	0.400000	0.290476	0.336552	0.026018	0.019249	0.022127	0.372706	0.295411	0.329588	8
1.09	0.405229	0.295238	0.341598	0.026131	0.019395	0.022265	0.378034	0.300740	0.334986	8
1.09	0.413008	0.302381	0.349141	0.026046	0.019650	0.022400	0.386027	0.311397	0.344719	8
1.09	0.430894	0.315476	0.364261	0.026261	0.020069	0.022751	0.405269	0.325607	0.361097	8
1.09	0.438825	0.320238	0.370268	0.026092	0.019309	0.022194	0.415038	0.335228	0.370888	8
1.09	0.454545	0.333333	0.384615	0.026269	0.019666	0.022493	0.431912	0.351214	0.387405	9
1.10	0.471820	0.348810	0.401095	0.026231	0.020132	0.022780	0.449970	0.370515	0.406396	9
1.10	0.487884	0.359524	0.413982	0.026156	0.020377	0.022908	0.468621	0.385909	0.423262	9
1.10	0.502415	0.371429	0.427105	0.026186	0.020776	0.023169	0.484310	0.401007	0.438739	9
1.10	0.511254	0.378571	0.435021	0.026305	0.020999	0.023355	0.494079	0.409888	0.448063	9
1.11	0.521669	0.386905	0.444293	0.026839	0.021270	0.023732	0.505625	0.419657	0.458647	10
1.10	0.528939	0.391667	0.450068	0.026940	0.021230	0.023747	0.514506	0.427650	0.467074	10
1.10	0.530547	0.392857	0.451436	0.026748	0.020910	0.023471	0.518058	0.432090	0.471185	10
1.10	0.532154	0.394048	0.452804	0.026758	0.020942	0.023495	0.519834	0.432978	0.472447	9
1.10	0.533871	0.394048	0.453425	0.027264	0.021498	0.024040	0.520130	0.434754	0.473626	9
1.10	0.533871	0.394048	0.453425	0.027261	0.021514	0.024049	0.518650	0.434458	0.472836	8
1.11	0.512039	0.379762	0.436090	0.027004	0.021096	0.023687	0.493783	0.416400	0.451802	8
1.10	0.491961	0.364286	0.418605	0.026829	0.020496	0.023239	0.471877	0.395086	0.430081	8
1.11	0.488000	0.363095	0.416382	0.027208	0.021083	0.023757	0.466548	0.392422	0.426286	8
1.11	0.472756	0.351190	0.403005	0.027178	0.020747	0.023531	0.449674	0.375548	0.409282	8
1.11	0.467200	0.347619	0.398635	0.027813	0.020848	0.023832	0.442570	0.368147	0.401942	8
1.11	0.456000	0.339286	0.389078	0.027840	0.020727	0.023762	0.430136	0.354529	0.388690	8
1.11	0.452648	0.335714	0.385509	0.027734	0.020965	0.023879	0.424512	0.348017	0.382477	8
1.11	0.449438	0.333333	0.382775	0.027710	0.021050	0.023925	0.421551	0.342836	0.378141	8
1.10	0.442122	0.327381	0.376197	0.027636	0.020935	0.023823	0.412670	0.333067	0.368620	8
1.11	0.437700	0.326190	0.373806	0.027739	0.021087	0.023960	0.405565	0.329218	0.363426	8
1.11	0.434992	0.322619	0.370472	0.027820	0.020991	0.023927	0.402901	0.323890	0.359101	8
1.11	0.431782	0.320238	0.367738	0.028039	0.020911	0.023956	0.399349	0.321226	0.356052	8
1.11	0.429487	0.319048	0.366120	0.028073	0.021047	0.024058	0.395796	0.318561	0.353004	7
1.11	0.421474	0.313095	0.359290	0.029626	0.021769	0.025097	0.386915	0.312345	0.345654	7
