
Sun Aug 29 11:58:13 2021
65.22	0.011883	0.482866	0.023195	0.015291	0.113274	0.026945	0.012012	0.549333	0.023510	124
58.48	0.011450	0.448810	0.022331	0.020378	0.155589	0.036036	0.011589	0.509236	0.022661	125
51.48	0.011766	0.405952	0.022868	0.020717	0.133648	0.035874	0.011906	0.465719	0.023219	125
45.02	0.012350	0.372619	0.023908	0.022091	0.126815	0.037628	0.012453	0.427531	0.024202	125
38.59	0.012750	0.329762	0.024551	0.013099	0.110376	0.023419	0.012863	0.382682	0.024889	123
32.71	0.012870	0.282143	0.024617	0.010205	0.085830	0.018240	0.013148	0.327028	0.025279	120
27.44	0.013788	0.253571	0.026154	0.010977	0.070383	0.018993	0.014217	0.293872	0.027122	119
22.65	0.014428	0.219048	0.027073	0.008893	0.058057	0.015423	0.014849	0.250207	0.028035	116
18.48	0.014709	0.182143	0.027219	0.009956	0.049927	0.016601	0.014938	0.204914	0.027847	113
15.08	0.013897	0.140476	0.025292	0.010041	0.036584	0.015757	0.013792	0.157253	0.025359	108
11.98	0.015715	0.126190	0.027950	0.011162	0.033645	0.016763	0.015529	0.139195	0.027941	101
9.45	0.016168	0.102381	0.027927	0.010086	0.024364	0.014266	0.015699	0.108407	0.027427	91
7.27	0.016850	0.082143	0.027964	0.010294	0.019436	0.013459	0.017429	0.082652	0.028788	85
5.55	0.018886	0.070238	0.029768	0.009256	0.012562	0.010658	0.020265	0.067200	0.031139	76
4.16	0.023474	0.065476	0.034559	0.008761	0.007512	0.008089	0.027406	0.058615	0.037349	66
3.02	0.029982	0.060714	0.040142	0.007835	0.004812	0.005962	0.040159	0.052694	0.045580	58
2.18	0.042380	0.061905	0.050314	0.009664	0.003894	0.005551	0.052842	0.052102	0.052469	51
1.60	0.058889	0.063095	0.060920	0.009668	0.004015	0.005674	0.070071	0.053878	0.060917	42
1.33	0.077540	0.069048	0.073048	0.009691	0.004398	0.006050	0.087182	0.058022	0.069674	33
1.20	0.089970	0.072619	0.080369	0.009658	0.004628	0.006257	0.098283	0.060391	0.074812	29
1.13	0.100471	0.076190	0.086662	0.009564	0.004857	0.006443	0.106572	0.063055	0.079231	28
1.08	0.124590	0.090476	0.104828	0.009661	0.005777	0.007230	0.134103	0.075488	0.096600	26
1.05	0.131757	0.092857	0.108939	0.001803	0.005974	0.002770	0.138544	0.076969	0.098960	24
1.05	0.144312	0.101190	0.118964	0.001850	0.006510	0.002881	0.150977	0.083185	0.107268	22
1.04	0.157534	0.109524	0.129213	0.009601	0.006824	0.007978	0.163410	0.093250	0.118741	22
1.03	0.176166	0.121429	0.143763	0.009608	0.007322	0.008311	0.181172	0.107164	0.134670	22
1.01	0.209877	0.141667	0.169154	0.009608	0.008000	0.008731	0.211368	0.133955	0.163984	21
1.00	0.222025	0.148810	0.178190	0.009547	0.008415	0.008945	0.222025	0.139935	0.171671	19
1.00	0.236234	0.158333	0.189594	0.009513	0.008760	0.009121	0.236234	0.152368	0.185252	16
1.00	0.241563	0.161905	0.193870	0.009450	0.008857	0.009143	0.241563	0.156809	0.190170	14
1.00	0.241563	0.161905	0.193870	0.009413	0.008857	0.009126	0.241563	0.156809	0.190170	11
1.00	0.243339	0.163095	0.195296	0.009375	0.008889	0.009125	0.243339	0.158585	0.192026	10
1.00	0.245115	0.164286	0.196721	0.009357	0.008921	0.009133	0.245115	0.160361	0.193880	9
1.00	0.250444	0.167857	0.200998	0.009360	0.009061	0.009208	0.250444	0.164506	0.198576	8
1.00	0.259325	0.173810	0.208125	0.009369	0.009221	0.009295	0.259325	0.173387	0.207822	7
1.00	0.264654	0.177381	0.212402	0.017188	0.009333	0.012097	0.264654	0.177827	0.212722	8
1.00	0.271758	0.182143	0.218104	0.017040	0.009461	0.012167	0.271758	0.184044	0.219461	6
1.00	0.271758	0.182143	0.218104	0.016890	0.009461	0.012128	0.271758	0.184044	0.219461	4
1.00	0.273535	0.183333	0.219530	0.012996	0.009493	0.010972	0.273535	0.185820	0.221303	4
1.00	0.280639	0.188095	0.225232	0.011727	0.009621	0.010570	0.280639	0.192037	0.228034	3
1.00	0.293073	0.196429	0.235210	0.012962	0.009861	0.011201	0.293073	0.203582	0.240265	3
1.00	0.294849	0.197619	0.236636	0.012084	0.009893	0.010879	0.294849	0.205358	0.242098	3
1.00	0.301954	0.202381	0.242338	0.012691	0.009947	0.011153	0.301954	0.212463	0.249424	3
1.00	0.309059	0.207143	0.248040	0.012559	0.010031	0.011154	0.309059	0.219568	0.256738	3
1.00	0.325044	0.217857	0.260870	0.012520	0.010319	0.011314	0.325044	0.234665	0.272558	3
1.00	0.339254	0.227381	0.272274	0.011806	0.010575	0.011157	0.339254	0.247099	0.285935	3
1.00	0.348135	0.233333	0.279401	0.011647	0.010735	0.011173	0.348135	0.255980	0.295028	3
1.00	0.353464	0.236905	0.283678	0.011753	0.010802	0.011258	0.353464	0.262493	0.301260	3
1.00	0.359292	0.241667	0.288968	0.011704	0.010931	0.011304	0.358792	0.269597	0.307865	3
1.01	0.365079	0.246429	0.294243	0.010946	0.010909	0.010927	0.364121	0.278330	0.315498	3
1.01	0.373684	0.253571	0.302128	0.010683	0.011057	0.010867	0.372114	0.288395	0.324949	3
1.02	0.398601	0.271429	0.322946	0.012230	0.011568	0.011890	0.396980	0.311841	0.349298	3
1.02	0.395470	0.270238	0.321075	0.010764	0.011238	0.010996	0.394316	0.315039	0.350247	3
1.02	0.405217	0.277381	0.329329	0.012326	0.011222	0.011748	0.404973	0.326880	0.361760	3
1.02	0.417391	0.285714	0.339223	0.012329	0.011402	0.011847	0.417407	0.340497	0.375050	3
1.02	0.419130	0.286905	0.340636	0.011802	0.011418	0.011607	0.419183	0.343162	0.377382	3
1.02	0.415945	0.285714	0.338744	0.011620	0.011447	0.011533	0.416223	0.340497	0.374571	3
1.03	0.406574	0.279762	0.331453	0.011188	0.011420	0.011303	0.406454	0.328952	0.363619	3
1.03	0.405172	0.279762	0.330986	0.011395	0.011659	0.011525	0.404677	0.325755	0.360952	3
1.03	0.402754	0.278571	0.329345	0.011984	0.011731	0.011856	0.402013	0.322795	0.358075	3
1.03	0.386207	0.266667	0.315493	0.012078	0.011456	0.011759	0.384547	0.304737	0.340021	3
1.03	0.388601	0.267857	0.317125	0.012454	0.011504	0.011960	0.386323	0.306513	0.341821	4
1.02	0.379549	0.260714	0.309104	0.012377	0.011327	0.011829	0.377442	0.297632	0.332819	4
1.02	0.376736	0.258333	0.306497	0.012179	0.011247	0.011695	0.374778	0.294079	0.329560	4
1.02	0.378049	0.258333	0.306931	0.012597	0.011308	0.011918	0.375666	0.292895	0.329157	4
1.02	0.375218	0.255952	0.304317	0.012371	0.011272	0.011796	0.373002	0.288011	0.325042	4
1.02	0.375874	0.255952	0.304533	0.012721	0.011272	0.011953	0.373890	0.288011	0.325379	4
1.02	0.374126	0.254762	0.303116	0.013070	0.011269	0.012103	0.372114	0.287123	0.324139	4
1.01	0.371278	0.252381	0.300496	0.013148	0.011250	0.012125	0.369449	0.282386	0.320103	4
1.01	0.365554	0.247619	0.295245	0.013891	0.011166	0.012381	0.364121	0.274097	0.312760	4
1.01	0.358025	0.241667	0.288557	0.014020	0.011006	0.012332	0.357016	0.265216	0.304344	4
1.00	0.352212	0.236905	0.283274	0.013985	0.010878	0.012237	0.351687	0.258111	0.297720	4
1.00	0.346903	0.233333	0.279004	0.013633	0.010767	0.012031	0.346359	0.253671	0.292856	4
1.00	0.335702	0.225000	0.269423	0.013558	0.010542	0.011862	0.335702	0.241237	0.280736	4
1.00	0.330373	0.221429	0.265146	0.013520	0.010446	0.011786	0.330373	0.235909	0.275262	4
1.00	0.330373	0.221429	0.265146	0.013520	0.010446	0.011786	0.330373	0.235909	0.275262	4
1.00	0.328597	0.220238	0.263721	0.013507	0.010414	0.011761	0.328597	0.234133	0.273436	4
1.00	0.328597	0.220238	0.263721	0.013507	0.010414	0.011761	0.328597	0.234133	0.273436	4
1.00	0.326821	0.219048	0.262295	0.013494	0.010382	0.011735	0.326821	0.232356	0.271609	4
1.00	0.326821	0.219048	0.262295	0.013494	0.010382	0.011735	0.326821	0.232356	0.271609	4
1.00	0.321492	0.215476	0.258019	0.013454	0.010286	0.011659	0.321492	0.227028	0.266126	4
1.00	0.319716	0.214286	0.256593	0.013440	0.010254	0.011633	0.319716	0.225252	0.264297	4
1.00	0.319716	0.214286	0.256593	0.013436	0.010254	0.011631	0.319716	0.225252	0.264297	3
1.00	0.316163	0.211905	0.253742	0.013407	0.010190	0.011580	0.316163	0.221699	0.260636	3
1.00	0.310835	0.208333	0.249465	0.013363	0.010094	0.011501	0.310835	0.216371	0.255140	3
1.00	0.312611	0.209524	0.250891	0.013378	0.010126	0.011527	0.312611	0.217259	0.256355	3
1.00	0.319716	0.214286	0.256593	0.013436	0.010254	0.011631	0.319716	0.224364	0.263684	3
1.00	0.323268	0.216667	0.259444	0.013471	0.010318	0.011686	0.323268	0.227916	0.267344	4
1.00	0.328597	0.220238	0.263721	0.013515	0.010414	0.011764	0.328597	0.233245	0.272829	4
1.00	0.339254	0.227381	0.272274	0.013590	0.010607	0.011914	0.339254	0.243902	0.283782	4
1.00	0.348135	0.233333	0.279401	0.013966	0.010782	0.012169	0.348135	0.251599	0.292097	4
1.00	0.355240	0.238095	0.285103	0.013767	0.010910	0.012173	0.355240	0.258703	0.299382	4
1.00	0.360568	0.241667	0.289380	0.013433	0.010991	0.012090	0.360568	0.265216	0.305628	4
1.00	0.364121	0.244048	0.292231	0.013352	0.011055	0.012095	0.364121	0.268768	0.309262	4
1.00	0.365897	0.245238	0.293656	0.013477	0.011013	0.012121	0.365897	0.272913	0.312638	5
1.00	0.364121	0.244048	0.292231	0.013099	0.010966	0.011938	0.364121	0.271137	0.310824	5
1.00	0.364121	0.244048	0.292231	0.013099	0.010966	0.011938	0.364121	0.271137	0.310824	5
1.00	0.364121	0.244048	0.292231	0.013099	0.010966	0.011938	0.364121	0.271137	0.310824	5
1.00	0.364121	0.244048	0.292231	0.013099	0.010966	0.011938	0.364121	0.271137	0.310824	5
1.00	0.364121	0.244048	0.292231	0.013099	0.010966	0.011938	0.364121	0.271137	0.310824	5
1.00	0.364121	0.244048	0.292231	0.013147	0.010966	0.011958	0.364121	0.271137	0.310824	5
1.00	0.362345	0.242857	0.290805	0.013181	0.010934	0.011953	0.362345	0.269361	0.309009	5
1.00	0.369449	0.247619	0.296508	0.013773	0.011124	0.012308	0.369449	0.275577	0.315683	5
1.00	0.369449	0.247619	0.296508	0.013938	0.011213	0.012428	0.369449	0.273209	0.314123	5
1.00	0.369449	0.247619	0.296508	0.014155	0.011229	0.012523	0.369449	0.272025	0.313339	5
1.00	0.372340	0.250000	0.299145	0.014273	0.011340	0.012638	0.372114	0.273801	0.315475	5
1.00	0.359292	0.241667	0.288968	0.014509	0.011163	0.012618	0.358792	0.258407	0.300436	4
1.00	0.339823	0.228571	0.273310	0.014242	0.010779	0.012271	0.339254	0.240941	0.281768	4
1.00	0.325664	0.219048	0.261922	0.013830	0.010492	0.011932	0.325044	0.227620	0.267745	4
1.01	0.319788	0.215476	0.257468	0.013909	0.010411	0.011909	0.317940	0.221403	0.261032	4
1.01	0.319788	0.215476	0.257468	0.014203	0.010411	0.012015	0.317940	0.221403	0.261032	4
1.01	0.319788	0.215476	0.257468	0.014203	0.010411	0.012015	0.317940	0.221403	0.261032	4
1.01	0.320988	0.216667	0.258706	0.014317	0.010459	0.012087	0.318828	0.223179	0.262564	4
1.01	0.319224	0.215476	0.257285	0.014302	0.010427	0.012061	0.317052	0.221403	0.260732	4
1.01	0.320988	0.216667	0.258706	0.014317	0.010459	0.012087	0.318828	0.223179	0.262564	4
1.01	0.324515	0.219048	0.261549	0.014253	0.010554	0.012128	0.322380	0.224956	0.264997	4
1.01	0.329825	0.223810	0.266667	0.014584	0.010745	0.012373	0.325933	0.228212	0.268456	4
1.01	0.334501	0.227381	0.270730	0.014778	0.010888	0.012538	0.330373	0.231468	0.272215	4
1.02	0.338569	0.230952	0.274593	0.014897	0.011015	0.012665	0.332149	0.234429	0.274862	4
1.02	0.340870	0.233333	0.277032	0.014989	0.011110	0.012761	0.333925	0.236205	0.276690	4
1.02	0.342014	0.234524	0.278249	0.015030	0.011158	0.012808	0.334814	0.237093	0.277605	4
1.03	0.356401	0.245238	0.290550	0.015137	0.011540	0.013096	0.348135	0.251303	0.291898	4
1.03	0.366149	0.252381	0.298802	0.014821	0.011719	0.013089	0.357904	0.263144	0.303295	4
1.03	0.381693	0.263095	0.311487	0.014777	0.012069	0.013286	0.373890	0.277057	0.318271	4
1.03	0.401724	0.277381	0.328169	0.014965	0.012518	0.013633	0.394316	0.297484	0.339123	5
1.04	0.416810	0.289286	0.341532	0.014651	0.012796	0.013661	0.409414	0.315838	0.356589	5
1.04	0.447863	0.311905	0.367719	0.014781	0.013498	0.014110	0.441385	0.346921	0.388494	5
1.04	0.457338	0.319048	0.375877	0.014807	0.013721	0.014244	0.451155	0.355802	0.397845	5
1.04	0.460751	0.321429	0.378682	0.022803	0.014404	0.017656	0.453819	0.357578	0.399991	7
1.04	0.452381	0.316667	0.372549	0.022852	0.014198	0.017514	0.444938	0.354026	0.394310	7
1.05	0.441624	0.310714	0.364780	0.022809	0.013976	0.017332	0.433393	0.346921	0.385366	7
1.05	0.436333	0.305952	0.359692	0.022976	0.013848	0.017280	0.428064	0.339816	0.378869	7
1.05	0.429542	0.301190	0.354094	0.025581	0.014602	0.018591	0.420959	0.332712	0.371669	7
1.04	0.427598	0.298810	0.351787	0.025566	0.014553	0.018548	0.419183	0.329159	0.368756	6
1.04	0.415673	0.290476	0.341976	0.025690	0.014329	0.018397	0.406750	0.315838	0.355575	6
1.04	0.402044	0.280952	0.330764	0.025694	0.014643	0.018655	0.391652	0.301332	0.340606	6
1.04	0.382906	0.266667	0.314386	0.025500	0.014210	0.018250	0.372114	0.280906	0.320140	6
1.03	0.371773	0.257143	0.304011	0.025557	0.013935	0.018036	0.361456	0.266400	0.306733	6
1.03	0.363793	0.251190	0.297183	0.025462	0.013760	0.017865	0.353464	0.257519	0.297958	6
1.03	0.355786	0.245238	0.290345	0.026933	0.013584	0.018059	0.345471	0.250414	0.290361	6
1.02	0.346620	0.238095	0.282287	0.026796	0.013314	0.017789	0.337478	0.244198	0.283358	6
1.02	0.343154	0.235714	0.279464	0.022871	0.012305	0.016001	0.333925	0.241533	0.280312	6
1.02	0.339688	0.233333	0.276641	0.022771	0.012210	0.015896	0.330373	0.239165	0.277466	6
1.03	0.342561	0.235714	0.279267	0.020341	0.012305	0.015334	0.333037	0.241533	0.279999	6
1.03	0.343103	0.236905	0.280282	0.020917	0.012956	0.016001	0.332149	0.242422	0.280279	7
1.03	0.355172	0.245238	0.290141	0.024952	0.014187	0.018089	0.344583	0.251303	0.290641	7
1.03	0.358003	0.247619	0.292752	0.023357	0.014254	0.017704	0.347247	0.254263	0.293568	7
1.03	0.369416	0.255952	0.302391	0.023358	0.014572	0.017947	0.357904	0.263736	0.303688	7
1.04	0.384220	0.266667	0.314828	0.023365	0.014922	0.018213	0.373002	0.279722	0.319696	7
1.04	0.391081	0.271429	0.320450	0.022367	0.015097	0.018027	0.380107	0.286827	0.326943	7
1.04	0.399657	0.277381	0.327477	0.022426	0.015320	0.018204	0.388988	0.293931	0.334844	7
1.03	0.398625	0.276190	0.326301	0.023457	0.015243	0.018479	0.388099	0.293339	0.334131	7
1.03	0.398625	0.276190	0.326301	0.023462	0.015243	0.018480	0.388099	0.293339	0.334131	7
1.03	0.398625	0.276190	0.326301	0.023462	0.015243	0.018480	0.388099	0.293339	0.334131	7
1.04	0.398973	0.277381	0.327247	0.020961	0.014391	0.017065	0.388099	0.293931	0.334514	7
1.04	0.401709	0.279762	0.329825	0.021004	0.014486	0.017147	0.390764	0.296596	0.337229	7
1.04	0.398291	0.277381	0.327018	0.020753	0.014377	0.016987	0.387211	0.294227	0.334375	7
1.04	0.410562	0.286905	0.337772	0.020781	0.014685	0.017209	0.399645	0.305181	0.346082	8
1.04	0.418089	0.291667	0.343618	0.020144	0.014241	0.016686	0.408526	0.311397	0.353409	8
1.04	0.419795	0.292857	0.345021	0.020105	0.014244	0.016675	0.410302	0.313470	0.355408	8
1.04	0.422487	0.295238	0.347582	0.020778	0.014943	0.017384	0.412078	0.315246	0.357216	8
1.04	0.417376	0.291667	0.343378	0.020863	0.014860	0.017357	0.406750	0.310509	0.352173	8
1.04	0.408859	0.285714	0.336370	0.020856	0.014637	0.017202	0.397869	0.302516	0.343702	8
1.04	0.401024	0.279762	0.329593	0.020274	0.013869	0.016471	0.390764	0.296004	0.336846	8
1.04	0.393162	0.273810	0.322807	0.020157	0.013631	0.016264	0.382771	0.290675	0.330426	8
1.04	0.387372	0.270238	0.318373	0.030451	0.013949	0.019133	0.375074	0.284458	0.323541	9
1.04	0.382253	0.266667	0.314166	0.030607	0.013835	0.019056	0.369745	0.277946	0.317340	9
1.04	0.372014	0.259524	0.305750	0.035849	0.013564	0.019682	0.359088	0.268176	0.307044	9
1.04	0.370307	0.258333	0.304348	0.038479	0.013561	0.020055	0.357312	0.266400	0.305231	9
1.04	0.368601	0.257143	0.302945	0.038615	0.013514	0.020021	0.355536	0.264624	0.303416	9
1.04	0.368601	0.257143	0.302945	0.038531	0.013498	0.019992	0.355536	0.264624	0.303416	9
1.05	0.375212	0.263095	0.309307	0.038520	0.013643	0.020149	0.361753	0.272617	0.310922	9
1.06	0.380471	0.269048	0.315202	0.038478	0.013774	0.020286	0.367081	0.282682	0.319400	9
1.06	0.387584	0.275000	0.321727	0.038268	0.013889	0.020381	0.374186	0.291859	0.327935	9
1.07	0.393333	0.280952	0.327778	0.038302	0.014065	0.020575	0.379514	0.299852	0.335013	9
1.07	0.407285	0.292857	0.340720	0.030348	0.014190	0.019338	0.394612	0.317022	0.351587	8
1.07	0.420530	0.302381	0.351801	0.030440	0.014433	0.019581	0.408822	0.331232	0.365959	8
1.08	0.437294	0.315476	0.366528	0.030509	0.014834	0.019962	0.426584	0.348993	0.383907	8
1.07	0.464226	0.332143	0.387231	0.028140	0.015408	0.019912	0.455003	0.371196	0.408849	7
1.06	0.483221	0.342857	0.401114	0.028171	0.015729	0.020187	0.475429	0.384517	0.425168	8
1.06	0.509244	0.360714	0.422300	0.028376	0.016290	0.020698	0.502960	0.409088	0.451193	9
1.05	0.516892	0.364286	0.427374	0.028312	0.016388	0.020760	0.510953	0.412641	0.456564	9
1.05	0.528716	0.372619	0.437151	0.028367	0.016706	0.021028	0.523387	0.421522	0.466963	9
1.05	0.533898	0.375000	0.440559	0.028326	0.016801	0.021092	0.528715	0.423298	0.470170	9
1.04	0.548552	0.383333	0.451296	0.031080	0.017119	0.022078	0.543813	0.431291	0.481060	9
1.04	0.547619	0.383333	0.450980	0.031004	0.017738	0.022566	0.542925	0.430403	0.480160	9
1.05	0.542373	0.380952	0.447552	0.030856	0.017690	0.022488	0.537596	0.426850	0.475865	9
1.05	0.540678	0.379762	0.446154	0.030823	0.017673	0.022465	0.535820	0.424186	0.473512	9
1.05	0.539629	0.380952	0.446615	0.030843	0.017750	0.022533	0.534932	0.425962	0.474268	9
1.06	0.532773	0.377381	0.441812	0.030765	0.017654	0.022434	0.527827	0.421522	0.468722	9
1.06	0.526846	0.373810	0.437326	0.030918	0.017634	0.022458	0.521018	0.414417	0.461643	9
1.06	0.496656	0.353571	0.413074	0.030785	0.017011	0.021914	0.489047	0.387774	0.432562	9
1.07	0.483333	0.345238	0.402778	0.030692	0.016725	0.021651	0.474837	0.378005	0.420924	9
1.07	0.472637	0.339286	0.395010	0.030666	0.016549	0.021497	0.463292	0.369124	0.410881	9
1.07	0.452736	0.325000	0.378378	0.030582	0.016102	0.021096	0.441978	0.350474	0.390943	9
1.07	0.441322	0.317857	0.369550	0.030774	0.015981	0.021038	0.429544	0.340705	0.380001	9
1.08	0.422697	0.305952	0.354972	0.038384	0.015803	0.022389	0.408526	0.322943	0.360727	10
1.07	0.419835	0.302381	0.351557	0.038635	0.015752	0.022379	0.405861	0.316430	0.355609	10
1.08	0.420792	0.303571	0.352697	0.038721	0.015844	0.022487	0.407638	0.316134	0.356102	10
1.08	0.420792	0.303571	0.352697	0.038721	0.015844	0.022487	0.407638	0.316134	0.356102	10
1.08	0.420099	0.303571	0.352453	0.036841	0.015828	0.022143	0.406750	0.317022	0.356324	10
1.08	0.417763	0.302381	0.350829	0.032914	0.015781	0.021333	0.404381	0.315246	0.354293	10
1.08	0.417077	0.302381	0.350587	0.032909	0.015781	0.021332	0.403493	0.315246	0.353952	10
1.09	0.425081	0.310714	0.359010	0.032928	0.016067	0.021596	0.411486	0.325015	0.363174	10
1.09	0.425081	0.310714	0.359010	0.034876	0.016067	0.021999	0.411486	0.324127	0.362619	10
1.09	0.422764	0.309524	0.357388	0.032903	0.016020	0.021548	0.408822	0.322351	0.360473	10
1.09	0.419512	0.307143	0.354639	0.040667	0.016061	0.023028	0.404381	0.320574	0.357634	11
1.09	0.413008	0.302381	0.349141	0.040517	0.015871	0.022808	0.397276	0.313470	0.350432	11
1.09	0.409756	0.300000	0.346392	0.040726	0.016379	0.023362	0.392836	0.310805	0.347039	11
1.09	0.410714	0.301190	0.347527	0.040686	0.016335	0.023311	0.393724	0.313766	0.349226	11
1.09	0.411382	0.301190	0.347766	0.032890	0.016115	0.021631	0.395204	0.315542	0.350909	10
1.09	0.416260	0.304762	0.351890	0.032943	0.016227	0.021743	0.400533	0.320870	0.356303	10
1.09	0.424837	0.309524	0.358127	0.033190	0.017021	0.022502	0.408526	0.325311	0.362200	10
1.09	0.433931	0.316667	0.366139	0.033305	0.017260	0.022736	0.418295	0.334192	0.371543	10
1.09	0.437398	0.320238	0.369759	0.033211	0.017282	0.022734	0.421847	0.339520	0.376233	10
1.09	0.438825	0.320238	0.370268	0.033216	0.017238	0.022697	0.423623	0.340705	0.377666	10
1.09	0.442088	0.322619	0.373021	0.031638	0.017333	0.022396	0.427176	0.344257	0.381260	10
1.09	0.453659	0.332143	0.383505	0.031897	0.018363	0.023308	0.437833	0.356690	0.393118	10
1.10	0.455429	0.334524	0.385724	0.033316	0.018443	0.023742	0.440201	0.359355	0.395691	10
1.10	0.454106	0.335714	0.386037	0.033896	0.018780	0.024169	0.436649	0.359947	0.394605	11
1.10	0.464516	0.342857	0.394521	0.033821	0.019591	0.024811	0.447306	0.367940	0.403760	11
1.10	0.471729	0.347619	0.400274	0.033082	0.019859	0.024819	0.454411	0.375044	0.410931	11
1.10	0.478120	0.351190	0.404942	0.033184	0.019955	0.024923	0.461516	0.380373	0.417034	11
1.09	0.495114	0.361905	0.418157	0.033464	0.020305	0.025275	0.480166	0.393695	0.432652	10
1.09	0.504078	0.367857	0.425327	0.034205	0.020315	0.025491	0.490823	0.402575	0.442341	11
1.08	0.513115	0.372619	0.431724	0.034370	0.020290	0.025517	0.501480	0.408792	0.450417	11
1.08	0.518092	0.375000	0.435083	0.036378	0.020217	0.025990	0.506809	0.412641	0.454902	11
1.08	0.514003	0.371429	0.431237	0.036208	0.019908	0.025691	0.503256	0.409088	0.451313	12
1.08	0.521382	0.377381	0.437845	0.036175	0.020118	0.025856	0.511249	0.416193	0.458850	12
1.08	0.528053	0.380952	0.442600	0.035726	0.020245	0.025845	0.518354	0.419745	0.463867	12
1.08	0.537954	0.388095	0.450899	0.044130	0.020720	0.028199	0.528419	0.426554	0.472054	12
1.08	0.542763	0.392857	0.455801	0.040278	0.020926	0.027542	0.533748	0.432771	0.477985	12
1.08	0.552459	0.401190	0.464828	0.043439	0.020596	0.027943	0.545293	0.439580	0.486763	12
1.09	0.556465	0.404762	0.468642	0.043905	0.020681	0.028117	0.548845	0.442451	0.489939	11
1.08	0.559016	0.405952	0.470345	0.044576	0.020744	0.028312	0.551510	0.443339	0.491544	11
1.08	0.555738	0.403571	0.467586	0.045167	0.020076	0.027797	0.548845	0.441563	0.489394	11
1.09	0.548281	0.398810	0.461751	0.045110	0.019948	0.027663	0.540853	0.435346	0.482398	11
1.09	0.546493	0.398810	0.461115	0.047765	0.020877	0.029055	0.539372	0.434458	0.481264	11
1.10	0.541329	0.397619	0.458476	0.047167	0.020874	0.028940	0.534044	0.432682	0.478049	12
1.10	0.541195	0.398810	0.459219	0.048389	0.021924	0.030176	0.534044	0.432386	0.477868	12
1.10	0.536467	0.394048	0.454358	0.040530	0.021597	0.028178	0.529603	0.429278	0.474192	11
1.10	0.525806	0.388095	0.446575	0.043846	0.021542	0.028890	0.518058	0.423357	0.465944	12
1.10	0.524194	0.386905	0.445205	0.043956	0.021539	0.028911	0.516282	0.420397	0.463432	12
1.11	0.507987	0.378571	0.433834	0.043963	0.021856	0.029197	0.497632	0.410036	0.449607	12
1.12	0.503185	0.376190	0.430518	0.043914	0.021761	0.029101	0.492303	0.408555	0.446537	12
1.12	0.499205	0.373810	0.427502	0.043867	0.021666	0.029006	0.487863	0.405891	0.443118	12
1.13	0.493691	0.372619	0.424695	0.043899	0.021822	0.029153	0.481646	0.404115	0.439487	13
1.13	0.500000	0.379762	0.431664	0.043921	0.022030	0.029342	0.488751	0.414772	0.448733	13
1.14	0.500000	0.382143	0.433198	0.041285	0.022094	0.028784	0.489343	0.417436	0.450539	13
1.15	0.508527	0.390476	0.441751	0.041376	0.022365	0.029036	0.499112	0.427205	0.460368	13
1.15	0.512308	0.396429	0.446980	0.041413	0.022525	0.029179	0.503552	0.436086	0.467397	13
1.16	0.516820	0.402381	0.452477	0.041372	0.022670	0.029290	0.508881	0.444967	0.474783	13
1.17	0.522796	0.409524	0.459279	0.040119	0.022862	0.029126	0.515986	0.453848	0.482927	13
1.17	0.527356	0.413095	0.463284	0.040004	0.022898	0.029125	0.521314	0.460065	0.488778	13
1.17	0.530488	0.414286	0.465241	0.039958	0.022869	0.029090	0.525755	0.462729	0.492233	13
1.17	0.533537	0.416667	0.467914	0.039898	0.022871	0.029075	0.529307	0.469538	0.497635	14
1.16	0.536098	0.415476	0.468142	0.039928	0.022960	0.029155	0.531083	0.469834	0.498585	14
1.15	0.540123	0.416667	0.470430	0.040002	0.022977	0.029188	0.535524	0.471610	0.501539	14
1.15	0.547840	0.422619	0.477151	0.040866	0.023678	0.029983	0.542629	0.478715	0.508672	15

Sun Aug 29 12:45:55 2021
64.35	0.014996	0.601246	0.029262	0.012886	0.132015	0.023481	0.015026	0.676667	0.029400	123
56.86	0.014246	0.542857	0.027763	0.012078	0.189541	0.022708	0.014177	0.596862	0.027697	123
50.17	0.015190	0.510714	0.029502	0.011863	0.177279	0.022239	0.015097	0.569627	0.029414	123
43.63	0.016405	0.479762	0.031726	0.011193	0.156733	0.020893	0.016311	0.541208	0.031668	122
37.37	0.018012	0.451190	0.034642	0.011678	0.121502	0.021307	0.017987	0.513233	0.034756	122
31.51	0.020009	0.422619	0.038209	0.011556	0.114812	0.020999	0.020109	0.488218	0.038627	120
26.43	0.021707	0.384524	0.041094	0.010284	0.081966	0.018274	0.021815	0.449141	0.041609	117
22.09	0.024359	0.360714	0.045636	0.010433	0.071019	0.018193	0.024258	0.426347	0.045904	111
18.11	0.027761	0.336905	0.051296	0.011311	0.068561	0.019418	0.027467	0.397632	0.051384	106
14.62	0.030730	0.301190	0.055770	0.009113	0.051117	0.015468	0.030128	0.363884	0.055649	104
11.84	0.034359	0.272619	0.061026	0.010556	0.037916	0.016514	0.033196	0.337537	0.060447	97
9.19	0.038447	0.236905	0.066157	0.005877	0.021728	0.009252	0.036736	0.298697	0.065425	88
7.06	0.044254	0.209524	0.073075	0.005504	0.012721	0.007683	0.042844	0.266134	0.073806	80
5.33	0.050616	0.180952	0.079105	0.005570	0.010830	0.007356	0.047986	0.227353	0.079246	73
4.09	0.057341	0.157143	0.084023	0.005549	0.007573	0.006405	0.054280	0.194790	0.084902	66
3.19	0.066852	0.142857	0.091082	0.005716	0.007189	0.006368	0.066849	0.174068	0.096599	61
2.52	0.073239	0.123810	0.092035	0.005918	0.006721	0.006294	0.074378	0.145352	0.098403	51
2.05	0.081456	0.111905	0.094283	0.005461	0.004882	0.005155	0.087110	0.131143	0.104684	40
1.71	0.096573	0.110714	0.103161	0.006021	0.005206	0.005584	0.106394	0.122854	0.114033	34
1.46	0.116646	0.114286	0.115454	0.006213	0.005748	0.005972	0.132623	0.120485	0.126263	30
1.31	0.135870	0.119048	0.126904	0.006559	0.006144	0.006345	0.151125	0.122558	0.135350	26
1.21	0.157353	0.127381	0.140789	0.006724	0.006680	0.006702	0.167259	0.129366	0.145892	25
1.14	0.180685	0.138095	0.156545	0.007078	0.007191	0.007134	0.193310	0.138011	0.161045	23
1.10	0.199029	0.146429	0.168724	0.007314	0.007638	0.007473	0.208407	0.145708	0.171507	20
1.07	0.198333	0.141667	0.165278	0.007235	0.007510	0.007370	0.206631	0.139491	0.166549	19
1.04	0.218803	0.152381	0.179649	0.007456	0.008021	0.007728	0.224689	0.149260	0.179367	14
1.02	0.227273	0.154762	0.184136	0.007633	0.008308	0.007956	0.230018	0.149556	0.181259	12
1.01	0.240283	0.161905	0.193457	0.008069	0.008723	0.008383	0.240675	0.155921	0.189242	12
1.00	0.242478	0.163095	0.195018	0.008148	0.008844	0.008482	0.242451	0.157697	0.191098	8
1.00	0.242478	0.163095	0.195018	0.008594	0.008844	0.008717	0.242451	0.157697	0.191098	7
1.00	0.242908	0.163095	0.195157	0.008926	0.008844	0.008885	0.242451	0.157697	0.191098	6
1.00	0.242908	0.163095	0.195157	0.008920	0.008844	0.008882	0.242451	0.158585	0.191749	6
1.00	0.246454	0.165476	0.198006	0.008934	0.008908	0.008921	0.246004	0.162137	0.195454	4
1.00	0.243339	0.163095	0.195296	0.008909	0.008844	0.008876	0.243339	0.158585	0.192026	4
1.00	0.245115	0.164286	0.196721	0.009315	0.008921	0.009114	0.245115	0.159473	0.193230	3
1.00	0.246892	0.165476	0.198147	0.009327	0.008997	0.009159	0.246892	0.160065	0.194216	2
1.00	0.246892	0.165476	0.198147	0.009327	0.008997	0.009159	0.246892	0.160065	0.194216	2
1.00	0.246892	0.165476	0.198147	0.009327	0.008997	0.009159	0.246892	0.160065	0.194216	2
1.00	0.250444	0.167857	0.200998	0.009333	0.009061	0.009195	0.250444	0.162729	0.197276	2
1.00	0.252220	0.169048	0.202423	0.009336	0.009093	0.009213	0.252220	0.164506	0.199132	2
1.00	0.252220	0.169048	0.202423	0.009336	0.009093	0.009213	0.252220	0.164506	0.199132	2
1.00	0.252220	0.169048	0.202423	0.009141	0.009049	0.009095	0.252220	0.165394	0.199781	2
1.00	0.260638	0.175000	0.209402	0.009173	0.009209	0.009191	0.260213	0.173387	0.208107	2
1.00	0.267257	0.179762	0.214947	0.009194	0.009337	0.009265	0.266430	0.180491	0.215198	2
1.00	0.272566	0.183333	0.219217	0.008939	0.009388	0.009158	0.271758	0.185820	0.220719	2
1.00	0.274336	0.184524	0.220641	0.008823	0.009376	0.009091	0.273535	0.188780	0.223389	2
1.00	0.277876	0.186905	0.223488	0.008730	0.009395	0.009051	0.277087	0.192333	0.227059	2
1.00	0.283186	0.190476	0.227758	0.008664	0.009491	0.009059	0.282416	0.196773	0.231941	2
1.00	0.286726	0.192857	0.230605	0.016298	0.009571	0.012060	0.285968	0.198549	0.234373	3
1.00	0.286726	0.192857	0.230605	0.016298	0.009571	0.012060	0.285968	0.198549	0.234373	3
1.00	0.290266	0.195238	0.233452	0.016065	0.009590	0.012011	0.289520	0.202990	0.238654	3
1.00	0.290266	0.195238	0.233452	0.015902	0.009590	0.011965	0.289520	0.202990	0.238654	3
1.00	0.296625	0.198810	0.238061	0.015673	0.009686	0.011973	0.296625	0.206542	0.243520	3
1.00	0.303730	0.203571	0.243763	0.015624	0.009815	0.012056	0.303730	0.213647	0.250846	3
1.00	0.307282	0.205952	0.246614	0.015425	0.009879	0.012044	0.307282	0.215423	0.253281	3
1.00	0.314387	0.210714	0.252316	0.015402	0.010007	0.012131	0.314387	0.222528	0.260600	3
1.00	0.325044	0.217857	0.260870	0.015286	0.010154	0.012203	0.325044	0.233481	0.271758	3
1.00	0.339254	0.227381	0.272274	0.015404	0.010410	0.012424	0.339254	0.246803	0.285736	3
1.00	0.345745	0.232143	0.277778	0.015277	0.010449	0.012410	0.345471	0.255092	0.293481	3
1.00	0.358156	0.240476	0.287749	0.015370	0.010673	0.012598	0.357904	0.264861	0.304432	3
1.00	0.361702	0.242857	0.290598	0.015302	0.010737	0.012619	0.361456	0.267525	0.307477	3
1.00	0.359929	0.241667	0.289174	0.015353	0.010705	0.012615	0.359680	0.265749	0.305661	3
1.00	0.359929	0.241667	0.289174	0.015425	0.010750	0.012670	0.359680	0.264565	0.304876	3
1.00	0.363475	0.244048	0.292023	0.015461	0.010814	0.012727	0.363233	0.268117	0.308510	3
1.00	0.366372	0.246429	0.294662	0.015352	0.010833	0.012703	0.365897	0.271966	0.312015	3
1.00	0.368142	0.247619	0.296085	0.015175	0.010732	0.012572	0.367673	0.273742	0.313830	3
1.00	0.374113	0.251190	0.300570	0.015146	0.010828	0.012628	0.373890	0.279070	0.319596	3
1.00	0.384071	0.258333	0.308897	0.015087	0.010975	0.012707	0.383659	0.289284	0.329854	3
1.00	0.390071	0.261905	0.313390	0.014932	0.011027	0.012686	0.389876	0.294612	0.335615	3
1.00	0.402482	0.270238	0.323362	0.014865	0.011193	0.012770	0.402309	0.307638	0.348661	3
1.00	0.407801	0.273810	0.327635	0.014870	0.011305	0.012844	0.407638	0.311782	0.353324	3
1.00	0.407801	0.273810	0.327635	0.013313	0.011305	0.012227	0.407638	0.311782	0.353324	3
1.00	0.415631	0.278571	0.333571	0.013795	0.011464	0.012522	0.415631	0.317111	0.359747	3
1.00	0.422735	0.283333	0.339273	0.014110	0.011623	0.012746	0.422735	0.322439	0.365838	3
1.00	0.420959	0.282143	0.337847	0.013439	0.011591	0.012447	0.420959	0.320663	0.364029	3
1.00	0.422735	0.283333	0.339273	0.013605	0.011639	0.012546	0.422735	0.322439	0.365838	3
1.00	0.428064	0.286905	0.343550	0.013665	0.011735	0.012627	0.428064	0.326880	0.370691	4
1.00	0.435169	0.291667	0.349252	0.013228	0.011863	0.012508	0.435169	0.333985	0.377921	4
1.00	0.433393	0.290476	0.347826	0.013205	0.011786	0.012455	0.433393	0.333393	0.376872	4
1.00	0.433393	0.290476	0.347826	0.013205	0.011786	0.012455	0.433393	0.333393	0.376872	4
1.00	0.435169	0.291667	0.349252	0.013713	0.011819	0.012695	0.435169	0.335169	0.378678	4
1.00	0.433393	0.290476	0.347826	0.014334	0.011786	0.012936	0.433393	0.333393	0.376872	4
1.00	0.429078	0.288095	0.344729	0.014110	0.011720	0.012804	0.428064	0.330728	0.373153	4
1.00	0.427305	0.286905	0.343305	0.015195	0.011673	0.013203	0.426288	0.329840	0.371913	4
1.00	0.421986	0.283333	0.339031	0.015208	0.011621	0.013175	0.420959	0.323327	0.365740	4
1.00	0.406028	0.272619	0.326211	0.015258	0.011346	0.013014	0.404973	0.307934	0.349849	4
1.00	0.400709	0.269048	0.321937	0.015402	0.011324	0.013052	0.399645	0.300977	0.343363	4
1.00	0.395390	0.265476	0.317664	0.012835	0.011228	0.011978	0.394316	0.296536	0.338507	4
1.00	0.393617	0.264286	0.316239	0.010860	0.011196	0.011025	0.392540	0.293872	0.336115	4
1.00	0.393617	0.264286	0.316239	0.012964	0.011196	0.012015	0.392540	0.293872	0.336115	4
1.00	0.388298	0.260714	0.311966	0.011650	0.011100	0.011368	0.387211	0.289432	0.331257	4
1.00	0.382979	0.257143	0.307692	0.011633	0.011004	0.011310	0.381883	0.284103	0.325815	4
1.00	0.374113	0.251190	0.300570	0.011660	0.010888	0.011261	0.373002	0.276110	0.317325	4
1.00	0.361702	0.242857	0.290598	0.011619	0.010664	0.011121	0.360568	0.265453	0.305785	5
1.00	0.354610	0.238095	0.284900	0.011666	0.010536	0.011072	0.353464	0.258348	0.298512	5
1.00	0.354610	0.238095	0.284900	0.011834	0.010580	0.011172	0.353464	0.258348	0.298512	5
1.00	0.349291	0.234524	0.280627	0.012017	0.010529	0.011224	0.348135	0.253020	0.293053	5
1.00	0.343972	0.230952	0.276353	0.011971	0.010433	0.011149	0.342806	0.248579	0.288186	5
1.00	0.349291	0.234524	0.280627	0.012025	0.010529	0.011227	0.348135	0.253908	0.293647	5
1.00	0.349291	0.234524	0.280627	0.012021	0.010529	0.011226	0.348135	0.253908	0.293647	5
1.00	0.347518	0.233333	0.279202	0.011998	0.010497	0.011197	0.346359	0.252131	0.291827	5
1.00	0.348673	0.234524	0.280427	0.012014	0.010529	0.011222	0.347247	0.253908	0.293331	5
1.01	0.349823	0.235714	0.281650	0.011977	0.010561	0.011225	0.348135	0.255684	0.294832	5
1.01	0.351590	0.236905	0.283073	0.011989	0.010593	0.011248	0.349911	0.256572	0.296059	4
1.01	0.353357	0.238095	0.284495	0.012004	0.010625	0.011272	0.351687	0.258348	0.297877	4
1.01	0.356890	0.240476	0.287340	0.012034	0.010689	0.011322	0.355240	0.261901	0.301512	4
1.01	0.365079	0.246429	0.294243	0.011972	0.010849	0.011383	0.363233	0.269005	0.309097	4
1.01	0.369258	0.248810	0.297297	0.011766	0.010869	0.011299	0.367673	0.272558	0.313050	4
1.01	0.381371	0.258333	0.308020	0.011781	0.011080	0.011420	0.379218	0.284991	0.325421	5
1.01	0.398589	0.269048	0.321251	0.013530	0.011326	0.012330	0.396980	0.299201	0.341224	5
1.01	0.403880	0.272619	0.325515	0.013786	0.011438	0.012503	0.402309	0.303641	0.346080	6
1.01	0.408451	0.276190	0.329545	0.013858	0.011505	0.012572	0.406750	0.309266	0.351372	5
1.01	0.425308	0.288095	0.343506	0.013653	0.011856	0.012691	0.423623	0.326140	0.368544	5
1.01	0.426316	0.289286	0.344681	0.013360	0.011873	0.012573	0.424512	0.327916	0.370013	5
1.01	0.430823	0.292857	0.348689	0.013121	0.011953	0.012510	0.428952	0.334133	0.375651	5
1.02	0.436300	0.297619	0.353857	0.013768	0.012081	0.012869	0.434281	0.341237	0.382178	5
1.02	0.425087	0.290476	0.345120	0.014139	0.011858	0.012898	0.422735	0.332356	0.372137	5
1.02	0.419861	0.286905	0.340877	0.014111	0.011762	0.012830	0.417407	0.327028	0.366731	5
1.02	0.421144	0.289286	0.342978	0.013732	0.011857	0.012726	0.418295	0.328804	0.368190	5
1.03	0.427336	0.294048	0.348378	0.013677	0.012032	0.012802	0.424512	0.335021	0.374494	5
1.03	0.418685	0.288095	0.341326	0.013394	0.011887	0.012596	0.415631	0.326140	0.365487	5
1.03	0.412069	0.284524	0.336620	0.013125	0.011865	0.012463	0.408526	0.319627	0.358650	5
1.03	0.400000	0.276190	0.326761	0.012791	0.011654	0.012196	0.396092	0.308082	0.346587	5
1.03	0.397237	0.273810	0.324172	0.012407	0.011606	0.011993	0.393428	0.304529	0.343317	4
1.03	0.393782	0.271429	0.321353	0.012524	0.011571	0.012028	0.389876	0.300977	0.339707	4
1.02	0.395833	0.271429	0.322034	0.012524	0.011571	0.012028	0.392540	0.300977	0.340714	4
1.02	0.396161	0.270238	0.321302	0.012330	0.011523	0.011913	0.393428	0.299201	0.339905	4
1.02	0.392670	0.267857	0.318471	0.019449	0.012666	0.015341	0.388099	0.294760	0.335051	5
1.01	0.396491	0.269048	0.320567	0.019464	0.012698	0.015369	0.392540	0.296536	0.337851	5
1.01	0.401754	0.272619	0.324823	0.020356	0.012841	0.015748	0.397869	0.300977	0.342706	5
1.01	0.411559	0.279762	0.333097	0.020668	0.013006	0.015965	0.406750	0.308674	0.350989	5
1.01	0.430823	0.292857	0.348689	0.020973	0.013405	0.016356	0.426288	0.326436	0.369739	5
1.01	0.441331	0.300000	0.357193	0.020961	0.013524	0.016440	0.436945	0.339165	0.381896	5
1.01	0.460595	0.313095	0.372785	0.021608	0.013876	0.016900	0.456483	0.358703	0.401729	6
1.01	0.494737	0.335714	0.400000	0.021976	0.014504	0.017475	0.491119	0.392747	0.436459	7
1.01	0.500000	0.339286	0.404255	0.021802	0.015086	0.017832	0.495560	0.398816	0.441955	7
1.01	0.521891	0.354762	0.422395	0.022298	0.015627	0.018376	0.516874	0.416874	0.461519	7
1.02	0.547203	0.372619	0.443343	0.022611	0.016185	0.018866	0.542629	0.442629	0.487554	7
1.02	0.552448	0.376190	0.447592	0.022629	0.016297	0.018948	0.547957	0.447069	0.492399	7
1.02	0.561189	0.382143	0.454674	0.022450	0.016415	0.018964	0.556838	0.455062	0.500832	7
1.02	0.569930	0.388095	0.461756	0.022566	0.016562	0.019103	0.565719	0.463055	0.509265	7
1.01	0.572680	0.389286	0.463501	0.022605	0.016580	0.019129	0.569272	0.466015	0.512494	7
1.02	0.573427	0.390476	0.464589	0.022663	0.016628	0.019182	0.570160	0.466904	0.513391	7
1.02	0.580420	0.395238	0.470255	0.022695	0.016787	0.019299	0.577265	0.471936	0.519313	7
1.02	0.577661	0.394048	0.468507	0.022689	0.016742	0.019267	0.574600	0.470160	0.517160	7
1.02	0.573913	0.392857	0.466431	0.022598	0.016770	0.019253	0.571048	0.467200	0.513930	7
1.02	0.566957	0.388095	0.460777	0.026466	0.016857	0.020596	0.563055	0.455417	0.503548	7
1.02	0.562500	0.385714	0.457627	0.026499	0.016793	0.020558	0.558615	0.451865	0.499601	7
1.02	0.557292	0.382143	0.453390	0.026512	0.016728	0.020513	0.553286	0.444464	0.492941	7
1.02	0.545927	0.375000	0.444601	0.025148	0.016581	0.019985	0.541741	0.432623	0.481072	7
1.02	0.545927	0.375000	0.444601	0.025275	0.016641	0.020069	0.541741	0.430107	0.479512	7
1.03	0.526770	0.363095	0.429880	0.026645	0.016547	0.020416	0.520426	0.411160	0.459385	7
1.03	0.514630	0.355952	0.420830	0.026622	0.016324	0.020238	0.507993	0.402279	0.448998	7
1.03	0.490534	0.339286	0.401126	0.026680	0.015902	0.019927	0.483126	0.378597	0.424522	7
1.04	0.467577	0.326190	0.384292	0.027967	0.015590	0.020020	0.458259	0.359355	0.402825	7
1.05	0.455008	0.319048	0.375087	0.030542	0.015380	0.020458	0.444938	0.348401	0.390796	7
1.05	0.434856	0.305952	0.359189	0.030190	0.014916	0.019967	0.422735	0.330639	0.371058	7
1.05	0.429054	0.302381	0.354749	0.030142	0.015239	0.020244	0.416519	0.326495	0.366053	7
1.06	0.428571	0.303571	0.355401	0.030228	0.015303	0.020319	0.415631	0.327383	0.366266	7
1.06	0.446128	0.315476	0.369595	0.022703	0.015595	0.018490	0.435169	0.343073	0.383672	6
1.06	0.452261	0.321429	0.375783	0.022611	0.015833	0.018625	0.441385	0.350178	0.390527	6
1.06	0.454850	0.323810	0.378303	0.022528	0.015929	0.018662	0.444050	0.352842	0.393226	6
1.07	0.456667	0.326190	0.380556	0.022528	0.016024	0.018727	0.445826	0.354618	0.395026	6
1.07	0.460265	0.330952	0.385042	0.022417	0.016199	0.018807	0.449378	0.359947	0.399721	6
1.07	0.456198	0.328571	0.382007	0.022212	0.016090	0.018662	0.444938	0.357282	0.396321	6
1.08	0.449753	0.325000	0.377332	0.022273	0.015979	0.018608	0.437833	0.351954	0.390224	6
1.08	0.446458	0.322619	0.374568	0.022225	0.015930	0.018558	0.434281	0.347513	0.386082	6
1.08	0.440789	0.319048	0.370166	0.022150	0.016437	0.018871	0.427176	0.343073	0.380533	6
1.08	0.440984	0.320238	0.371034	0.022295	0.016514	0.018974	0.427176	0.343961	0.381078	6
1.09	0.439542	0.320238	0.370523	0.022191	0.016530	0.018946	0.425400	0.343961	0.380370	6
1.09	0.441899	0.321429	0.372157	0.022372	0.016606	0.019063	0.428064	0.345737	0.382521	6
1.08	0.439145	0.317857	0.368785	0.022390	0.015860	0.018568	0.426288	0.342185	0.379634	6
1.08	0.439868	0.317857	0.369039	0.022465	0.015844	0.018583	0.427176	0.342185	0.379986	6
1.08	0.440594	0.317857	0.369295	0.022445	0.015829	0.018565	0.428064	0.342185	0.380337	6
1.08	0.442244	0.319048	0.370678	0.022300	0.015801	0.018496	0.429840	0.344849	0.382682	6
1.08	0.450495	0.325000	0.377593	0.022382	0.015961	0.018634	0.438721	0.352842	0.391123	6
1.07	0.448505	0.321429	0.374480	0.022354	0.015758	0.018485	0.436945	0.352250	0.390053	6
1.07	0.442786	0.317857	0.370062	0.022218	0.015599	0.018329	0.431616	0.347809	0.385207	6
1.07	0.441860	0.316667	0.368932	0.022118	0.015536	0.018252	0.430728	0.346921	0.384309	6
1.06	0.442404	0.315476	0.368311	0.022113	0.015457	0.018195	0.431616	0.346033	0.384115	6
1.06	0.450586	0.320238	0.374391	0.022043	0.016188	0.018668	0.439609	0.353138	0.391658	6
1.06	0.460637	0.327381	0.382742	0.022247	0.016459	0.018920	0.450266	0.362907	0.401894	6
1.06	0.474916	0.338095	0.394993	0.022368	0.016809	0.019194	0.465364	0.378005	0.417160	6
1.06	0.486577	0.345238	0.403900	0.022418	0.017048	0.019368	0.478686	0.387478	0.428280	6
1.06	0.496644	0.352381	0.412256	0.030125	0.017535	0.022167	0.488751	0.396359	0.437733	7
1.06	0.501678	0.355952	0.416435	0.030171	0.017678	0.022293	0.494967	0.399911	0.442391	7
1.06	0.512563	0.364286	0.425887	0.028964	0.017917	0.022139	0.506513	0.411456	0.454063	7
1.06	0.512563	0.364286	0.425887	0.028799	0.017857	0.022045	0.506513	0.412345	0.454603	7
1.06	0.513423	0.364286	0.426184	0.028972	0.017886	0.022118	0.507401	0.412641	0.455141	7
1.06	0.512563	0.364286	0.425887	0.036678	0.018010	0.024158	0.505625	0.412937	0.454604	8
1.06	0.514238	0.365476	0.427279	0.036512	0.018165	0.024261	0.505625	0.414713	0.455679	8
1.06	0.517588	0.367857	0.430063	0.036502	0.018185	0.024276	0.510065	0.419153	0.460162	8
1.06	0.515860	0.367857	0.429465	0.036502	0.018185	0.024276	0.508289	0.419153	0.459438	8
1.07	0.514096	0.369048	0.429660	0.032645	0.018430	0.023559	0.505625	0.419153	0.458346	8
1.07	0.514096	0.369048	0.429660	0.032626	0.018385	0.023518	0.506513	0.420041	0.459242	8
1.07	0.511589	0.367857	0.427978	0.031864	0.018490	0.023401	0.503848	0.418265	0.457085	8
1.08	0.509901	0.367857	0.427386	0.031729	0.018614	0.023463	0.501184	0.418265	0.455986	8
1.07	0.511589	0.367857	0.427978	0.031243	0.018585	0.023306	0.502960	0.418561	0.456896	8
1.07	0.509934	0.366667	0.426593	0.031104	0.018553	0.023242	0.501184	0.416785	0.455105	8
1.07	0.502479	0.361905	0.420761	0.030991	0.018564	0.023220	0.493191	0.408496	0.446866	8
1.08	0.500824	0.361905	0.420180	0.031024	0.018580	0.023241	0.492303	0.407608	0.445970	8
1.08	0.495895	0.359524	0.416839	0.030961	0.018516	0.023173	0.486975	0.404056	0.441657	8
1.08	0.490939	0.354762	0.411887	0.030818	0.018419	0.023057	0.480758	0.396063	0.434320	8
1.08	0.490939	0.354762	0.411887	0.031000	0.018466	0.023145	0.480758	0.393398	0.432713	8
1.07	0.491694	0.352381	0.410541	0.031101	0.018280	0.023027	0.481646	0.389846	0.430911	8
1.07	0.494176	0.353571	0.412214	0.031135	0.018191	0.022965	0.485198	0.390734	0.432873	8
1.06	0.494983	0.352381	0.411683	0.030863	0.017962	0.022708	0.486086	0.389846	0.432679	8
1.06	0.501678	0.355952	0.416435	0.031691	0.018163	0.023091	0.492303	0.393102	0.437146	8
1.06	0.501683	0.354762	0.415621	0.032436	0.018177	0.023298	0.492303	0.389254	0.434756	8
1.05	0.502530	0.354762	0.415911	0.032282	0.018209	0.023284	0.493191	0.388070	0.434361	8
1.04	0.506803	0.354762	0.417367	0.034100	0.018027	0.023586	0.497632	0.390142	0.437380	8
1.05	0.507640	0.355952	0.418474	0.036642	0.018119	0.024248	0.498520	0.391622	0.438652	8
1.04	0.510204	0.357143	0.420168	0.036656	0.018167	0.024294	0.501184	0.393398	0.440798	8
1.05	0.511036	0.358333	0.421274	0.036558	0.018141	0.024249	0.502072	0.395471	0.442441	8
1.04	0.518707	0.363095	0.427171	0.036489	0.018116	0.024212	0.510953	0.402575	0.450336	8
1.04	0.520408	0.364286	0.428571	0.036512	0.018104	0.024206	0.512729	0.404648	0.452322	7
1.04	0.524702	0.366667	0.431675	0.036573	0.018347	0.024436	0.516282	0.409088	0.456476	7
1.04	0.524702	0.366667	0.431675	0.036466	0.018285	0.024357	0.516282	0.411753	0.458130	7
1.04	0.523891	0.365476	0.430575	0.036605	0.018067	0.024193	0.516282	0.412641	0.458680	8
1.04	0.521295	0.364286	0.428872	0.036700	0.018032	0.024183	0.513618	0.410864	0.456531	8
1.05	0.519525	0.364286	0.428272	0.036784	0.017988	0.024161	0.511841	0.412049	0.456555	8
1.05	0.517827	0.363095	0.426872	0.036818	0.017940	0.024125	0.510065	0.411160	0.455303	8
1.05	0.516074	0.363095	0.426275	0.036781	0.017940	0.024117	0.508289	0.411160	0.454595	8
1.06	0.516835	0.365476	0.428173	0.036681	0.018172	0.024304	0.509177	0.413825	0.456576	9
1.07	0.518333	0.370238	0.431944	0.034063	0.018303	0.023811	0.512729	0.420041	0.461780	9
1.07	0.512479	0.366667	0.427481	0.033972	0.018175	0.023681	0.506513	0.414713	0.456039	9
1.07	0.512438	0.367857	0.428274	0.033990	0.018207	0.023713	0.507401	0.416489	0.457472	9
1.07	0.512397	0.369048	0.429066	0.033452	0.018408	0.023748	0.507401	0.417377	0.458007	9
1.08	0.513201	0.370238	0.430152	0.032785	0.018440	0.023604	0.509177	0.419153	0.459800	9
1.08	0.504934	0.365476	0.424033	0.031438	0.018278	0.023116	0.502072	0.413825	0.453697	9
1.08	0.500000	0.363095	0.420690	0.031439	0.018367	0.023187	0.497632	0.410272	0.449749	9
1.09	0.503257	0.367857	0.425034	0.032121	0.018878	0.023780	0.500296	0.413825	0.452971	9
1.10	0.499192	0.367857	0.423578	0.031454	0.019076	0.023749	0.498520	0.412937	0.451710	9
1.10	0.501618	0.369048	0.425240	0.031483	0.019123	0.023794	0.501184	0.413825	0.453334	9
1.10	0.500808	0.369048	0.424949	0.031375	0.019123	0.023763	0.501184	0.413825	0.453334	9
1.10	0.504052	0.370238	0.426905	0.031532	0.019171	0.023845	0.504737	0.415601	0.455852	10
1.10	0.503236	0.370238	0.426612	0.031543	0.019339	0.023978	0.503848	0.414713	0.454956	10
1.09	0.508117	0.372619	0.429945	0.031524	0.019434	0.024045	0.509177	0.417377	0.458730	10
1.10	0.507293	0.372619	0.429650	0.031650	0.019434	0.024082	0.508289	0.417377	0.458369	10
1.10	0.502415	0.371429	0.427105	0.031679	0.019584	0.024205	0.501184	0.414417	0.453689	11
1.11	0.496805	0.370238	0.424284	0.031852	0.019720	0.024359	0.495856	0.411753	0.449907	11
1.11	0.494418	0.369048	0.422631	0.031994	0.019673	0.024364	0.493191	0.409976	0.447750	11
1.12	0.493671	0.371429	0.423913	0.032339	0.019950	0.024677	0.490231	0.411753	0.447578	11
1.12	0.494471	0.372619	0.424983	0.033016	0.020179	0.025048	0.489343	0.412641	0.447730	11
1.13	0.488226	0.370238	0.421124	0.033062	0.020084	0.024988	0.482238	0.409976	0.443181	11
1.13	0.483516	0.366667	0.417062	0.032991	0.019788	0.024738	0.476613	0.405536	0.438211	11
1.13	0.478807	0.363095	0.412999	0.034342	0.023367	0.027811	0.470989	0.401983	0.433759	11
1.14	0.472784	0.361905	0.409980	0.034202	0.023640	0.027957	0.463884	0.399319	0.429187	11
1.13	0.472613	0.359524	0.408384	0.030815	0.023545	0.026694	0.462108	0.397839	0.427572	11
1.14	0.464286	0.355952	0.402965	0.030281	0.023601	0.026527	0.454115	0.392510	0.421071	11
1.15	0.455247	0.351190	0.396505	0.030174	0.019736	0.023864	0.445826	0.387182	0.414440	11
1.15	0.449231	0.347619	0.391946	0.029753	0.019777	0.023761	0.438721	0.383037	0.408993	11
1.16	0.446319	0.346429	0.390080	0.029614	0.019882	0.023791	0.433393	0.380373	0.405156	10
1.16	0.441896	0.344048	0.386881	0.029484	0.019955	0.023801	0.428064	0.376821	0.400811	10
1.16	0.439695	0.342857	0.385284	0.029468	0.019923	0.023773	0.425400	0.375044	0.398638	10

Sun Aug 29 13:31:44 2021
62.85	0.014637	0.573209	0.028545	0.011398	0.117629	0.020783	0.014553	0.544000	0.028349	121
57.34	0.013878	0.533333	0.027052	0.010821	0.193479	0.020495	0.013834	0.503908	0.026929	123
51.51	0.014414	0.497619	0.028017	0.010491	0.174731	0.019794	0.014330	0.474600	0.027820	122
45.76	0.015409	0.472619	0.029844	0.010707	0.164066	0.020103	0.015342	0.451895	0.029677	120
40.43	0.016608	0.450000	0.032034	0.010950	0.151612	0.020425	0.016519	0.433541	0.031825	117
35.23	0.017746	0.419048	0.034049	0.010412	0.139539	0.019378	0.017695	0.406898	0.033916	116
30.41	0.019216	0.391667	0.036635	0.010433	0.123615	0.019243	0.019132	0.382771	0.036442	110
25.99	0.020775	0.361905	0.039294	0.010666	0.105083	0.019366	0.020812	0.360213	0.039351	106
22.09	0.022437	0.332143	0.042034	0.011205	0.084757	0.019793	0.022220	0.335050	0.041677	102
18.42	0.024498	0.302381	0.045325	0.010357	0.070422	0.018058	0.024141	0.308703	0.044780	100
15.01	0.028047	0.282143	0.051023	0.011237	0.065838	0.019197	0.027686	0.290941	0.050561	94
12.15	0.031730	0.258333	0.056518	0.012468	0.055410	0.020356	0.031478	0.271344	0.056412	86
9.85	0.036429	0.240476	0.063273	0.011443	0.040687	0.017863	0.035971	0.256542	0.063095	84
7.82	0.039519	0.207143	0.066374	0.008848	0.024350	0.012979	0.038529	0.221462	0.065639	78
6.09	0.044593	0.182143	0.071646	0.008413	0.016320	0.011103	0.043182	0.194819	0.070695	75
4.66	0.054095	0.169048	0.081962	0.009006	0.011389	0.010059	0.050349	0.180758	0.078760	69
3.50	0.061898	0.145238	0.086802	0.010346	0.009233	0.009758	0.055417	0.153760	0.081471	61
2.64	0.069987	0.123810	0.089424	0.016151	0.007400	0.010149	0.063294	0.130373	0.085217	51
2.05	0.077190	0.105952	0.089313	0.015654	0.005863	0.008531	0.070663	0.109591	0.085924	40
1.61	0.091611	0.098810	0.095074	0.016152	0.005325	0.008009	0.088040	0.101895	0.094462	36
1.36	0.102228	0.092857	0.097318	0.016266	0.004597	0.007168	0.099970	0.094790	0.097311	29
1.20	0.115556	0.092857	0.102970	0.016555	0.004670	0.007285	0.118709	0.092126	0.103741	27
1.11	0.151515	0.113095	0.129516	0.017965	0.005602	0.008541	0.156602	0.115512	0.132955	24
1.06	0.170284	0.121429	0.141765	0.010410	0.005758	0.007415	0.175252	0.123505	0.144897	23
1.04	0.186644	0.129762	0.153090	0.010452	0.006131	0.007729	0.190053	0.133274	0.156678	22
1.02	0.218371	0.150000	0.177841	0.012410	0.006830	0.008811	0.221137	0.159029	0.185010	21
1.01	0.241681	0.164286	0.195606	0.012668	0.007470	0.009398	0.243339	0.173239	0.202391	20
1.01	0.263620	0.178571	0.212917	0.012891	0.008142	0.009980	0.265542	0.190557	0.221885	18
1.00	0.274336	0.184524	0.220641	0.013032	0.008599	0.010361	0.275311	0.192925	0.226870	18
1.00	0.287234	0.192857	0.230769	0.013395	0.009030	0.010788	0.287744	0.200326	0.236206	18
1.00	0.284192	0.190476	0.228083	0.009412	0.008775	0.009082	0.284192	0.196477	0.232331	15
1.00	0.282416	0.189286	0.226657	0.009270	0.008767	0.009011	0.282416	0.197365	0.232352	15
1.00	0.280639	0.188095	0.225232	0.013127	0.008865	0.010583	0.280639	0.194109	0.229488	15
1.00	0.280639	0.188095	0.225232	0.012912	0.008803	0.010468	0.280639	0.196773	0.231340	14
1.00	0.280639	0.188095	0.225232	0.012829	0.008800	0.010440	0.280639	0.195885	0.230725	13
1.00	0.271758	0.182143	0.218104	0.012359	0.008602	0.010144	0.271758	0.192333	0.225249	10
1.00	0.266430	0.178571	0.213828	0.012266	0.008620	0.010125	0.266430	0.187300	0.219965	10
1.00	0.257549	0.172619	0.206700	0.012038	0.008560	0.010005	0.257549	0.176939	0.209766	9
1.00	0.261101	0.175000	0.209551	0.011932	0.008771	0.010110	0.261101	0.177235	0.211145	8
1.00	0.261101	0.175000	0.209551	0.011630	0.008784	0.010009	0.261101	0.176939	0.210935	5
1.00	0.261101	0.175000	0.209551	0.011754	0.008784	0.010054	0.261101	0.176939	0.210935	5
1.00	0.261101	0.175000	0.209551	0.011776	0.008784	0.010062	0.261101	0.176939	0.210935	5
1.00	0.262877	0.176190	0.210976	0.010938	0.008830	0.009771	0.262877	0.177827	0.212145	4
1.00	0.266430	0.178571	0.213828	0.010953	0.008983	0.009870	0.266430	0.180491	0.215198	4
1.00	0.269982	0.180952	0.216679	0.010944	0.009047	0.009905	0.269982	0.183156	0.218250	4
1.00	0.269982	0.180952	0.216679	0.010944	0.009047	0.009905	0.269982	0.183156	0.218250	4
1.00	0.268206	0.179762	0.215253	0.007021	0.008891	0.007846	0.268206	0.182268	0.217039	4
1.00	0.266430	0.178571	0.213828	0.007115	0.008859	0.007892	0.266430	0.180491	0.215198	4
1.00	0.269982	0.180952	0.216679	0.007194	0.009057	0.008019	0.269982	0.182268	0.217619	4
1.00	0.271277	0.182143	0.217949	0.007154	0.009089	0.008006	0.271758	0.184044	0.219461	4
1.00	0.271277	0.182143	0.217949	0.007343	0.009133	0.008141	0.271758	0.183156	0.218829	4
1.00	0.271277	0.182143	0.217949	0.007478	0.009178	0.008241	0.271758	0.183156	0.218829	4
1.00	0.273050	0.183333	0.219373	0.007571	0.009255	0.008328	0.273535	0.184932	0.220672	4
1.00	0.273050	0.183333	0.219373	0.007731	0.009255	0.008425	0.273535	0.184932	0.220672	4
1.00	0.274823	0.184524	0.220798	0.007754	0.009287	0.008451	0.275311	0.186708	0.222514	3
1.00	0.278369	0.186905	0.223647	0.007877	0.009395	0.008569	0.278863	0.190260	0.226195	3
1.00	0.278369	0.186905	0.223647	0.008048	0.009395	0.008670	0.278863	0.190260	0.226195	3
1.00	0.276596	0.185714	0.222222	0.011929	0.009442	0.010541	0.277087	0.189372	0.224983	4
1.00	0.274823	0.184524	0.220798	0.011839	0.009321	0.010430	0.275311	0.189372	0.224395	4
1.00	0.273050	0.183333	0.219373	0.011749	0.009200	0.010319	0.273535	0.186708	0.221931	4
1.00	0.267731	0.179762	0.215100	0.010172	0.008970	0.009533	0.268206	0.183156	0.217668	4
1.00	0.269504	0.180952	0.216524	0.009559	0.008958	0.009249	0.269982	0.185820	0.220131	4
1.00	0.269504	0.180952	0.216524	0.009171	0.008958	0.009063	0.269982	0.185820	0.220131	4
1.00	0.269504	0.180952	0.216524	0.009246	0.008958	0.009100	0.269982	0.185820	0.220131	4
1.00	0.269504	0.180952	0.216524	0.009246	0.008958	0.009100	0.269982	0.185820	0.220131	4
1.00	0.273050	0.183333	0.219373	0.009291	0.009022	0.009155	0.273535	0.188484	0.223181	4
1.00	0.275311	0.184524	0.220955	0.009391	0.009054	0.009219	0.275311	0.189372	0.224395	4
1.00	0.273050	0.183333	0.219373	0.010325	0.009037	0.009638	0.272647	0.187596	0.222263	4
1.00	0.273050	0.183333	0.219373	0.011255	0.009037	0.010025	0.272647	0.187596	0.222263	4
1.00	0.274823	0.184524	0.220798	0.011276	0.009069	0.010053	0.274423	0.189372	0.224099	4
1.00	0.274823	0.184524	0.220798	0.011201	0.009069	0.010023	0.274423	0.189372	0.224099	4
1.00	0.276596	0.185714	0.222222	0.010997	0.009117	0.009969	0.276199	0.191149	0.225935	4
1.00	0.281416	0.189286	0.226335	0.011474	0.009184	0.010202	0.279751	0.195589	0.230219	4
1.00	0.288496	0.194048	0.232028	0.011902	0.009328	0.010459	0.286856	0.201806	0.236930	4
1.01	0.298770	0.202381	0.241306	0.012231	0.009570	0.010738	0.293961	0.210095	0.245051	4
1.01	0.305263	0.207143	0.246809	0.020390	0.010317	0.013701	0.299290	0.215423	0.250524	5
1.01	0.311734	0.211905	0.252303	0.020529	0.010432	0.013834	0.305506	0.221048	0.256504	5
1.01	0.318739	0.216667	0.257973	0.016079	0.010560	0.012748	0.312611	0.228153	0.263786	5
1.01	0.330998	0.225000	0.267895	0.016134	0.010799	0.012939	0.325044	0.239698	0.275922	5
1.01	0.340351	0.230952	0.275177	0.016201	0.010933	0.013056	0.335702	0.247987	0.285254	5
1.01	0.349736	0.236905	0.282470	0.016124	0.011037	0.013104	0.345471	0.256572	0.294458	5
1.01	0.367958	0.248810	0.296875	0.016548	0.011420	0.013514	0.364121	0.270782	0.310590	5
1.01	0.371479	0.251190	0.299716	0.017412	0.011921	0.014153	0.367673	0.273742	0.313830	5
1.01	0.379859	0.255952	0.305832	0.027668	0.012196	0.016930	0.377442	0.280847	0.322057	6
1.01	0.386926	0.260714	0.311522	0.025055	0.012251	0.016455	0.384547	0.290024	0.330663	6
1.01	0.397527	0.267857	0.320057	0.025206	0.012476	0.016691	0.395204	0.299793	0.340949	6
1.01	0.399293	0.269048	0.321479	0.025195	0.012495	0.016705	0.396980	0.301569	0.342759	6
1.01	0.401060	0.270238	0.322902	0.028008	0.012605	0.017386	0.398757	0.301273	0.343227	6
1.01	0.393993	0.265476	0.317212	0.027754	0.012537	0.017272	0.391652	0.292096	0.334626	6
1.01	0.402827	0.271429	0.324324	0.028010	0.012775	0.017547	0.400533	0.300089	0.343111	6
1.01	0.412698	0.278571	0.332623	0.028227	0.013045	0.017844	0.409414	0.307549	0.351245	6
1.01	0.416226	0.280952	0.335466	0.020459	0.013028	0.015919	0.412966	0.307549	0.352546	5
1.01	0.416226	0.280952	0.335466	0.021084	0.013290	0.016303	0.412966	0.306661	0.351962	5
1.01	0.409894	0.276190	0.330014	0.021052	0.012558	0.015732	0.407638	0.298668	0.344747	5
1.01	0.401060	0.270238	0.322902	0.021250	0.012469	0.015717	0.398757	0.289195	0.335251	6
1.01	0.390158	0.264286	0.315117	0.021389	0.012367	0.015673	0.385435	0.278242	0.323182	6
1.01	0.371278	0.252381	0.300496	0.021491	0.011982	0.015386	0.365009	0.262493	0.305377	6
1.02	0.360627	0.246429	0.292786	0.021543	0.011820	0.015265	0.352575	0.253612	0.295015	6
1.02	0.361739	0.247619	0.293993	0.021786	0.011883	0.015378	0.353464	0.255388	0.296527	6
1.02	0.365217	0.250000	0.296820	0.020921	0.011886	0.015159	0.357016	0.257756	0.299373	6
1.02	0.369151	0.253571	0.300635	0.022124	0.012153	0.015688	0.360568	0.261308	0.303017	6
1.03	0.370242	0.254762	0.301834	0.014096	0.011657	0.012761	0.361456	0.261901	0.303728	5
1.03	0.371330	0.255952	0.303030	0.021841	0.011997	0.015487	0.361753	0.262789	0.304430	6
1.03	0.377163	0.259524	0.307475	0.021831	0.012124	0.015590	0.367969	0.266045	0.308814	6
1.03	0.380623	0.261905	0.310296	0.021781	0.012175	0.015619	0.371522	0.268176	0.311501	6
1.02	0.397569	0.272619	0.323446	0.021885	0.012588	0.015983	0.389284	0.281202	0.326531	6
1.02	0.406250	0.278571	0.330508	0.021872	0.012766	0.016122	0.398165	0.288307	0.334445	6
1.02	0.415652	0.284524	0.337809	0.022006	0.013004	0.016348	0.407934	0.294523	0.342074	6
1.02	0.422339	0.288095	0.342534	0.022375	0.013242	0.016637	0.415927	0.298076	0.347275	6
1.02	0.428322	0.291667	0.347025	0.022189	0.013324	0.016650	0.423031	0.303700	0.353569	6
1.02	0.433566	0.295238	0.351275	0.022255	0.013436	0.016756	0.428360	0.308141	0.358439	6
1.02	0.435315	0.296429	0.352691	0.022217	0.013468	0.016770	0.430136	0.309917	0.360262	6
1.02	0.435315	0.296429	0.352691	0.022198	0.013468	0.016765	0.430136	0.309917	0.360262	6
1.02	0.445804	0.303571	0.361190	0.022267	0.013691	0.016957	0.440793	0.317910	0.369400	7
1.02	0.448517	0.305952	0.363765	0.022144	0.013740	0.016958	0.442570	0.322055	0.372815	7
1.02	0.450262	0.307143	0.365180	0.022113	0.013772	0.016973	0.444346	0.323831	0.374635	6
1.03	0.444637	0.305952	0.362482	0.025902	0.014357	0.018474	0.436649	0.320870	0.369912	7
1.03	0.442907	0.304762	0.361072	0.025824	0.014249	0.018365	0.434873	0.321166	0.369469	7
1.03	0.442142	0.304762	0.360817	0.025633	0.014078	0.018175	0.433985	0.323831	0.370902	7
1.03	0.447323	0.308333	0.365046	0.025782	0.014159	0.018279	0.439313	0.328271	0.375760	7
1.03	0.447504	0.309524	0.365939	0.025847	0.014750	0.018782	0.438425	0.331232	0.377364	7
1.04	0.449400	0.311905	0.368236	0.025484	0.014705	0.018649	0.439313	0.333600	0.379227	7
1.04	0.445392	0.310714	0.366059	0.025439	0.014658	0.018599	0.434873	0.332712	0.376994	7
1.04	0.445392	0.310714	0.366059	0.025397	0.014658	0.018588	0.434873	0.332712	0.376994	7
1.04	0.447099	0.311905	0.367461	0.025426	0.014690	0.018621	0.436649	0.334488	0.378801	7
1.04	0.445578	0.311905	0.366947	0.025641	0.014719	0.018702	0.434873	0.333304	0.377373	7
1.05	0.438031	0.307143	0.361092	0.025598	0.014573	0.018572	0.426880	0.327975	0.370948	7
1.05	0.432203	0.303571	0.356643	0.025628	0.014548	0.018560	0.420663	0.322647	0.365192	7
1.05	0.424704	0.298810	0.350804	0.025608	0.014373	0.018412	0.412670	0.315542	0.357628	7
1.05	0.410866	0.288095	0.338698	0.025442	0.013976	0.018041	0.399349	0.303404	0.344827	7
1.05	0.392190	0.275000	0.323303	0.025270	0.013530	0.017624	0.379811	0.288247	0.327754	7
1.04	0.367347	0.257143	0.302521	0.025076	0.012985	0.017110	0.354056	0.262493	0.301475	7
1.04	0.357751	0.250000	0.294324	0.025196	0.012746	0.016928	0.344287	0.255388	0.293248	7
1.04	0.342419	0.239286	0.281710	0.024923	0.012333	0.016500	0.328301	0.241474	0.278272	7
1.04	0.341880	0.238095	0.280702	0.024929	0.012946	0.017042	0.327413	0.240290	0.277166	7
1.04	0.343590	0.239286	0.282105	0.024949	0.012978	0.017074	0.329189	0.242066	0.278984	7
1.04	0.345890	0.240476	0.283708	0.028859	0.013629	0.018515	0.330669	0.243842	0.280695	7
1.03	0.350515	0.242857	0.286920	0.028806	0.013680	0.018550	0.336886	0.248579	0.286073	7
1.03	0.360825	0.250000	0.295359	0.028743	0.013843	0.018687	0.347543	0.259532	0.297158	7
1.03	0.378007	0.261905	0.309423	0.028971	0.014210	0.019068	0.365305	0.274334	0.313350	7
1.03	0.393471	0.272619	0.322082	0.029070	0.014563	0.019405	0.380403	0.285583	0.326243	7
1.03	0.419244	0.290476	0.343179	0.029455	0.015246	0.020092	0.407046	0.306069	0.349408	7
1.03	0.438144	0.303571	0.358650	0.029582	0.015710	0.020522	0.426584	0.323831	0.368172	7
1.03	0.462199	0.320238	0.378340	0.025812	0.016283	0.019969	0.451747	0.344849	0.391125	7
1.04	0.487135	0.338095	0.399157	0.024322	0.016813	0.019882	0.477502	0.368236	0.415810	8
1.04	0.505137	0.351190	0.414326	0.024442	0.017216	0.020203	0.496152	0.384221	0.433071	9
1.04	0.506849	0.352381	0.415730	0.024335	0.017220	0.020168	0.497928	0.384814	0.434123	9

Sun Aug 29 13:59:38 2021
64.30	0.014308	0.573209	0.027919	0.018538	0.102893	0.031415	0.014282	0.611167	0.027913	127
57.86	0.013875	0.538095	0.027053	0.015225	0.164204	0.027866	0.013797	0.571966	0.026944	127
51.52	0.014102	0.486905	0.027410	0.015644	0.127244	0.027862	0.013964	0.534399	0.027217	125
45.30	0.014626	0.444048	0.028319	0.015786	0.118863	0.027871	0.014454	0.488810	0.028077	123
39.27	0.015829	0.416667	0.030500	0.017496	0.098940	0.029734	0.015643	0.463795	0.030265	121
33.70	0.016654	0.376190	0.031897	0.018501	0.081076	0.030127	0.016451	0.424275	0.031674	121
28.53	0.018057	0.345238	0.034320	0.017288	0.067600	0.027534	0.017770	0.392599	0.034001	119
23.72	0.019919	0.316667	0.037481	0.017505	0.055244	0.026586	0.019516	0.364387	0.037047	114
19.66	0.022317	0.294048	0.041485	0.020561	0.047823	0.028758	0.021809	0.342925	0.041010	107
16.14	0.024535	0.265476	0.044919	0.021081	0.045424	0.028798	0.024389	0.310065	0.045220	105
12.87	0.027325	0.235714	0.048974	0.020247	0.039877	0.026857	0.027531	0.276554	0.050077	100
10.10	0.029909	0.202381	0.052115	0.019908	0.026183	0.022618	0.030553	0.236294	0.054109	95
7.84	0.033062	0.173810	0.055556	0.012049	0.022979	0.015809	0.034490	0.196033	0.058659	87
6.02	0.040413	0.163095	0.064775	0.012725	0.021917	0.016102	0.042632	0.177975	0.068787	78
4.49	0.050217	0.151190	0.075393	0.012966	0.014181	0.013546	0.052184	0.156365	0.078252	72
3.32	0.060525	0.134524	0.083487	0.012893	0.013750	0.013308	0.067268	0.130906	0.088869	66
2.43	0.069495	0.113095	0.086090	0.013098	0.012317	0.012696	0.080893	0.104263	0.091103	60
1.85	0.080614	0.100000	0.089267	0.011366	0.010200	0.010751	0.091356	0.088573	0.089943	55
1.49	0.095125	0.095238	0.095181	0.009907	0.005748	0.007275	0.105595	0.080876	0.091597	49
1.28	0.107242	0.091667	0.098845	0.009314	0.005572	0.006973	0.119597	0.074364	0.091706	45
1.17	0.113464	0.089286	0.099933	0.008045	0.005582	0.006591	0.121374	0.072587	0.090845	37
1.10	0.130645	0.096429	0.110959	0.007956	0.006131	0.006925	0.134991	0.077176	0.098206	29
1.06	0.147651	0.104762	0.122563	0.005390	0.006696	0.005972	0.150089	0.084281	0.107946	24
1.04	0.152659	0.105952	0.125088	0.009254	0.006772	0.007821	0.153641	0.084873	0.109343	21
1.02	0.158261	0.108333	0.128622	0.001442	0.006970	0.002390	0.159858	0.086353	0.112133	17
1.01	0.161404	0.109524	0.130496	0.001412	0.007047	0.002353	0.161634	0.088129	0.114065	13
1.01	0.164311	0.110714	0.132290	0.001387	0.007123	0.002321	0.165186	0.089905	0.116438	11
1.00	0.164894	0.110714	0.132479	0.001356	0.007123	0.002278	0.165186	0.089905	0.116438	8
1.00	0.172291	0.115476	0.138275	0.001385	0.007430	0.002335	0.172291	0.092866	0.120683	7
1.00	0.174067	0.116667	0.139701	0.001392	0.007506	0.002349	0.174067	0.093458	0.121618	6
1.00	0.179396	0.120238	0.143977	0.001422	0.007736	0.002402	0.179396	0.096122	0.125174	5
1.00	0.181172	0.121429	0.145403	0.001426	0.007812	0.002411	0.181172	0.097010	0.126360	4
1.00	0.181172	0.121429	0.145403	0.001423	0.007812	0.002407	0.181172	0.097010	0.126360	4
1.00	0.181172	0.121429	0.145403	0.001415	0.007812	0.002397	0.181172	0.097010	0.126360	1
1.00	0.181172	0.121429	0.145403	0.001415	0.007812	0.002397	0.181172	0.097010	0.126360	1
1.00	0.181172	0.121429	0.145403	0.001415	0.007812	0.002397	0.181172	0.097010	0.126360	1
1.00	0.182948	0.122619	0.146828	0.009230	0.007845	0.008481	0.182948	0.098786	0.128297	2
1.00	0.182948	0.122619	0.146828	0.009230	0.007845	0.008481	0.182948	0.098786	0.128297	2
1.00	0.182948	0.122619	0.146828	0.009230	0.007845	0.008481	0.182948	0.098786	0.128297	2
1.00	0.182948	0.122619	0.146828	0.009230	0.007845	0.008481	0.182948	0.098786	0.128297	2
1.00	0.186501	0.125000	0.149679	0.009235	0.007909	0.008521	0.186501	0.102339	0.132158	2
1.00	0.191829	0.128571	0.153956	0.008130	0.008005	0.008067	0.191829	0.107667	0.137923	2
1.00	0.193606	0.129762	0.155381	0.008272	0.008037	0.008152	0.193606	0.109443	0.139838	2
1.00	0.193606	0.129762	0.155381	0.008272	0.008037	0.008152	0.193606	0.109443	0.139838	2
1.00	0.193606	0.129762	0.155381	0.008272	0.008037	0.008152	0.193606	0.109443	0.139838	2
1.00	0.195382	0.130952	0.156807	0.008385	0.008069	0.008224	0.195382	0.110332	0.141026	3
1.00	0.195382	0.130952	0.156807	0.008385	0.008069	0.008224	0.195382	0.110332	0.141026	3
1.00	0.197158	0.132143	0.158232	0.008475	0.008101	0.008284	0.197158	0.112108	0.142938	3
1.00	0.203901	0.136905	0.163818	0.008706	0.008229	0.008461	0.203375	0.119213	0.150315	3
1.00	0.207447	0.139286	0.166667	0.008781	0.008293	0.008530	0.206927	0.122765	0.154104	3
1.00	0.211368	0.141667	0.169637	0.008843	0.008357	0.008593	0.211368	0.126317	0.158132	3
1.00	0.214920	0.144048	0.172488	0.008892	0.008421	0.008650	0.214920	0.129870	0.161905	3
1.00	0.220249	0.147619	0.176764	0.008951	0.008517	0.008729	0.220249	0.135198	0.167548	3
1.00	0.225577	0.151190	0.181041	0.009004	0.008613	0.008804	0.225577	0.139639	0.172497	3
1.00	0.228723	0.153571	0.183761	0.009029	0.008677	0.008849	0.228242	0.143191	0.175979	3
1.00	0.228723	0.153571	0.183761	0.009031	0.008677	0.008851	0.228242	0.143191	0.175979	3
1.00	0.241135	0.161905	0.193732	0.009110	0.008901	0.009004	0.240675	0.155625	0.189023	4
1.00	0.244681	0.164286	0.196581	0.009128	0.008965	0.009046	0.244227	0.159177	0.192737	4
1.00	0.251773	0.169048	0.202279	0.009163	0.009093	0.009128	0.251332	0.165394	0.199502	4
1.00	0.251773	0.169048	0.202279	0.009172	0.009093	0.009133	0.251332	0.165394	0.199502	4
1.00	0.254867	0.171429	0.204982	0.011136	0.009173	0.010060	0.253996	0.168058	0.202278	4
1.00	0.254867	0.171429	0.204982	0.010494	0.009173	0.009789	0.253996	0.168058	0.202278	4
1.01	0.261484	0.176190	0.210526	0.011170	0.009317	0.010159	0.260213	0.174275	0.208745	4
1.01	0.261484	0.176190	0.210526	0.011170	0.009317	0.010159	0.260213	0.174275	0.208745	4
1.00	0.265487	0.178571	0.213523	0.012351	0.009412	0.010683	0.264654	0.176051	0.211446	4
1.00	0.265487	0.178571	0.213523	0.011640	0.009412	0.010408	0.264654	0.176051	0.211446	4
1.00	0.269027	0.180952	0.216370	0.011497	0.009476	0.010389	0.268206	0.179603	0.215139	4
1.00	0.270796	0.182143	0.217794	0.012142	0.009466	0.010638	0.269982	0.180491	0.216348	4
1.00	0.276106	0.185714	0.222064	0.012936	0.009548	0.010987	0.275311	0.183748	0.220398	4
1.00	0.276106	0.185714	0.222064	0.012316	0.009519	0.010739	0.275311	0.183748	0.220398	4
1.01	0.295053	0.198810	0.237553	0.013053	0.009774	0.011178	0.293961	0.200326	0.238274	4
1.01	0.295053	0.198810	0.237553	0.012915	0.009729	0.011098	0.293961	0.201510	0.239110	4
1.01	0.298587	0.201190	0.240398	0.012888	0.009793	0.011129	0.297513	0.204174	0.242161	4
1.01	0.298587	0.201190	0.240398	0.012888	0.009793	0.011129	0.297513	0.204174	0.242161	4
1.01	0.306878	0.207143	0.247335	0.012972	0.009953	0.011264	0.305506	0.212167	0.250422	4
1.01	0.321555	0.216667	0.258890	0.013407	0.010241	0.011612	0.320604	0.222883	0.262958	4
1.00	0.322124	0.216667	0.259075	0.013256	0.010196	0.011526	0.321492	0.222883	0.263257	4
1.00	0.320922	0.215476	0.257835	0.013254	0.010146	0.011494	0.320604	0.224896	0.264354	4
1.00	0.322695	0.216667	0.259259	0.013376	0.010163	0.011550	0.322380	0.226673	0.266185	4
1.00	0.322695	0.216667	0.259259	0.013303	0.010247	0.011577	0.322380	0.228153	0.267203	4
1.00	0.324468	0.217857	0.260684	0.013981	0.010263	0.011837	0.324156	0.229929	0.269031	4
1.00	0.329787	0.221429	0.264957	0.013830	0.010270	0.011787	0.329485	0.234665	0.274107	4
1.00	0.328014	0.220238	0.263533	0.013116	0.010267	0.011518	0.327709	0.232889	0.272280	4
1.00	0.328014	0.220238	0.263533	0.013425	0.010296	0.011654	0.327709	0.234665	0.273490	4
1.00	0.326241	0.219048	0.262108	0.013346	0.010220	0.011575	0.325933	0.232889	0.271665	4
1.00	0.324468	0.217857	0.260684	0.013079	0.010217	0.011472	0.324156	0.232297	0.270645	4
1.00	0.322124	0.216667	0.259075	0.013753	0.010185	0.011703	0.321492	0.230521	0.268511	4
1.00	0.322124	0.216667	0.259075	0.013818	0.010229	0.011756	0.321492	0.230225	0.268310	4
1.00	0.320354	0.215476	0.257651	0.013804	0.010197	0.011730	0.319716	0.228449	0.266485	4
1.00	0.322695	0.216667	0.259259	0.013825	0.010229	0.011758	0.322380	0.230225	0.268618	4
1.00	0.323268	0.216667	0.259444	0.014574	0.010258	0.012041	0.323268	0.231113	0.269531	4
1.00	0.317940	0.213095	0.255168	0.013430	0.010118	0.011541	0.317940	0.225784	0.264052	4
1.00	0.316163	0.211905	0.253742	0.014396	0.009996	0.011799	0.316163	0.224304	0.262428	5
1.00	0.312611	0.209524	0.250891	0.014368	0.009932	0.011745	0.312611	0.220752	0.258771	5
1.00	0.312611	0.209524	0.250891	0.014628	0.009948	0.011842	0.312611	0.219568	0.257956	5
1.00	0.314387	0.210714	0.252316	0.013728	0.009980	0.011558	0.314387	0.220456	0.259173	5
1.00	0.317940	0.213095	0.255168	0.014235	0.010075	0.011799	0.317940	0.221936	0.261402	5
1.00	0.325044	0.217857	0.260870	0.013841	0.010161	0.011719	0.325044	0.227028	0.267335	5
1.00	0.332149	0.222619	0.266572	0.013433	0.010278	0.011646	0.332149	0.232060	0.273227	5
1.00	0.336879	0.226190	0.270655	0.013446	0.010392	0.011723	0.336590	0.235317	0.276987	5
1.00	0.342199	0.229762	0.274929	0.013388	0.010490	0.011763	0.341918	0.239757	0.281866	5
1.00	0.349291	0.234524	0.280627	0.013501	0.010621	0.011889	0.349023	0.245974	0.288575	5
1.00	0.363475	0.244048	0.292023	0.013491	0.010926	0.012074	0.363233	0.257519	0.301375	6
1.00	0.379433	0.254762	0.304843	0.013673	0.011250	0.012344	0.379218	0.271729	0.316599	6
1.00	0.394690	0.265476	0.317438	0.013503	0.011543	0.012446	0.394316	0.283274	0.329697	5
1.01	0.411661	0.277381	0.331437	0.013560	0.011928	0.012692	0.411190	0.298372	0.345812	5
1.01	0.435626	0.294048	0.351102	0.013927	0.012472	0.013159	0.435169	0.320574	0.369183	5
1.01	0.457746	0.309524	0.369318	0.014163	0.012951	0.013530	0.456483	0.342481	0.391349	5
1.01	0.461268	0.311905	0.372159	0.014223	0.013046	0.013609	0.460036	0.345145	0.394393	5
1.01	0.456942	0.309524	0.369056	0.014175	0.012966	0.013544	0.455595	0.341593	0.390442	5
1.01	0.456942	0.309524	0.369056	0.014140	0.012935	0.013511	0.455595	0.341593	0.390442	5
1.01	0.445614	0.302381	0.360284	0.021825	0.013331	0.016551	0.443162	0.330047	0.378331	6
1.01	0.407018	0.276190	0.329078	0.021643	0.012619	0.015943	0.404085	0.293635	0.340118	6
1.01	0.378284	0.257143	0.306166	0.021366	0.012597	0.015849	0.373890	0.270545	0.313931	6
1.02	0.356021	0.242857	0.288747	0.021207	0.012203	0.015492	0.350799	0.253375	0.294232	6
1.02	0.342657	0.233333	0.277620	0.020818	0.011987	0.015214	0.338366	0.241237	0.281663	6
1.02	0.337979	0.230952	0.274399	0.022367	0.012073	0.015682	0.332741	0.238573	0.277896	6
1.02	0.335069	0.229762	0.272599	0.022971	0.012223	0.015956	0.328893	0.236797	0.275348	6
1.03	0.336207	0.232143	0.274648	0.024359	0.012821	0.016800	0.325340	0.236797	0.274095	6
1.03	0.337349	0.233333	0.275862	0.024714	0.013021	0.017056	0.325340	0.237685	0.274689	6
1.03	0.340792	0.235714	0.278677	0.025098	0.013085	0.017202	0.328893	0.241237	0.278327	6
1.03	0.345361	0.239286	0.282700	0.025412	0.013350	0.017504	0.332445	0.244790	0.281962	6
1.03	0.349398	0.241667	0.285714	0.025565	0.013385	0.017570	0.337774	0.249230	0.286824	6
1.03	0.354561	0.245238	0.289937	0.025545	0.013481	0.017648	0.343102	0.254559	0.292272	6
1.03	0.355670	0.246429	0.291139	0.025721	0.013592	0.017785	0.343102	0.256631	0.293633	6
1.04	0.358491	0.248810	0.293746	0.026111	0.014085	0.018299	0.343102	0.259295	0.295369	6
1.03	0.370052	0.255952	0.302604	0.025814	0.014217	0.018336	0.354944	0.269065	0.306095	6
1.03	0.384483	0.265476	0.314085	0.025836	0.014429	0.018516	0.370041	0.283570	0.321086	6
1.04	0.411966	0.286905	0.338246	0.026387	0.015342	0.019403	0.395796	0.311989	0.348931	6
1.04	0.413969	0.289286	0.340575	0.026559	0.015574	0.019634	0.397573	0.314358	0.351102	6
1.04	0.413265	0.289286	0.340336	0.026506	0.015727	0.019741	0.395796	0.314358	0.350407	6
1.04	0.413265	0.289286	0.340336	0.026533	0.015727	0.019748	0.395796	0.314358	0.350407	6
1.04	0.420784	0.294048	0.346181	0.026993	0.015870	0.019988	0.403789	0.319686	0.356849	7
1.04	0.421502	0.294048	0.346424	0.026997	0.015870	0.019990	0.404677	0.319686	0.357196	7
1.04	0.418089	0.291667	0.343618	0.026971	0.015806	0.019932	0.401125	0.316134	0.353594	7
1.04	0.412969	0.288095	0.339411	0.026838	0.015542	0.019684	0.396684	0.312581	0.349647	7
1.04	0.403419	0.280952	0.331228	0.027472	0.015334	0.019682	0.386027	0.303700	0.339950	7
1.04	0.400000	0.278571	0.328421	0.027692	0.015270	0.019685	0.382475	0.300148	0.336347	7
1.03	0.398276	0.275000	0.325352	0.027229	0.014669	0.019066	0.384251	0.297780	0.335534	7
1.03	0.399654	0.275000	0.325811	0.027192	0.014348	0.018785	0.387803	0.297780	0.336881	7
1.02	0.407986	0.279762	0.331921	0.026956	0.014140	0.018549	0.398461	0.305773	0.346017	7
1.02	0.406957	0.278571	0.330742	0.026312	0.013939	0.018224	0.398461	0.304885	0.345448	6
1.01	0.397548	0.270238	0.321758	0.026268	0.013226	0.017594	0.391652	0.295115	0.336599	6
1.01	0.398246	0.270238	0.321986	0.028271	0.013270	0.018062	0.392540	0.295115	0.336926	6
1.01	0.399648	0.270238	0.322443	0.028523	0.012949	0.017812	0.396092	0.296892	0.339392	6
1.01	0.395797	0.269048	0.320340	0.028567	0.013568	0.018398	0.390764	0.295115	0.336270	6
1.02	0.399651	0.272619	0.324133	0.028905	0.013713	0.018601	0.394316	0.296004	0.338159	6
1.02	0.403141	0.275000	0.326964	0.021390	0.013627	0.016648	0.397869	0.297484	0.340430	5
1.02	0.416376	0.284524	0.338048	0.021794	0.013976	0.017031	0.411190	0.307253	0.351703	5
1.03	0.423875	0.291667	0.345557	0.021952	0.014792	0.017674	0.416519	0.313825	0.357952	5
1.03	0.426117	0.295238	0.348805	0.029766	0.015059	0.020000	0.417407	0.316489	0.360009	6
1.04	0.413379	0.286905	0.338721	0.029564	0.014958	0.019866	0.403197	0.304944	0.347254	6
1.04	0.419795	0.292857	0.345021	0.029553	0.015349	0.020205	0.407638	0.310864	0.352734	6
1.05	0.416949	0.292857	0.344056	0.027832	0.015489	0.019902	0.403789	0.310568	0.351096	6
1.06	0.407718	0.289286	0.338440	0.027549	0.015911	0.020172	0.391060	0.304352	0.342300	6
1.06	0.400335	0.284524	0.332637	0.027783	0.016080	0.020370	0.382179	0.294287	0.332523	6
1.07	0.394693	0.283333	0.329868	0.027963	0.016868	0.021043	0.370634	0.288070	0.324177	6
1.08	0.386139	0.278571	0.323651	0.028044	0.017212	0.021331	0.358200	0.281853	0.315473	6
1.09	0.386623	0.282143	0.326222	0.027701	0.017981	0.021807	0.354352	0.283333	0.314888	6
1.09	0.384365	0.280952	0.324622	0.027213	0.017949	0.021631	0.352575	0.281557	0.313090	6
1.10	0.385737	0.283333	0.326699	0.027491	0.018562	0.022161	0.350799	0.281261	0.312205	6
1.10	0.390675	0.289286	0.332421	0.027453	0.019059	0.022499	0.354648	0.288366	0.318091	6
1.10	0.388084	0.286905	0.329911	0.027188	0.019072	0.022418	0.353168	0.286590	0.316414	6
1.10	0.386107	0.284524	0.327622	0.027070	0.018992	0.022323	0.351391	0.283925	0.314076	6
1.10	0.387358	0.284524	0.328071	0.027138	0.018977	0.022335	0.353168	0.284814	0.315329	6
1.09	0.387622	0.283333	0.327373	0.026857	0.018898	0.022185	0.354352	0.284814	0.315800	6
1.09	0.391517	0.285714	0.330351	0.026909	0.018946	0.022236	0.359680	0.289787	0.320973	6
1.09	0.403595	0.294048	0.340220	0.026791	0.019189	0.022362	0.373002	0.303404	0.334623	6
1.09	0.410802	0.298810	0.345968	0.026608	0.019302	0.022374	0.380995	0.310805	0.342339	6
1.09	0.433715	0.315476	0.365265	0.026701	0.019706	0.022676	0.405861	0.334784	0.366912	6
1.08	0.446634	0.323810	0.375431	0.026722	0.019780	0.022733	0.420959	0.348105	0.381082	6
1.09	0.479542	0.348810	0.403859	0.027140	0.020468	0.023337	0.456483	0.385406	0.417944	6
1.08	0.493399	0.355952	0.413555	0.027115	0.020264	0.023194	0.473357	0.400059	0.433633	6
1.07	0.496689	0.357143	0.415512	0.027046	0.020083	0.023050	0.476909	0.403908	0.437383	6
1.07	0.497512	0.357143	0.415800	0.027238	0.020067	0.023109	0.478094	0.404796	0.438402	6
1.07	0.500832	0.358333	0.417765	0.027425	0.020084	0.023187	0.481054	0.406572	0.440688	6
1.07	0.500829	0.359524	0.418572	0.027163	0.020100	0.023104	0.481054	0.408348	0.441729	6
1.07	0.497512	0.357143	0.415800	0.027049	0.020020	0.023010	0.477502	0.404796	0.438153	6
1.07	0.495868	0.357143	0.415225	0.027119	0.020189	0.023146	0.474837	0.403908	0.436510	6
1.08	0.491749	0.354762	0.412172	0.027132	0.020125	0.023109	0.471581	0.400355	0.433059	7
1.08	0.486799	0.351190	0.408022	0.027143	0.020028	0.023049	0.465364	0.395915	0.427839	7
1.07	0.485904	0.348810	0.406098	0.026929	0.019549	0.022653	0.467140	0.392510	0.426586	7
1.07	0.481728	0.345238	0.402219	0.026916	0.019284	0.022470	0.463588	0.388070	0.422481	7
1.07	0.469218	0.335714	0.391395	0.027050	0.019073	0.022371	0.450266	0.373860	0.408521	7
1.07	0.448333	0.320238	0.373611	0.027109	0.018761	0.022175	0.427176	0.348993	0.384147	7
1.07	0.435430	0.313095	0.364266	0.027302	0.019090	0.022469	0.410894	0.334784	0.368955	7
1.07	0.417219	0.300000	0.349030	0.027190	0.018753	0.022197	0.391356	0.314358	0.348656	7
1.08	0.407591	0.294048	0.341632	0.027003	0.018793	0.022162	0.379811	0.305477	0.338612	7
1.07	0.406302	0.291667	0.339570	0.027013	0.018452	0.021927	0.380699	0.304589	0.338417	7
1.08	0.401977	0.290476	0.337249	0.026998	0.018540	0.021984	0.373594	0.299852	0.332686	7
1.09	0.404255	0.294048	0.340455	0.027198	0.019020	0.022385	0.374186	0.300740	0.333467	7
1.09	0.410423	0.300000	0.346630	0.027320	0.019382	0.022676	0.379515	0.306424	0.339075	7
1.09	0.413961	0.303571	0.350275	0.027285	0.019341	0.022636	0.383067	0.311457	0.343570	7
1.10	0.418152	0.307143	0.354152	0.027584	0.019470	0.022828	0.386619	0.312937	0.345898	7
1.10	0.417476	0.307143	0.353909	0.027507	0.019378	0.022738	0.385731	0.311160	0.344456	7
1.09	0.412338	0.302381	0.348901	0.027547	0.019035	0.022513	0.380699	0.307608	0.340273	7
1.10	0.407767	0.300000	0.345679	0.027337	0.019123	0.022504	0.375074	0.304056	0.335852	7
1.10	0.404839	0.298810	0.343836	0.027150	0.019289	0.022554	0.371226	0.302279	0.333224	7
1.11	0.406100	0.301190	0.345865	0.027125	0.019552	0.022724	0.370337	0.303760	0.333761	7
1.11	0.407051	0.302381	0.346995	0.027194	0.019463	0.022688	0.371226	0.303464	0.333942	7
1.10	0.407108	0.300000	0.345442	0.027439	0.019062	0.022496	0.372706	0.301687	0.333457	7
1.09	0.408130	0.298810	0.345017	0.027222	0.018633	0.022123	0.378034	0.303168	0.336487	7
1.09	0.412439	0.300000	0.347347	0.027315	0.018329	0.021937	0.384251	0.305832	0.340586	8
1.08	0.419408	0.303571	0.352210	0.027421	0.018257	0.021919	0.393132	0.312049	0.347929	7
1.08	0.428336	0.309524	0.359364	0.027734	0.018388	0.022114	0.402901	0.318857	0.355986	7
1.07	0.437086	0.314286	0.365651	0.027553	0.018135	0.021873	0.414150	0.326850	0.365358	6
1.07	0.446281	0.321429	0.373702	0.027550	0.018342	0.022022	0.423919	0.337507	0.375810	7
1.07	0.451240	0.325000	0.377855	0.027903	0.018438	0.022204	0.429248	0.342836	0.381206	8
1.07	0.456198	0.328571	0.382007	0.027975	0.018550	0.022308	0.434577	0.347277	0.386053	8
1.07	0.457851	0.329762	0.383391	0.027989	0.018582	0.022335	0.436353	0.349053	0.387851	8
1.08	0.457237	0.330952	0.383978	0.028073	0.018919	0.022605	0.434577	0.351125	0.388419	8
1.09	0.454992	0.330952	0.383184	0.028290	0.019716	0.023238	0.428360	0.347573	0.383761	8
1.09	0.447883	0.327381	0.378267	0.027903	0.019897	0.023229	0.419479	0.341652	0.376586	8
1.09	0.447154	0.327381	0.378007	0.027732	0.019912	0.023181	0.418591	0.340468	0.375509	8
1.10	0.435275	0.320238	0.368999	0.027203	0.019889	0.022978	0.404085	0.329811	0.363189	8
1.10	0.433871	0.320238	0.368493	0.027378	0.020117	0.023192	0.401421	0.328626	0.361394	8
1.10	0.432258	0.319048	0.367123	0.027376	0.020130	0.023200	0.399645	0.326850	0.359600	8
1.10	0.429032	0.316667	0.364384	0.027209	0.020066	0.023098	0.396092	0.323298	0.356012	8
1.11	0.430177	0.319048	0.366370	0.025656	0.020161	0.022579	0.396684	0.324778	0.357148	9
1.11	0.427200	0.317857	0.364505	0.024628	0.020144	0.022162	0.394020	0.322114	0.354457	9
1.12	0.421975	0.315476	0.361035	0.024551	0.020249	0.022193	0.387211	0.317673	0.349012	9
1.12	0.414944	0.310714	0.355344	0.025284	0.020121	0.022409	0.378330	0.310568	0.341117	9
1.12	0.414944	0.310714	0.355344	0.025081	0.020121	0.022328	0.378330	0.310568	0.341117	9
1.12	0.411111	0.308333	0.352381	0.024744	0.020025	0.022136	0.376258	0.309088	0.339382	9
1.12	0.407290	0.305952	0.349422	0.024820	0.019977	0.022137	0.370930	0.304352	0.334359	9
1.12	0.403175	0.302381	0.345578	0.024996	0.019881	0.022147	0.365601	0.299911	0.329514	9
1.12	0.401899	0.302381	0.345109	0.025164	0.019896	0.022222	0.364121	0.299911	0.328912	9
1.12	0.401899	0.302381	0.345109	0.025404	0.019896	0.022315	0.364121	0.299911	0.328912	9
1.12	0.403481	0.303571	0.346467	0.026911	0.019928	0.022899	0.365897	0.300799	0.330170	9
1.12	0.402844	0.303571	0.346232	0.026911	0.019928	0.022899	0.365009	0.300799	0.329808	9
1.12	0.400951	0.301190	0.343984	0.026768	0.019833	0.022784	0.364121	0.299319	0.328555	9
1.12	0.396524	0.298810	0.340801	0.026488	0.019738	0.022620	0.359680	0.295767	0.324607	9
1.12	0.397152	0.298810	0.341033	0.026688	0.019738	0.022693	0.360272	0.295767	0.324848	10
1.12	0.398104	0.300000	0.342159	0.026499	0.019770	0.022645	0.362049	0.297543	0.326642	10
1.13	0.398425	0.301190	0.343051	0.026445	0.019802	0.022646	0.362345	0.299319	0.327830	9
1.13	0.400000	0.302381	0.344407	0.026642	0.019834	0.022739	0.363825	0.301095	0.329501	9
1.13	0.398744	0.302381	0.343940	0.026677	0.019834	0.022752	0.362049	0.301095	0.328771	9
1.13	0.399371	0.302381	0.344173	0.030546	0.020639	0.024634	0.362937	0.301095	0.329136	9
1.13	0.400000	0.302381	0.344407	0.026639	0.019695	0.022646	0.363825	0.301095	0.329501	9
1.13	0.407874	0.308333	0.351186	0.027025	0.019899	0.022921	0.372410	0.309976	0.338337	9
1.13	0.414443	0.314286	0.357481	0.027067	0.020030	0.023023	0.379515	0.318857	0.346552	9
1.13	0.419811	0.317857	0.361789	0.027279	0.019914	0.023022	0.384547	0.324186	0.351796	9
1.12	0.429477	0.322619	0.368457	0.027816	0.019889	0.023194	0.395500	0.331291	0.360559	9
1.11	0.434992	0.322619	0.370472	0.027941	0.019508	0.022975	0.403789	0.333067	0.365034	9
1.10	0.438003	0.323810	0.372348	0.027984	0.019253	0.022812	0.408230	0.335731	0.368448	9
1.09	0.462662	0.339286	0.391483	0.027928	0.019293	0.022821	0.437241	0.358822	0.394169	9
1.08	0.479475	0.347619	0.403037	0.028372	0.019061	0.022803	0.457963	0.373031	0.411157	9
1.07	0.494215	0.355952	0.413841	0.029132	0.018938	0.022954	0.475133	0.384517	0.425049	9
1.07	0.517413	0.371429	0.432432	0.029806	0.019082	0.023268	0.500888	0.404056	0.447291	9
1.06	0.525876	0.375000	0.437804	0.029976	0.018476	0.022862	0.513322	0.412345	0.457326	8
1.06	0.530100	0.377381	0.440890	0.029883	0.018511	0.022861	0.517762	0.415897	0.461273	8
1.06	0.537563	0.383333	0.447533	0.029911	0.018656	0.022979	0.525755	0.424778	0.469903	8
1.06	0.541806	0.385714	0.450626	0.029941	0.018720	0.023037	0.530195	0.428330	0.473850	8
1.07	0.542289	0.389286	0.453222	0.029987	0.019334	0.023510	0.528419	0.431883	0.475299	9
1.08	0.544554	0.392857	0.456432	0.029958	0.019722	0.023786	0.529603	0.436027	0.478281	9
1.08	0.532895	0.385714	0.447514	0.029376	0.019759	0.023626	0.516874	0.422706	0.465071	9
1.08	0.528736	0.383333	0.444444	0.029104	0.019739	0.023524	0.513322	0.419153	0.461483	10
1.09	0.507365	0.369048	0.427292	0.028686	0.019645	0.023320	0.488455	0.398727	0.439053	10
1.10	0.497569	0.365476	0.421414	0.028673	0.020222	0.023717	0.474837	0.391030	0.428878	11
1.10	0.487055	0.358333	0.412894	0.028437	0.020153	0.023589	0.462404	0.379485	0.416861	11
1.10	0.479741	0.352381	0.406314	0.028314	0.020130	0.023531	0.455003	0.371788	0.409208	11
1.09	0.465909	0.341667	0.394231	0.028148	0.019777	0.023232	0.439313	0.359355	0.395331	11
1.09	0.456169	0.334524	0.385989	0.027887	0.019722	0.023105	0.429248	0.350178	0.385702	10
1.10	0.432956	0.319048	0.367375	0.027338	0.019241	0.022586	0.404381	0.330047	0.363453	10
1.10	0.434783	0.321429	0.369610	0.027481	0.019998	0.023150	0.405269	0.330935	0.364350	10
1.11	0.431090	0.320238	0.367486	0.026356	0.019871	0.022659	0.400829	0.328626	0.361154	10
1.11	0.431310	0.321429	0.368349	0.026665	0.019992	0.022851	0.400829	0.330403	0.362224	10
1.12	0.427663	0.320238	0.366235	0.026860	0.020005	0.022931	0.396388	0.328626	0.359341	11
1.12	0.425633	0.320238	0.365489	0.026143	0.020049	0.022694	0.393724	0.327738	0.357714	11
1.13	0.424290	0.320238	0.364993	0.025811	0.020049	0.022568	0.392836	0.327738	0.357347	11
1.13	0.422956	0.320238	0.364499	0.025012	0.020049	0.022257	0.392244	0.327738	0.357101	11
1.13	0.421630	0.320238	0.364005	0.025016	0.020034	0.022249	0.389876	0.327738	0.356117	11
1.13	0.425665	0.323810	0.367816	0.024678	0.020174	0.022200	0.393428	0.332179	0.360218	11
1.14	0.426562	0.325000	0.368919	0.024635	0.020207	0.022202	0.394316	0.333955	0.361634	11
1.13	0.428795	0.326190	0.370521	0.024871	0.020239	0.022317	0.395500	0.335731	0.363173	11
1.13	0.434851	0.329762	0.375085	0.024752	0.020014	0.022132	0.403789	0.340764	0.369609	11
1.14	0.442187	0.336905	0.382432	0.024605	0.020811	0.022550	0.412966	0.349645	0.378677	11
1.13	0.454545	0.345238	0.392422	0.024390	0.020891	0.022505	0.427472	0.362966	0.392587	12
1.13	0.476415	0.360714	0.410569	0.024685	0.021343	0.022892	0.453227	0.383333	0.415360	12
1.12	0.505547	0.379762	0.433719	0.024689	0.021920	0.023222	0.485494	0.407904	0.443330	12
1.12	0.519747	0.391667	0.446707	0.028441	0.021946	0.024775	0.502072	0.422114	0.458634	13
1.13	0.527473	0.400000	0.454976	0.029914	0.022580	0.025734	0.507993	0.431587	0.466683	12
1.13	0.532915	0.404762	0.460081	0.029946	0.022726	0.025841	0.514210	0.436915	0.472422	12
1.14	0.554517	0.423810	0.480432	0.030156	0.023868	0.026646	0.538484	0.460894	0.496677	11
1.14	0.552262	0.421429	0.478055	0.030157	0.023819	0.026616	0.535820	0.457342	0.493480	11
1.15	0.548686	0.422619	0.477471	0.030111	0.023929	0.026667	0.533748	0.456454	0.492084	11
1.15	0.542373	0.419048	0.472801	0.030099	0.023865	0.026622	0.526643	0.449349	0.484935	11
1.15	0.526965	0.407143	0.459369	0.029684	0.023544	0.026260	0.509769	0.431587	0.467431	13
1.15	0.515385	0.398810	0.449664	0.028450	0.023258	0.025593	0.496744	0.421818	0.456225	14
