
Sun Aug 29 06:55:17 2021
65.22	0.011883	0.482866	0.023195	0.015291	0.113274	0.026945	0.012012	0.549333	0.023510	124
58.50	0.011477	0.450000	0.022383	0.020911	0.159361	0.036971	0.011611	0.511605	0.022707	125
51.74	0.011809	0.409524	0.022956	0.021187	0.139534	0.036788	0.011942	0.468976	0.023291	125
45.25	0.012444	0.377381	0.024093	0.021783	0.127488	0.037208	0.012523	0.434932	0.024344	125
38.86	0.013118	0.341667	0.025265	0.010059	0.109701	0.018429	0.013184	0.401332	0.025529	124
33.20	0.013591	0.302381	0.026013	0.010357	0.090066	0.018578	0.013699	0.356335	0.026384	121
28.02	0.014644	0.275000	0.027808	0.009325	0.071647	0.016502	0.014922	0.324956	0.028535	119
23.24	0.016586	0.258333	0.031171	0.009955	0.062478	0.017173	0.016893	0.304085	0.032008	116
19.07	0.018260	0.233333	0.033869	0.010408	0.050238	0.017244	0.018398	0.278330	0.034515	113
15.61	0.019570	0.204762	0.035725	0.011261	0.041474	0.017713	0.019459	0.242214	0.036024	109
12.52	0.021421	0.179762	0.038281	0.009888	0.037666	0.015663	0.020486	0.212315	0.037367	104
9.95	0.023210	0.154762	0.040366	0.009196	0.026080	0.013598	0.021272	0.184488	0.038146	94
7.62	0.025181	0.128571	0.042113	0.009326	0.021432	0.012997	0.022555	0.151036	0.039248	86
5.79	0.029457	0.114286	0.046841	0.009260	0.012452	0.010621	0.026153	0.136767	0.043909	78
4.29	0.035211	0.101190	0.052243	0.009720	0.011391	0.010490	0.031740	0.121078	0.050295	70
3.11	0.043453	0.090476	0.058710	0.009354	0.004721	0.006275	0.037251	0.108940	0.055518	62
2.17	0.054828	0.079762	0.064985	0.009066	0.003170	0.004698	0.053049	0.097395	0.068686	50
1.58	0.078918	0.083333	0.081065	0.009390	0.003311	0.004896	0.077383	0.101835	0.087941	42
1.28	0.101389	0.086905	0.093590	0.009242	0.003452	0.005026	0.099467	0.106276	0.102759	32
1.13	0.134796	0.102381	0.116373	0.009211	0.004046	0.005623	0.133511	0.125814	0.129548	30
1.07	0.165000	0.117857	0.137500	0.008924	0.004596	0.006067	0.161634	0.146240	0.153552	27
1.04	0.195911	0.136905	0.161177	0.008901	0.005287	0.006633	0.192718	0.171107	0.181271	28
1.03	0.231034	0.159524	0.188732	0.008297	0.005984	0.006954	0.226465	0.200414	0.212645	27
1.03	0.271626	0.186905	0.221439	0.008100	0.006988	0.007503	0.267318	0.234754	0.249980	25
1.03	0.294118	0.202381	0.239774	0.007634	0.007583	0.007608	0.289520	0.253108	0.270093	24
1.02	0.316522	0.216667	0.257244	0.009632	0.008586	0.009079	0.312611	0.270574	0.290078	22
1.01	0.345009	0.234524	0.279235	0.007010	0.008581	0.007716	0.342806	0.292777	0.315823	18
1.01	0.365554	0.247619	0.295245	0.006815	0.009022	0.007765	0.364121	0.309355	0.334511	14
1.01	0.378092	0.254762	0.304410	0.006657	0.009304	0.007761	0.377442	0.317940	0.345145	10
1.01	0.395760	0.266667	0.318634	0.006578	0.009668	0.007829	0.395204	0.333629	0.361816	8
1.01	0.404594	0.272619	0.325747	0.006433	0.009828	0.007776	0.404085	0.340734	0.369716	7
1.01	0.409894	0.276190	0.330014	0.006327	0.010014	0.007754	0.409414	0.343694	0.373687	6
1.00	0.424779	0.285714	0.341637	0.006342	0.010225	0.007829	0.424512	0.357904	0.388373	5
1.00	0.436170	0.292857	0.350427	0.006437	0.010417	0.007957	0.436057	0.366785	0.398432	5
1.00	0.439716	0.295238	0.353276	0.006438	0.010481	0.007977	0.439609	0.370337	0.402011	4
1.00	0.446809	0.300000	0.358974	0.006486	0.010609	0.008050	0.446714	0.377442	0.409167	3
1.00	0.448582	0.301190	0.360399	0.006513	0.010686	0.008093	0.448490	0.377797	0.410120	3
1.01	0.454064	0.305952	0.365576	0.006562	0.010814	0.008168	0.453819	0.384014	0.416009	3
1.01	0.449912	0.304762	0.363378	0.006502	0.010782	0.008112	0.449378	0.382238	0.413098	3
1.01	0.448336	0.304762	0.362863	0.006492	0.010827	0.008117	0.447602	0.381350	0.411828	3
1.02	0.445026	0.303571	0.360934	0.006484	0.010839	0.008114	0.444050	0.378390	0.408599	2
1.02	0.440972	0.302381	0.358757	0.006478	0.010852	0.008113	0.439609	0.375725	0.405164	2
1.02	0.444444	0.304762	0.361582	0.006588	0.011005	0.008242	0.443162	0.377501	0.407705	2
1.02	0.441739	0.302381	0.359011	0.006566	0.010941	0.008207	0.440497	0.373949	0.404504	2
1.03	0.446552	0.308333	0.364789	0.006609	0.011101	0.008285	0.444938	0.381942	0.411040	2
1.03	0.446552	0.308333	0.364789	0.006609	0.011101	0.008285	0.444938	0.381942	0.411040	2
1.03	0.442907	0.304762	0.361072	0.006606	0.011050	0.008269	0.441385	0.376613	0.406435	3
1.02	0.435009	0.298810	0.354270	0.006561	0.010889	0.008188	0.433393	0.368620	0.398391	3
1.02	0.435009	0.298810	0.354270	0.006605	0.010934	0.008235	0.433393	0.367732	0.397872	3
1.02	0.429809	0.295238	0.350035	0.006590	0.010883	0.008209	0.428064	0.362404	0.392507	3
1.02	0.430556	0.295238	0.350283	0.014486	0.010987	0.012496	0.428952	0.360332	0.391659	4
1.02	0.433276	0.297619	0.352858	0.014512	0.011067	0.012558	0.431616	0.363884	0.394867	4
1.02	0.435009	0.298810	0.354270	0.014550	0.011144	0.012621	0.433393	0.365660	0.396656	4
1.02	0.436742	0.300000	0.355681	0.014526	0.011147	0.012614	0.435169	0.367436	0.398445	4
1.03	0.437716	0.301190	0.356841	0.014444	0.011150	0.012585	0.436057	0.368324	0.399339	4
1.03	0.437716	0.301190	0.356841	0.014416	0.011105	0.012546	0.436057	0.369509	0.400034	4
1.03	0.441379	0.304762	0.360563	0.014416	0.011172	0.012588	0.438721	0.374837	0.404271	4
1.03	0.442142	0.304762	0.360817	0.014403	0.011128	0.012555	0.439609	0.375725	0.405164	4
1.03	0.446367	0.307143	0.363893	0.014418	0.011147	0.012573	0.444050	0.380166	0.409632	4
1.03	0.448097	0.308333	0.365303	0.014426	0.011195	0.012606	0.445826	0.381054	0.410903	4
1.03	0.448097	0.308333	0.365303	0.014419	0.011195	0.012604	0.445826	0.381054	0.410903	4
1.02	0.448873	0.308333	0.365561	0.014448	0.011195	0.012615	0.446714	0.381054	0.411280	5
1.02	0.449653	0.308333	0.365819	0.014465	0.011195	0.012621	0.447602	0.381054	0.411656	6
1.02	0.447917	0.307143	0.364407	0.014462	0.011163	0.012600	0.445826	0.379574	0.410041	6
1.02	0.446181	0.305952	0.362994	0.014422	0.011057	0.012518	0.444050	0.378982	0.408944	6

Sun Aug 29 07:08:50 2021
64.35	0.014996	0.601246	0.029262	0.012886	0.132015	0.023481	0.015026	0.676667	0.029400	123
56.98	0.013965	0.533333	0.027217	0.011693	0.195116	0.022064	0.013910	0.589165	0.027179	123
50.26	0.014595	0.491667	0.028348	0.010873	0.171453	0.020449	0.014551	0.552753	0.028356	123
43.83	0.015884	0.466667	0.030722	0.010665	0.158524	0.019986	0.015863	0.531883	0.030808	122
37.56	0.017734	0.446429	0.034113	0.010280	0.134138	0.019096	0.017818	0.514121	0.034442	122
31.79	0.019388	0.413095	0.037037	0.009309	0.114287	0.017215	0.019554	0.489106	0.037606	121
26.52	0.021697	0.385714	0.041083	0.009070	0.077985	0.016251	0.021886	0.465423	0.041805	117
22.21	0.024232	0.360714	0.045414	0.008463	0.068663	0.015068	0.024275	0.439668	0.046009	113
18.23	0.027670	0.338095	0.051153	0.008934	0.062158	0.015623	0.027299	0.417170	0.051245	108
14.74	0.032184	0.317857	0.058450	0.009672	0.054874	0.016445	0.031550	0.398816	0.058474	103
11.81	0.036536	0.289286	0.064878	0.007639	0.026356	0.011845	0.035491	0.374186	0.064833	97
9.43	0.043126	0.272619	0.074472	0.005254	0.022294	0.008503	0.042005	0.359384	0.075218	89
7.22	0.052891	0.255952	0.087666	0.005169	0.014386	0.007605	0.051031	0.340438	0.088757	83
5.53	0.064267	0.238095	0.101215	0.004766	0.011386	0.006719	0.061811	0.320012	0.103610	76
4.26	0.080134	0.228571	0.118665	0.004855	0.010952	0.006727	0.077001	0.308467	0.123239	69
3.30	0.094238	0.208333	0.129774	0.004940	0.007791	0.006046	0.091119	0.283600	0.137924	61
2.64	0.113131	0.200000	0.144516	0.004517	0.005914	0.005122	0.106170	0.274719	0.153152	50
2.15	0.131296	0.189286	0.155046	0.004466	0.005581	0.004962	0.123505	0.259621	0.167384	41
1.83	0.145631	0.178571	0.160428	0.004381	0.005249	0.004776	0.137004	0.245708	0.175918	37
1.56	0.165909	0.173810	0.169767	0.004653	0.005343	0.004974	0.155861	0.236530	0.187904	33
1.37	0.176853	0.161905	0.169049	0.004528	0.005112	0.004802	0.170367	0.218472	0.191444	25
1.25	0.194602	0.163095	0.177461	0.004644	0.005233	0.004921	0.193902	0.219361	0.205847	24
1.16	0.215596	0.167857	0.188755	0.004749	0.005451	0.005076	0.219953	0.222617	0.221277	23
1.09	0.228896	0.167857	0.193681	0.004600	0.005451	0.004989	0.232978	0.221729	0.227214	20
1.06	0.240401	0.171429	0.200139	0.004578	0.005680	0.005070	0.246596	0.224985	0.235295	19
1.04	0.264151	0.183333	0.216444	0.004747	0.006134	0.005352	0.268206	0.239787	0.253202	16
1.02	0.288194	0.197619	0.234463	0.004956	0.006697	0.005696	0.290409	0.255477	0.271825	15
1.01	0.299475	0.203571	0.242381	0.004918	0.006902	0.005743	0.301066	0.263469	0.281016	13
1.01	0.308642	0.208333	0.248756	0.004932	0.007119	0.005827	0.308171	0.268502	0.286972	12
1.01	0.321555	0.216667	0.258890	0.012793	0.007600	0.009535	0.320604	0.277975	0.297772	12
1.00	0.336879	0.226190	0.270655	0.012868	0.007946	0.009825	0.336590	0.290409	0.311798	10
1.00	0.354610	0.238095	0.284900	0.012925	0.008177	0.010017	0.354352	0.305506	0.328121	9
1.00	0.367673	0.246429	0.295082	0.013011	0.008401	0.010210	0.367673	0.316163	0.339978	8
1.00	0.374778	0.251190	0.300784	0.013089	0.008573	0.010361	0.374778	0.322380	0.346610	7
1.00	0.373002	0.250000	0.299359	0.013024	0.008497	0.010284	0.373002	0.320604	0.344824	7
1.00	0.373002	0.250000	0.299359	0.012988	0.008497	0.010273	0.373002	0.320604	0.344824	5
1.00	0.376554	0.252381	0.302210	0.013065	0.008695	0.010441	0.376554	0.323268	0.347883	5
1.00	0.371226	0.248810	0.297933	0.012981	0.008599	0.010345	0.371226	0.318828	0.343037	4
1.00	0.371226	0.248810	0.297933	0.013016	0.008643	0.010388	0.371226	0.317940	0.342523	4
1.00	0.371226	0.248810	0.297933	0.009165	0.008732	0.008944	0.371226	0.316163	0.341489	4
1.00	0.367673	0.246429	0.295082	0.007889	0.008757	0.008301	0.367673	0.311723	0.337394	4
1.00	0.371226	0.248810	0.297933	0.006983	0.009000	0.007864	0.371226	0.311723	0.338882	3
1.00	0.371226	0.248810	0.297933	0.005488	0.008965	0.006808	0.371226	0.309947	0.337830	3
1.00	0.369449	0.247619	0.296508	0.005519	0.008933	0.006823	0.369449	0.308171	0.336039	3
1.00	0.371226	0.248810	0.297933	0.005605	0.009099	0.006937	0.371226	0.306986	0.336064	3
1.00	0.364121	0.244048	0.292231	0.005568	0.008971	0.006871	0.364121	0.299882	0.328894	3
1.00	0.355240	0.238095	0.285103	0.005495	0.008811	0.006769	0.355240	0.291001	0.319927	3
1.00	0.357016	0.239286	0.286529	0.005612	0.009021	0.006919	0.357016	0.289224	0.319564	3
1.00	0.360568	0.241667	0.289380	0.005725	0.009263	0.007077	0.360568	0.289816	0.321344	3
1.00	0.358156	0.240476	0.287749	0.006357	0.009355	0.007570	0.357904	0.288928	0.319739	3
1.00	0.358156	0.240476	0.287749	0.006357	0.009355	0.007570	0.357904	0.288928	0.319739	3
1.00	0.356383	0.239286	0.286325	0.006282	0.009323	0.007506	0.356128	0.287152	0.317942	3
1.00	0.356383	0.239286	0.286325	0.006276	0.009368	0.007517	0.356128	0.285968	0.317215	3
1.00	0.359929	0.241667	0.289174	0.006401	0.009655	0.007698	0.359680	0.286560	0.318984	3
1.00	0.359929	0.241667	0.289174	0.006398	0.009655	0.007696	0.359680	0.286560	0.318984	3
1.01	0.352734	0.238095	0.284293	0.006353	0.009603	0.007647	0.351687	0.280343	0.311989	3
1.01	0.351494	0.238095	0.283889	0.006314	0.009603	0.007619	0.351687	0.280343	0.311989	3
1.01	0.354497	0.239286	0.285714	0.006318	0.009591	0.007618	0.355240	0.282120	0.314485	3
1.01	0.356766	0.241667	0.288148	0.006243	0.009610	0.007569	0.358792	0.286560	0.318634	3
1.01	0.357895	0.242857	0.289362	0.006247	0.009642	0.007582	0.360568	0.288336	0.320432	3
1.01	0.356140	0.241667	0.287943	0.006222	0.009610	0.007554	0.358792	0.287448	0.319182	3
1.01	0.352632	0.239286	0.285106	0.006191	0.009501	0.007497	0.355240	0.283896	0.315586	3
1.02	0.347902	0.236905	0.281870	0.006151	0.009482	0.007462	0.349911	0.279455	0.310740	3
1.02	0.347902	0.236905	0.281870	0.006217	0.009482	0.007510	0.349911	0.279455	0.310740	3
1.02	0.353147	0.240476	0.286119	0.006322	0.009712	0.007658	0.355240	0.283896	0.315586	3
1.02	0.351399	0.239286	0.284703	0.006307	0.009680	0.007638	0.353464	0.283008	0.314336	4
1.02	0.353147	0.240476	0.286119	0.006357	0.009712	0.007684	0.355240	0.283896	0.315586	5
1.02	0.353147	0.240476	0.286119	0.006361	0.009712	0.007687	0.355240	0.283896	0.315586	5
1.02	0.353147	0.240476	0.286119	0.006349	0.009712	0.007679	0.355240	0.284784	0.316134	5
1.01	0.352014	0.239286	0.284904	0.006302	0.009591	0.007606	0.354352	0.283008	0.314687	5
1.01	0.353251	0.239286	0.285309	0.006331	0.009591	0.007627	0.356128	0.283008	0.315385	6
1.01	0.356766	0.241667	0.288148	0.006430	0.009744	0.007748	0.359680	0.285672	0.318433	6
1.01	0.354386	0.240476	0.286525	0.006462	0.009801	0.007789	0.357016	0.282416	0.315364	6
1.01	0.347368	0.235714	0.280851	0.006425	0.009717	0.007736	0.349911	0.274127	0.307417	6
1.01	0.347368	0.235714	0.280851	0.006452	0.009717	0.007755	0.349911	0.274127	0.307417	6
1.01	0.350877	0.238095	0.283688	0.006547	0.009871	0.007873	0.353464	0.275903	0.309904	6
1.01	0.349123	0.236905	0.282269	0.006528	0.009749	0.007820	0.351687	0.276791	0.309776	8
1.01	0.345614	0.234524	0.279433	0.008084	0.009612	0.008782	0.348135	0.274127	0.306730	8
1.01	0.343860	0.233333	0.278014	0.007780	0.009411	0.008518	0.346359	0.273239	0.305484	8
1.01	0.343257	0.233333	0.277817	0.007780	0.009411	0.008518	0.345471	0.273239	0.305138	8
1.01	0.345009	0.234524	0.279235	0.007784	0.009443	0.008534	0.347247	0.274127	0.306385	7
1.01	0.345009	0.234524	0.279235	0.007812	0.009443	0.008551	0.347247	0.274127	0.306385	7
1.01	0.349123	0.236905	0.282269	0.007902	0.009597	0.008667	0.351687	0.275903	0.309219	7
1.01	0.349123	0.236905	0.282269	0.007902	0.009597	0.008667	0.351687	0.275903	0.309219	7
1.01	0.345009	0.234524	0.279235	0.007818	0.009488	0.008573	0.348135	0.273535	0.306359	7
1.01	0.345009	0.234524	0.279235	0.007818	0.009488	0.008573	0.348135	0.273535	0.306359	7
1.01	0.341506	0.232143	0.276400	0.007750	0.009424	0.008505	0.344583	0.269982	0.302755	7
1.01	0.339755	0.230952	0.274982	0.007486	0.009347	0.008314	0.342806	0.269094	0.301510	7
1.01	0.341506	0.232143	0.276400	0.007512	0.009379	0.008343	0.344583	0.269982	0.302755	7
1.01	0.340351	0.230952	0.275177	0.007502	0.009347	0.008324	0.343695	0.268206	0.301294	6
1.01	0.339755	0.230952	0.274982	0.007505	0.009303	0.008308	0.343695	0.269390	0.302040	6
1.01	0.338004	0.229762	0.273565	0.007471	0.009226	0.008256	0.341918	0.268502	0.300795	6
1.02	0.335664	0.228571	0.271955	0.007428	0.009105	0.008182	0.340142	0.268502	0.300106	6
1.02	0.342059	0.233333	0.277424	0.007509	0.009233	0.008282	0.347247	0.275607	0.307307	6
1.02	0.350785	0.239286	0.284501	0.007532	0.009260	0.008307	0.356128	0.286560	0.317579	6
1.02	0.350785	0.239286	0.284501	0.007927	0.009160	0.008499	0.356128	0.289520	0.319388	6
1.02	0.359511	0.245238	0.291578	0.007957	0.009276	0.008566	0.365009	0.299289	0.328898	6

Sun Aug 29 07:27:00 2021
62.85	0.014637	0.573209	0.028545	0.011398	0.117629	0.020783	0.014553	0.544000	0.028349	121
57.34	0.013847	0.532143	0.026992	0.010620	0.192442	0.020130	0.013795	0.500355	0.026850	123
51.42	0.014265	0.491667	0.027726	0.010289	0.174237	0.019431	0.014157	0.468976	0.027484	123
45.75	0.015256	0.467857	0.029549	0.010457	0.163589	0.019658	0.015143	0.446862	0.029292	119
40.39	0.016140	0.436905	0.031131	0.010630	0.149861	0.019853	0.016012	0.417555	0.030840	118
35.15	0.017381	0.409524	0.033346	0.011021	0.137248	0.020403	0.017277	0.395944	0.033108	113
30.22	0.019104	0.386905	0.036410	0.010606	0.120865	0.019500	0.018959	0.377146	0.036103	110
25.83	0.020490	0.354762	0.038742	0.010984	0.104674	0.019881	0.020399	0.352516	0.038566	108
21.87	0.021446	0.314286	0.040152	0.011650	0.081313	0.020380	0.021240	0.322025	0.039851	102
18.15	0.023975	0.291667	0.044308	0.009886	0.069693	0.017316	0.023508	0.304855	0.043650	99
14.69	0.027563	0.271429	0.050044	0.011041	0.062585	0.018771	0.027267	0.287626	0.049812	94
11.96	0.031046	0.248810	0.055203	0.011384	0.053875	0.018796	0.030949	0.267200	0.055472	87
9.63	0.034108	0.220238	0.059068	0.012758	0.036179	0.018864	0.033888	0.237892	0.059326	82
7.67	0.037535	0.192857	0.062839	0.008875	0.023809	0.012930	0.037196	0.205773	0.063003	79
5.94	0.041829	0.166667	0.066874	0.008702	0.015973	0.011266	0.039814	0.180906	0.065264	74
4.53	0.047824	0.145238	0.071955	0.008875	0.010302	0.009535	0.044860	0.159976	0.070071	70
3.43	0.051242	0.117857	0.071429	0.010041	0.008069	0.008947	0.047370	0.125577	0.068791	62
2.52	0.058616	0.098810	0.073582	0.015309	0.006041	0.008663	0.054694	0.105092	0.071945	48
2.02	0.063436	0.085714	0.072911	0.014315	0.004796	0.007184	0.056986	0.086738	0.068783	41
1.62	0.069003	0.075000	0.071877	0.013899	0.004159	0.006402	0.065542	0.073416	0.069256	35
1.36	0.079843	0.072619	0.076060	0.013671	0.003660	0.005774	0.078449	0.071403	0.074760	32
1.20	0.093195	0.075000	0.083113	0.013623	0.003871	0.006029	0.094731	0.073179	0.082572	28
1.10	0.116129	0.085714	0.098630	0.006561	0.004222	0.005138	0.119005	0.085317	0.099384	25
1.05	0.141653	0.100000	0.117237	0.007092	0.004890	0.005788	0.144464	0.103079	0.120312	23
1.03	0.151203	0.104762	0.123769	0.007050	0.005207	0.005990	0.153641	0.107371	0.126405	21
1.02	0.181501	0.123810	0.147205	0.015825	0.006205	0.008914	0.182948	0.127798	0.150479	20
1.01	0.183099	0.123810	0.147727	0.007619	0.006060	0.006751	0.184725	0.127205	0.150662	19
1.01	0.190813	0.128571	0.153627	0.011411	0.006612	0.008372	0.191829	0.127205	0.152972	18
1.00	0.201770	0.135714	0.162278	0.011192	0.007009	0.008620	0.202487	0.133422	0.160854	19
1.00	0.212766	0.142857	0.170940	0.009815	0.007422	0.008452	0.213144	0.139639	0.168734	18
1.00	0.221631	0.148810	0.178063	0.009315	0.007551	0.008340	0.222025	0.148520	0.177982	16
1.00	0.228723	0.153571	0.183761	0.008033	0.007737	0.007882	0.229130	0.153256	0.183666	15
1.00	0.239787	0.160714	0.192445	0.008082	0.008018	0.008050	0.239787	0.161545	0.193039	15
1.00	0.246892	0.165476	0.198147	0.007604	0.008309	0.007941	0.246892	0.167170	0.199356	12
1.00	0.253996	0.170238	0.203849	0.007650	0.008570	0.008084	0.253996	0.171906	0.205040	13
1.00	0.255773	0.171429	0.205274	0.007147	0.008568	0.007793	0.255773	0.174571	0.207511	10
1.00	0.257549	0.172619	0.206700	0.007242	0.008644	0.007882	0.257549	0.175459	0.208723	10
1.00	0.261101	0.175000	0.209551	0.007199	0.008798	0.007918	0.261101	0.176939	0.210935	8
1.00	0.264654	0.177381	0.212402	0.007228	0.008906	0.007980	0.264654	0.179603	0.213987	5
1.00	0.271758	0.182143	0.218104	0.007332	0.009034	0.008095	0.271758	0.185820	0.220719	5
1.00	0.269982	0.180952	0.216679	0.007490	0.009047	0.008195	0.269982	0.184044	0.218880	4
1.00	0.284192	0.190476	0.228083	0.007851	0.009348	0.008534	0.284192	0.196477	0.232331	4
1.00	0.282416	0.189286	0.226657	0.007877	0.009316	0.008536	0.282416	0.194701	0.230495	4
1.00	0.280639	0.188095	0.225232	0.008215	0.009284	0.008717	0.280639	0.193813	0.229281	3
1.00	0.278863	0.186905	0.223806	0.008497	0.009251	0.008858	0.278863	0.192037	0.227445	3
1.00	0.275311	0.184524	0.220955	0.008596	0.009232	0.008903	0.275311	0.187596	0.223143	3
1.00	0.271277	0.182143	0.217949	0.008275	0.009168	0.008699	0.271758	0.184044	0.219461	3
1.00	0.269504	0.180952	0.216524	0.008889	0.009136	0.009011	0.269982	0.182268	0.217619	3
1.00	0.267731	0.179762	0.215100	0.008857	0.009104	0.008979	0.268206	0.180491	0.215775	3
1.01	0.266784	0.179762	0.214794	0.008206	0.009104	0.008632	0.268206	0.180491	0.215775	3
1.01	0.268078	0.180952	0.216063	0.008220	0.009181	0.008674	0.269094	0.182268	0.217330	3
1.02	0.266551	0.182143	0.216407	0.007490	0.009213	0.008263	0.270870	0.184044	0.219171	3
1.02	0.274306	0.188095	0.223164	0.007561	0.009373	0.008370	0.279751	0.192037	0.227740	3
1.03	0.274611	0.189286	0.224101	0.007483	0.009405	0.008335	0.281528	0.193813	0.229577	3
1.03	0.277586	0.191667	0.226761	0.007503	0.009469	0.008372	0.285080	0.196477	0.232627	3
1.03	0.277108	0.191667	0.226601	0.007486	0.009469	0.008361	0.285080	0.196477	0.232627	3
1.04	0.277873	0.192857	0.227688	0.007465	0.009501	0.008361	0.286856	0.197365	0.233841	3
1.04	0.279110	0.194048	0.228933	0.007512	0.009533	0.008402	0.288632	0.199141	0.235678	4
1.04	0.279110	0.194048	0.228933	0.007508	0.009533	0.008400	0.288632	0.199141	0.235678	4
1.04	0.284247	0.197619	0.233146	0.007467	0.009629	0.008411	0.293961	0.204470	0.241182	4
1.04	0.292808	0.203571	0.240169	0.007480	0.009913	0.008526	0.302842	0.212463	0.249727	4
1.04	0.296233	0.205952	0.242978	0.007504	0.009977	0.008566	0.306394	0.215127	0.252775	4
1.03	0.297251	0.205952	0.243319	0.007616	0.010056	0.008667	0.307282	0.215127	0.253077	4
1.03	0.294320	0.203571	0.240676	0.007256	0.009477	0.008219	0.303730	0.216015	0.252471	6
1.03	0.292599	0.202381	0.239268	0.007290	0.009400	0.008212	0.301954	0.215423	0.251453	6
1.03	0.296041	0.204762	0.242083	0.007391	0.009464	0.008300	0.305506	0.218088	0.254499	6
1.03	0.296041	0.204762	0.242083	0.007313	0.009464	0.008251	0.305506	0.218088	0.254499	6
1.03	0.297762	0.205952	0.243491	0.008186	0.009512	0.008799	0.307282	0.218976	0.255720	6
1.03	0.301205	0.208333	0.246305	0.008908	0.009592	0.009237	0.310835	0.222528	0.259371	6
1.03	0.304124	0.210714	0.248945	0.008696	0.009656	0.009151	0.314387	0.226081	0.263020	6
1.04	0.305317	0.211905	0.250176	0.009196	0.009703	0.009443	0.316163	0.227857	0.264843	6
1.04	0.307033	0.213095	0.251581	0.009651	0.009751	0.009701	0.317940	0.228745	0.266066	6
1.04	0.308219	0.214286	0.252809	0.009630	0.009828	0.009728	0.318828	0.230521	0.267577	6
1.04	0.309932	0.215476	0.254214	0.009649	0.009860	0.009753	0.320604	0.232297	0.269399	6
1.04	0.311111	0.216667	0.255439	0.010146	0.009907	0.010025	0.322380	0.233185	0.270623	6
1.04	0.308874	0.215476	0.253857	0.010157	0.009875	0.010014	0.320604	0.231409	0.268800	6
1.04	0.307167	0.214286	0.252454	0.010214	0.009859	0.010033	0.318828	0.229337	0.266777	6
1.04	0.304940	0.213095	0.250876	0.010540	0.009842	0.010179	0.316163	0.226673	0.264041	6
1.04	0.301533	0.210714	0.248073	0.010294	0.009763	0.010021	0.312611	0.224304	0.261196	6
1.05	0.300509	0.210714	0.247726	0.010504	0.009763	0.010120	0.312611	0.224304	0.261196	6
1.05	0.300509	0.210714	0.247726	0.010504	0.009763	0.010120	0.312611	0.224304	0.261196	6
1.05	0.298812	0.209524	0.246326	0.010487	0.009731	0.010095	0.310835	0.222528	0.259371	6
1.05	0.295416	0.207143	0.243527	0.009782	0.009635	0.009708	0.307282	0.219864	0.256325	6
1.05	0.293718	0.205952	0.242127	0.009508	0.009588	0.009548	0.305506	0.218088	0.254499	6
1.05	0.293718	0.205952	0.242127	0.009598	0.009632	0.009615	0.305506	0.216903	0.253691	6
1.04	0.294719	0.205952	0.242467	0.009621	0.009632	0.009627	0.305506	0.216903	0.253691	6
1.04	0.295222	0.205952	0.242637	0.009631	0.009632	0.009632	0.305506	0.216903	0.253691	6
1.04	0.293515	0.204762	0.241234	0.009094	0.009585	0.009333	0.303730	0.216015	0.252471	6
1.04	0.291809	0.203571	0.239832	0.009028	0.009508	0.009262	0.301954	0.215423	0.251453	6
1.04	0.291809	0.203571	0.239832	0.009028	0.009508	0.009262	0.301954	0.215423	0.251453	6
1.04	0.293515	0.204762	0.241234	0.009008	0.009540	0.009266	0.303730	0.217200	0.253278	6
1.04	0.293515	0.204762	0.241234	0.008380	0.009525	0.008916	0.303730	0.218088	0.253881	6
1.04	0.293515	0.204762	0.241234	0.008380	0.009525	0.008916	0.303730	0.218088	0.253881	6
1.04	0.293515	0.204762	0.241234	0.008383	0.009525	0.008918	0.303730	0.218088	0.253881	6
1.04	0.298635	0.208333	0.245442	0.008407	0.009621	0.008973	0.309059	0.222528	0.258751	6
1.04	0.302048	0.210714	0.248247	0.008450	0.009685	0.009025	0.312611	0.226081	0.262396	6
1.04	0.303754	0.211905	0.249649	0.008471	0.009717	0.009051	0.314387	0.227857	0.264218	6
1.04	0.303237	0.211905	0.249474	0.008418	0.009717	0.009021	0.314387	0.227857	0.264218	6
1.04	0.304940	0.213095	0.250876	0.009104	0.009764	0.009422	0.316163	0.228745	0.265442	6
1.04	0.304422	0.213095	0.250700	0.009606	0.009735	0.009670	0.316163	0.228745	0.265442	6
1.05	0.300509	0.210714	0.247726	0.009548	0.009671	0.009609	0.312611	0.225192	0.261797	6
1.05	0.301184	0.211905	0.248777	0.009552	0.009703	0.009627	0.314387	0.226969	0.263620	7
1.05	0.301184	0.211905	0.248777	0.009545	0.009703	0.009623	0.314387	0.226969	0.263620	7
1.05	0.301855	0.213095	0.249826	0.009819	0.009751	0.009785	0.316163	0.228745	0.265442	7
1.05	0.300169	0.211905	0.248430	0.009793	0.009674	0.009733	0.314387	0.228153	0.264417	7
1.06	0.301347	0.213095	0.249651	0.010482	0.009738	0.010096	0.316163	0.229041	0.265641	8
1.06	0.299663	0.211905	0.248257	0.010159	0.009690	0.009919	0.314387	0.228153	0.264417	8
1.06	0.300336	0.213095	0.249304	0.010302	0.009890	0.010092	0.314387	0.229041	0.265012	8
1.06	0.296482	0.210714	0.246347	0.010295	0.009826	0.010055	0.310835	0.225488	0.261371	8
1.06	0.292642	0.208333	0.243394	0.010198	0.009886	0.010039	0.307282	0.221936	0.257727	7
1.06	0.292154	0.208333	0.243224	0.010184	0.009886	0.010033	0.307282	0.221936	0.257727	7
1.06	0.288815	0.205952	0.240445	0.010295	0.009822	0.010053	0.303730	0.219272	0.254681	7
1.06	0.288815	0.205952	0.240445	0.010340	0.009822	0.010074	0.303730	0.219272	0.254681	7
1.07	0.287854	0.205952	0.240111	0.010174	0.009822	0.009995	0.303730	0.219272	0.254681	7
1.07	0.287854	0.205952	0.240111	0.010127	0.009822	0.009972	0.303730	0.219272	0.254681	7
1.07	0.291667	0.208333	0.243056	0.010230	0.009886	0.010055	0.307282	0.221936	0.257727	7
1.07	0.294509	0.210714	0.245663	0.010414	0.009966	0.010185	0.310835	0.225488	0.261371	6
1.06	0.297162	0.211905	0.247394	0.010661	0.010013	0.010327	0.312611	0.226377	0.262595	6
1.06	0.303840	0.216667	0.252953	0.010988	0.010157	0.010556	0.319716	0.233481	0.269877	6
1.06	0.309365	0.220238	0.257302	0.011304	0.010284	0.010770	0.325044	0.236294	0.273653	6
1.06	0.316054	0.225000	0.262865	0.011398	0.010304	0.010824	0.332149	0.242510	0.280339	6
1.06	0.321070	0.228571	0.267038	0.011420	0.010400	0.010886	0.337478	0.247839	0.285794	6
1.06	0.322742	0.229762	0.268428	0.011442	0.010432	0.010914	0.339254	0.249615	0.287612	6
1.06	0.322742	0.229762	0.268428	0.011483	0.010432	0.010932	0.339254	0.249615	0.287612	6
1.06	0.319398	0.227381	0.265647	0.011278	0.010353	0.010795	0.335702	0.247247	0.284763	6
1.06	0.318258	0.226190	0.264440	0.011123	0.010305	0.010699	0.333925	0.246803	0.283829	6
1.06	0.321070	0.228571	0.267038	0.018958	0.010677	0.013660	0.335998	0.249467	0.286338	7
1.06	0.321070	0.228571	0.267038	0.018917	0.010677	0.013649	0.335998	0.249467	0.286338	7
1.06	0.321608	0.228571	0.267223	0.018928	0.010677	0.013652	0.335998	0.249467	0.286338	7
1.06	0.321608	0.228571	0.267223	0.018969	0.010677	0.013663	0.335998	0.249467	0.286338	7
1.06	0.321608	0.228571	0.267223	0.018977	0.010677	0.013665	0.335998	0.249467	0.286338	7
1.06	0.319398	0.227381	0.265647	0.018945	0.010645	0.013631	0.334221	0.247691	0.284523	7
1.06	0.312709	0.222619	0.260083	0.018364	0.010470	0.013336	0.327117	0.241474	0.277846	7
1.06	0.311037	0.221429	0.258693	0.018543	0.010438	0.013357	0.325340	0.239698	0.276029	7
1.06	0.308848	0.220238	0.257123	0.018368	0.010435	0.013309	0.323564	0.237626	0.274015	7
1.06	0.308848	0.220238	0.257123	0.018053	0.010419	0.013213	0.323564	0.237626	0.274015	7
1.07	0.310000	0.221429	0.258333	0.018055	0.010451	0.013239	0.325340	0.239402	0.275832	7
1.07	0.303987	0.217857	0.253814	0.018722	0.010539	0.013486	0.318236	0.232297	0.268559	7
1.07	0.305141	0.219048	0.255024	0.018726	0.010571	0.013513	0.320012	0.234073	0.270378	7
1.07	0.301325	0.216667	0.252078	0.018669	0.010507	0.013446	0.315571	0.230521	0.266423	7
1.07	0.301325	0.216667	0.252078	0.018718	0.010507	0.013459	0.315571	0.230521	0.266423	7
1.08	0.302632	0.219048	0.254144	0.019579	0.010618	0.013769	0.315571	0.231409	0.267015	7
1.08	0.305921	0.221429	0.256906	0.019626	0.010697	0.013847	0.319124	0.234073	0.270061	7

Sun Aug 29 07:52:55 2021
64.30	0.014308	0.573209	0.027919	0.018538	0.102893	0.031415	0.014282	0.611167	0.027913	127
57.86	0.013999	0.542857	0.027295	0.015296	0.166154	0.028013	0.013919	0.574630	0.027180	127
51.47	0.014252	0.491667	0.027700	0.015802	0.128459	0.028142	0.014105	0.537123	0.027488	125
45.19	0.015015	0.454762	0.029069	0.016110	0.119833	0.028401	0.014816	0.502131	0.028782	123
39.26	0.015789	0.415476	0.030422	0.016653	0.097961	0.028466	0.015572	0.462907	0.030130	121
33.69	0.016870	0.380952	0.032309	0.018482	0.079972	0.030025	0.016621	0.427531	0.031998	121
28.30	0.018204	0.345238	0.034584	0.019207	0.076287	0.030688	0.017893	0.389047	0.034212	121
23.65	0.019605	0.310714	0.036883	0.017494	0.057751	0.026854	0.019363	0.357223	0.036735	114
19.43	0.021391	0.278571	0.039732	0.020521	0.047434	0.028648	0.021120	0.321847	0.039640	107
15.76	0.023327	0.246429	0.042619	0.020843	0.044157	0.028319	0.022992	0.287211	0.042575	106
12.53	0.025230	0.211905	0.045092	0.021925	0.041282	0.028640	0.025802	0.246063	0.046706	100
9.81	0.026078	0.171429	0.045269	0.012465	0.023978	0.016403	0.027236	0.196566	0.047843	94
7.55	0.028713	0.145238	0.047947	0.013085	0.021305	0.016213	0.028658	0.166075	0.048881	86
5.74	0.031250	0.120238	0.049607	0.013110	0.015551	0.014227	0.032461	0.137063	0.052490	80
4.31	0.032165	0.092857	0.047779	0.012905	0.010679	0.011687	0.032578	0.103316	0.049537	73
3.11	0.034247	0.071429	0.046296	0.013144	0.009274	0.010875	0.035402	0.077324	0.048568	67
2.25	0.036306	0.054762	0.043664	0.013027	0.008135	0.010015	0.038442	0.058970	0.046543	60
1.75	0.043699	0.051190	0.047149	0.011944	0.006408	0.008341	0.047276	0.054233	0.050517	52
1.37	0.055627	0.051190	0.053317	0.011203	0.002824	0.004511	0.066903	0.048905	0.056505	47
1.20	0.076696	0.061905	0.068511	0.011535	0.003469	0.005334	0.084962	0.057194	0.068366	48
1.10	0.099839	0.073810	0.084873	0.010407	0.004007	0.005786	0.105684	0.068147	0.082862	44
1.05	0.122034	0.085714	0.100699	0.011797	0.004683	0.006705	0.126110	0.077916	0.096321	38
1.02	0.138889	0.095238	0.112994	0.011933	0.005162	0.007207	0.140320	0.087981	0.108151	35
1.01	0.151142	0.102381	0.122072	0.016198	0.005444	0.008149	0.150977	0.096862	0.118012	33
1.01	0.165785	0.111905	0.133618	0.016296	0.005878	0.008640	0.165186	0.106779	0.129711	31
1.00	0.180531	0.121429	0.145196	0.016549	0.006402	0.009232	0.180284	0.116252	0.141355	28
1.00	0.194690	0.130952	0.156584	0.008758	0.006910	0.007725	0.194494	0.128390	0.154675	23
1.00	0.210619	0.141667	0.169395	0.008807	0.007332	0.008002	0.210480	0.140527	0.168533	20
1.00	0.230906	0.154762	0.185317	0.008731	0.007996	0.008347	0.230906	0.155033	0.185511	17
1.00	0.238011	0.159524	0.191019	0.008757	0.008213	0.008476	0.238011	0.159177	0.190770	15
1.00	0.245115	0.164286	0.196721	0.008785	0.008386	0.008581	0.245115	0.165394	0.197514	13
1.00	0.252220	0.169048	0.202423	0.008777	0.008603	0.008689	0.252220	0.171610	0.204250	9
1.00	0.257549	0.172619	0.206700	0.008670	0.008699	0.008684	0.257549	0.176051	0.209141	9
1.00	0.262877	0.176190	0.210976	0.008451	0.008840	0.008641	0.262877	0.180195	0.213822	7
1.00	0.277087	0.185714	0.222381	0.008348	0.009229	0.008767	0.277087	0.191445	0.226439	7
1.00	0.285968	0.191667	0.229508	0.008327	0.009434	0.008846	0.285968	0.199141	0.234785	6
1.00	0.293073	0.196429	0.235210	0.008393	0.009562	0.008939	0.293073	0.206246	0.242110	6
1.00	0.296625	0.198810	0.238061	0.008042	0.009493	0.008707	0.296625	0.210687	0.246377	6
1.00	0.309059	0.207143	0.248040	0.008030	0.009672	0.008775	0.309059	0.223120	0.259151	5
1.00	0.326821	0.219048	0.262295	0.007965	0.009992	0.008864	0.326821	0.240882	0.277347	4
1.00	0.339254	0.227381	0.272274	0.007977	0.010216	0.008959	0.339254	0.252427	0.289470	4
1.00	0.349911	0.234524	0.280827	0.015718	0.010440	0.012546	0.349911	0.261308	0.299188	4
1.00	0.362345	0.242857	0.290805	0.015711	0.010561	0.012631	0.362345	0.273742	0.311872	4
1.00	0.374778	0.251190	0.300784	0.015750	0.010772	0.012794	0.374778	0.285287	0.323966	4
1.00	0.374778	0.251190	0.300784	0.015789	0.010772	0.012807	0.374778	0.285287	0.323966	4
1.00	0.378330	0.253571	0.303635	0.014830	0.010807	0.012503	0.378330	0.287951	0.327011	4
1.00	0.367673	0.246429	0.295082	0.014914	0.010615	0.012403	0.367673	0.277294	0.316151	4
1.00	0.348135	0.233333	0.279401	0.014971	0.010308	0.012209	0.348135	0.258644	0.296790	4
1.00	0.344583	0.230952	0.276550	0.015001	0.010243	0.012174	0.344583	0.255092	0.293160	4
1.00	0.342806	0.229762	0.275125	0.014577	0.010198	0.012001	0.342806	0.253316	0.291344	4
1.00	0.339254	0.227381	0.272274	0.014019	0.010134	0.011764	0.339254	0.250651	0.288299	4
1.00	0.332149	0.222619	0.266572	0.013988	0.010082	0.011718	0.332149	0.241770	0.279843	4
1.00	0.321492	0.215476	0.258019	0.013961	0.009890	0.011578	0.321492	0.231113	0.268912	4
1.00	0.321492	0.215476	0.258019	0.014451	0.010039	0.011847	0.321492	0.228449	0.267099	4
1.00	0.319716	0.214286	0.256593	0.014627	0.010067	0.011926	0.319716	0.224896	0.264052	4
1.00	0.317940	0.213095	0.255168	0.014698	0.010035	0.011927	0.317940	0.223120	0.262221	4
1.00	0.309735	0.208333	0.249110	0.014519	0.009967	0.011820	0.308171	0.214831	0.253172	4
1.00	0.302655	0.203571	0.243416	0.014364	0.009824	0.011668	0.301066	0.209503	0.247074	4
1.00	0.300885	0.202381	0.241993	0.014354	0.009792	0.011642	0.299290	0.207726	0.245240	4
1.00	0.306195	0.205952	0.246263	0.014396	0.009888	0.011723	0.304618	0.212167	0.250123	4
1.00	0.311504	0.209524	0.250534	0.014646	0.010015	0.011896	0.309947	0.215719	0.254388	4
1.00	0.308511	0.207143	0.247863	0.014632	0.009862	0.011783	0.307282	0.213351	0.251843	4
1.00	0.308511	0.207143	0.247863	0.014378	0.009896	0.011723	0.307282	0.214535	0.252666	4
1.00	0.310835	0.208333	0.249465	0.014040	0.009855	0.011581	0.310835	0.217496	0.255920	4
1.00	0.312611	0.209524	0.250891	0.013870	0.009887	0.011545	0.312611	0.218384	0.257137	4
1.00	0.323268	0.216667	0.259444	0.013941	0.010066	0.011691	0.323268	0.225488	0.265667	4
1.00	0.325044	0.217857	0.260870	0.013777	0.010024	0.011605	0.325044	0.228153	0.268113	5
1.00	0.344583	0.230952	0.276550	0.013921	0.010379	0.011892	0.344583	0.246211	0.287207	5
1.00	0.346359	0.232143	0.277976	0.013810	0.010353	0.011834	0.346359	0.249763	0.290235	5
1.00	0.355240	0.238095	0.285103	0.013846	0.010513	0.011951	0.355240	0.257756	0.298747	5
1.00	0.364121	0.244048	0.292231	0.013953	0.010731	0.012132	0.364121	0.264565	0.306460	5
1.00	0.369449	0.247619	0.296508	0.013905	0.010811	0.012165	0.369449	0.270782	0.312512	5
1.00	0.380107	0.254762	0.305061	0.014181	0.011032	0.012410	0.380107	0.281439	0.323415	6
1.00	0.380107	0.254762	0.305061	0.014047	0.011001	0.012339	0.380107	0.283215	0.324584	6
1.00	0.380107	0.254762	0.305061	0.014445	0.011030	0.012509	0.380107	0.283215	0.324584	6
1.00	0.378761	0.254762	0.304626	0.014343	0.011014	0.012460	0.378330	0.283215	0.323935	6
1.01	0.378092	0.254762	0.304410	0.014632	0.011104	0.012626	0.376554	0.282031	0.322509	6
1.01	0.372792	0.251190	0.300142	0.014553	0.011036	0.012553	0.371226	0.276406	0.316875	6
1.01	0.372792	0.251190	0.300142	0.014553	0.011036	0.012553	0.371226	0.275518	0.316290	6
1.01	0.363316	0.245238	0.292822	0.013669	0.010737	0.012027	0.361456	0.268413	0.308063	6
1.01	0.352734	0.238095	0.284293	0.013261	0.010572	0.011765	0.350799	0.260420	0.298928	6
1.01	0.349206	0.235714	0.281450	0.013509	0.010508	0.011821	0.347247	0.256868	0.295297	6
1.01	0.346290	0.233333	0.278805	0.013621	0.010428	0.011813	0.344583	0.254204	0.292572	6
1.01	0.340989	0.229762	0.274538	0.013650	0.010376	0.011790	0.339254	0.248875	0.287120	6
1.01	0.332155	0.223810	0.267425	0.013389	0.010245	0.011608	0.330373	0.239994	0.278023	6
1.01	0.326855	0.220238	0.263158	0.013417	0.010149	0.011556	0.325044	0.234665	0.272558	6
1.01	0.326889	0.221429	0.264017	0.012908	0.010284	0.011447	0.324156	0.236146	0.273239	7
1.01	0.327465	0.221429	0.264205	0.013855	0.010284	0.011805	0.325044	0.236146	0.273554	7
1.01	0.327465	0.221429	0.264205	0.013855	0.010284	0.011805	0.325044	0.236146	0.273554	7
1.01	0.328042	0.221429	0.264392	0.013857	0.010239	0.011777	0.325933	0.236146	0.273868	7
1.01	0.328647	0.222619	0.265437	0.013869	0.010271	0.011802	0.326821	0.237922	0.275374	7
1.01	0.335677	0.227381	0.271114	0.021650	0.010662	0.014288	0.333925	0.245027	0.282651	8
1.01	0.344464	0.233333	0.278212	0.020699	0.010733	0.014136	0.342806	0.255092	0.292515	8
1.01	0.353251	0.239286	0.285309	0.021455	0.011017	0.014559	0.351687	0.263085	0.301001	8
1.01	0.356766	0.241667	0.288148	0.021422	0.011081	0.014607	0.355240	0.266637	0.304627	9
