
Sun Aug 29 08:11:25 2021
65.22	0.011883	0.482866	0.023195	0.015291	0.113274	0.026945	0.012012	0.549333	0.023510	124
58.48	0.011268	0.441667	0.021976	0.020819	0.155234	0.036715	0.011406	0.501539	0.022304	125
51.61	0.011700	0.404762	0.022743	0.021939	0.139396	0.037911	0.011828	0.463647	0.023068	125
45.21	0.012102	0.366667	0.023430	0.022116	0.127790	0.037707	0.012176	0.422499	0.023670	125
38.81	0.012265	0.319048	0.023622	0.020806	0.110526	0.035019	0.012355	0.373653	0.023919	124
33.08	0.012403	0.275000	0.023735	0.019384	0.088807	0.031823	0.012586	0.321107	0.024222	122
27.68	0.012961	0.240476	0.024597	0.019166	0.068464	0.029948	0.013225	0.286323	0.025282	120
22.83	0.013617	0.208333	0.025562	0.012361	0.061388	0.020578	0.013865	0.246951	0.026256	116
18.63	0.013158	0.164286	0.024364	0.012629	0.047825	0.019982	0.013313	0.196329	0.024935	113
15.13	0.012330	0.125000	0.022445	0.012248	0.037259	0.018435	0.012189	0.150444	0.022551	109
11.97	0.012912	0.103571	0.022961	0.010812	0.033186	0.016311	0.012394	0.125873	0.022566	102
9.38	0.013063	0.082143	0.022542	0.009002	0.024258	0.013131	0.011980	0.104263	0.021490	95
7.21	0.012811	0.061905	0.021229	0.009312	0.018525	0.012394	0.011783	0.076732	0.020429	85
5.46	0.011707	0.042857	0.018391	0.008830	0.012033	0.010186	0.011890	0.052398	0.019382	80
3.96	0.011221	0.029762	0.016297	0.009051	0.005343	0.006719	0.010902	0.036116	0.016749	72
2.81	0.011371	0.021429	0.014858	0.009060	0.001972	0.003240	0.012510	0.024867	0.016645	60
1.96	0.013599	0.017857	0.015440	0.008852	0.000837	0.001529	0.017584	0.019538	0.018510	52
1.42	0.023839	0.022619	0.023213	0.008854	0.001277	0.002232	0.030255	0.020130	0.024175	46
1.20	0.031157	0.025000	0.027741	0.010324	0.001475	0.002581	0.035968	0.021018	0.026532	37
1.08	0.042693	0.030952	0.035887	0.010074	0.001813	0.003073	0.045293	0.027235	0.034016	33
1.03	0.058621	0.040476	0.047887	0.010312	0.002515	0.004044	0.059503	0.033452	0.042827	32
1.01	0.071804	0.048810	0.058115	0.010174	0.003051	0.004695	0.071936	0.039372	0.050891	31
1.01	0.086116	0.058333	0.069553	0.009789	0.003486	0.005141	0.086146	0.049438	0.062822	29
1.01	0.110915	0.075000	0.089489	0.007883	0.004380	0.005631	0.111012	0.066015	0.082795	27
1.00	0.147163	0.098810	0.118234	0.015799	0.005526	0.008188	0.147425	0.095027	0.115564	26
1.00	0.163121	0.109524	0.131054	0.014565	0.006701	0.009179	0.163410	0.104796	0.127698	24
1.00	0.184397	0.123810	0.148148	0.010907	0.006822	0.008394	0.184725	0.120485	0.145845	24
1.00	0.195382	0.130952	0.156807	0.010714	0.007193	0.008607	0.195382	0.128182	0.154804	21
1.00	0.222025	0.148810	0.178190	0.012416	0.007927	0.009676	0.222025	0.147721	0.177407	19
1.00	0.236234	0.158333	0.189594	0.011897	0.008406	0.009852	0.236234	0.156217	0.188068	16
1.00	0.245115	0.164286	0.196721	0.010794	0.008611	0.009580	0.245115	0.163914	0.196454	14
1.00	0.253996	0.170238	0.203849	0.011166	0.008920	0.009917	0.253996	0.170130	0.203772	14
1.00	0.257549	0.172619	0.206700	0.010957	0.008984	0.009873	0.257549	0.173683	0.207461	13
1.00	0.264654	0.177381	0.212402	0.011859	0.009144	0.010326	0.264654	0.180787	0.214826	13
1.00	0.269982	0.180952	0.216679	0.011940	0.009211	0.010399	0.269982	0.186412	0.220546	10
1.00	0.273535	0.183333	0.219530	0.011745	0.009275	0.010365	0.273535	0.188780	0.223389	9
1.00	0.273535	0.183333	0.219530	0.011398	0.009112	0.010128	0.273535	0.190705	0.224730	8
1.00	0.282416	0.189286	0.226657	0.011265	0.009228	0.010145	0.282416	0.199586	0.233884	8
1.00	0.282416	0.189286	0.226657	0.010629	0.009167	0.009844	0.282416	0.199586	0.233884	7
1.00	0.298401	0.200000	0.239487	0.011716	0.009445	0.010458	0.298401	0.215867	0.250512	5
1.00	0.307282	0.205952	0.246614	0.011378	0.009544	0.010381	0.307282	0.224748	0.259614	4
1.00	0.326821	0.219048	0.262295	0.012031	0.009897	0.010860	0.326821	0.243398	0.279007	4
1.00	0.345745	0.232143	0.277778	0.012886	0.010180	0.011374	0.345471	0.260332	0.296918	4
1.00	0.356383	0.239286	0.286325	0.012686	0.010372	0.011413	0.356128	0.270101	0.307205	3
1.01	0.373030	0.253571	0.301913	0.012151	0.010727	0.011395	0.371226	0.288751	0.324835	3
1.02	0.375218	0.255952	0.304317	0.011935	0.010747	0.011310	0.373890	0.292303	0.328101	3
1.02	0.380870	0.260714	0.309541	0.011802	0.010875	0.011319	0.379218	0.299408	0.334620	3
1.02	0.381944	0.261905	0.310734	0.011878	0.010907	0.011372	0.380107	0.301184	0.336074	3
1.03	0.382353	0.263095	0.311707	0.011885	0.010939	0.011392	0.380107	0.302960	0.337177	3
1.03	0.378238	0.260714	0.308668	0.011728	0.010875	0.011285	0.375666	0.300296	0.333779	3
1.03	0.372414	0.257143	0.304225	0.011632	0.010805	0.011204	0.369449	0.296744	0.329129	3
1.03	0.350515	0.242857	0.286920	0.010881	0.010477	0.010675	0.346359	0.277738	0.308276	3
1.03	0.350515	0.242857	0.286920	0.011094	0.010521	0.010800	0.346359	0.277442	0.308094	3
1.04	0.346484	0.240476	0.283907	0.010960	0.010442	0.010694	0.341918	0.273890	0.304147	3
1.04	0.337907	0.234524	0.276880	0.010907	0.010311	0.010600	0.333037	0.265009	0.295154	3
1.04	0.329331	0.228571	0.269852	0.011061	0.010269	0.010650	0.324156	0.254648	0.285228	3
1.03	0.329897	0.228571	0.270042	0.011280	0.010313	0.010775	0.325044	0.254648	0.285572	3
1.03	0.335628	0.232143	0.274455	0.011405	0.010425	0.010893	0.330373	0.259088	0.290420	3
1.04	0.341880	0.238095	0.280702	0.011251	0.010467	0.010845	0.336590	0.269449	0.299300	3
1.04	0.355556	0.247619	0.291930	0.011412	0.010694	0.011041	0.350799	0.283659	0.313677	3
1.04	0.366894	0.255952	0.301543	0.011160	0.010874	0.011015	0.362345	0.295204	0.325347	3
1.04	0.376712	0.261905	0.308989	0.011484	0.010976	0.011224	0.373002	0.302960	0.334352	3
1.04	0.379487	0.264286	0.311579	0.011150	0.010848	0.010997	0.375666	0.306809	0.337764	3
1.04	0.391081	0.271429	0.320450	0.011366	0.011043	0.011202	0.388099	0.315690	0.348170	3
1.04	0.409864	0.286905	0.337535	0.011473	0.011474	0.011474	0.405861	0.337004	0.368242	3
1.04	0.425894	0.297619	0.350385	0.011586	0.011778	0.011681	0.422735	0.350326	0.383139	3
1.04	0.440476	0.308333	0.362745	0.011542	0.011904	0.011720	0.437833	0.366607	0.399067	3
1.04	0.451448	0.315476	0.371409	0.019449	0.012628	0.015313	0.449378	0.376377	0.409651	4
1.04	0.469388	0.328571	0.386555	0.019518	0.012951	0.015571	0.468028	0.394139	0.427917	4
1.04	0.481293	0.336905	0.396359	0.019539	0.013191	0.015749	0.480462	0.405684	0.439918	4

Sun Aug 29 08:25:52 2021
64.35	0.014996	0.601246	0.029262	0.012886	0.132015	0.023481	0.015026	0.676667	0.029400	123
56.81	0.013975	0.532143	0.027235	0.011568	0.195519	0.021844	0.013936	0.588277	0.027227	123
50.12	0.014707	0.494048	0.028565	0.011011	0.171046	0.020690	0.014676	0.553937	0.028594	123
43.65	0.016114	0.471429	0.031163	0.010635	0.156143	0.019914	0.016091	0.535435	0.031243	122
37.49	0.018144	0.455952	0.034899	0.010682	0.133426	0.019780	0.018197	0.521226	0.035166	122
31.75	0.019859	0.422619	0.037935	0.009882	0.116011	0.018212	0.019983	0.487330	0.038392	120
26.48	0.021933	0.389286	0.041526	0.009929	0.089536	0.017875	0.022105	0.456838	0.042170	118
22.19	0.024738	0.367857	0.046358	0.010376	0.071152	0.018111	0.024689	0.435524	0.046730	113
18.24	0.028040	0.342857	0.051841	0.010175	0.068526	0.017719	0.027714	0.405625	0.051883	107
14.71	0.031518	0.310714	0.057231	0.010662	0.054823	0.017852	0.030995	0.373357	0.057239	101
11.85	0.034488	0.273810	0.061260	0.008151	0.029017	0.012726	0.033431	0.337833	0.060841	96
9.46	0.039444	0.250000	0.068138	0.008065	0.017519	0.011045	0.038072	0.314091	0.067912	92
7.29	0.045776	0.223810	0.076006	0.009575	0.014849	0.011642	0.042743	0.281824	0.074228	81
5.49	0.053040	0.195238	0.083418	0.009252	0.011561	0.010278	0.049183	0.244819	0.081911	76
4.19	0.060991	0.171429	0.089972	0.005644	0.010708	0.007391	0.054607	0.212256	0.086866	68
3.23	0.065898	0.142857	0.090192	0.005564	0.007367	0.006340	0.060712	0.172291	0.089786	60
2.57	0.071873	0.123810	0.090949	0.005107	0.005291	0.005197	0.069126	0.145352	0.093693	50
2.09	0.079932	0.111905	0.093254	0.005009	0.005016	0.005012	0.077265	0.132031	0.097482	46
1.73	0.096311	0.111905	0.103524	0.005497	0.005149	0.005318	0.099645	0.128182	0.112126	38
1.48	0.110312	0.109524	0.109916	0.005555	0.005264	0.005405	0.109976	0.120782	0.115126	34
1.32	0.121457	0.107143	0.113852	0.005534	0.005289	0.005408	0.124630	0.115453	0.119866	30
1.20	0.141802	0.114286	0.126566	0.013782	0.006050	0.008409	0.150385	0.117821	0.132126	29
1.13	0.161189	0.122619	0.139283	0.013823	0.006586	0.008922	0.172587	0.122321	0.143170	26
1.10	0.182848	0.134524	0.155007	0.006325	0.007095	0.006688	0.193014	0.132978	0.157468	24
1.08	0.199341	0.144048	0.167243	0.006621	0.007619	0.007085	0.208999	0.142155	0.169215	21
1.06	0.216807	0.153571	0.179791	0.006686	0.007919	0.007251	0.226465	0.153700	0.183119	20
1.04	0.227350	0.158333	0.186667	0.006499	0.008092	0.007209	0.233570	0.159029	0.189223	16
1.02	0.243056	0.166667	0.197740	0.006522	0.008450	0.007362	0.246004	0.170278	0.201253	14
1.01	0.255282	0.172619	0.205966	0.006525	0.008744	0.007473	0.254885	0.176791	0.208774	14
1.00	0.267257	0.179762	0.214947	0.006473	0.009025	0.007539	0.266430	0.185376	0.218632	11
1.00	0.273050	0.183333	0.219373	0.006378	0.009165	0.007522	0.272647	0.188484	0.222885	9
1.00	0.271277	0.182143	0.217949	0.006222	0.009133	0.007402	0.270870	0.187596	0.221670	8
1.00	0.276596	0.185714	0.222222	0.006270	0.009274	0.007482	0.276199	0.189964	0.225106	8
1.00	0.281915	0.189286	0.226496	0.006358	0.009370	0.007576	0.281528	0.194405	0.229992	8
1.00	0.285461	0.191667	0.229345	0.006325	0.009434	0.007573	0.285080	0.197957	0.233662	6
1.00	0.292553	0.196429	0.235043	0.006403	0.009562	0.007670	0.292185	0.205062	0.240991	4
1.00	0.301418	0.202381	0.242165	0.006393	0.009633	0.007685	0.301066	0.215423	0.251144	3
1.00	0.310284	0.208333	0.249288	0.006531	0.009793	0.007836	0.309947	0.224304	0.260261	3
1.00	0.317376	0.213095	0.254986	0.006571	0.009921	0.007906	0.317052	0.229633	0.266353	3
1.00	0.324468	0.217857	0.260684	0.006617	0.010005	0.007966	0.324156	0.237034	0.273832	3
1.00	0.337478	0.226190	0.270848	0.006697	0.010229	0.008095	0.337478	0.248579	0.286286	2
1.00	0.344583	0.230952	0.276550	0.006735	0.010357	0.008162	0.344583	0.254796	0.292964	2
1.00	0.348135	0.233333	0.279401	0.006629	0.010421	0.008103	0.348135	0.258348	0.296595	2
1.00	0.357016	0.239286	0.286529	0.014362	0.010660	0.012237	0.357016	0.267229	0.305665	3
1.00	0.365897	0.245238	0.293656	0.014373	0.010731	0.012288	0.365897	0.276554	0.315013	3
1.00	0.374778	0.251190	0.300784	0.014441	0.010847	0.012388	0.374778	0.286323	0.324633	3
1.00	0.380107	0.254762	0.305061	0.014394	0.010809	0.012346	0.380107	0.294316	0.331755	3
1.00	0.382979	0.257143	0.307692	0.014447	0.010918	0.012437	0.382771	0.296980	0.334462	3
1.00	0.384752	0.258333	0.309117	0.014467	0.010950	0.012465	0.384547	0.297869	0.335703	3
1.00	0.389381	0.261905	0.313167	0.014473	0.011046	0.012529	0.389876	0.302309	0.340553	3
1.00	0.389381	0.261905	0.313167	0.010520	0.010957	0.010734	0.389876	0.303493	0.341303	3
1.00	0.392920	0.264286	0.316014	0.009263	0.011021	0.010066	0.393428	0.307046	0.344910	3
1.01	0.395760	0.266667	0.318634	0.009268	0.011085	0.010095	0.396092	0.310598	0.348174	3
1.01	0.393673	0.266667	0.317956	0.009250	0.011085	0.010084	0.393428	0.310598	0.347140	3
1.02	0.396161	0.270238	0.321302	0.009351	0.011270	0.010221	0.395204	0.313854	0.349863	3
1.02	0.397569	0.272619	0.323446	0.009425	0.011423	0.010328	0.396092	0.315631	0.351313	3
1.03	0.400000	0.276190	0.326761	0.010847	0.011653	0.011235	0.397869	0.318739	0.353935	3
1.04	0.392796	0.272619	0.321855	0.010792	0.011557	0.011161	0.389876	0.313410	0.347486	3
1.04	0.388699	0.270238	0.318820	0.010826	0.011582	0.011191	0.385435	0.307786	0.342262	3
1.04	0.388699	0.270238	0.318820	0.010942	0.011582	0.011253	0.385435	0.307786	0.342262	3
1.04	0.384220	0.266667	0.314828	0.010912	0.011486	0.011192	0.380995	0.302457	0.337213	3
1.03	0.381443	0.264286	0.312236	0.009646	0.011422	0.010459	0.378330	0.299793	0.334514	3
1.02	0.376736	0.258333	0.306497	0.009324	0.011475	0.010288	0.373890	0.288840	0.325907	3
1.02	0.366492	0.250000	0.297240	0.016875	0.011266	0.013512	0.364121	0.275518	0.313683	4
1.01	0.352632	0.239286	0.285106	0.016239	0.010978	0.013100	0.350799	0.261308	0.299512	4
1.01	0.350263	0.238095	0.283487	0.016004	0.010946	0.013000	0.348135	0.260420	0.297956	4
1.01	0.350877	0.238095	0.283688	0.015869	0.010962	0.012967	0.349023	0.259532	0.297698	4
1.01	0.353251	0.239286	0.285309	0.015864	0.010994	0.012987	0.350799	0.261308	0.299512	4
1.01	0.352113	0.238095	0.284091	0.015877	0.010962	0.012969	0.349911	0.259532	0.298020	4
1.01	0.345679	0.233333	0.278607	0.015884	0.010878	0.012913	0.343695	0.252131	0.290878	4
1.01	0.343915	0.232143	0.277185	0.015961	0.010846	0.012915	0.341918	0.250355	0.289059	4
1.01	0.329225	0.222619	0.265625	0.013261	0.010634	0.011803	0.327709	0.237034	0.275092	4
1.01	0.318102	0.215476	0.256920	0.013272	0.010442	0.011688	0.316163	0.227265	0.264443	4
1.01	0.311620	0.210714	0.251420	0.013497	0.010359	0.011722	0.309947	0.219864	0.257247	4
1.01	0.306338	0.207143	0.247159	0.013523	0.010263	0.011670	0.304618	0.216311	0.252980	4
1.01	0.303351	0.204762	0.244492	0.013639	0.010199	0.011671	0.301954	0.213647	0.250238	4
1.01	0.306878	0.207143	0.247335	0.015051	0.010265	0.012206	0.305506	0.215423	0.252676	4
1.01	0.307420	0.207143	0.247511	0.015114	0.010265	0.012226	0.306394	0.215423	0.252979	4
1.01	0.307420	0.207143	0.247511	0.015055	0.010265	0.012207	0.306394	0.215423	0.252979	4
1.00	0.309735	0.208333	0.249110	0.014003	0.010253	0.011838	0.308171	0.217496	0.255013	4
1.00	0.316814	0.213095	0.254804	0.013521	0.010396	0.011754	0.315275	0.221936	0.260497	4
1.00	0.322124	0.216667	0.259075	0.013096	0.010524	0.011670	0.320604	0.225488	0.264763	4
1.00	0.327434	0.220238	0.263345	0.013040	0.010759	0.011790	0.325933	0.229929	0.269640	4
1.00	0.334513	0.225000	0.269039	0.013107	0.010903	0.011904	0.333037	0.234369	0.275125	5
1.00	0.350442	0.235714	0.281851	0.013497	0.011164	0.012220	0.349023	0.247691	0.289753	5
1.00	0.363475	0.244048	0.292023	0.013154	0.011283	0.012147	0.362345	0.262197	0.304241	6
1.00	0.370567	0.248810	0.297721	0.013342	0.011356	0.012269	0.369449	0.268413	0.310929	6
1.00	0.378330	0.253571	0.303635	0.013245	0.011410	0.012259	0.378330	0.274926	0.318444	6
1.00	0.380107	0.254762	0.305061	0.013474	0.011427	0.012366	0.380107	0.277590	0.320859	6
1.00	0.387211	0.259524	0.310763	0.013321	0.011555	0.012375	0.387211	0.284695	0.328132	6
1.00	0.397869	0.266667	0.319316	0.013533	0.011658	0.012526	0.397869	0.296240	0.339614	7
1.00	0.401421	0.269048	0.322167	0.013679	0.011751	0.012642	0.401421	0.299793	0.343242	7
1.00	0.406750	0.272619	0.326443	0.013813	0.011647	0.012638	0.406750	0.306602	0.349646	7
1.00	0.406750	0.272619	0.326443	0.013784	0.011601	0.012598	0.406750	0.307490	0.350222	7
1.00	0.404973	0.271429	0.325018	0.013814	0.011522	0.012564	0.404973	0.308674	0.350326	7
1.00	0.410302	0.275000	0.329294	0.013825	0.011618	0.012626	0.410302	0.312818	0.354989	7
1.00	0.412078	0.276190	0.330720	0.013985	0.011481	0.012610	0.412078	0.314594	0.356798	7
1.00	0.412078	0.276190	0.330720	0.013564	0.011479	0.012435	0.412078	0.316371	0.357937	7
1.00	0.413854	0.277381	0.332145	0.015617	0.011511	0.013254	0.413854	0.317259	0.359175	7
1.00	0.412078	0.276190	0.330720	0.015967	0.011479	0.013356	0.412078	0.315483	0.357368	7
1.00	0.408526	0.273810	0.327869	0.015947	0.011399	0.013295	0.408526	0.312818	0.354323	7
1.00	0.406750	0.272619	0.326443	0.014835	0.011228	0.012782	0.406750	0.311042	0.352515	7
1.00	0.408526	0.273810	0.327869	0.014855	0.011260	0.012810	0.408526	0.311930	0.353752	7
1.00	0.407801	0.273810	0.327635	0.014812	0.011260	0.012794	0.407638	0.311930	0.353419	7
1.00	0.407080	0.273810	0.327402	0.014818	0.011245	0.012786	0.406750	0.311930	0.353085	7
1.00	0.405310	0.272619	0.325979	0.014871	0.011213	0.012785	0.404973	0.310154	0.351278	7
1.01	0.403880	0.272619	0.325515	0.014886	0.011213	0.012791	0.404085	0.310154	0.350943	8
1.01	0.403880	0.272619	0.325515	0.014886	0.011213	0.012791	0.404085	0.310154	0.350943	8
1.01	0.403880	0.272619	0.325515	0.014938	0.011257	0.012839	0.404085	0.310154	0.350943	7
1.01	0.405644	0.273810	0.326937	0.014995	0.011334	0.012910	0.405861	0.311930	0.352750	7
1.01	0.405975	0.275000	0.327892	0.022846	0.012029	0.015760	0.404973	0.311930	0.352414	8
1.01	0.406690	0.275000	0.328125	0.022928	0.012074	0.015818	0.405861	0.311930	0.352750	8
1.01	0.406690	0.275000	0.328125	0.022964	0.012074	0.015827	0.405861	0.311930	0.352750	8
1.01	0.402116	0.271429	0.324094	0.023032	0.012067	0.015837	0.402309	0.305417	0.347231	7
1.01	0.395431	0.267857	0.319375	0.023022	0.011971	0.015751	0.396092	0.300089	0.341471	8
1.01	0.392606	0.265476	0.316761	0.023042	0.011951	0.015739	0.393428	0.297424	0.338756	9
1.01	0.390845	0.264286	0.315341	0.023092	0.011919	0.015723	0.391652	0.295648	0.336945	9
1.01	0.384480	0.259524	0.309879	0.023072	0.011791	0.015607	0.384547	0.288247	0.329505	10
1.01	0.382042	0.258333	0.308239	0.023064	0.011759	0.015577	0.382771	0.286471	0.327693	10
1.01	0.380282	0.257143	0.306818	0.023080	0.011727	0.015552	0.380995	0.285583	0.326461	10
1.01	0.379613	0.257143	0.306600	0.025732	0.011896	0.016270	0.379218	0.284695	0.325228	10
1.01	0.378947	0.257143	0.306383	0.025796	0.011896	0.016283	0.378330	0.284695	0.324901	10
1.01	0.378284	0.257143	0.306166	0.025757	0.011896	0.016275	0.378330	0.284695	0.324901	10
1.01	0.380035	0.258333	0.307583	0.025066	0.011928	0.016164	0.380107	0.286471	0.326712	10
1.01	0.378284	0.257143	0.306166	0.024979	0.011851	0.016075	0.378330	0.284695	0.324901	10
1.02	0.376963	0.257143	0.305732	0.025568	0.011975	0.016311	0.378330	0.284695	0.324901	10
1.02	0.377622	0.257143	0.305949	0.025254	0.011975	0.016246	0.378330	0.284695	0.324901	10
1.02	0.375218	0.255952	0.304317	0.024894	0.011943	0.016142	0.376554	0.282919	0.323089	10
1.02	0.378049	0.258333	0.306931	0.025133	0.012007	0.016250	0.380107	0.286471	0.326712	10
1.02	0.382609	0.261905	0.310954	0.025170	0.012103	0.016346	0.385435	0.291800	0.332144	10
1.02	0.385417	0.264286	0.313559	0.025206	0.012167	0.016412	0.388099	0.295352	0.335433	10
1.03	0.384083	0.264286	0.313117	0.024918	0.012122	0.016310	0.387211	0.295352	0.335101	10
1.03	0.383420	0.264286	0.312896	0.022931	0.012122	0.015860	0.386323	0.294464	0.334196	10
1.03	0.383420	0.264286	0.312896	0.022947	0.012167	0.015902	0.386323	0.294464	0.334196	10
1.03	0.387543	0.266667	0.315938	0.023325	0.012247	0.016061	0.389876	0.298017	0.337813	10
1.03	0.386874	0.266667	0.315715	0.022935	0.012247	0.015967	0.389876	0.298017	0.337813	10
1.03	0.382759	0.264286	0.312676	0.021596	0.012182	0.015578	0.386323	0.294464	0.334196	10
1.03	0.383420	0.264286	0.312896	0.020865	0.012182	0.015383	0.387211	0.294464	0.334528	10
1.03	0.388601	0.267857	0.317125	0.021005	0.012325	0.015535	0.392540	0.298017	0.338809	10
1.03	0.390328	0.269048	0.318534	0.021152	0.012344	0.015590	0.394316	0.298905	0.340044	10
1.02	0.395147	0.271429	0.321807	0.021201	0.012439	0.015679	0.398757	0.301569	0.343419	10
1.02	0.395833	0.271429	0.322034	0.020912	0.012455	0.015612	0.398757	0.300385	0.342650	10
1.03	0.394464	0.271429	0.321580	0.020669	0.012426	0.015521	0.397869	0.299497	0.341744	10
1.03	0.395510	0.272619	0.322763	0.020819	0.012474	0.015600	0.399645	0.300385	0.342978	10
1.03	0.390328	0.269048	0.318534	0.020246	0.012244	0.015260	0.394316	0.296832	0.338699	10
1.03	0.389655	0.269048	0.318310	0.020267	0.012215	0.015243	0.395204	0.296832	0.339027	10
1.03	0.386207	0.266667	0.315493	0.020207	0.012077	0.015119	0.391652	0.294168	0.335982	10
1.03	0.386874	0.266667	0.315715	0.020426	0.012151	0.015238	0.392540	0.294168	0.336308	10
1.03	0.386207	0.266667	0.315493	0.020532	0.012224	0.015325	0.392540	0.294168	0.336308	10
1.03	0.386598	0.267857	0.316456	0.020532	0.012301	0.015385	0.393428	0.295944	0.337794	10
1.03	0.384880	0.266667	0.315049	0.020456	0.012253	0.015326	0.391652	0.295056	0.336560	10
1.04	0.385935	0.267857	0.316233	0.020723	0.012388	0.015506	0.393428	0.297128	0.338564	10
1.04	0.386986	0.269048	0.317416	0.021151	0.012588	0.015783	0.393428	0.298017	0.339139	10
1.04	0.385274	0.267857	0.316011	0.021131	0.012556	0.015752	0.391652	0.296240	0.337329	10
1.04	0.383562	0.266667	0.314607	0.020965	0.012509	0.015669	0.389876	0.295352	0.336094	10
1.04	0.381197	0.265476	0.312982	0.020914	0.012477	0.015629	0.387211	0.293576	0.333954	10
1.04	0.380546	0.265476	0.312763	0.020809	0.012477	0.015600	0.387211	0.293576	0.333954	10
1.05	0.376910	0.264286	0.310707	0.021031	0.012445	0.015637	0.383363	0.291800	0.331373	10
1.05	0.376910	0.264286	0.310707	0.021087	0.012445	0.015652	0.382475	0.291800	0.331041	10
1.05	0.375212	0.263095	0.309307	0.020840	0.012368	0.015523	0.380699	0.290912	0.329803	10
1.04	0.377551	0.264286	0.310924	0.021015	0.012445	0.015632	0.383659	0.291800	0.331483	10
1.05	0.375212	0.263095	0.309307	0.021028	0.012397	0.015598	0.380995	0.290912	0.329915	10
1.05	0.375212	0.263095	0.309307	0.021078	0.012397	0.015612	0.380995	0.290912	0.329915	10
1.05	0.373942	0.263095	0.308875	0.021452	0.012476	0.015777	0.378330	0.292392	0.329856	10
1.05	0.373942	0.263095	0.308875	0.021452	0.012476	0.015777	0.378330	0.292392	0.329856	10
1.05	0.373942	0.263095	0.308875	0.021424	0.012476	0.015769	0.378330	0.292392	0.329856	10

Sun Aug 29 08:56:33 2021
62.85	0.014637	0.573209	0.028545	0.011398	0.117629	0.020783	0.014553	0.544000	0.028349	121
57.34	0.013969	0.536905	0.027230	0.010781	0.193129	0.020422	0.013944	0.509236	0.027145	123
51.47	0.014632	0.504762	0.028440	0.010569	0.174923	0.019934	0.014583	0.485258	0.028314	123
45.74	0.015573	0.477381	0.030162	0.010530	0.161105	0.019767	0.015567	0.462256	0.030120	121
40.30	0.016970	0.458333	0.032728	0.010127	0.152786	0.018996	0.016922	0.444790	0.032603	117
35.11	0.018362	0.432143	0.035227	0.010448	0.140753	0.019452	0.018349	0.425844	0.035183	114
30.11	0.020176	0.407143	0.038446	0.010855	0.124099	0.019963	0.020194	0.405269	0.038472	110
25.79	0.021967	0.379762	0.041531	0.011077	0.103748	0.020017	0.022044	0.383600	0.041692	105
21.83	0.023839	0.348810	0.044627	0.009808	0.083570	0.017555	0.023737	0.361101	0.044546	102
18.19	0.026270	0.320238	0.048556	0.009982	0.072879	0.017559	0.026134	0.335346	0.048489	99
14.80	0.030248	0.300000	0.054956	0.009884	0.067620	0.017247	0.030077	0.316045	0.054926	94
12.07	0.034721	0.280952	0.061804	0.012081	0.057128	0.019944	0.034358	0.299171	0.061638	86
9.70	0.038447	0.250000	0.066646	0.012978	0.044045	0.020049	0.037892	0.264091	0.066274	81
7.65	0.042943	0.220238	0.071873	0.008877	0.021251	0.012523	0.041965	0.236560	0.071285	77
5.91	0.050150	0.198810	0.080096	0.008827	0.013893	0.010795	0.049039	0.215690	0.079910	72
4.51	0.057109	0.172619	0.085824	0.008577	0.011234	0.009727	0.052834	0.184902	0.082185	69
3.37	0.063684	0.144048	0.088321	0.010783	0.008619	0.009580	0.057727	0.151687	0.083628	61
2.56	0.072765	0.125000	0.091984	0.014596	0.006931	0.009399	0.064550	0.129663	0.086191	48
2.03	0.084716	0.115476	0.097733	0.014962	0.006357	0.008923	0.080123	0.117525	0.095286	40
1.59	0.101790	0.108333	0.104960	0.015328	0.005608	0.008211	0.103227	0.106868	0.105016	35
1.33	0.124000	0.110714	0.116981	0.015843	0.005732	0.008418	0.130166	0.110332	0.119431	32
1.19	0.143498	0.114286	0.127237	0.016407	0.005841	0.008616	0.150089	0.114476	0.129886	28
1.12	0.158228	0.119048	0.135870	0.016117	0.006090	0.008840	0.165186	0.121877	0.140265	26
1.08	0.173267	0.125000	0.145228	0.010439	0.006135	0.007728	0.177916	0.128982	0.149548	24
1.06	0.193603	0.136905	0.160391	0.010726	0.006751	0.008287	0.197158	0.142895	0.165697	23
1.04	0.216124	0.150000	0.177091	0.011247	0.007177	0.008763	0.220249	0.159769	0.185196	23
1.02	0.232236	0.159524	0.189132	0.011461	0.007507	0.009072	0.235346	0.171018	0.198091	23
1.02	0.253472	0.173810	0.206215	0.011707	0.007936	0.009459	0.256661	0.190557	0.218723	21
1.01	0.259194	0.176190	0.209780	0.007666	0.007703	0.007684	0.262877	0.192629	0.222336	20
1.01	0.268893	0.182143	0.217175	0.007686	0.007993	0.007836	0.271758	0.199438	0.230048	19
1.01	0.274648	0.185714	0.221591	0.007353	0.007993	0.007660	0.277087	0.207430	0.237252	16
1.01	0.279152	0.188095	0.224751	0.007113	0.008275	0.007650	0.280639	0.206246	0.237759	14
1.00	0.284956	0.191667	0.229181	0.006751	0.008427	0.007497	0.285968	0.207726	0.240647	12
1.00	0.293805	0.197619	0.236299	0.006653	0.008734	0.007553	0.294849	0.214239	0.248162	10
1.00	0.299115	0.201190	0.240569	0.010787	0.008998	0.009812	0.300178	0.218680	0.253028	9
1.00	0.302655	0.203571	0.243416	0.008798	0.009107	0.008950	0.303730	0.221936	0.256469	8
1.00	0.300885	0.202381	0.241993	0.008582	0.009164	0.008864	0.301954	0.218088	0.253258	8
1.01	0.300353	0.202381	0.241821	0.008148	0.009148	0.008619	0.301954	0.218976	0.253856	8
1.01	0.300353	0.202381	0.241821	0.009734	0.009193	0.009456	0.301954	0.219864	0.254452	5
1.01	0.296820	0.200000	0.238976	0.009811	0.009218	0.009505	0.298401	0.213943	0.249211	4
1.01	0.291519	0.196429	0.234708	0.007150	0.009106	0.008010	0.293073	0.208615	0.243734	4
1.01	0.285714	0.192857	0.230277	0.007061	0.009055	0.007935	0.287744	0.205062	0.239467	4
1.01	0.286972	0.194048	0.231534	0.007072	0.009132	0.007971	0.289520	0.205654	0.240485	3
1.01	0.292982	0.198810	0.236879	0.007063	0.009260	0.008013	0.296625	0.211871	0.247185	3
1.01	0.294737	0.200000	0.238298	0.007088	0.009292	0.008042	0.298401	0.212759	0.248406	3
1.01	0.296491	0.201190	0.239716	0.007142	0.009368	0.008105	0.300178	0.213647	0.249626	3
1.01	0.294737	0.200000	0.238298	0.007088	0.009336	0.008058	0.298401	0.211871	0.247799	3
1.01	0.294737	0.200000	0.238298	0.007099	0.009336	0.008065	0.298401	0.211871	0.247799	3
1.01	0.295972	0.201190	0.239546	0.007123	0.009457	0.008126	0.299290	0.211575	0.247902	3
1.01	0.297723	0.202381	0.240964	0.007245	0.009623	0.008266	0.301066	0.210687	0.247896	3
1.02	0.298951	0.203571	0.242210	0.007250	0.009700	0.008298	0.302842	0.212463	0.249727	3
1.02	0.299652	0.204762	0.243281	0.007285	0.009776	0.008349	0.304618	0.213351	0.250944	3
1.03	0.293103	0.202381	0.239437	0.007174	0.009712	0.008252	0.301066	0.209799	0.247280	3
1.04	0.287671	0.200000	0.235955	0.007311	0.009772	0.008364	0.297513	0.206246	0.243612	3
1.04	0.284247	0.197619	0.233146	0.007332	0.009708	0.008354	0.293961	0.202694	0.239942	3
1.04	0.282051	0.196429	0.231579	0.007292	0.009676	0.008316	0.292185	0.200918	0.238105	3
1.04	0.280822	0.195238	0.230337	0.007274	0.009599	0.008276	0.291297	0.200030	0.237186	3
1.04	0.285959	0.198810	0.234551	0.007397	0.009695	0.008392	0.296625	0.205358	0.242695	3
1.03	0.280069	0.194048	0.229255	0.007364	0.009478	0.008289	0.289520	0.200918	0.237216	4
1.03	0.278830	0.192857	0.228008	0.007399	0.009402	0.008281	0.287744	0.200030	0.236000	4
1.03	0.278066	0.191667	0.226920	0.007442	0.009325	0.008278	0.285968	0.199142	0.234785	4
1.02	0.277972	0.189286	0.225212	0.007427	0.009216	0.008226	0.282416	0.196477	0.231735	4
1.01	0.284710	0.192857	0.229950	0.007520	0.009312	0.008321	0.287744	0.201806	0.237232	4
1.01	0.287986	0.194048	0.231863	0.007464	0.009344	0.008299	0.289520	0.203582	0.239062	4
1.01	0.289753	0.195238	0.233286	0.007494	0.009376	0.008330	0.291297	0.204470	0.240280	4
1.01	0.293286	0.197619	0.236131	0.008985	0.009427	0.009201	0.294849	0.207134	0.243328	4
1.01	0.293286	0.197619	0.236131	0.008782	0.009427	0.009093	0.294849	0.207134	0.243328	5
1.00	0.301954	0.202381	0.242338	0.009156	0.009526	0.009337	0.301954	0.215423	0.251453	5
1.00	0.307282	0.205952	0.246614	0.009448	0.009638	0.009542	0.307282	0.219864	0.256325	5
1.00	0.309059	0.207143	0.248040	0.009391	0.009670	0.009529	0.309059	0.221640	0.258149	5
1.00	0.312611	0.209524	0.250891	0.009449	0.009734	0.009589	0.312611	0.225192	0.261797	5
1.00	0.312611	0.209524	0.250891	0.009581	0.009660	0.009620	0.312611	0.226081	0.262396	5
1.00	0.310835	0.208333	0.249465	0.009364	0.009495	0.009429	0.310835	0.224600	0.260773	5
1.00	0.314387	0.210714	0.252316	0.009632	0.009574	0.009603	0.314387	0.227265	0.263819	5
1.00	0.314387	0.210714	0.252316	0.009589	0.009603	0.009596	0.314387	0.226081	0.263020	5
1.00	0.316814	0.213095	0.254804	0.017482	0.010286	0.012952	0.316163	0.228745	0.265442	6
1.00	0.316814	0.213095	0.254804	0.016769	0.010300	0.012761	0.316163	0.228745	0.265442	6
1.01	0.318021	0.214286	0.256046	0.016540	0.010208	0.012624	0.317940	0.230521	0.267264	6
1.01	0.321617	0.217857	0.259759	0.016657	0.011012	0.013259	0.321492	0.234961	0.271499	6
1.01	0.321617	0.217857	0.259759	0.016692	0.011012	0.013270	0.321492	0.234961	0.271499	6
1.01	0.320490	0.217857	0.259391	0.016669	0.011012	0.013263	0.321492	0.234961	0.271499	6
1.02	0.319372	0.217857	0.259023	0.016517	0.010968	0.013182	0.321492	0.235258	0.271696	6
1.02	0.315972	0.216667	0.257062	0.015960	0.010920	0.012968	0.319716	0.233481	0.269877	5
1.03	0.319516	0.220238	0.260747	0.016206	0.011140	0.013203	0.325044	0.237922	0.274742	5
1.03	0.319516	0.220238	0.260747	0.016206	0.011140	0.013203	0.325044	0.237922	0.274742	5
1.03	0.317869	0.220238	0.260197	0.016175	0.011184	0.013225	0.324156	0.237922	0.274424	5
1.03	0.317869	0.220238	0.260197	0.016245	0.011184	0.013248	0.324156	0.237922	0.274424	5
1.03	0.316151	0.219048	0.258790	0.015772	0.011137	0.013055	0.322380	0.236146	0.272606	5
1.03	0.316151	0.219048	0.258790	0.015804	0.011137	0.013066	0.322380	0.236146	0.272606	5
1.04	0.315068	0.219048	0.258427	0.015750	0.011137	0.013048	0.322380	0.236146	0.272606	5
1.04	0.315068	0.219048	0.258427	0.015771	0.011137	0.013055	0.322380	0.236146	0.272606	5
1.04	0.315068	0.219048	0.258427	0.015739	0.011137	0.013044	0.322380	0.236146	0.272606	5
1.04	0.319658	0.222619	0.262456	0.015757	0.011233	0.013116	0.327709	0.241474	0.278059	5
1.04	0.319658	0.222619	0.262456	0.015720	0.011233	0.013103	0.327709	0.241474	0.278059	5
1.04	0.319039	0.221429	0.261420	0.015705	0.011156	0.013046	0.326821	0.239698	0.276560	5
1.04	0.317324	0.220238	0.260014	0.015676	0.011124	0.013013	0.325044	0.237922	0.274742	5
1.04	0.313894	0.217857	0.257203	0.015613	0.011016	0.012917	0.321492	0.236442	0.272484	5
1.03	0.314433	0.217857	0.257384	0.023863	0.010588	0.014667	0.323268	0.237626	0.273909	6
1.03	0.314974	0.217857	0.257565	0.023868	0.010588	0.014668	0.323268	0.237626	0.273909	6
1.03	0.314974	0.217857	0.257565	0.016171	0.010137	0.012462	0.323268	0.237626	0.273909	5
1.03	0.316695	0.219048	0.258973	0.016163	0.010169	0.012484	0.325044	0.239402	0.275726	5
1.03	0.321306	0.222619	0.263010	0.024021	0.010884	0.014980	0.328597	0.242954	0.279359	6
1.03	0.319588	0.221429	0.261603	0.023532	0.010836	0.014839	0.326821	0.241178	0.277543	6
1.04	0.322470	0.223810	0.264230	0.023592	0.011519	0.015480	0.328597	0.243843	0.279945	6
1.04	0.323630	0.225000	0.265449	0.023585	0.011551	0.015508	0.329485	0.244731	0.280853	7
1.04	0.323630	0.225000	0.265449	0.023518	0.011551	0.015493	0.329485	0.244731	0.280853	7
1.04	0.328767	0.228571	0.269663	0.023585	0.011648	0.015594	0.334814	0.250059	0.286295	7
1.04	0.332192	0.230952	0.272472	0.023609	0.011712	0.015656	0.338366	0.253612	0.289922	8
1.04	0.332192	0.230952	0.272472	0.023636	0.011712	0.015662	0.338366	0.253612	0.289922	8
1.04	0.332192	0.230952	0.272472	0.023610	0.011712	0.015657	0.338366	0.253612	0.289922	8
1.04	0.333333	0.232143	0.273684	0.023603	0.011744	0.015684	0.340142	0.254500	0.291154	8
1.04	0.331624	0.230952	0.272281	0.023607	0.011712	0.015656	0.338366	0.252724	0.289340	8
1.04	0.326496	0.227381	0.268070	0.023509	0.011615	0.015549	0.333037	0.248283	0.284482	7
1.04	0.325383	0.227381	0.267694	0.023667	0.011784	0.015734	0.331261	0.247395	0.283251	7
1.05	0.322581	0.226190	0.265920	0.016807	0.011563	0.013701	0.329485	0.246507	0.282019	6
1.05	0.320883	0.225000	0.264521	0.016819	0.011531	0.013682	0.327709	0.244731	0.280206	6
1.05	0.321489	0.226190	0.265549	0.016844	0.012182	0.014139	0.327709	0.245619	0.280787	6
1.05	0.320946	0.226190	0.265363	0.017280	0.012198	0.014301	0.327709	0.244731	0.280206	6
1.05	0.321489	0.226190	0.265549	0.017205	0.012198	0.014275	0.327709	0.244731	0.280206	6
1.05	0.322635	0.227381	0.266760	0.017817	0.012261	0.014526	0.329485	0.245619	0.281437	6
1.06	0.321608	0.228571	0.267223	0.017924	0.012353	0.014626	0.329485	0.247395	0.282599	6
1.06	0.322204	0.229762	0.268242	0.017871	0.012430	0.014662	0.330373	0.249171	0.284083	6
1.06	0.323873	0.230952	0.269632	0.018003	0.012477	0.014739	0.332149	0.250059	0.285317	6
1.07	0.328358	0.235714	0.274428	0.018708	0.012623	0.015075	0.335702	0.254500	0.289515	6
1.07	0.332781	0.239286	0.278393	0.019141	0.012722	0.015285	0.339254	0.257756	0.292942	6
1.07	0.337209	0.241667	0.281553	0.027248	0.012963	0.017569	0.341918	0.258348	0.294316	7
1.07	0.337209	0.241667	0.281553	0.027214	0.012963	0.017561	0.341918	0.258348	0.294316	7
1.07	0.344426	0.246429	0.287300	0.027432	0.012519	0.017192	0.350799	0.266341	0.302791	7
1.07	0.353821	0.253571	0.295423	0.027761	0.012729	0.017455	0.360568	0.274334	0.311595	7
1.07	0.360000	0.257143	0.300000	0.027725	0.012810	0.017523	0.367673	0.280551	0.318257	6
1.07	0.363333	0.259524	0.302778	0.027676	0.012858	0.017559	0.370634	0.284103	0.321650	6
1.07	0.361065	0.258333	0.301180	0.027541	0.012795	0.017473	0.369745	0.283511	0.320936	7
1.07	0.354409	0.253571	0.295628	0.027044	0.012604	0.017195	0.362641	0.277294	0.314276	7
1.07	0.355000	0.253571	0.295833	0.026535	0.012434	0.016933	0.364417	0.279366	0.316274	7
1.06	0.352843	0.251190	0.293463	0.026070	0.012367	0.016776	0.363529	0.277590	0.314800	7
1.06	0.354515	0.252381	0.294854	0.025916	0.012428	0.016800	0.365305	0.280255	0.317177	7
1.06	0.356784	0.253571	0.296451	0.026169	0.012505	0.016923	0.367081	0.282031	0.318984	7
1.06	0.355109	0.252381	0.295059	0.026356	0.012457	0.016918	0.365305	0.280255	0.317177	7
1.06	0.355109	0.252381	0.295059	0.026398	0.012457	0.016927	0.365305	0.280255	0.317177	7
1.06	0.355109	0.252381	0.295059	0.026398	0.012457	0.016927	0.365305	0.280255	0.317177	7
1.06	0.350084	0.248810	0.290884	0.026082	0.012330	0.016744	0.359976	0.274926	0.311755	8
1.06	0.350084	0.248810	0.290884	0.025999	0.012359	0.016754	0.359976	0.274926	0.311755	8
1.06	0.347826	0.247619	0.289291	0.025846	0.012311	0.016678	0.357312	0.274038	0.310183	9
1.06	0.342809	0.244048	0.285118	0.025461	0.012200	0.016496	0.351983	0.269597	0.305331	9
1.07	0.341098	0.244048	0.284525	0.025492	0.012819	0.017059	0.349615	0.268709	0.303869	9
1.07	0.339434	0.242857	0.283137	0.025521	0.012787	0.017037	0.347839	0.266933	0.302062	8
1.07	0.338870	0.242857	0.282940	0.025548	0.012787	0.017043	0.346951	0.266933	0.301727	8
1.07	0.335548	0.240476	0.280166	0.025565	0.012723	0.016990	0.343398	0.263381	0.298113	8
1.07	0.335548	0.240476	0.280166	0.025456	0.012723	0.016966	0.343398	0.263381	0.298113	8
1.07	0.334437	0.240476	0.279778	0.025645	0.012891	0.017158	0.341622	0.263381	0.297442	8
1.07	0.332231	0.239286	0.278201	0.021746	0.012859	0.016161	0.339846	0.261605	0.295636	8
1.07	0.328926	0.236905	0.275433	0.025258	0.012869	0.017050	0.335998	0.256868	0.291152	8
1.08	0.329489	0.238095	0.276434	0.025787	0.013084	0.017360	0.335998	0.257756	0.291722	8
1.08	0.330592	0.239286	0.277624	0.026181	0.013132	0.017491	0.336886	0.259532	0.293193	8
1.08	0.334426	0.242857	0.281379	0.022302	0.013155	0.016548	0.340734	0.265157	0.298232	8
1.08	0.336066	0.244048	0.282759	0.022690	0.013173	0.016669	0.342510	0.266045	0.299474	8
1.09	0.341503	0.248810	0.287879	0.024603	0.013568	0.017491	0.348727	0.271374	0.305226	8
1.09	0.345336	0.251190	0.290834	0.024738	0.013619	0.017567	0.352279	0.274038	0.308272	8
1.09	0.348039	0.253571	0.293388	0.024946	0.013714	0.017699	0.354056	0.275814	0.310075	8
1.09	0.350649	0.257143	0.296703	0.024921	0.013857	0.017811	0.354944	0.279070	0.312467	8
1.09	0.363636	0.266667	0.307692	0.025456	0.014178	0.018212	0.366489	0.290320	0.323988	8
1.10	0.378641	0.278571	0.320988	0.025429	0.014424	0.018407	0.384251	0.304529	0.339777	8
1.10	0.385484	0.284524	0.327397	0.025485	0.014615	0.018577	0.391356	0.312226	0.347341	9
1.10	0.396774	0.292857	0.336986	0.025590	0.014720	0.018689	0.403789	0.322883	0.358832	10
1.10	0.400322	0.296429	0.340629	0.025690	0.014834	0.018808	0.407934	0.327324	0.363210	10
1.10	0.409018	0.302381	0.347707	0.025703	0.015025	0.018964	0.416815	0.334429	0.371104	10
1.10	0.414791	0.307143	0.352941	0.025827	0.015353	0.019258	0.422143	0.340645	0.377041	10
1.11	0.416667	0.309524	0.355191	0.025973	0.015556	0.019458	0.424808	0.343310	0.379735	11
1.11	0.417863	0.311905	0.357192	0.026105	0.015804	0.019689	0.424808	0.345086	0.380819	11
1.12	0.416534	0.311905	0.356705	0.026125	0.015833	0.019717	0.423919	0.345974	0.381001	11
1.12	0.416139	0.313095	0.357337	0.026162	0.015881	0.019764	0.424808	0.346862	0.381898	11
1.12	0.416139	0.313095	0.357337	0.026170	0.015881	0.019767	0.424660	0.346862	0.381838	11
1.12	0.412698	0.309524	0.353742	0.026004	0.015477	0.019405	0.421995	0.344198	0.379147	10
1.12	0.411111	0.308333	0.352381	0.025972	0.015292	0.019250	0.421995	0.343310	0.378607	10
1.12	0.409163	0.308333	0.351663	0.027863	0.017849	0.021759	0.419923	0.342422	0.377233	10
1.12	0.406003	0.305952	0.348948	0.027775	0.017754	0.021662	0.417259	0.339757	0.374541	10
1.13	0.406940	0.307143	0.350068	0.035585	0.018093	0.023989	0.417555	0.340645	0.375199	11
1.13	0.402208	0.303571	0.345997	0.035438	0.017950	0.023830	0.412226	0.335317	0.369815	11
1.13	0.399054	0.301190	0.343284	0.035398	0.017886	0.023765	0.408674	0.331764	0.366225	11
1.13	0.399054	0.301190	0.343284	0.035255	0.017886	0.023732	0.408674	0.331764	0.366225	11
1.13	0.399054	0.301190	0.343284	0.035309	0.017886	0.023744	0.408674	0.331764	0.366225	11
1.12	0.401264	0.302381	0.344874	0.035372	0.017963	0.023826	0.410450	0.332356	0.367298	11
1.13	0.399054	0.301190	0.343284	0.035380	0.017915	0.023786	0.407786	0.330580	0.365147	11
1.13	0.400000	0.302381	0.344407	0.036844	0.019868	0.025816	0.408082	0.331468	0.365807	11
1.13	0.396226	0.300000	0.341463	0.036532	0.019773	0.025659	0.404233	0.328804	0.362638	11
1.13	0.392744	0.296429	0.337856	0.036790	0.019690	0.025652	0.399201	0.323475	0.357371	11
1.13	0.390551	0.295238	0.336271	0.035611	0.017782	0.023720	0.397128	0.321699	0.355456	12
1.13	0.384858	0.290476	0.331072	0.035509	0.017607	0.023541	0.391800	0.316667	0.350249	12
1.12	0.383886	0.289286	0.329939	0.035549	0.017575	0.023521	0.390912	0.314890	0.348807	12
1.13	0.381476	0.289286	0.329045	0.035219	0.017575	0.023449	0.389136	0.313706	0.347373	14
1.13	0.376766	0.285714	0.324983	0.035106	0.017448	0.023310	0.385583	0.310450	0.343961	14
1.13	0.373626	0.283333	0.322275	0.037705	0.017368	0.023781	0.382031	0.306898	0.340367	15
1.13	0.372642	0.282143	0.321138	0.037725	0.017320	0.023741	0.381143	0.306009	0.339469	15
1.13	0.370487	0.280952	0.319567	0.035190	0.017425	0.023309	0.377590	0.304233	0.336966	14
1.13	0.366771	0.278571	0.316644	0.035082	0.017346	0.023214	0.375814	0.302753	0.335350	14
1.14	0.367188	0.279762	0.317568	0.035175	0.017546	0.023413	0.375814	0.303641	0.335895	14
1.14	0.367601	0.280952	0.318489	0.034124	0.017870	0.023456	0.375814	0.304529	0.336437	14
1.14	0.363919	0.278571	0.315577	0.034047	0.017790	0.023370	0.372262	0.301865	0.333388	15
1.15	0.362791	0.278571	0.315152	0.034099	0.017959	0.023527	0.370486	0.300977	0.332134	15
1.15	0.364760	0.280952	0.317418	0.034082	0.018038	0.023591	0.374038	0.303641	0.335183	15
1.15	0.365325	0.280952	0.317631	0.033964	0.018038	0.023563	0.374038	0.303641	0.335183	14

Sun Aug 29 09:32:09 2021
64.30	0.014308	0.573209	0.027919	0.018538	0.102893	0.031415	0.014282	0.611167	0.027913	127
57.77	0.014204	0.550000	0.027694	0.015475	0.166401	0.028316	0.014125	0.581498	0.027580	126
51.50	0.014072	0.485714	0.027351	0.015497	0.127205	0.027629	0.013928	0.530077	0.027142	125
45.23	0.014727	0.446429	0.028513	0.016031	0.118539	0.028243	0.014577	0.489757	0.028312	122
39.45	0.015489	0.409524	0.029849	0.016352	0.098272	0.028039	0.015324	0.450533	0.029641	121
33.80	0.016082	0.364286	0.030805	0.018294	0.078122	0.029645	0.015819	0.406276	0.030452	121
28.54	0.017424	0.333333	0.033117	0.018836	0.067308	0.029435	0.017130	0.373416	0.032757	119
23.87	0.018306	0.292857	0.034459	0.017464	0.053428	0.026323	0.018081	0.331084	0.034290	116
19.74	0.018893	0.250000	0.035132	0.020689	0.046165	0.028573	0.018639	0.279278	0.034947	107
16.20	0.020175	0.219048	0.036948	0.021288	0.043995	0.028692	0.019939	0.240497	0.036825	105
12.87	0.020971	0.180952	0.037587	0.020834	0.034817	0.026069	0.021580	0.196092	0.038881	101
10.15	0.021876	0.148810	0.038145	0.020517	0.022455	0.021442	0.022877	0.157845	0.039963	96
7.86	0.023966	0.126190	0.040281	0.012584	0.020036	0.015459	0.025035	0.132386	0.042107	88
5.97	0.021707	0.086905	0.034737	0.011968	0.014170	0.012976	0.024017	0.089757	0.037894	80
4.43	0.022454	0.066667	0.033593	0.012614	0.009184	0.010629	0.023623	0.065779	0.034762	72
3.22	0.023166	0.050000	0.031662	0.011887	0.008031	0.009586	0.025700	0.046832	0.033188	65
2.34	0.026576	0.041667	0.032452	0.012770	0.007621	0.009545	0.029798	0.037359	0.033153	58
1.76	0.036400	0.042857	0.039366	0.012139	0.006388	0.008371	0.044079	0.037359	0.040442	53
1.42	0.050000	0.047619	0.048780	0.009520	0.006657	0.007835	0.057134	0.041504	0.048081	51
1.21	0.073421	0.059524	0.065746	0.011809	0.003593	0.005510	0.082297	0.048609	0.061118	48
1.10	0.090615	0.066667	0.076818	0.012655	0.004098	0.006191	0.096507	0.053937	0.069199	41
1.06	0.102349	0.072619	0.084958	0.015170	0.004481	0.006918	0.106572	0.057490	0.074689	39
1.03	0.108997	0.075000	0.088858	0.013184	0.004707	0.006937	0.111901	0.058970	0.077237	36
1.02	0.117133	0.079762	0.094901	0.013914	0.004969	0.007323	0.119005	0.061930	0.081466	31
1.01	0.123457	0.083333	0.099502	0.006091	0.005228	0.005626	0.124334	0.065631	0.085912	27
1.00	0.132979	0.089286	0.106838	0.007302	0.005611	0.006346	0.133215	0.070663	0.092343	24
1.00	0.141844	0.095238	0.113960	0.007709	0.005949	0.006716	0.142096	0.075992	0.099025	20
1.00	0.145648	0.097619	0.116892	0.007322	0.006147	0.006683	0.145648	0.078656	0.102148	20
1.00	0.154529	0.103571	0.124020	0.014512	0.006545	0.009022	0.154529	0.081616	0.106816	21
1.00	0.163410	0.109524	0.131148	0.014512	0.006900	0.009353	0.163410	0.087241	0.113752	21
1.00	0.170515	0.114286	0.136850	0.014498	0.007148	0.009575	0.170515	0.091681	0.119247	20
1.00	0.172291	0.115476	0.138275	0.015137	0.007180	0.009740	0.172291	0.093458	0.121182	20
1.00	0.175844	0.117857	0.141126	0.015089	0.007275	0.009817	0.175844	0.094642	0.123054	16
1.00	0.182948	0.122619	0.146828	0.015496	0.007537	0.010141	0.182948	0.100858	0.130031	13
1.00	0.190053	0.127381	0.152530	0.015917	0.007696	0.010376	0.190053	0.105891	0.136005	12
1.00	0.191829	0.128571	0.153956	0.015893	0.007744	0.010414	0.191829	0.107667	0.137923	10
1.00	0.190053	0.127381	0.152530	0.014828	0.007741	0.010172	0.190053	0.105891	0.136005	10
1.00	0.204263	0.136905	0.163934	0.015546	0.008042	0.010600	0.204263	0.119213	0.150557	7
1.00	0.211368	0.141667	0.169637	0.016515	0.008259	0.011011	0.211368	0.124541	0.156733	6
1.00	0.213144	0.142857	0.171062	0.015659	0.008335	0.010880	0.213144	0.125429	0.157924	4
1.00	0.218472	0.146429	0.175339	0.015751	0.008432	0.010984	0.218472	0.130758	0.163600	3
1.00	0.229130	0.153571	0.183892	0.015876	0.008624	0.011176	0.229130	0.141415	0.174891	3
1.00	0.232682	0.155952	0.186743	0.015907	0.008688	0.011238	0.232682	0.144967	0.178638	3
1.00	0.236234	0.158333	0.189594	0.015933	0.008752	0.011298	0.236234	0.148520	0.182379	3
1.00	0.243339	0.163095	0.195296	0.015883	0.008909	0.011415	0.243339	0.154737	0.189177	3
1.00	0.246892	0.165476	0.198147	0.015903	0.008973	0.011473	0.246892	0.158289	0.192903	3
1.00	0.257549	0.172619	0.206700	0.015955	0.009165	0.011642	0.257549	0.167170	0.202743	3
1.00	0.253996	0.170238	0.203849	0.016935	0.009099	0.011837	0.253996	0.165394	0.200336	3
1.00	0.252220	0.169048	0.202423	0.016944	0.009080	0.011824	0.252220	0.163618	0.198480	3
1.00	0.253996	0.170238	0.203849	0.016964	0.009141	0.011880	0.253996	0.165394	0.200336	3
1.00	0.257549	0.172619	0.206700	0.016979	0.009205	0.011938	0.257549	0.168946	0.204044	3
1.00	0.261101	0.175000	0.209551	0.016981	0.009240	0.011968	0.261101	0.171610	0.207102	3
1.00	0.266430	0.178571	0.213828	0.017000	0.009336	0.012053	0.266430	0.176939	0.212653	3
1.00	0.269982	0.180952	0.216679	0.016997	0.009387	0.012094	0.269982	0.180491	0.216348	3
1.00	0.271277	0.182143	0.217949	0.016997	0.009434	0.012134	0.270870	0.181380	0.217271	3
1.00	0.271277	0.182143	0.217949	0.017001	0.009419	0.012122	0.270870	0.181380	0.217271	3
1.00	0.273050	0.183333	0.219373	0.017007	0.009451	0.012150	0.272647	0.183156	0.219116	3
1.00	0.269504	0.180952	0.216524	0.017007	0.009416	0.012121	0.269094	0.179603	0.215424	3
1.00	0.271277	0.182143	0.217949	0.017013	0.009448	0.012149	0.270870	0.181380	0.217271	3
1.00	0.271277	0.182143	0.217949	0.017016	0.009448	0.012150	0.270870	0.181380	0.217271	4
1.00	0.273050	0.183333	0.219373	0.017022	0.009480	0.012178	0.272647	0.183156	0.219116	4
1.00	0.271277	0.182143	0.217949	0.017016	0.009448	0.012150	0.270870	0.181380	0.217271	4
1.00	0.269504	0.180952	0.216524	0.017013	0.009416	0.012122	0.269094	0.179603	0.215424	4
1.00	0.269504	0.180952	0.216524	0.017013	0.009416	0.012122	0.269094	0.179603	0.215424	4
1.00	0.271277	0.182143	0.217949	0.017013	0.009419	0.012125	0.270870	0.180491	0.216632	4
1.00	0.274823	0.184524	0.220798	0.016871	0.009469	0.012130	0.274423	0.184044	0.220325	4
1.00	0.276596	0.185714	0.222222	0.016591	0.009444	0.012036	0.276199	0.185820	0.222170	4
1.00	0.276596	0.185714	0.222222	0.016597	0.009444	0.012038	0.276199	0.185820	0.222170	4
1.00	0.278369	0.186905	0.223647	0.016614	0.009476	0.012068	0.277975	0.186708	0.223379	4
1.00	0.276596	0.185714	0.222222	0.016600	0.009444	0.012039	0.276199	0.184932	0.221534	4
1.00	0.278369	0.186905	0.223647	0.016614	0.009476	0.012068	0.277975	0.186708	0.223379	4
1.00	0.280142	0.188095	0.225071	0.016626	0.009508	0.012097	0.279751	0.188484	0.225223	4
1.00	0.280142	0.188095	0.225071	0.024315	0.009755	0.013924	0.279751	0.188484	0.225223	5
1.00	0.280142	0.188095	0.225071	0.024199	0.010339	0.014488	0.279751	0.188484	0.225223	5
1.00	0.276596	0.185714	0.222222	0.021062	0.010215	0.013757	0.276199	0.185820	0.222170	5
1.00	0.278369	0.186905	0.223647	0.021276	0.010831	0.014355	0.277975	0.187596	0.224013	5
1.00	0.285461	0.191667	0.229345	0.021654	0.011267	0.014822	0.285080	0.192925	0.230119	5
1.00	0.290780	0.195238	0.233618	0.022159	0.011962	0.015537	0.290409	0.197365	0.235013	5
1.00	0.293805	0.197619	0.236299	0.018454	0.012334	0.014786	0.293073	0.200030	0.237773	5
1.00	0.295575	0.198810	0.237722	0.018471	0.012366	0.014814	0.294849	0.201806	0.239612	5
1.00	0.297345	0.200000	0.239146	0.018390	0.012398	0.014811	0.296625	0.203582	0.241450	5
1.00	0.299115	0.201190	0.240569	0.018228	0.012430	0.014781	0.298401	0.205358	0.243287	6
1.00	0.300885	0.202381	0.241993	0.018245	0.012462	0.014809	0.300178	0.207134	0.245124	6
1.00	0.300885	0.202381	0.241993	0.018154	0.012418	0.014748	0.300178	0.208022	0.245745	6
1.00	0.299115	0.201190	0.240569	0.017973	0.012078	0.014447	0.298401	0.207134	0.244529	6
1.00	0.299115	0.201190	0.240569	0.017689	0.011770	0.014135	0.298401	0.208022	0.245147	6
1.00	0.297345	0.200000	0.239146	0.017422	0.011431	0.013804	0.296625	0.207134	0.243931	6
1.00	0.297345	0.200000	0.239146	0.017418	0.011431	0.013803	0.296625	0.207134	0.243931	6
1.00	0.297345	0.200000	0.239146	0.017415	0.011431	0.013802	0.296625	0.207134	0.243931	6
1.00	0.296099	0.198810	0.237892	0.021683	0.011091	0.014675	0.295737	0.206246	0.243015	6
1.00	0.296099	0.198810	0.237892	0.021683	0.011091	0.014675	0.295737	0.206246	0.243015	6
1.00	0.296099	0.198810	0.237892	0.021683	0.011091	0.014675	0.295737	0.206246	0.243015	6
1.00	0.294326	0.197619	0.236467	0.021301	0.010751	0.014290	0.293961	0.205358	0.241798	6
1.00	0.294326	0.197619	0.236467	0.021301	0.010751	0.014290	0.293961	0.205358	0.241798	6
1.00	0.295575	0.198810	0.237722	0.018449	0.010828	0.013647	0.294849	0.206246	0.242714	6
1.00	0.293805	0.197619	0.236299	0.017394	0.010751	0.013289	0.293073	0.205358	0.241497	6
1.00	0.295575	0.198810	0.237722	0.017419	0.010783	0.013320	0.294849	0.207134	0.243328	7
1.01	0.303887	0.204762	0.244666	0.017752	0.010667	0.013326	0.302842	0.213706	0.250583	7
1.01	0.308642	0.208333	0.248756	0.018210	0.010810	0.013566	0.306394	0.216075	0.253428	7
1.01	0.308642	0.208333	0.248756	0.018294	0.010810	0.013590	0.306394	0.216075	0.253428	8
1.01	0.310406	0.209524	0.250178	0.019737	0.010858	0.014009	0.308171	0.217851	0.255257	8
1.01	0.313933	0.211905	0.253021	0.019342	0.010630	0.013719	0.311723	0.220515	0.258304	8
1.01	0.313933	0.211905	0.253021	0.018217	0.010338	0.013190	0.311723	0.220515	0.258304	8
1.01	0.319224	0.215476	0.257285	0.018623	0.010480	0.013413	0.317052	0.223179	0.261960	7
1.01	0.317460	0.214286	0.255864	0.022683	0.010419	0.014280	0.315275	0.222587	0.260945	7
1.01	0.315697	0.213095	0.254442	0.022814	0.010419	0.014305	0.313499	0.220811	0.259116	7
1.01	0.315697	0.213095	0.254442	0.018812	0.010434	0.013423	0.313499	0.219923	0.258503	8
1.01	0.319224	0.215476	0.257285	0.018429	0.010530	0.013402	0.317052	0.221403	0.260732	7
1.01	0.324561	0.220238	0.262411	0.022406	0.010720	0.014502	0.320604	0.224423	0.264027	7
1.01	0.323993	0.220238	0.262225	0.022503	0.010751	0.014551	0.319716	0.222647	0.262495	7
1.01	0.320490	0.217857	0.259391	0.018523	0.010672	0.013542	0.316163	0.219982	0.259446	7
