
Sun Aug 29 14:52:24 2021
65.22	0.011883	0.482866	0.023195	0.015291	0.113274	0.026945	0.012012	0.549333	0.023510	124
58.58	0.011523	0.452381	0.022473	0.020630	0.155790	0.036435	0.011652	0.512789	0.022787	125
51.71	0.011850	0.410714	0.023035	0.021456	0.140151	0.037215	0.011955	0.468976	0.023316	125
45.32	0.012384	0.376190	0.023979	0.021548	0.124158	0.036723	0.012464	0.437596	0.024238	125
38.92	0.013051	0.340476	0.025138	0.020263	0.109735	0.034209	0.013127	0.401036	0.025422	125
33.17	0.013760	0.305952	0.026336	0.010345	0.098106	0.018717	0.013879	0.361664	0.026732	119
27.92	0.014188	0.265476	0.026936	0.009988	0.069262	0.017459	0.014526	0.314298	0.027768	119
23.01	0.015287	0.235714	0.028712	0.009950	0.059870	0.017064	0.015559	0.279514	0.029476	116
18.79	0.016070	0.202381	0.029775	0.008571	0.049103	0.014594	0.016165	0.242214	0.030308	113
15.38	0.016634	0.171429	0.030325	0.009158	0.039153	0.014844	0.016198	0.202546	0.029998	108
12.29	0.016908	0.139286	0.030155	0.010095	0.033463	0.015511	0.016187	0.163173	0.029452	103
9.74	0.018417	0.120238	0.031942	0.009388	0.024354	0.013552	0.017101	0.140971	0.030502	94
7.53	0.021693	0.109524	0.036213	0.009957	0.021450	0.013601	0.019722	0.128538	0.034197	85
5.72	0.024216	0.092857	0.038414	0.008984	0.015042	0.011249	0.020385	0.109532	0.034372	76
4.22	0.027801	0.078571	0.041070	0.009126	0.010075	0.009577	0.023199	0.091178	0.036987	68
3.04	0.025731	0.052381	0.034510	0.008771	0.003518	0.005022	0.023884	0.057134	0.033686	58
2.12	0.031773	0.045238	0.037328	0.008440	0.002331	0.003653	0.035554	0.046477	0.040288	51
1.53	0.040556	0.041667	0.041104	0.008813	0.002280	0.003622	0.045441	0.041149	0.043188	41
1.27	0.058659	0.050000	0.053985	0.008883	0.002860	0.004327	0.067200	0.046181	0.054742	32
1.15	0.069231	0.053571	0.060403	0.009564	0.003090	0.004671	0.074600	0.048549	0.058820	30
1.09	0.087805	0.064286	0.074227	0.009426	0.003690	0.005304	0.092362	0.060687	0.073247	28
1.06	0.113903	0.080952	0.094642	0.009472	0.004629	0.006219	0.119893	0.076673	0.093531	26
1.05	0.147458	0.103571	0.121678	0.009597	0.005861	0.007278	0.153641	0.100651	0.121625	28
1.04	0.179181	0.125000	0.147265	0.009662	0.006928	0.008070	0.185613	0.122558	0.147634	25
1.03	0.198276	0.136905	0.161972	0.009659	0.007560	0.008482	0.203375	0.133215	0.160983	23
1.02	0.216405	0.147619	0.175513	0.009605	0.008071	0.008771	0.220249	0.144908	0.174806	22
1.00	0.226950	0.152381	0.182336	0.009536	0.008288	0.008869	0.227353	0.151125	0.181563	20
1.00	0.238011	0.159524	0.191019	0.009504	0.008614	0.009037	0.238011	0.158526	0.190302	16
1.00	0.250444	0.167857	0.200998	0.009485	0.008972	0.009222	0.250444	0.166578	0.200078	15
1.00	0.253996	0.170238	0.203849	0.009456	0.009081	0.009265	0.253996	0.168354	0.202492	14
1.00	0.253996	0.170238	0.203849	0.009251	0.009081	0.009165	0.253996	0.168354	0.202492	12
1.00	0.259325	0.173810	0.208125	0.009250	0.009177	0.009213	0.259325	0.173683	0.208034	10
1.00	0.257549	0.172619	0.206700	0.009223	0.009145	0.009184	0.257549	0.171906	0.206188	10
1.00	0.257549	0.172619	0.206700	0.009208	0.009145	0.009176	0.257549	0.171906	0.206188	9
1.00	0.266430	0.178571	0.213828	0.017037	0.009320	0.012049	0.266430	0.179899	0.214777	10
1.00	0.271758	0.182143	0.218104	0.017059	0.009461	0.012172	0.271758	0.183156	0.218829	9
1.00	0.280639	0.188095	0.225232	0.016951	0.009621	0.012275	0.280639	0.191149	0.227407	8
1.00	0.282416	0.189286	0.226657	0.016825	0.009653	0.012268	0.282416	0.192925	0.229246	6
1.00	0.282416	0.189286	0.226657	0.016822	0.009653	0.012267	0.282416	0.192925	0.229246	6
1.00	0.282416	0.189286	0.226657	0.012915	0.009653	0.011048	0.282416	0.192925	0.229246	5
1.00	0.289520	0.194048	0.232359	0.012947	0.009797	0.011154	0.289520	0.200030	0.236595	4
1.00	0.293073	0.196429	0.235210	0.012962	0.009861	0.011201	0.293073	0.203582	0.240265	3
1.00	0.301954	0.202381	0.242338	0.014297	0.010052	0.011805	0.301954	0.211575	0.248811	3
1.00	0.301954	0.202381	0.242338	0.013981	0.009963	0.011635	0.301954	0.212463	0.249424	3
1.00	0.307282	0.205952	0.246614	0.013185	0.010059	0.011412	0.307282	0.217792	0.254911	3
1.00	0.310835	0.208333	0.249465	0.012877	0.010079	0.011307	0.310835	0.221344	0.258565	3
1.00	0.317940	0.213095	0.255168	0.013197	0.010222	0.011521	0.317940	0.226673	0.264659	3
1.00	0.325044	0.217857	0.260870	0.013372	0.010366	0.011679	0.325044	0.232889	0.271356	3
1.00	0.326821	0.219048	0.262295	0.011802	0.010398	0.011056	0.326821	0.234665	0.273180	3
1.00	0.326821	0.219048	0.262295	0.011868	0.010398	0.011084	0.326821	0.234665	0.273180	3
1.00	0.330373	0.221429	0.265146	0.011837	0.010462	0.011107	0.330373	0.238218	0.276827	3
1.00	0.328597	0.220238	0.263721	0.012621	0.010414	0.011412	0.328597	0.236442	0.275004	3
1.00	0.330373	0.221429	0.265146	0.012637	0.010446	0.011438	0.330373	0.237330	0.276227	3
1.00	0.326821	0.219048	0.262295	0.013209	0.010382	0.011627	0.326821	0.233777	0.272578	3
1.00	0.317940	0.213095	0.255168	0.013532	0.010207	0.011637	0.317940	0.227561	0.265263	3
1.00	0.316163	0.211905	0.253742	0.013589	0.010175	0.011636	0.316163	0.225784	0.263438	3
1.00	0.319149	0.214286	0.256410	0.013617	0.010239	0.011688	0.318828	0.228449	0.266176	3
1.00	0.320922	0.215476	0.257835	0.013632	0.010271	0.011715	0.320604	0.229337	0.267397	3
1.00	0.331560	0.222619	0.266382	0.016248	0.010463	0.012729	0.331261	0.238218	0.277139	3
1.01	0.337456	0.227381	0.271693	0.016234	0.010591	0.012819	0.336590	0.245323	0.283799	3
1.01	0.356140	0.241667	0.287943	0.016170	0.010959	0.013064	0.354352	0.264861	0.303140	3
1.01	0.364273	0.247619	0.294826	0.016183	0.011120	0.013182	0.362345	0.272854	0.311295	3
1.01	0.364273	0.247619	0.294826	0.016097	0.011104	0.013142	0.362345	0.272854	0.311295	3
1.02	0.367133	0.250000	0.297450	0.016168	0.011168	0.013211	0.365009	0.276406	0.314588	3
1.02	0.364747	0.248810	0.295824	0.016198	0.011136	0.013198	0.362345	0.274630	0.312448	3
1.02	0.361257	0.246429	0.292994	0.016230	0.011056	0.013153	0.358792	0.271078	0.308827	3
1.02	0.357143	0.244048	0.289958	0.016200	0.010992	0.013098	0.354352	0.268413	0.305453	3
1.02	0.353553	0.242857	0.287932	0.016227	0.010960	0.013084	0.349911	0.266637	0.302650	3
1.03	0.346021	0.238095	0.282087	0.016280	0.010832	0.013009	0.341918	0.259532	0.295083	3
1.02	0.340278	0.233333	0.276836	0.016353	0.010704	0.012939	0.336590	0.254204	0.289652	3
1.02	0.338542	0.232143	0.275424	0.016341	0.010672	0.012912	0.334814	0.252427	0.287841	3
1.02	0.336806	0.230952	0.274011	0.016328	0.010640	0.012884	0.333037	0.250651	0.286030	3
1.02	0.328671	0.223810	0.266289	0.016330	0.010448	0.012743	0.325933	0.239994	0.276438	3
1.02	0.316434	0.215476	0.256374	0.016378	0.010224	0.012589	0.313499	0.228449	0.264300	3
1.01	0.302977	0.205952	0.245216	0.016435	0.009968	0.012409	0.300178	0.215127	0.250634	3
1.01	0.291005	0.196429	0.234542	0.012435	0.009712	0.010906	0.289520	0.201806	0.237833	3
1.00	0.286726	0.192857	0.230605	0.011096	0.009616	0.010303	0.285968	0.197365	0.233546	3
1.00	0.287234	0.192857	0.230769	0.011099	0.009616	0.010304	0.286856	0.197365	0.233841	3
1.00	0.287234	0.192857	0.230769	0.011099	0.009616	0.010304	0.286856	0.197365	0.233841	3
1.00	0.287234	0.192857	0.230769	0.011099	0.009616	0.010304	0.286856	0.197365	0.233841	3
1.00	0.293073	0.196429	0.235210	0.012439	0.009727	0.010917	0.293073	0.201806	0.239023	3
1.00	0.300178	0.201190	0.240912	0.013132	0.009886	0.011281	0.300178	0.207490	0.245372	4
1.00	0.301954	0.202381	0.242338	0.012510	0.009919	0.011065	0.301954	0.209266	0.247207	5
1.00	0.309059	0.207143	0.248040	0.012905	0.010062	0.011308	0.309059	0.214594	0.253306	5
1.00	0.309059	0.207143	0.248040	0.012912	0.010062	0.011310	0.309059	0.214594	0.253306	5
1.00	0.317940	0.213095	0.255168	0.013237	0.010238	0.011546	0.317940	0.223475	0.262467	5
1.00	0.319716	0.214286	0.256593	0.013175	0.010270	0.011542	0.319716	0.225252	0.264297	5
1.00	0.330373	0.221429	0.265146	0.013192	0.010462	0.011669	0.330373	0.235021	0.274656	5
1.00	0.333925	0.223810	0.267997	0.012752	0.010510	0.011523	0.333925	0.239994	0.279273	5
1.00	0.337478	0.226190	0.270848	0.012782	0.010574	0.011574	0.337478	0.243546	0.282919	5
1.00	0.342806	0.229762	0.275125	0.012764	0.010671	0.011624	0.342806	0.247099	0.287189	5
1.00	0.346359	0.232143	0.277976	0.014025	0.010735	0.012161	0.346359	0.248875	0.289634	5
1.00	0.344583	0.230952	0.276550	0.013649	0.010687	0.011988	0.344583	0.247099	0.287810	5
1.00	0.342806	0.229762	0.275125	0.013635	0.010655	0.011962	0.342806	0.245323	0.285985	5
1.00	0.348135	0.233333	0.279401	0.013616	0.010751	0.012015	0.348135	0.250651	0.291458	5
1.00	0.344583	0.230952	0.276550	0.013077	0.010671	0.011752	0.344583	0.247987	0.288412	5
1.00	0.349911	0.234524	0.280827	0.013057	0.010723	0.011775	0.349911	0.254500	0.294675	5
1.00	0.349911	0.234524	0.280827	0.013057	0.010723	0.011775	0.349911	0.254500	0.294675	5
1.00	0.349911	0.234524	0.280827	0.013003	0.010723	0.011753	0.349911	0.254500	0.294675	5
1.00	0.344583	0.230952	0.276550	0.013005	0.010627	0.011696	0.344583	0.249171	0.289211	4
1.00	0.336879	0.226190	0.270655	0.012292	0.010528	0.011342	0.336590	0.240882	0.280805	4
1.00	0.324468	0.217857	0.260684	0.012250	0.010304	0.011193	0.324156	0.228449	0.268015	4
1.00	0.310284	0.208333	0.249288	0.012118	0.010047	0.010986	0.309947	0.216015	0.254593	4
1.00	0.303191	0.203571	0.243590	0.010825	0.009919	0.010352	0.302842	0.210687	0.248496	4
1.01	0.302120	0.203571	0.243243	0.018612	0.010538	0.013457	0.300178	0.210687	0.247594	4
1.01	0.301587	0.203571	0.243070	0.018657	0.011776	0.014439	0.297513	0.208911	0.245461	4
1.01	0.301587	0.203571	0.243070	0.018657	0.011776	0.014439	0.297513	0.208911	0.245461	4
1.01	0.302817	0.204762	0.244318	0.018672	0.011808	0.014467	0.298401	0.210687	0.246988	4
1.01	0.302817	0.204762	0.244318	0.018672	0.011808	0.014467	0.298401	0.210687	0.246988	4
1.01	0.306480	0.208333	0.248051	0.018714	0.011904	0.014552	0.301066	0.216015	0.251546	4
1.01	0.306480	0.208333	0.248051	0.018714	0.011904	0.014552	0.301066	0.216015	0.251546	4
1.01	0.306480	0.208333	0.248051	0.018638	0.011904	0.014529	0.301066	0.216015	0.251546	4
1.01	0.308231	0.209524	0.249468	0.019386	0.011952	0.014787	0.302842	0.217792	0.253370	4
1.02	0.311189	0.211905	0.252125	0.019961	0.012032	0.015014	0.305506	0.219923	0.255745	4
1.01	0.309982	0.210714	0.250886	0.019947	0.012000	0.014985	0.304618	0.218147	0.254231	4
1.02	0.319930	0.217857	0.259207	0.021298	0.012254	0.015557	0.314387	0.225252	0.262458	5
1.02	0.323427	0.220238	0.262040	0.020664	0.012289	0.015413	0.317940	0.228804	0.266106	5
1.02	0.335664	0.228571	0.271955	0.021397	0.012576	0.015841	0.330373	0.235613	0.275060	6
1.02	0.337413	0.229762	0.273371	0.020847	0.012563	0.015678	0.332149	0.238573	0.277690	6
1.02	0.342657	0.233333	0.277620	0.020863	0.012646	0.015747	0.337478	0.243310	0.282760	7
1.01	0.350263	0.238095	0.283487	0.020743	0.012774	0.015811	0.345471	0.250414	0.290361	7
1.02	0.363636	0.247619	0.294618	0.021110	0.013077	0.016150	0.357904	0.261960	0.302507	7
1.02	0.365385	0.248810	0.296034	0.021125	0.013109	0.016179	0.359680	0.263736	0.304325	7
1.01	0.357268	0.242857	0.289157	0.021203	0.012346	0.015605	0.352575	0.254559	0.295655	7
1.01	0.357895	0.242857	0.289362	0.021027	0.012361	0.015569	0.353464	0.254559	0.295967	7
1.01	0.360771	0.245238	0.291992	0.021398	0.012472	0.015759	0.355240	0.255151	0.296989	7
1.02	0.358885	0.245238	0.291372	0.021563	0.012519	0.015841	0.351687	0.253967	0.294944	7
1.02	0.355903	0.244048	0.289548	0.021527	0.012503	0.015818	0.347247	0.251007	0.291386	7
1.02	0.356522	0.244048	0.289753	0.021685	0.012532	0.015884	0.348135	0.250710	0.291498	7
1.02	0.347295	0.236905	0.281670	0.021727	0.012293	0.015702	0.340142	0.243902	0.284092	7
1.01	0.335677	0.227381	0.271114	0.021592	0.011990	0.015418	0.330373	0.231764	0.272420	7
1.01	0.332746	0.225000	0.268466	0.021488	0.011910	0.015326	0.328597	0.229396	0.270178	7
1.01	0.331570	0.223810	0.267235	0.021395	0.011862	0.015263	0.328597	0.228508	0.269561	7
1.01	0.331570	0.223810	0.267235	0.021395	0.011862	0.015263	0.328597	0.228508	0.269561	7
1.01	0.333919	0.226190	0.269695	0.021575	0.011958	0.015387	0.328597	0.229988	0.270589	7
1.02	0.339161	0.230952	0.274788	0.021823	0.012133	0.015595	0.332149	0.235021	0.275268	7
1.02	0.347295	0.236905	0.281670	0.021956	0.012308	0.015774	0.339254	0.241829	0.282375	7
1.02	0.349040	0.238095	0.283086	0.021972	0.012340	0.015804	0.341030	0.243606	0.284200	7
1.02	0.350785	0.239286	0.284501	0.021987	0.012372	0.015835	0.342806	0.245382	0.286026	7
1.02	0.355401	0.242857	0.288543	0.022008	0.012484	0.015931	0.347247	0.248046	0.289381	7
1.03	0.359240	0.247619	0.293164	0.021704	0.012599	0.015943	0.349911	0.254559	0.294714	7
1.03	0.362543	0.251190	0.296765	0.021505	0.012726	0.015990	0.351687	0.258999	0.298309	7
1.03	0.371134	0.257143	0.303797	0.021783	0.012964	0.016255	0.360568	0.266104	0.306217	7
1.04	0.372650	0.259524	0.305965	0.025605	0.013380	0.017576	0.359680	0.266696	0.306287	7
1.04	0.374150	0.261905	0.308123	0.025818	0.013520	0.017747	0.360568	0.267288	0.306999	7
1.05	0.369492	0.259524	0.304895	0.026542	0.013625	0.018006	0.354352	0.264624	0.302984	7
1.05	0.368866	0.259524	0.304682	0.026786	0.013625	0.018062	0.353464	0.264328	0.302465	7
1.05	0.359322	0.252381	0.296503	0.026581	0.013354	0.017777	0.343695	0.256631	0.293850	7
1.05	0.354839	0.248810	0.292512	0.026731	0.013227	0.017697	0.339254	0.251303	0.288729	7
1.04	0.350427	0.244048	0.287719	0.026865	0.013671	0.018121	0.334814	0.245974	0.283599	7
1.04	0.344768	0.239286	0.282502	0.026765	0.013528	0.017972	0.329485	0.239757	0.277549	7
1.03	0.338488	0.234524	0.277075	0.026605	0.013353	0.017781	0.324156	0.235317	0.272683	7
1.03	0.333333	0.230952	0.272855	0.026495	0.013241	0.017658	0.318828	0.231764	0.268413	7
1.04	0.334477	0.232143	0.274069	0.027398	0.013515	0.018101	0.318828	0.231468	0.268214	6
1.03	0.335052	0.232143	0.274262	0.026854	0.013331	0.017817	0.320604	0.232356	0.269438	6
1.03	0.333907	0.230952	0.273047	0.026773	0.013902	0.018301	0.318828	0.230580	0.267617	6
1.03	0.335052	0.232143	0.274262	0.026773	0.014553	0.018856	0.318828	0.231468	0.268214	6
1.03	0.333333	0.230952	0.272855	0.026702	0.014506	0.018799	0.317052	0.230580	0.266989	7
1.03	0.333333	0.229762	0.272023	0.026416	0.014427	0.018662	0.319716	0.232356	0.269124	7
1.03	0.331606	0.228571	0.270613	0.026321	0.014379	0.018598	0.317940	0.230580	0.267303	8
1.03	0.336207	0.232143	0.274648	0.026285	0.014460	0.018656	0.323268	0.235909	0.272765	8
1.03	0.341379	0.235714	0.278873	0.024928	0.014540	0.018367	0.329485	0.241533	0.278736	8
1.03	0.346552	0.239286	0.283099	0.024463	0.014560	0.018255	0.334814	0.248283	0.285128	8
1.02	0.355286	0.244048	0.289344	0.023820	0.014491	0.018020	0.345471	0.256572	0.294458	8
1.02	0.362218	0.248810	0.294989	0.022912	0.014575	0.017816	0.352575	0.263973	0.301908	8
1.02	0.369151	0.253571	0.300635	0.022286	0.014703	0.017717	0.359680	0.271078	0.309156	8
1.03	0.367876	0.253571	0.300211	0.022409	0.014687	0.017744	0.357904	0.271966	0.309072	8
1.03	0.373057	0.257143	0.304440	0.021463	0.014738	0.017476	0.363233	0.278478	0.315259	8
1.03	0.380379	0.263095	0.311049	0.021431	0.014945	0.017610	0.370337	0.284695	0.321918	8
1.04	0.394872	0.275000	0.324211	0.020013	0.015175	0.017262	0.383659	0.300681	0.337139	8
1.05	0.400679	0.280952	0.330301	0.021232	0.015566	0.017963	0.386323	0.306009	0.341508	8
1.05	0.412860	0.290476	0.341020	0.020971	0.015810	0.018028	0.399645	0.316963	0.353534	8
1.05	0.427365	0.301190	0.353352	0.018982	0.016086	0.017415	0.414742	0.330876	0.368093	8
1.06	0.434343	0.307143	0.359833	0.019106	0.016253	0.017564	0.421847	0.337744	0.375140	8
1.06	0.436027	0.308333	0.361227	0.019984	0.016348	0.017984	0.423623	0.337448	0.375657	8
1.05	0.440878	0.310714	0.364525	0.020089	0.016445	0.018085	0.428952	0.340112	0.379401	8
1.06	0.439394	0.310714	0.364017	0.022967	0.015575	0.018562	0.427176	0.338040	0.377417	8
1.06	0.446128	0.315476	0.369595	0.022999	0.015766	0.018708	0.434281	0.341593	0.382400	8
1.06	0.450420	0.319048	0.373519	0.024309	0.015924	0.019243	0.438721	0.343961	0.385605	8
1.06	0.452101	0.320238	0.374913	0.024453	0.016048	0.019378	0.440497	0.342777	0.385541	8
1.06	0.448911	0.319048	0.372999	0.024369	0.016016	0.019328	0.436945	0.341001	0.383056	8
1.06	0.443886	0.315476	0.368824	0.024323	0.015920	0.019244	0.431616	0.335672	0.377646	8
1.06	0.433110	0.308333	0.360223	0.024195	0.015681	0.019029	0.420071	0.326791	0.367606	8
1.07	0.427621	0.305952	0.356697	0.025022	0.015798	0.019368	0.412966	0.322943	0.362448	8
1.07	0.416667	0.297619	0.347222	0.025211	0.015601	0.019274	0.401421	0.311397	0.350724	8
1.07	0.409318	0.292857	0.341430	0.025601	0.015563	0.019358	0.392540	0.306069	0.343953	8
1.07	0.400998	0.286905	0.334490	0.025768	0.015385	0.019267	0.383659	0.297780	0.335308	8
1.07	0.395000	0.282143	0.329167	0.027799	0.015255	0.019699	0.377442	0.290675	0.328424	8
1.07	0.385000	0.275000	0.320833	0.026977	0.015000	0.019280	0.367673	0.281794	0.319056	8
1.07	0.378333	0.270238	0.315278	0.027449	0.014993	0.019394	0.359680	0.273801	0.310919	8
1.07	0.370000	0.264286	0.308333	0.027629	0.014955	0.019406	0.349911	0.265808	0.302116	8
1.07	0.371667	0.265476	0.309722	0.027931	0.015186	0.019675	0.350799	0.266696	0.303020	8
1.07	0.378109	0.271429	0.316008	0.027461	0.015378	0.019715	0.357904	0.275577	0.311391	8
1.07	0.385124	0.277381	0.322491	0.027528	0.015538	0.019864	0.365009	0.282682	0.318613	8
1.07	0.382450	0.275000	0.319945	0.027393	0.015442	0.019751	0.362345	0.280018	0.315906	8
1.08	0.385502	0.278571	0.323428	0.027676	0.015859	0.020164	0.363233	0.284754	0.319241	8
1.08	0.387789	0.279762	0.325035	0.027652	0.015907	0.020196	0.365897	0.286530	0.321386	8
1.08	0.398026	0.288095	0.334254	0.027342	0.016147	0.020304	0.377442	0.298964	0.333650	8
1.08	0.401639	0.291667	0.337931	0.027170	0.016198	0.020296	0.381883	0.306365	0.339981	8
1.09	0.402619	0.292857	0.339076	0.025612	0.016849	0.020327	0.381883	0.307253	0.340527	8
1.09	0.402619	0.292857	0.339076	0.025596	0.016834	0.020310	0.381883	0.308141	0.341072	8
1.09	0.409165	0.297619	0.344590	0.025283	0.016343	0.019853	0.389876	0.316134	0.349154	8
1.09	0.417349	0.303571	0.351482	0.032950	0.016588	0.022067	0.399645	0.324127	0.357946	9
1.09	0.425532	0.309524	0.358374	0.033373	0.016795	0.022345	0.407638	0.331232	0.365484	9
1.08	0.439344	0.319048	0.369655	0.033224	0.016841	0.022352	0.423623	0.346921	0.381455	9
1.09	0.451718	0.328571	0.380427	0.033129	0.017312	0.022740	0.436057	0.357578	0.392937	9
1.09	0.458265	0.333333	0.385941	0.032798	0.017471	0.022798	0.442274	0.362907	0.398679	9
1.09	0.458401	0.334524	0.386786	0.032866	0.017503	0.022842	0.442274	0.364091	0.399392	9
1.09	0.464169	0.339286	0.392022	0.032693	0.017494	0.022792	0.449378	0.370308	0.406029	9
1.09	0.464286	0.340476	0.392857	0.031961	0.018145	0.023148	0.448490	0.371196	0.406199	9
1.09	0.461039	0.338095	0.390110	0.031784	0.018218	0.023161	0.444938	0.369065	0.403465	9
1.10	0.458671	0.336905	0.388469	0.032337	0.018171	0.023267	0.442274	0.368176	0.401838	9
1.09	0.457792	0.335714	0.387363	0.034070	0.018758	0.024195	0.440497	0.364979	0.399198	9
1.10	0.438710	0.323810	0.372603	0.033436	0.018359	0.023703	0.420071	0.350770	0.382305	9
1.10	0.429032	0.316667	0.364384	0.041394	0.020315	0.027254	0.408526	0.338928	0.370487	10
1.09	0.424390	0.310714	0.358763	0.041579	0.020168	0.027161	0.404085	0.329455	0.362974	10
1.09	0.407529	0.296429	0.343212	0.041429	0.019721	0.026722	0.386323	0.309917	0.343928	10
1.09	0.395425	0.288095	0.333333	0.041608	0.019661	0.026703	0.372114	0.295411	0.329356	10
1.09	0.391517	0.285714	0.330351	0.041509	0.019597	0.026624	0.367673	0.292747	0.325960	10
1.09	0.394137	0.288095	0.332875	0.041964	0.019647	0.026764	0.370337	0.296300	0.329207	10
1.09	0.400974	0.294048	0.339286	0.041956	0.019870	0.026968	0.377442	0.305181	0.337487	10
1.10	0.412903	0.304762	0.350685	0.034556	0.018491	0.024090	0.390468	0.321166	0.352443	9
1.12	0.426307	0.320238	0.365738	0.034508	0.018940	0.024457	0.403789	0.341001	0.369748	9
1.13	0.432390	0.327381	0.372629	0.033495	0.019135	0.024356	0.410006	0.350533	0.377944	9
1.14	0.440124	0.336905	0.381659	0.033811	0.020041	0.025166	0.416815	0.363262	0.388200	9
1.15	0.446512	0.342857	0.387879	0.034199	0.020080	0.025303	0.424216	0.372143	0.396477	9
1.15	0.454545	0.351190	0.396239	0.034320	0.020398	0.025588	0.433985	0.381912	0.406287	10
1.15	0.459168	0.354762	0.400269	0.034383	0.020525	0.025705	0.439313	0.385169	0.410463	10
1.15	0.463566	0.355952	0.402694	0.034124	0.020406	0.025540	0.445530	0.385465	0.413327	10
1.14	0.464286	0.355952	0.402965	0.034135	0.020422	0.025555	0.446418	0.384577	0.413196	10
1.14	0.465839	0.357143	0.404313	0.034034	0.020470	0.025564	0.448194	0.386353	0.414982	10
1.14	0.467187	0.355952	0.404054	0.034099	0.020500	0.025606	0.449970	0.382504	0.413504	10
1.13	0.462992	0.350000	0.398644	0.034402	0.020493	0.025685	0.444642	0.374512	0.406575	10
1.13	0.462145	0.348810	0.397558	0.033532	0.020645	0.025555	0.443754	0.370959	0.404104	10
1.12	0.460317	0.345238	0.394558	0.033110	0.020564	0.025371	0.441978	0.365631	0.400195	10
1.12	0.459588	0.345238	0.394290	0.040480	0.021027	0.027677	0.441089	0.363558	0.398589	11
1.13	0.454259	0.342857	0.390773	0.039451	0.020963	0.027378	0.439313	0.360006	0.395725	11
1.13	0.456693	0.345238	0.393220	0.039715	0.021547	0.027937	0.439313	0.360006	0.395725	11
1.13	0.456693	0.345238	0.393220	0.039610	0.021658	0.028004	0.439313	0.359118	0.395188	11
1.12	0.457143	0.342857	0.391837	0.039463	0.021441	0.027786	0.441089	0.355565	0.393737	11
1.12	0.463376	0.346429	0.396458	0.039482	0.021568	0.027897	0.448194	0.360894	0.399834	11
1.11	0.465710	0.347619	0.398091	0.039513	0.021587	0.027920	0.451155	0.362670	0.402102	11
1.11	0.468051	0.348810	0.399727	0.039597	0.021650	0.027994	0.453819	0.362670	0.403157	11
1.11	0.467095	0.346429	0.397813	0.039369	0.021265	0.027614	0.454707	0.359710	0.401668	11
1.10	0.467742	0.345238	0.397260	0.039295	0.021065	0.027427	0.456483	0.358822	0.401803	11
1.10	0.466129	0.344048	0.395890	0.039288	0.021049	0.027411	0.454707	0.357046	0.400001	11
1.10	0.465154	0.341667	0.393960	0.039174	0.020801	0.027173	0.453819	0.354381	0.397983	11
1.09	0.464169	0.339286	0.392022	0.039313	0.020705	0.027125	0.452043	0.351717	0.395618	11
1.09	0.469722	0.341667	0.395589	0.039611	0.020801	0.027277	0.456483	0.355269	0.399566	11
1.08	0.473770	0.344048	0.398621	0.039452	0.020261	0.026773	0.461812	0.358526	0.403667	11
1.08	0.472906	0.342857	0.397516	0.039237	0.020185	0.026656	0.462108	0.357934	0.403404	11
1.08	0.475329	0.344048	0.399171	0.039513	0.020261	0.026787	0.463884	0.358526	0.404456	11
1.08	0.465461	0.336905	0.390884	0.039596	0.020007	0.026582	0.452339	0.351125	0.395357	11
1.08	0.462932	0.334524	0.388390	0.039176	0.019606	0.026133	0.451451	0.349349	0.393891	11
1.08	0.458746	0.330952	0.384509	0.030899	0.019106	0.023612	0.447898	0.346684	0.390845	10
1.07	0.457851	0.329762	0.383391	0.030743	0.018964	0.023458	0.447898	0.344908	0.389714	10
1.07	0.454545	0.327381	0.380623	0.030762	0.018897	0.023412	0.444346	0.343132	0.387234	10
1.07	0.447934	0.322619	0.375086	0.031710	0.018767	0.023579	0.437241	0.337507	0.380955	12
1.07	0.442975	0.319048	0.370934	0.031648	0.018640	0.023461	0.431912	0.332179	0.375537	12
1.07	0.438017	0.315476	0.366782	0.031586	0.018497	0.023331	0.426584	0.328626	0.371252	12

Sun Aug 29 15:40:50 2021
64.35	0.014996	0.601246	0.029262	0.012886	0.132015	0.023481	0.015026	0.676667	0.029400	123
56.85	0.014122	0.538095	0.027522	0.011817	0.194526	0.022280	0.014052	0.593014	0.027454	123
50.13	0.014881	0.500000	0.028903	0.011070	0.176389	0.020832	0.014812	0.557194	0.028856	123
43.66	0.016312	0.477381	0.031546	0.011342	0.156782	0.021153	0.016261	0.539580	0.031571	122
37.43	0.018080	0.453571	0.034774	0.010517	0.125492	0.019407	0.018126	0.519745	0.035031	121
31.61	0.020453	0.433333	0.039062	0.011272	0.114806	0.020528	0.020632	0.500947	0.039632	120
26.43	0.021906	0.388095	0.041471	0.009670	0.077995	0.017207	0.022011	0.458319	0.042004	117
22.08	0.025179	0.372619	0.047171	0.010743	0.071493	0.018679	0.025053	0.439964	0.047406	112
18.09	0.028280	0.342857	0.052250	0.010246	0.062354	0.017600	0.027987	0.409177	0.052391	106
14.59	0.032144	0.314286	0.058323	0.010610	0.054588	0.017766	0.031807	0.377205	0.058667	102
11.69	0.035996	0.282143	0.063847	0.007013	0.029779	0.011352	0.035247	0.345234	0.063964	96
9.06	0.041168	0.250000	0.070695	0.005905	0.021582	0.009273	0.040757	0.309355	0.072024	91
6.87	0.047804	0.220238	0.078556	0.006262	0.014897	0.008818	0.046868	0.269982	0.079870	78
5.19	0.052704	0.183333	0.081871	0.005646	0.011474	0.007568	0.050250	0.220249	0.081831	74
3.95	0.059802	0.158333	0.086815	0.005912	0.010801	0.007641	0.058379	0.184725	0.088720	71
3.06	0.068445	0.140476	0.092044	0.006091	0.010365	0.007673	0.069276	0.160746	0.096824	61
2.38	0.076751	0.122619	0.094409	0.005745	0.005750	0.005747	0.078939	0.137655	0.100339	54
1.95	0.088504	0.115476	0.100207	0.006044	0.005691	0.005862	0.092747	0.124926	0.106458	44
1.63	0.109170	0.119048	0.113895	0.006611	0.006055	0.006320	0.121433	0.125518	0.123442	38
1.43	0.120497	0.115476	0.117933	0.006363	0.006092	0.006225	0.133807	0.117525	0.125139	33
1.30	0.135246	0.117857	0.125954	0.006295	0.006379	0.006337	0.146980	0.116637	0.130062	29
1.20	0.154867	0.125000	0.138340	0.006508	0.006839	0.006669	0.166667	0.120841	0.140102	26
1.14	0.171340	0.130952	0.148448	0.006378	0.007266	0.006793	0.184133	0.124689	0.148690	22
1.11	0.178170	0.132143	0.151743	0.006177	0.007343	0.006710	0.187981	0.126169	0.150994	20
1.07	0.185738	0.133333	0.155232	0.006185	0.007419	0.006746	0.195086	0.127946	0.154538	15
1.04	0.204429	0.142857	0.168185	0.006461	0.007809	0.007071	0.210480	0.138899	0.167356	14
1.02	0.220486	0.151190	0.179379	0.006915	0.008301	0.007545	0.223801	0.145115	0.176067	13
1.01	0.231986	0.157143	0.187367	0.007230	0.008595	0.007854	0.233570	0.151924	0.184101	11
1.01	0.238516	0.160714	0.192034	0.007510	0.008780	0.008095	0.238899	0.155033	0.188038	8
1.01	0.238516	0.160714	0.192034	0.007611	0.008780	0.008154	0.238899	0.155033	0.188038	7
1.00	0.235816	0.158333	0.189459	0.007814	0.008716	0.008240	0.236234	0.151480	0.184594	7
1.00	0.235816	0.158333	0.189459	0.008293	0.008716	0.008499	0.236234	0.151480	0.184594	6
1.00	0.232270	0.155952	0.186610	0.008819	0.008696	0.008757	0.232682	0.147040	0.180203	5
1.00	0.232682	0.155952	0.186743	0.009049	0.008696	0.008869	0.232682	0.147040	0.180203	4
1.00	0.232682	0.155952	0.186743	0.009298	0.008696	0.008987	0.232682	0.147040	0.180203	4
1.00	0.232682	0.155952	0.186743	0.009296	0.008696	0.008986	0.232682	0.147040	0.180203	3
1.00	0.232682	0.155952	0.186743	0.009044	0.008696	0.008867	0.232682	0.147040	0.180203	2
1.00	0.232682	0.155952	0.186743	0.009044	0.008696	0.008867	0.232682	0.147040	0.180203	2
1.00	0.238011	0.159524	0.191019	0.009074	0.008793	0.008931	0.238011	0.152368	0.185795	2
1.00	0.239787	0.160714	0.192445	0.008875	0.008780	0.008827	0.239787	0.155033	0.188313	2
1.00	0.245115	0.164286	0.196721	0.008738	0.008876	0.008806	0.245115	0.160361	0.193880	2
1.00	0.252220	0.169048	0.202423	0.008800	0.009004	0.008901	0.252220	0.166578	0.200642	2
1.00	0.250444	0.167857	0.200998	0.008629	0.008927	0.008776	0.250444	0.165690	0.199436	2
1.00	0.253996	0.170238	0.203849	0.016316	0.009007	0.011607	0.253996	0.168354	0.202492	3
1.00	0.259325	0.173810	0.208125	0.016373	0.009103	0.011701	0.259325	0.173683	0.208034	3
1.00	0.264654	0.177381	0.212402	0.016424	0.009199	0.011793	0.264654	0.178123	0.212933	3
1.00	0.264654	0.177381	0.212402	0.016424	0.009199	0.011793	0.264654	0.178123	0.212933	3
1.00	0.264654	0.177381	0.212402	0.016182	0.009155	0.011694	0.264654	0.179011	0.213566	3
1.00	0.268206	0.179762	0.215253	0.016220	0.009219	0.011756	0.268206	0.181676	0.216619	3
1.00	0.271758	0.182143	0.218104	0.016043	0.009283	0.011761	0.271758	0.185228	0.220301	3
1.00	0.275311	0.184524	0.220955	0.015889	0.009347	0.011770	0.275311	0.188780	0.223979	3
1.00	0.282416	0.189286	0.226657	0.015799	0.009475	0.011846	0.282416	0.195885	0.231323	3
1.00	0.285968	0.191667	0.229508	0.015529	0.009539	0.011818	0.285968	0.198549	0.234373	3
1.00	0.289520	0.194048	0.232359	0.010043	0.009558	0.009795	0.289520	0.202398	0.238244	3
1.00	0.305506	0.204762	0.245189	0.012075	0.009878	0.010866	0.305506	0.217496	0.254096	3
1.00	0.312611	0.209524	0.250891	0.012424	0.009977	0.011067	0.312611	0.224600	0.261396	3
1.00	0.325044	0.217857	0.260870	0.013232	0.010159	0.011494	0.325044	0.233481	0.271758	3
1.00	0.341030	0.228571	0.273699	0.014023	0.010498	0.012007	0.341030	0.245027	0.285165	3
1.00	0.351687	0.235714	0.282252	0.014037	0.010588	0.012071	0.351687	0.252131	0.293702	3
1.00	0.364121	0.244048	0.292231	0.014020	0.010725	0.012153	0.364121	0.266193	0.307550	3
1.00	0.371226	0.248810	0.297933	0.013949	0.010780	0.012161	0.371226	0.274482	0.315606	3
1.00	0.388988	0.260714	0.312188	0.013746	0.011026	0.012237	0.388988	0.291652	0.333360	3
1.00	0.403197	0.270238	0.323592	0.013949	0.011222	0.012438	0.403197	0.306157	0.348040	3
1.00	0.404973	0.271429	0.325018	0.014140	0.011225	0.012515	0.404973	0.308230	0.350040	3
1.00	0.417407	0.279762	0.334996	0.014213	0.011450	0.012682	0.417407	0.318887	0.361556	3
1.00	0.413854	0.277381	0.332145	0.014172	0.011370	0.012617	0.413854	0.316223	0.358510	3
1.00	0.408526	0.273810	0.327869	0.014145	0.011258	0.012537	0.408526	0.311782	0.353657	3
1.00	0.397869	0.266667	0.319316	0.014091	0.011122	0.012432	0.397869	0.301717	0.343185	3
1.00	0.385435	0.258333	0.309337	0.014644	0.010909	0.012503	0.385435	0.291652	0.332049	3
1.00	0.378330	0.253571	0.303635	0.014715	0.010810	0.012464	0.378330	0.283363	0.324032	3
1.00	0.365897	0.245238	0.293656	0.014819	0.010625	0.012377	0.365897	0.272114	0.312113	3
1.00	0.351687	0.235714	0.282252	0.014899	0.010487	0.012310	0.351687	0.258348	0.297877	3
1.00	0.342199	0.229762	0.274929	0.014975	0.010312	0.012213	0.341918	0.250355	0.289059	4
1.00	0.329787	0.221429	0.264957	0.014860	0.010088	0.012017	0.329485	0.239698	0.277510	4
1.00	0.320922	0.215476	0.257835	0.014878	0.009912	0.011898	0.320604	0.231705	0.269000	4
1.00	0.324468	0.217857	0.260684	0.015160	0.010065	0.012098	0.324156	0.235258	0.272643	4
1.00	0.324468	0.217857	0.260684	0.015286	0.010154	0.012203	0.324156	0.233185	0.271247	4
1.00	0.320354	0.215476	0.257651	0.015592	0.010135	0.012284	0.320604	0.228745	0.266994	5
1.00	0.311504	0.209524	0.250534	0.015910	0.010019	0.012295	0.311723	0.221640	0.259074	4
1.00	0.304425	0.204762	0.244840	0.012297	0.009891	0.010964	0.304618	0.215423	0.252372	4
1.00	0.302655	0.203571	0.243416	0.013575	0.009875	0.011433	0.302842	0.213647	0.250543	5
1.00	0.300885	0.202381	0.241993	0.013109	0.009858	0.011254	0.301066	0.211871	0.248713	5
1.00	0.300178	0.201190	0.240912	0.013273	0.009826	0.011292	0.300178	0.210095	0.247185	5
1.00	0.298401	0.200000	0.239487	0.012010	0.009750	0.010763	0.298401	0.209503	0.246172	4
1.00	0.294849	0.197619	0.236636	0.011981	0.009686	0.010712	0.294849	0.205950	0.242509	3
1.00	0.294849	0.197619	0.236636	0.011981	0.009686	0.010712	0.294849	0.205950	0.242509	3
1.00	0.296625	0.198810	0.238061	0.012542	0.009733	0.010961	0.296625	0.206838	0.243726	3
1.00	0.303730	0.203571	0.243763	0.013266	0.009893	0.011334	0.303730	0.212167	0.249823	3
1.00	0.308511	0.207143	0.247863	0.014154	0.009962	0.011694	0.308171	0.215719	0.253787	4
1.00	0.328014	0.220238	0.263533	0.014300	0.010319	0.011987	0.327709	0.231705	0.271469	4
1.00	0.343972	0.230952	0.276353	0.014367	0.010640	0.012226	0.343695	0.245915	0.286697	4
1.00	0.362345	0.242857	0.290805	0.014202	0.010892	0.012329	0.362345	0.261901	0.304042	4
1.00	0.376554	0.252381	0.302210	0.014322	0.011195	0.012567	0.376554	0.272913	0.316464	4
1.00	0.390764	0.261905	0.313614	0.014603	0.011531	0.012886	0.390764	0.284162	0.329044	4
1.00	0.403197	0.270238	0.323592	0.014372	0.011726	0.012915	0.403197	0.294523	0.340397	4
1.00	0.415631	0.278571	0.333571	0.014478	0.012029	0.013140	0.415631	0.301332	0.349371	4
1.00	0.417407	0.279762	0.334996	0.014464	0.012076	0.013163	0.417407	0.303108	0.351192	4
1.00	0.417407	0.279762	0.334996	0.014506	0.012076	0.013180	0.417407	0.303108	0.351192	4
1.00	0.413854	0.277381	0.332145	0.014461	0.011997	0.013114	0.413854	0.299556	0.347549	4
1.00	0.412078	0.276190	0.330720	0.014384	0.011949	0.013054	0.412078	0.297780	0.345727	3
1.00	0.413854	0.277381	0.332145	0.014447	0.012026	0.013126	0.413854	0.299556	0.347549	3
1.00	0.417407	0.279762	0.334996	0.014398	0.012047	0.013118	0.417407	0.303108	0.351192	3
1.00	0.417407	0.279762	0.334996	0.014398	0.012047	0.013118	0.417407	0.303108	0.351192	3
1.00	0.417407	0.279762	0.334996	0.014344	0.012032	0.013086	0.417407	0.303996	0.351787	3
1.00	0.420959	0.282143	0.337847	0.014390	0.012111	0.013153	0.420959	0.307549	0.355426	3
1.00	0.424512	0.284524	0.340699	0.014579	0.012207	0.013288	0.424512	0.310213	0.358472	4
1.00	0.424512	0.284524	0.340699	0.014634	0.012222	0.013320	0.424512	0.309325	0.357878	4
1.00	0.422735	0.283333	0.339273	0.014769	0.012264	0.013400	0.422735	0.307549	0.356058	4
1.00	0.408526	0.273810	0.327869	0.014742	0.011945	0.013197	0.408526	0.294227	0.342082	4
1.00	0.394316	0.264286	0.316465	0.014781	0.011700	0.013061	0.394316	0.284754	0.330697	4
1.00	0.385435	0.258333	0.309337	0.014804	0.011569	0.012988	0.385435	0.277649	0.322782	4
1.00	0.365897	0.245238	0.293656	0.014722	0.011139	0.012682	0.365897	0.260184	0.304115	4
1.00	0.362345	0.242857	0.290805	0.014911	0.011075	0.012710	0.362345	0.256631	0.300461	4
1.00	0.349911	0.234524	0.280827	0.015059	0.010890	0.012640	0.349911	0.247158	0.289693	4
1.00	0.326821	0.219048	0.262295	0.014624	0.010394	0.012151	0.326821	0.229041	0.269331	4
1.00	0.316163	0.211905	0.253742	0.014439	0.010168	0.011933	0.316163	0.221048	0.260185	3
1.00	0.308511	0.207143	0.247863	0.021794	0.010159	0.013858	0.307282	0.214831	0.252872	4
1.00	0.308511	0.207143	0.247863	0.021696	0.010188	0.013865	0.307282	0.214831	0.252872	4
1.00	0.304425	0.204762	0.244840	0.021165	0.010093	0.013668	0.302842	0.213055	0.250135	4
1.00	0.304425	0.204762	0.244840	0.021165	0.010093	0.013668	0.302842	0.213055	0.250135	4
1.00	0.304425	0.204762	0.244840	0.021165	0.010093	0.013668	0.302842	0.213055	0.250135	4
1.00	0.304425	0.204762	0.244840	0.021165	0.010093	0.013668	0.302842	0.213055	0.250135	4
1.00	0.306195	0.205952	0.246263	0.021453	0.010141	0.013771	0.304618	0.213943	0.251353	4
1.00	0.306195	0.205952	0.246263	0.021361	0.010096	0.013711	0.304618	0.213943	0.251353	4
1.00	0.307965	0.207143	0.247687	0.021374	0.010128	0.013744	0.306394	0.214831	0.252570	4
1.00	0.309735	0.208333	0.249110	0.021885	0.010205	0.013919	0.308171	0.215423	0.253583	4
1.00	0.307965	0.207143	0.247687	0.021374	0.010128	0.013744	0.306394	0.214831	0.252570	4
1.00	0.309735	0.208333	0.249110	0.021618	0.010176	0.013838	0.308171	0.215719	0.253787	5
1.01	0.309187	0.208333	0.248933	0.017715	0.010176	0.012926	0.307282	0.215719	0.253486	6
1.01	0.316254	0.213095	0.254623	0.018091	0.010217	0.013059	0.314387	0.221936	0.260193	6
1.01	0.326889	0.221429	0.264017	0.022169	0.010672	0.014408	0.323268	0.233481	0.271135	6
1.01	0.329247	0.223810	0.266478	0.022278	0.010767	0.014518	0.325044	0.236146	0.273554	6
1.01	0.336252	0.228571	0.272147	0.022607	0.010929	0.014734	0.332149	0.240586	0.279049	6
1.02	0.333916	0.227381	0.270538	0.022445	0.010897	0.014671	0.329485	0.238810	0.276914	6
1.02	0.338569	0.230952	0.274593	0.020051	0.011011	0.014215	0.333925	0.243546	0.281663	6
1.02	0.346690	0.236905	0.281471	0.020364	0.011220	0.014468	0.341918	0.250118	0.288901	6
1.02	0.353659	0.241667	0.287129	0.023117	0.011471	0.015333	0.349023	0.253967	0.294003	6
1.03	0.358131	0.246429	0.291961	0.021230	0.011798	0.015167	0.350799	0.258407	0.297597	6
1.02	0.365685	0.251190	0.297812	0.023273	0.011973	0.015812	0.358792	0.263736	0.304007	6
1.02	0.379549	0.260714	0.309104	0.023003	0.012323	0.016048	0.373002	0.274689	0.316384	6
1.02	0.389565	0.266667	0.316608	0.022770	0.012470	0.016114	0.383659	0.281794	0.324930	5
1.02	0.400000	0.273810	0.325088	0.020860	0.012604	0.015714	0.394316	0.292747	0.336024	5
1.02	0.407986	0.279762	0.331921	0.018990	0.012780	0.015278	0.403197	0.300740	0.344512	5
1.02	0.415652	0.284524	0.337809	0.019065	0.012939	0.015416	0.411190	0.305773	0.350731	5
1.02	0.420870	0.288095	0.342049	0.018939	0.012993	0.015412	0.416519	0.309029	0.354812	5
1.02	0.434783	0.297619	0.353357	0.018934	0.013311	0.015633	0.430728	0.322351	0.368741	5
1.02	0.441739	0.302381	0.359011	0.018956	0.013471	0.015750	0.437833	0.327679	0.374831	5
1.02	0.448696	0.307143	0.364664	0.019753	0.013614	0.016119	0.444938	0.333896	0.381501	5
1.02	0.444444	0.304762	0.361582	0.018834	0.013488	0.015719	0.440497	0.332712	0.379092	5
1.02	0.442708	0.303571	0.360170	0.018814	0.013440	0.015679	0.438721	0.330935	0.377281	5
1.02	0.446181	0.305952	0.362994	0.018891	0.013489	0.015739	0.442274	0.333600	0.380326	5
1.02	0.446957	0.305952	0.363251	0.018815	0.013334	0.015607	0.444050	0.335080	0.381945	5
1.02	0.449477	0.307143	0.364922	0.020133	0.013366	0.016066	0.446714	0.335968	0.383506	5
1.02	0.454704	0.310714	0.369165	0.020064	0.013509	0.016146	0.452043	0.340409	0.388363	5
1.02	0.465157	0.317857	0.377652	0.019968	0.013719	0.016264	0.462700	0.349290	0.398075	5
1.02	0.482578	0.329762	0.391796	0.020101	0.014179	0.016629	0.480462	0.362315	0.413107	5
1.02	0.496504	0.338095	0.402266	0.022844	0.014269	0.017566	0.494671	0.370900	0.423936	5
1.02	0.496504	0.338095	0.402266	0.022778	0.014269	0.017546	0.494671	0.370900	0.423936	5
1.02	0.497382	0.339286	0.403397	0.022641	0.014411	0.017612	0.494671	0.370604	0.423743	5
1.02	0.494774	0.338095	0.401697	0.020020	0.014379	0.016737	0.492895	0.369716	0.422511	5
1.02	0.495652	0.339286	0.402827	0.019972	0.014382	0.016722	0.493783	0.371492	0.423996	6
1.02	0.494774	0.338095	0.401697	0.020066	0.014395	0.016764	0.492895	0.369716	0.422511	7
1.02	0.491289	0.335714	0.398868	0.020204	0.014373	0.016797	0.489343	0.366163	0.418885	7
1.02	0.490401	0.334524	0.397735	0.020161	0.014341	0.016760	0.488455	0.364387	0.417397	6
1.02	0.493007	0.335714	0.399433	0.020263	0.014404	0.016839	0.491119	0.365867	0.419340	6
1.02	0.489510	0.333333	0.396601	0.020206	0.014311	0.016755	0.487567	0.362315	0.415711	6
1.02	0.487762	0.332143	0.395184	0.020260	0.014324	0.016782	0.485790	0.359651	0.413311	6
1.02	0.479021	0.326190	0.388102	0.020248	0.014148	0.016657	0.476909	0.351658	0.404817	6
1.01	0.467601	0.317857	0.378455	0.020344	0.013939	0.016544	0.465364	0.341889	0.394183	6
1.01	0.450877	0.305952	0.364539	0.020438	0.013664	0.016378	0.448490	0.325015	0.376897	6
1.01	0.444640	0.301190	0.359120	0.020377	0.013549	0.016276	0.442274	0.319686	0.371119	6
1.01	0.435852	0.295238	0.352023	0.020426	0.013371	0.016162	0.433393	0.313766	0.364002	6
1.01	0.426316	0.289286	0.344681	0.019112	0.013209	0.015621	0.424512	0.307845	0.356886	6
1.02	0.426573	0.290476	0.345609	0.020399	0.013577	0.016303	0.422735	0.307845	0.356256	6
1.02	0.423345	0.289286	0.343706	0.019077	0.013530	0.015832	0.420959	0.306957	0.355031	6
1.02	0.425347	0.291667	0.346045	0.019522	0.013762	0.016144	0.421847	0.309621	0.357125	5
1.04	0.421955	0.292857	0.345748	0.026380	0.015154	0.019249	0.417407	0.310509	0.356109	6
1.04	0.419521	0.291667	0.344101	0.026065	0.015061	0.019091	0.415631	0.309621	0.354878	6
1.04	0.424915	0.296429	0.349229	0.026198	0.015158	0.019205	0.420959	0.316134	0.361093	6
1.04	0.435374	0.304762	0.358543	0.026541	0.015411	0.019500	0.429840	0.323831	0.369380	7
1.05	0.438031	0.307143	0.361092	0.026205	0.015431	0.019424	0.433393	0.328271	0.373578	7
1.04	0.450680	0.315476	0.371148	0.026022	0.016074	0.019873	0.445826	0.339816	0.385669	7
1.04	0.457338	0.319048	0.375877	0.026560	0.016126	0.020068	0.452043	0.346329	0.392187	7
1.04	0.460751	0.321429	0.378682	0.026569	0.016174	0.020108	0.455595	0.349882	0.395801	7
1.04	0.465077	0.325000	0.382621	0.027040	0.016905	0.020804	0.458259	0.354322	0.399643	7
1.04	0.466780	0.326190	0.384022	0.026984	0.016921	0.020800	0.460036	0.358171	0.402762	7
1.04	0.470187	0.328571	0.386825	0.026952	0.016985	0.020838	0.463588	0.361723	0.406369	7
1.04	0.473595	0.330952	0.389629	0.026987	0.017049	0.020897	0.467140	0.365275	0.409975	7
1.05	0.472881	0.332143	0.390210	0.026969	0.017066	0.020904	0.466252	0.367052	0.410747	7
1.05	0.465430	0.328571	0.385206	0.026503	0.016923	0.020656	0.459147	0.361723	0.404654	8
1.06	0.454850	0.323810	0.378303	0.026767	0.016948	0.020754	0.448490	0.354618	0.396068	8
1.08	0.444811	0.321429	0.373186	0.026932	0.017539	0.021243	0.435169	0.347217	0.386250	8
1.09	0.438825	0.320238	0.370268	0.026944	0.017841	0.021468	0.427768	0.343665	0.381132	8
1.09	0.435772	0.319048	0.368385	0.027067	0.018413	0.021916	0.423327	0.341001	0.377730	8
1.09	0.431818	0.316667	0.365385	0.027098	0.018333	0.021870	0.418887	0.337448	0.373783	8
1.10	0.422330	0.310714	0.358025	0.026943	0.018173	0.021706	0.409118	0.330343	0.365535	8
1.10	0.421900	0.311905	0.358658	0.026957	0.018220	0.021744	0.408230	0.332120	0.366262	8
1.10	0.431341	0.317857	0.366004	0.027157	0.018412	0.021945	0.417999	0.338040	0.373791	8
1.10	0.443366	0.326190	0.375857	0.027066	0.018714	0.022128	0.431320	0.350474	0.386717	8
1.10	0.450886	0.333333	0.383299	0.027354	0.018955	0.022393	0.440497	0.357578	0.394730	8
1.10	0.459807	0.340476	0.391245	0.027404	0.019225	0.022598	0.450266	0.366459	0.404063	8
1.10	0.463768	0.342857	0.394251	0.027365	0.019292	0.022630	0.455595	0.370308	0.408548	8
1.09	0.471545	0.345238	0.398625	0.028430	0.019387	0.023053	0.460924	0.372676	0.412129	8
1.10	0.478964	0.352381	0.406036	0.028427	0.019657	0.023243	0.468917	0.379189	0.419306	8
1.10	0.482201	0.354762	0.408779	0.028589	0.019721	0.023341	0.471581	0.381853	0.422000	8
1.10	0.488673	0.359524	0.414266	0.027265	0.019852	0.022975	0.478094	0.387182	0.427862	8
1.09	0.491057	0.359524	0.415120	0.026152	0.019778	0.022523	0.478982	0.388366	0.428940	8
1.09	0.495935	0.363095	0.419244	0.026102	0.019905	0.022586	0.484310	0.391918	0.433243	8
1.09	0.501623	0.367857	0.424451	0.025995	0.019991	0.022601	0.489935	0.399911	0.440369	7
1.09	0.500813	0.366667	0.423368	0.025774	0.019746	0.022361	0.489935	0.398135	0.439290	7
1.09	0.499184	0.364286	0.421198	0.025938	0.019346	0.022162	0.489047	0.396359	0.437851	7
1.09	0.494272	0.359524	0.416265	0.026026	0.018823	0.021846	0.484606	0.393398	0.434265	7
1.08	0.495082	0.359524	0.416552	0.034413	0.018965	0.024453	0.484902	0.392214	0.433661	8
1.08	0.490969	0.355952	0.412698	0.033994	0.018548	0.024000	0.483126	0.388662	0.430776	8
1.08	0.490939	0.354762	0.411887	0.034527	0.018347	0.023962	0.483126	0.387774	0.430230	8
1.08	0.488449	0.352381	0.409405	0.034494	0.018283	0.023899	0.480462	0.384221	0.426986	8
1.07	0.489256	0.352381	0.409689	0.034494	0.018283	0.023899	0.481350	0.384221	0.427336	8
1.07	0.493377	0.354762	0.412742	0.034527	0.018347	0.023962	0.485790	0.387774	0.431283	8
1.07	0.490879	0.352381	0.410256	0.037743	0.018283	0.024634	0.482238	0.384221	0.427686	8
1.07	0.485904	0.348810	0.406098	0.035736	0.018201	0.024118	0.477798	0.379781	0.423188	8
1.07	0.481728	0.345238	0.402219	0.035748	0.018087	0.024020	0.473357	0.375044	0.418504	8
1.07	0.480000	0.342857	0.400000	0.035769	0.018067	0.024008	0.471581	0.370604	0.415039	8
1.06	0.478261	0.340476	0.397775	0.035996	0.018016	0.024014	0.469805	0.368828	0.413237	8
1.06	0.472454	0.336905	0.393329	0.036769	0.018331	0.024465	0.461812	0.361723	0.405685	8
1.06	0.462312	0.328571	0.384134	0.037151	0.018348	0.024565	0.450266	0.349290	0.393402	8
1.07	0.455000	0.325000	0.379167	0.037216	0.019134	0.025274	0.438721	0.342185	0.384486	8
1.07	0.438538	0.314286	0.366158	0.036498	0.019014	0.025003	0.421255	0.328863	0.369369	7
1.07	0.435940	0.311905	0.363636	0.036601	0.018963	0.024983	0.418591	0.327383	0.367411	8
1.08	0.428571	0.310714	0.360248	0.035726	0.019252	0.025021	0.412374	0.324719	0.363334	8
1.09	0.426710	0.311905	0.360385	0.035751	0.019758	0.025450	0.408822	0.325903	0.362683	8
1.10	0.425806	0.314286	0.361644	0.027780	0.020003	0.023259	0.407638	0.327679	0.363311	7
1.11	0.430177	0.319048	0.366370	0.027454	0.020347	0.023372	0.412078	0.330935	0.367076	6
1.11	0.432692	0.321429	0.368852	0.027302	0.020426	0.023369	0.415631	0.333304	0.369942	6
1.12	0.433121	0.323810	0.370572	0.027089	0.020522	0.023352	0.416519	0.336856	0.372476	6
1.12	0.430380	0.323810	0.369565	0.026789	0.020464	0.023203	0.413854	0.335968	0.370866	6
1.13	0.432390	0.327381	0.372629	0.026785	0.020701	0.023353	0.415631	0.337448	0.372481	6
1.13	0.434851	0.329762	0.375085	0.026384	0.020797	0.023259	0.418295	0.340113	0.375174	6
1.13	0.437991	0.332143	0.377793	0.026177	0.020772	0.023163	0.421847	0.342777	0.378224	6
1.13	0.443574	0.336905	0.382950	0.026341	0.020946	0.023336	0.427176	0.345737	0.382166	6
1.14	0.446178	0.340476	0.386226	0.026296	0.021014	0.023360	0.429840	0.348401	0.384860	6
1.14	0.459502	0.351190	0.398111	0.026287	0.021335	0.023554	0.445530	0.362611	0.399817	7
1.14	0.469579	0.358333	0.406482	0.024742	0.021351	0.022922	0.458555	0.375340	0.412796	8
1.15	0.483771	0.372619	0.420982	0.024837	0.021800	0.023220	0.474837	0.389905	0.428200	8
1.15	0.499227	0.384524	0.434432	0.025090	0.022152	0.023529	0.491711	0.405003	0.444165	8
1.15	0.506955	0.390476	0.441157	0.025085	0.022312	0.023617	0.500592	0.413884	0.453127	8
1.15	0.510015	0.394048	0.444594	0.024951	0.022195	0.023493	0.506217	0.421581	0.460038	8
1.15	0.512308	0.396429	0.446980	0.024987	0.022275	0.023553	0.508881	0.424245	0.462725	8
1.16	0.513761	0.400000	0.449799	0.024959	0.022371	0.023594	0.510657	0.429574	0.466619	8
1.17	0.515244	0.402381	0.451872	0.024988	0.022435	0.023643	0.512433	0.432238	0.468932	8
1.17	0.509834	0.401190	0.449034	0.024943	0.022616	0.023722	0.507845	0.428390	0.464746	9
1.18	0.509804	0.402381	0.449767	0.024963	0.022692	0.023774	0.508437	0.430166	0.466038	9
1.18	0.502256	0.397619	0.443854	0.024796	0.022409	0.023542	0.500444	0.425133	0.459725	9

Sun Aug 29 16:28:48 2021
62.85	0.014637	0.573209	0.028545	0.011398	0.117629	0.020783	0.014553	0.544000	0.028349	121
57.41	0.014200	0.546429	0.027681	0.010744	0.194966	0.020366	0.014164	0.516045	0.027572	123
51.53	0.015099	0.521429	0.029348	0.010937	0.177068	0.020602	0.015004	0.498875	0.029131	123
45.91	0.015902	0.489286	0.030803	0.011006	0.165114	0.020637	0.015850	0.471581	0.030669	120
40.56	0.017211	0.467857	0.033201	0.011134	0.153822	0.020764	0.017133	0.454855	0.033021	117
35.37	0.019081	0.452381	0.036618	0.010699	0.143172	0.019910	0.019044	0.440941	0.036512	114
30.49	0.020683	0.422619	0.039436	0.011013	0.122554	0.020209	0.020696	0.413114	0.039417	111
26.09	0.022192	0.388095	0.041983	0.011147	0.104188	0.020140	0.022321	0.383304	0.042186	107
22.22	0.023985	0.357143	0.044951	0.010893	0.087720	0.019379	0.023907	0.356661	0.044811	102
18.60	0.026351	0.328571	0.048789	0.009861	0.076610	0.017474	0.026238	0.331202	0.048624	100
15.17	0.030321	0.308333	0.055212	0.010697	0.068007	0.018486	0.030300	0.313973	0.055266	93
12.33	0.034443	0.284524	0.061447	0.011272	0.057037	0.018823	0.034518	0.293843	0.061778	86
9.93	0.039342	0.261905	0.068408	0.014858	0.041077	0.021823	0.039701	0.272824	0.069315	81
7.89	0.045455	0.240476	0.076457	0.012643	0.027068	0.017235	0.046090	0.249290	0.077797	77
6.07	0.053232	0.216667	0.085466	0.008215	0.015248	0.010677	0.053113	0.226643	0.086059	74
4.66	0.065193	0.203571	0.098758	0.009147	0.013544	0.010919	0.063623	0.209473	0.097602	68
3.55	0.076962	0.183333	0.108413	0.010499	0.011636	0.011038	0.074275	0.186086	0.106172	60
2.73	0.087776	0.160714	0.113541	0.014721	0.009344	0.011432	0.085988	0.156720	0.111047	51
2.21	0.098150	0.145238	0.117139	0.014764	0.008487	0.010778	0.093872	0.140438	0.112528	43
1.76	0.114257	0.134524	0.123565	0.014732	0.007597	0.010025	0.119213	0.127946	0.123425	37
1.45	0.128834	0.125000	0.126888	0.014983	0.006948	0.009493	0.137863	0.116400	0.126226	31
1.27	0.149860	0.127381	0.137709	0.015337	0.007130	0.009734	0.155269	0.119213	0.134873	25
1.15	0.152308	0.117857	0.132886	0.005715	0.006384	0.006031	0.156898	0.106483	0.126865	23
1.09	0.150327	0.109524	0.126722	0.005560	0.006124	0.005828	0.153049	0.094938	0.117185	19
1.04	0.161840	0.113095	0.133146	0.006050	0.006412	0.006226	0.166075	0.099378	0.124348	19
1.02	0.170139	0.116667	0.138418	0.006728	0.006581	0.006654	0.172291	0.105595	0.130939	18
1.01	0.175439	0.119048	0.141844	0.006490	0.006764	0.006624	0.176732	0.107075	0.133355	17
1.00	0.178761	0.120238	0.143772	0.006506	0.006796	0.006648	0.179396	0.109739	0.136177	16
1.00	0.179078	0.120238	0.143875	0.006927	0.006793	0.006859	0.179396	0.109443	0.135949	16
1.00	0.184397	0.123810	0.148148	0.007259	0.006934	0.007093	0.184725	0.112996	0.140220	14
1.00	0.188277	0.126190	0.151105	0.007517	0.006998	0.007248	0.188277	0.116548	0.143973	13
1.00	0.206039	0.138095	0.165360	0.008016	0.007630	0.007818	0.206039	0.129278	0.158872	11
1.00	0.209591	0.140476	0.168211	0.008094	0.007783	0.007936	0.209591	0.131054	0.161269	11
1.00	0.214920	0.144048	0.172488	0.008468	0.007984	0.008219	0.214920	0.134014	0.165087	11
1.00	0.216696	0.145238	0.173913	0.008962	0.008074	0.008495	0.216696	0.135790	0.166958	11
1.00	0.220249	0.147619	0.176764	0.008905	0.008180	0.008527	0.220249	0.137271	0.169130	11
1.00	0.227353	0.152381	0.182466	0.008958	0.008322	0.008628	0.227353	0.143487	0.175937	11
1.00	0.230906	0.154762	0.185317	0.008584	0.008399	0.008491	0.230906	0.146744	0.179447	9
1.00	0.230906	0.154762	0.185317	0.008602	0.008399	0.008499	0.230906	0.146744	0.179447	8
1.00	0.234458	0.157143	0.188168	0.008688	0.008463	0.008574	0.234458	0.150296	0.183172	6
1.00	0.238011	0.159524	0.191019	0.008636	0.008556	0.008596	0.238011	0.152960	0.186235	6
1.00	0.241563	0.161905	0.193870	0.008682	0.008665	0.008674	0.241563	0.156513	0.189952	4
1.00	0.250444	0.167857	0.200998	0.009200	0.008870	0.009032	0.250444	0.164506	0.198576	4
1.00	0.252220	0.169048	0.202423	0.009296	0.008946	0.009118	0.252220	0.165394	0.199781	3
1.00	0.255773	0.171429	0.205274	0.010479	0.009055	0.009715	0.255773	0.168058	0.202839	3
1.00	0.250444	0.167857	0.200998	0.008644	0.008927	0.008783	0.250444	0.162729	0.197276	3
1.00	0.252220	0.169048	0.202423	0.008809	0.009004	0.008905	0.252220	0.163618	0.198480	3
1.00	0.248668	0.166667	0.199572	0.008948	0.008895	0.008922	0.248668	0.160953	0.195419	4
1.00	0.248668	0.166667	0.199572	0.008948	0.008895	0.008922	0.248668	0.160953	0.195419	4
1.00	0.248668	0.166667	0.199572	0.009122	0.008895	0.009008	0.248668	0.160953	0.195419	4
1.00	0.252220	0.169048	0.202423	0.008970	0.008960	0.008965	0.252220	0.163618	0.198480	4
1.00	0.253996	0.170238	0.203849	0.008981	0.008992	0.008986	0.253996	0.165394	0.200336	4
1.00	0.255773	0.171429	0.205274	0.008991	0.009024	0.009007	0.255773	0.167170	0.202191	4
1.00	0.264654	0.177381	0.212402	0.010839	0.009155	0.009926	0.264654	0.176051	0.211446	4
1.00	0.266430	0.178571	0.213828	0.009829	0.009098	0.009449	0.266430	0.179603	0.214566	4
1.00	0.271758	0.182143	0.218104	0.013561	0.009273	0.011014	0.271758	0.184932	0.220091	4
1.00	0.269982	0.180952	0.216679	0.013016	0.009196	0.010778	0.269982	0.184044	0.218880	4
1.00	0.268206	0.179762	0.215253	0.012813	0.009075	0.010625	0.268206	0.182268	0.217039	4
1.00	0.269982	0.180952	0.216679	0.011358	0.009107	0.010109	0.269982	0.183156	0.218250	4
1.00	0.269982	0.180952	0.216679	0.010245	0.009062	0.009618	0.269982	0.183156	0.218250	4
1.00	0.269982	0.180952	0.216679	0.010347	0.009033	0.009646	0.269982	0.184044	0.218880	4
1.00	0.269982	0.180952	0.216679	0.010204	0.009005	0.009567	0.269982	0.184044	0.218880	4
1.00	0.268206	0.179762	0.215253	0.010244	0.008899	0.009524	0.268206	0.181380	0.216409	4
1.00	0.271758	0.182143	0.218104	0.010491	0.008950	0.009659	0.271758	0.184044	0.219461	4
1.00	0.273535	0.183333	0.219530	0.011085	0.008939	0.009897	0.273535	0.184932	0.220672	4
1.00	0.271758	0.182143	0.218104	0.011015	0.008907	0.009850	0.271758	0.183156	0.218829	4
1.00	0.275311	0.184524	0.220955	0.011330	0.009016	0.010042	0.275311	0.186708	0.222514	4
1.00	0.277087	0.185714	0.222381	0.011490	0.009064	0.010134	0.277087	0.187596	0.223724	4
1.00	0.278863	0.186905	0.223806	0.011761	0.009111	0.010268	0.278863	0.188484	0.224935	4
1.00	0.284192	0.190476	0.228083	0.012270	0.009225	0.010532	0.284192	0.192037	0.229198	4
1.00	0.284192	0.190476	0.228083	0.012357	0.009225	0.010564	0.284192	0.192037	0.229198	4
1.00	0.282416	0.189286	0.226657	0.012219	0.009178	0.010482	0.282416	0.190260	0.227355	4
1.00	0.283688	0.190476	0.227920	0.012352	0.009254	0.010581	0.282416	0.191149	0.227987	4
1.00	0.281416	0.189286	0.226335	0.012332	0.009207	0.010543	0.279751	0.190260	0.226486	4
1.00	0.283186	0.190476	0.227758	0.012443	0.009283	0.010633	0.281528	0.192037	0.228326	4
1.01	0.283951	0.191667	0.228856	0.012601	0.009331	0.010722	0.280639	0.192629	0.228451	4
1.01	0.283451	0.191667	0.228693	0.012565	0.009331	0.010709	0.280639	0.192629	0.228451	4
1.01	0.284710	0.192857	0.229950	0.012674	0.009378	0.010780	0.282416	0.193517	0.229664	4
1.01	0.284710	0.192857	0.229950	0.012674	0.009378	0.010780	0.282416	0.193517	0.229664	4
1.01	0.285211	0.192857	0.230114	0.012678	0.009378	0.010781	0.283304	0.193517	0.229957	4
1.01	0.285211	0.192857	0.230114	0.012678	0.009378	0.010781	0.283304	0.193517	0.229957	4
1.01	0.283713	0.192857	0.229624	0.012638	0.009378	0.010767	0.283304	0.193517	0.229957	4
1.01	0.287215	0.195238	0.232459	0.013032	0.009416	0.010933	0.287744	0.196477	0.233510	4
1.01	0.289242	0.195238	0.233120	0.013083	0.009416	0.010950	0.287744	0.196477	0.233510	4
1.01	0.287986	0.194048	0.231863	0.013197	0.009339	0.010938	0.287744	0.195589	0.232881	4
1.01	0.282686	0.190476	0.227596	0.012856	0.009196	0.010722	0.282416	0.192037	0.228618	4
1.00	0.284956	0.191667	0.229181	0.012905	0.009257	0.010781	0.285968	0.193813	0.231040	4
1.00	0.283186	0.190476	0.227758	0.012767	0.009210	0.010701	0.284192	0.192037	0.229198	4
1.00	0.286726	0.192857	0.230605	0.013186	0.009263	0.010881	0.287744	0.194997	0.232461	5
1.00	0.288496	0.194048	0.232028	0.013202	0.009295	0.010909	0.289520	0.196773	0.234302	5
1.00	0.288496	0.194048	0.232028	0.013202	0.009295	0.010909	0.289520	0.196773	0.234302	5
1.00	0.292035	0.196429	0.234875	0.013166	0.009345	0.010931	0.293073	0.199734	0.237564	5
1.00	0.292035	0.196429	0.234875	0.013065	0.009301	0.010866	0.293073	0.199734	0.237564	5
1.00	0.293805	0.197619	0.236299	0.013083	0.009333	0.010894	0.294849	0.200622	0.238775	5
1.00	0.293805	0.197619	0.236299	0.012914	0.009333	0.010835	0.294849	0.200622	0.238775	5
1.00	0.294849	0.197619	0.236636	0.012795	0.009288	0.010763	0.294849	0.200622	0.238775	5
1.00	0.303730	0.203571	0.243763	0.012834	0.009464	0.010894	0.303730	0.207726	0.246718	5
1.00	0.301954	0.202381	0.242338	0.012812	0.009461	0.010884	0.301954	0.205654	0.244669	5
1.00	0.303730	0.203571	0.243763	0.012903	0.009508	0.010949	0.303730	0.206542	0.245881	5
1.00	0.305506	0.204762	0.245189	0.013008	0.009540	0.011007	0.305506	0.208319	0.247721	5
1.00	0.310284	0.208333	0.249288	0.013403	0.009652	0.011223	0.309947	0.212759	0.252318	5
1.00	0.310284	0.208333	0.249288	0.013728	0.009652	0.011335	0.309947	0.212759	0.252318	5
1.00	0.315044	0.211905	0.253381	0.014221	0.009779	0.011589	0.313499	0.217200	0.256612	5
1.00	0.315044	0.211905	0.253381	0.015189	0.009779	0.011898	0.313499	0.217200	0.256612	5
1.01	0.318021	0.214286	0.256046	0.015329	0.009875	0.012012	0.316163	0.218976	0.258744	4
1.01	0.332155	0.223810	0.267425	0.015603	0.010240	0.012365	0.330373	0.232297	0.272788	4
1.01	0.342756	0.230952	0.275960	0.015836	0.010526	0.012646	0.341030	0.240882	0.282338	4
1.01	0.351494	0.238095	0.283889	0.023713	0.012003	0.015938	0.346359	0.247987	0.289032	6
1.01	0.359155	0.242857	0.289773	0.023574	0.012133	0.016021	0.355240	0.256276	0.297750	6
1.01	0.378521	0.255952	0.305398	0.022803	0.012579	0.016214	0.374778	0.274926	0.317179	6
1.01	0.389085	0.263095	0.313920	0.022281	0.012834	0.016287	0.385435	0.285583	0.328080	6
1.01	0.410211	0.277381	0.330966	0.022543	0.013327	0.016751	0.405861	0.300089	0.345051	6
1.01	0.420775	0.284524	0.339489	0.022406	0.013524	0.016867	0.416519	0.308970	0.354773	6
1.01	0.427065	0.289286	0.344925	0.022292	0.013654	0.016935	0.421847	0.316075	0.361380	6
1.01	0.446397	0.302381	0.360539	0.022548	0.014116	0.017362	0.441385	0.329455	0.377294	6
1.01	0.449912	0.304762	0.363378	0.022360	0.014122	0.017311	0.444938	0.333304	0.381114	6
1.01	0.467487	0.316667	0.377573	0.022423	0.014505	0.017615	0.462700	0.348105	0.397305	6
1.01	0.472759	0.320238	0.381831	0.022409	0.014603	0.017683	0.468028	0.352546	0.402161	6
1.01	0.476274	0.322619	0.384670	0.022380	0.014669	0.017722	0.471581	0.353878	0.404338	6
1.01	0.465729	0.315476	0.376153	0.022375	0.014459	0.017567	0.460924	0.345441	0.394913	6
1.01	0.458699	0.310714	0.370476	0.022382	0.014316	0.017462	0.453819	0.339224	0.388242	6
1.01	0.449912	0.304762	0.363378	0.022458	0.014138	0.017352	0.444938	0.332416	0.380533	6
1.01	0.437610	0.296429	0.353442	0.022503	0.013985	0.017250	0.432504	0.320278	0.368026	6
1.01	0.431579	0.292857	0.348936	0.022929	0.013900	0.017308	0.425400	0.315246	0.362131	6
1.01	0.415061	0.282143	0.335932	0.023421	0.013549	0.017167	0.408526	0.302457	0.347579	6
1.02	0.405546	0.278571	0.330275	0.021633	0.013508	0.016631	0.396092	0.293872	0.337410	6
1.02	0.393414	0.270238	0.320395	0.021452	0.013206	0.016348	0.382771	0.283807	0.325943	6
1.03	0.385147	0.265476	0.314306	0.021386	0.013015	0.016182	0.374778	0.279366	0.320114	6
1.03	0.371972	0.255952	0.303244	0.021285	0.012665	0.015881	0.361456	0.267229	0.307281	6
1.03	0.358003	0.247619	0.292752	0.021177	0.012436	0.015670	0.346359	0.255684	0.294193	6
1.04	0.351629	0.244048	0.288124	0.021148	0.012309	0.015561	0.339254	0.250355	0.288103	6
1.04	0.350427	0.244048	0.287719	0.021212	0.012309	0.015578	0.338366	0.250355	0.287782	6
1.04	0.353242	0.246429	0.290323	0.029162	0.012667	0.017662	0.341030	0.253908	0.291090	7
1.04	0.354949	0.247619	0.291725	0.029188	0.012934	0.017925	0.342806	0.255684	0.292904	7
1.04	0.354949	0.247619	0.291725	0.029188	0.012934	0.017925	0.342806	0.255684	0.292904	7
1.05	0.356537	0.250000	0.293912	0.029093	0.013014	0.017984	0.346359	0.258348	0.295949	6
1.04	0.358844	0.251190	0.295518	0.028944	0.013033	0.017973	0.349023	0.258940	0.297308	6
1.05	0.357627	0.251190	0.295105	0.028944	0.013033	0.017973	0.349023	0.258940	0.297308	6
1.05	0.366723	0.257143	0.302309	0.029115	0.013211	0.018175	0.358792	0.266637	0.305925	6
1.05	0.375212	0.263095	0.309307	0.029266	0.013433	0.018414	0.367673	0.272854	0.313245	6
1.04	0.388416	0.271429	0.319551	0.029558	0.013738	0.018758	0.382771	0.282327	0.324964	6
1.04	0.390119	0.272619	0.320953	0.029290	0.013741	0.018706	0.384547	0.284991	0.327367	6
1.04	0.394198	0.275000	0.323983	0.029222	0.013792	0.018739	0.388988	0.286234	0.329793	6
1.04	0.399317	0.278571	0.328191	0.029247	0.013874	0.018820	0.394316	0.292747	0.336024	6
1.04	0.417094	0.290476	0.342456	0.029405	0.014275	0.019219	0.413854	0.306957	0.352479	6
1.04	0.423208	0.295238	0.347826	0.029893	0.014513	0.019540	0.421847	0.312877	0.359282	6
1.04	0.435374	0.304762	0.358543	0.029993	0.014612	0.019650	0.435169	0.323535	0.371139	6
1.04	0.444444	0.309524	0.364912	0.022291	0.014475	0.017552	0.444938	0.331824	0.380145	5
1.04	0.443686	0.309524	0.364656	0.022214	0.014475	0.017529	0.444938	0.331824	0.380145	5
1.04	0.442930	0.309524	0.364401	0.030053	0.014767	0.019804	0.443458	0.331824	0.379603	7
1.04	0.443878	0.310714	0.365546	0.030084	0.014828	0.019865	0.443458	0.333304	0.380570	7
1.05	0.441426	0.309524	0.363891	0.029610	0.014657	0.019608	0.441681	0.332416	0.379337	7
1.05	0.441426	0.309524	0.363891	0.029595	0.014626	0.019577	0.441681	0.334192	0.380491	7
1.05	0.445763	0.313095	0.367832	0.025706	0.014708	0.018711	0.446418	0.338928	0.385317	7
1.05	0.447458	0.314286	0.369231	0.025738	0.014741	0.018745	0.448194	0.340705	0.387127	7
1.05	0.444068	0.311905	0.366434	0.025683	0.014630	0.018641	0.444642	0.339816	0.385225	7
1.05	0.444822	0.311905	0.366690	0.025665	0.015204	0.019096	0.444642	0.340113	0.385416	7
1.05	0.446520	0.313095	0.368090	0.025689	0.015252	0.019140	0.446418	0.340705	0.386462	7
1.05	0.448217	0.314286	0.369489	0.025713	0.015299	0.019184	0.448194	0.341297	0.387508	7
1.05	0.455008	0.319048	0.375087	0.025807	0.015490	0.019360	0.455299	0.344553	0.392259	7
1.04	0.454082	0.317857	0.373950	0.025778	0.015458	0.019327	0.453523	0.342777	0.390449	7
1.05	0.454237	0.319048	0.374825	0.025753	0.015534	0.019379	0.453523	0.343369	0.390833	7
1.05	0.456081	0.321429	0.377095	0.025738	0.016249	0.019921	0.454411	0.345145	0.392312	7
1.05	0.454392	0.320238	0.375698	0.025766	0.016261	0.019939	0.452635	0.342185	0.389736	7
1.05	0.457770	0.322619	0.378492	0.025915	0.016357	0.020055	0.456187	0.343961	0.392204	7
1.05	0.456998	0.322619	0.378228	0.025927	0.016372	0.020070	0.456187	0.343961	0.392204	7
1.06	0.447811	0.316667	0.370990	0.025837	0.016197	0.019911	0.447306	0.335968	0.383724	7
1.06	0.438861	0.311905	0.364649	0.025841	0.016111	0.019847	0.438425	0.328863	0.375822	7
1.06	0.432387	0.308333	0.359972	0.026187	0.016167	0.019992	0.430432	0.322647	0.368826	7
1.07	0.421227	0.302381	0.352044	0.026531	0.016205	0.020120	0.417999	0.314654	0.359038	7
1.07	0.412935	0.296429	0.345114	0.026474	0.015998	0.019944	0.409118	0.308733	0.351906	7
1.08	0.399340	0.288095	0.334716	0.026358	0.015787	0.019747	0.394908	0.298076	0.339727	8
1.08	0.395387	0.285714	0.331721	0.026408	0.015752	0.019733	0.390468	0.295707	0.336544	8
1.08	0.397035	0.286905	0.333103	0.026569	0.015873	0.019873	0.391356	0.297484	0.338024	8
1.08	0.397035	0.286905	0.333103	0.026747	0.015873	0.019923	0.391356	0.297484	0.338024	8
1.08	0.395387	0.285714	0.331721	0.026724	0.015825	0.019879	0.389580	0.296596	0.336787	8
1.07	0.395041	0.284524	0.330796	0.030653	0.015778	0.020832	0.388395	0.294819	0.335199	8
1.07	0.395041	0.284524	0.330796	0.030653	0.015778	0.020832	0.388395	0.294819	0.335199	8
1.07	0.395695	0.284524	0.331025	0.030268	0.015625	0.020610	0.390172	0.294523	0.335667	8
1.07	0.400662	0.288095	0.335180	0.030336	0.015768	0.020750	0.395500	0.297780	0.339753	8
1.07	0.402985	0.289286	0.336798	0.025988	0.015663	0.019546	0.397573	0.299556	0.341674	9
1.07	0.404643	0.290476	0.338184	0.025936	0.015710	0.019568	0.399349	0.300148	0.342714	9
1.07	0.410299	0.294048	0.342580	0.025998	0.015838	0.019684	0.404677	0.302812	0.346411	9
1.07	0.410299	0.294048	0.342580	0.025901	0.015793	0.019622	0.404677	0.303996	0.347185	9
1.07	0.420266	0.301190	0.350901	0.025945	0.015943	0.019750	0.415335	0.312877	0.356898	9
1.07	0.425957	0.304762	0.355309	0.025857	0.016026	0.019787	0.421551	0.318206	0.362660	9
1.07	0.426667	0.304762	0.355556	0.025819	0.016026	0.019776	0.422439	0.318206	0.362988	9
1.07	0.429519	0.308333	0.358974	0.026412	0.016290	0.020151	0.424215	0.322647	0.366525	9
1.07	0.433775	0.311905	0.362881	0.026361	0.016386	0.020210	0.428656	0.327087	0.371046	9
1.08	0.433993	0.313095	0.363762	0.026779	0.016586	0.020485	0.428656	0.327975	0.371617	9
1.08	0.428571	0.310714	0.360248	0.026513	0.016476	0.020322	0.424215	0.327087	0.369373	9
1.08	0.428336	0.309524	0.359364	0.026424	0.016428	0.020260	0.424215	0.326199	0.368806	9
1.08	0.427869	0.310714	0.360000	0.030429	0.017079	0.021878	0.423031	0.327087	0.368923	9
1.08	0.427869	0.310714	0.360000	0.030346	0.017079	0.021857	0.423031	0.327087	0.368923	9
1.09	0.428105	0.311905	0.360882	0.030757	0.017448	0.022265	0.422143	0.327087	0.368585	9
1.09	0.427642	0.313095	0.361512	0.030907	0.017648	0.022467	0.421255	0.327975	0.368808	9
1.10	0.424635	0.311905	0.359643	0.030884	0.017616	0.022435	0.417703	0.326199	0.366323	9
1.10	0.426256	0.313095	0.361016	0.031133	0.017692	0.022563	0.419479	0.327975	0.368126	9
1.10	0.428803	0.315476	0.363512	0.031733	0.018138	0.023082	0.420367	0.328271	0.368654	9
1.10	0.423948	0.311905	0.359396	0.031785	0.018055	0.023029	0.415038	0.323831	0.363805	9
1.10	0.415858	0.305952	0.352538	0.031646	0.017229	0.022311	0.407934	0.317910	0.357339	9
1.10	0.409018	0.302381	0.347707	0.031729	0.017268	0.022364	0.399053	0.315542	0.352417	9
1.10	0.407108	0.300000	0.345442	0.032001	0.017325	0.022480	0.396388	0.314062	0.350455	9
1.10	0.409677	0.302381	0.347945	0.027998	0.017389	0.021454	0.399349	0.317259	0.353602	8
1.10	0.416399	0.308333	0.354309	0.028442	0.018085	0.022111	0.403789	0.320870	0.357586	7
1.12	0.417197	0.311905	0.356948	0.028542	0.018534	0.022474	0.402013	0.323535	0.358530	8
1.12	0.419304	0.315476	0.360054	0.028910	0.019287	0.023138	0.400237	0.326732	0.359768	8
1.13	0.423862	0.321429	0.365606	0.029066	0.019984	0.023684	0.403789	0.331528	0.364108	8
1.13	0.424765	0.322619	0.366712	0.029044	0.020031	0.023710	0.405565	0.332120	0.365186	8
1.13	0.429467	0.326190	0.370771	0.029124	0.020174	0.023837	0.410894	0.335672	0.369493	8
1.13	0.438871	0.333333	0.378890	0.029204	0.020460	0.024062	0.421551	0.341593	0.377383	8
1.14	0.442187	0.336905	0.382432	0.029241	0.021206	0.024584	0.424215	0.344257	0.380076	8
1.14	0.442187	0.336905	0.382432	0.029194	0.021206	0.024567	0.424215	0.344257	0.380076	8
1.13	0.442006	0.335714	0.381597	0.029340	0.021006	0.024483	0.423327	0.343369	0.379179	8
1.13	0.444795	0.335714	0.382632	0.029308	0.020853	0.024368	0.426880	0.343369	0.380597	8
1.12	0.446203	0.335714	0.383152	0.029097	0.020488	0.024045	0.430728	0.344257	0.382668	9
1.11	0.442492	0.329762	0.377899	0.028458	0.019441	0.023101	0.430728	0.341001	0.380648	9
1.11	0.446571	0.333333	0.381731	0.028386	0.019356	0.023017	0.436057	0.346329	0.386048	10
1.11	0.459200	0.341667	0.391809	0.028110	0.019232	0.022839	0.452043	0.357875	0.399484	10
1.10	0.461415	0.341667	0.392613	0.027433	0.018530	0.022119	0.457667	0.361723	0.404078	11
1.11	0.459330	0.342857	0.392638	0.027167	0.018410	0.021947	0.456483	0.364387	0.405269	11
1.11	0.464115	0.346429	0.396728	0.027273	0.018506	0.022050	0.461220	0.369716	0.410430	11
1.11	0.472843	0.352381	0.403820	0.027325	0.018668	0.022182	0.470101	0.375933	0.417776	11

Sun Aug 29 17:12:05 2021
64.30	0.014308	0.573209	0.027919	0.018538	0.102893	0.031415	0.014282	0.611167	0.027913	127
57.88	0.014177	0.550000	0.027641	0.015393	0.166759	0.028185	0.014104	0.582978	0.027541	127
51.44	0.014260	0.491667	0.027716	0.015690	0.127535	0.027942	0.014114	0.538603	0.027507	125
45.23	0.015041	0.455952	0.029122	0.016143	0.120010	0.028458	0.014844	0.501303	0.028834	123
39.39	0.015917	0.420238	0.030672	0.017413	0.099031	0.029618	0.015712	0.466519	0.030401	121
33.69	0.016448	0.371429	0.031501	0.018806	0.081111	0.030533	0.016245	0.415749	0.031268	121
28.42	0.017565	0.334524	0.033377	0.017635	0.067483	0.027962	0.017322	0.376081	0.033119	119
23.65	0.018552	0.294048	0.034902	0.019490	0.054084	0.028654	0.018269	0.335080	0.034648	114
19.52	0.020109	0.263095	0.037363	0.017848	0.046643	0.025817	0.019789	0.299408	0.037124	108
15.82	0.020997	0.222619	0.038375	0.020755	0.042875	0.027970	0.020843	0.254056	0.038525	106
12.53	0.022263	0.186905	0.039787	0.021825	0.037398	0.027564	0.022983	0.210243	0.041436	99
9.87	0.023767	0.157143	0.041289	0.020568	0.024523	0.022372	0.024533	0.178863	0.043148	94
7.64	0.025581	0.130952	0.042802	0.012948	0.021963	0.016291	0.026163	0.148372	0.044482	87
5.77	0.028035	0.108333	0.044542	0.012493	0.015208	0.013717	0.028862	0.120545	0.046574	79
4.29	0.031858	0.091667	0.047283	0.013455	0.014544	0.013979	0.033713	0.099230	0.050328	74
3.09	0.029851	0.061905	0.040279	0.012171	0.008905	0.010285	0.033902	0.066963	0.045014	63
2.32	0.032975	0.051190	0.040112	0.012876	0.008141	0.009975	0.035245	0.053641	0.042539	59
1.74	0.038776	0.045238	0.041758	0.009982	0.006048	0.007533	0.044257	0.046536	0.045368	54
1.37	0.058290	0.053571	0.055831	0.010326	0.006461	0.007948	0.066075	0.053641	0.059212	49
1.20	0.073964	0.059524	0.065963	0.009664	0.007067	0.008164	0.081409	0.054825	0.065524	47
1.10	0.088997	0.065476	0.075446	0.009563	0.003620	0.005252	0.095027	0.057490	0.071639	41
1.05	0.110169	0.077381	0.090909	0.008736	0.004370	0.005826	0.113677	0.066667	0.084045	37
1.03	0.132988	0.091667	0.108527	0.009549	0.005066	0.006620	0.134991	0.082060	0.102072	36
1.02	0.138112	0.094048	0.111898	0.015149	0.005264	0.007813	0.140320	0.084725	0.105655	35
1.01	0.143110	0.096429	0.115220	0.014811	0.005417	0.007933	0.143872	0.086501	0.108043	30
1.00	0.153982	0.103571	0.123843	0.014376	0.006055	0.008521	0.154529	0.086797	0.111158	25
1.00	0.163121	0.109524	0.131054	0.010706	0.006438	0.008041	0.163410	0.092274	0.117946	23
1.00	0.179078	0.120238	0.143875	0.009956	0.007038	0.008247	0.179396	0.103523	0.131286	22
1.00	0.188277	0.126190	0.151105	0.016074	0.011206	0.013206	0.188277	0.109443	0.138423	19
1.00	0.195382	0.130952	0.156807	0.015652	0.007594	0.010226	0.195382	0.116548	0.146003	15
1.00	0.195382	0.130952	0.156807	0.008382	0.007712	0.008033	0.195382	0.115364	0.145071	11
1.00	0.200710	0.134524	0.161083	0.008791	0.007942	0.008345	0.200710	0.118324	0.148880	8
1.00	0.200710	0.134524	0.161083	0.008761	0.007986	0.008356	0.200710	0.118324	0.148880	8
1.00	0.205674	0.138095	0.165242	0.008802	0.008172	0.008475	0.205151	0.121877	0.152911	8
1.00	0.214539	0.144048	0.172365	0.008895	0.008421	0.008651	0.214032	0.128982	0.160963	4
1.00	0.219858	0.147619	0.176638	0.008949	0.008517	0.008727	0.219361	0.135198	0.167291	3
1.00	0.221631	0.148810	0.178063	0.008963	0.008549	0.008751	0.221137	0.136975	0.169166	2
1.00	0.219858	0.147619	0.176638	0.008946	0.008517	0.008726	0.219361	0.135198	0.167291	2
1.00	0.221631	0.148810	0.178063	0.008963	0.008549	0.008751	0.221137	0.136975	0.169166	2
1.00	0.218085	0.146429	0.175214	0.008928	0.008485	0.008701	0.217584	0.133422	0.165413	2
1.00	0.212766	0.142857	0.170940	0.008863	0.008389	0.008620	0.212256	0.128094	0.159769	2
1.00	0.212766	0.142857	0.170940	0.008863	0.008389	0.008620	0.212256	0.128094	0.159769	2
1.00	0.212766	0.142857	0.170940	0.008863	0.008389	0.008620	0.212256	0.128094	0.159769	2
1.00	0.212766	0.142857	0.170940	0.008863	0.008389	0.008620	0.212256	0.128094	0.159769	2
1.00	0.212766	0.142857	0.170940	0.008863	0.008389	0.008620	0.212256	0.128094	0.159769	2
1.00	0.217699	0.146429	0.175089	0.008925	0.008485	0.008699	0.216696	0.133422	0.165156	2
1.00	0.225177	0.151190	0.180912	0.008993	0.008613	0.008799	0.224689	0.140527	0.172911	2
1.00	0.237168	0.159524	0.190747	0.009074	0.008837	0.008954	0.236234	0.151184	0.184374	2
1.00	0.242478	0.163095	0.195018	0.009102	0.008933	0.009017	0.241563	0.156513	0.189952	2
1.00	0.246018	0.165476	0.197865	0.009122	0.008997	0.009059	0.245115	0.160065	0.193664	3
1.00	0.255319	0.171429	0.205128	0.009163	0.009157	0.009160	0.254885	0.168058	0.202559	3
1.00	0.264654	0.177381	0.212402	0.009203	0.009317	0.009260	0.264654	0.176051	0.211446	4
1.00	0.278863	0.186905	0.223806	0.013145	0.009545	0.011059	0.278863	0.189372	0.225566	4
1.00	0.291297	0.195238	0.233785	0.012275	0.009740	0.010861	0.291297	0.200030	0.237186	3
1.00	0.287744	0.192857	0.230934	0.011096	0.009587	0.010286	0.287744	0.198253	0.234759	3
1.00	0.296625	0.198810	0.238061	0.012190	0.009644	0.010769	0.296625	0.205358	0.242695	3
1.00	0.305506	0.204762	0.245189	0.011618	0.009760	0.010608	0.305506	0.213351	0.251245	3
1.00	0.337478	0.226190	0.270848	0.012823	0.010338	0.011447	0.337478	0.242658	0.282319	3
1.00	0.353464	0.236905	0.283678	0.013070	0.010508	0.011650	0.353464	0.258644	0.298710	3
1.00	0.364121	0.244048	0.292231	0.013662	0.010674	0.011984	0.364121	0.268413	0.309026	3
1.00	0.374778	0.251190	0.300784	0.013559	0.010777	0.012009	0.374778	0.280847	0.321084	3
1.00	0.391844	0.263095	0.314815	0.014125	0.011130	0.012450	0.391652	0.295056	0.336560	4
1.00	0.410302	0.275000	0.329294	0.013993	0.011440	0.012588	0.410302	0.309414	0.352787	4
1.00	0.417407	0.279762	0.334996	0.013903	0.011523	0.012602	0.417407	0.316519	0.360029	4
1.00	0.426288	0.285714	0.342124	0.014042	0.011670	0.012747	0.426288	0.324511	0.368501	5
1.00	0.426288	0.285714	0.342124	0.013845	0.011612	0.012630	0.426288	0.324512	0.368501	5
1.00	0.436945	0.292857	0.350677	0.013855	0.011853	0.012776	0.436945	0.333689	0.378399	5
1.00	0.438721	0.294048	0.352103	0.013811	0.011945	0.012811	0.438721	0.335465	0.380207	5
1.00	0.444050	0.297619	0.356379	0.013889	0.012057	0.012908	0.444050	0.338721	0.384299	5
1.00	0.446809	0.300000	0.358974	0.013940	0.012137	0.012976	0.446714	0.341385	0.387011	4
1.00	0.432624	0.290476	0.347578	0.013981	0.011818	0.012809	0.432504	0.328952	0.373687	4
1.00	0.418440	0.280952	0.336182	0.014185	0.011586	0.012755	0.418295	0.316075	0.360070	3
1.00	0.409574	0.275000	0.329060	0.014369	0.011511	0.012782	0.409414	0.308970	0.352170	3
1.00	0.395390	0.265476	0.317664	0.013982	0.011192	0.012432	0.395204	0.297721	0.339605	3
1.00	0.388298	0.260714	0.311966	0.013397	0.011209	0.012206	0.388099	0.291504	0.332937	3
1.00	0.370567	0.248810	0.297721	0.011906	0.010855	0.011357	0.370337	0.278182	0.317712	3
1.00	0.363475	0.244048	0.292023	0.010634	0.010696	0.010665	0.363233	0.272854	0.311622	3
1.00	0.368142	0.247619	0.296085	0.011551	0.010792	0.011159	0.367673	0.278182	0.316728	3
1.00	0.373451	0.251190	0.300356	0.011587	0.010888	0.011227	0.373002	0.282623	0.321583	3
1.00	0.378761	0.254762	0.304626	0.011577	0.010984	0.011273	0.378330	0.287951	0.327011	3
1.00	0.380531	0.255952	0.306050	0.011589	0.011016	0.011295	0.380107	0.289728	0.328820	3
1.00	0.373451	0.251190	0.300356	0.011541	0.010888	0.011205	0.373002	0.282623	0.321583	3
1.00	0.373451	0.251190	0.300356	0.011587	0.010888	0.011227	0.373002	0.282623	0.321583	3
1.00	0.374113	0.251190	0.300570	0.011350	0.010904	0.011122	0.373890	0.281735	0.321336	3
1.00	0.375887	0.252381	0.301994	0.011901	0.010951	0.011406	0.375666	0.282623	0.322569	4
1.00	0.377660	0.253571	0.303419	0.012343	0.010999	0.011632	0.377442	0.283511	0.323802	5
1.00	0.386525	0.259524	0.310541	0.013814	0.011208	0.012375	0.386323	0.287951	0.329961	5
1.00	0.390071	0.261905	0.313390	0.014098	0.011303	0.012547	0.389876	0.290320	0.332812	5
1.00	0.386525	0.259524	0.310541	0.014076	0.011152	0.012445	0.386323	0.286767	0.329183	5
1.00	0.388298	0.260714	0.311966	0.013555	0.011098	0.012204	0.388099	0.289728	0.331775	5
1.00	0.400709	0.269048	0.321937	0.013556	0.011402	0.012386	0.400533	0.297425	0.341363	5
1.00	0.402482	0.270238	0.323362	0.013854	0.011559	0.012603	0.402309	0.293280	0.339250	5
1.00	0.407080	0.273810	0.327402	0.013965	0.011718	0.012743	0.406750	0.296536	0.343007	5
1.00	0.392920	0.264286	0.316014	0.013858	0.011475	0.012554	0.392540	0.282327	0.328434	5
1.00	0.375221	0.252381	0.301779	0.013652	0.011123	0.012259	0.374778	0.269005	0.313203	5
1.00	0.373451	0.251190	0.300356	0.013596	0.011076	0.012207	0.373002	0.267229	0.311378	5
1.00	0.368142	0.247619	0.296085	0.013713	0.010980	0.012195	0.367673	0.261012	0.305295	5
1.01	0.363316	0.245238	0.292822	0.013591	0.010929	0.012116	0.361456	0.258348	0.301326	4
1.01	0.345679	0.233333	0.278607	0.013646	0.010624	0.011947	0.343695	0.239698	0.282427	4
1.01	0.343915	0.232143	0.277185	0.013667	0.010608	0.011945	0.341918	0.237034	0.279975	5
1.01	0.338624	0.228571	0.272921	0.013583	0.010496	0.011842	0.336590	0.232356	0.274925	5
1.01	0.331570	0.223810	0.267235	0.013381	0.010335	0.011662	0.329485	0.228449	0.269819	5
1.01	0.329806	0.222619	0.265814	0.013744	0.010316	0.011786	0.327709	0.226673	0.267984	5
1.01	0.324515	0.219048	0.261549	0.013436	0.010173	0.011579	0.322380	0.223120	0.263719	5
1.01	0.328042	0.221429	0.264392	0.013530	0.010253	0.011666	0.325933	0.226673	0.267388	5
1.01	0.325704	0.220238	0.262784	0.013451	0.010205	0.011605	0.323268	0.224896	0.265256	5
1.01	0.325704	0.220238	0.262784	0.013381	0.010190	0.011569	0.323268	0.225784	0.265872	5
1.01	0.329225	0.222619	0.265625	0.013547	0.010298	0.011701	0.326821	0.229337	0.269535	5
1.01	0.327465	0.221429	0.264205	0.013380	0.010251	0.011608	0.325044	0.228449	0.268318	4
1.01	0.336268	0.227381	0.271307	0.013452	0.010411	0.011738	0.333925	0.237330	0.277461	4
1.01	0.353357	0.238095	0.284495	0.013429	0.010683	0.011900	0.351687	0.253316	0.294504	4
1.01	0.351590	0.236905	0.283073	0.013204	0.010607	0.011764	0.349911	0.251539	0.292681	4
1.01	0.367491	0.247619	0.295875	0.013361	0.010881	0.011994	0.365897	0.265216	0.307526	5
1.01	0.390459	0.263095	0.314367	0.013486	0.011255	0.012270	0.388988	0.285642	0.329399	5
1.01	0.411661	0.277381	0.331437	0.013631	0.011673	0.012576	0.410302	0.305181	0.350019	4
1.01	0.425795	0.286905	0.342817	0.013777	0.011945	0.012796	0.424512	0.317614	0.363364	4
1.00	0.431858	0.290476	0.347331	0.013882	0.012041	0.012896	0.430728	0.323239	0.369321	4
1.01	0.438163	0.295238	0.352774	0.021730	0.012788	0.016101	0.436057	0.329455	0.375334	5
1.00	0.447788	0.301190	0.360142	0.021728	0.012904	0.016191	0.446714	0.338336	0.385044	5
1.01	0.446996	0.301190	0.359886	0.021707	0.012917	0.016196	0.444938	0.338336	0.384383	5
1.01	0.445230	0.300000	0.358464	0.021579	0.012854	0.016111	0.443162	0.337448	0.383147	5
1.01	0.431095	0.290476	0.347084	0.021276	0.012519	0.015763	0.428952	0.326791	0.370966	5
1.01	0.425044	0.286905	0.342573	0.021350	0.013129	0.016260	0.421847	0.319686	0.363729	6
1.01	0.421517	0.284524	0.339730	0.021643	0.013139	0.016351	0.418295	0.316134	0.360109	6
1.01	0.400353	0.270238	0.322672	0.021084	0.012795	0.015925	0.396980	0.299201	0.341224	6
1.01	0.382042	0.258333	0.308239	0.020923	0.013062	0.016083	0.377442	0.283215	0.323609	6
1.01	0.378521	0.255952	0.305398	0.021509	0.013043	0.016239	0.373890	0.278774	0.319401	6
1.01	0.371479	0.251190	0.299716	0.021458	0.012915	0.016125	0.366785	0.271670	0.312142	6
1.01	0.362676	0.245238	0.292614	0.021388	0.012755	0.015980	0.357904	0.262789	0.303059	5
1.01	0.360915	0.244048	0.291193	0.021487	0.012722	0.015982	0.356128	0.261012	0.301240	5
1.01	0.356140	0.241667	0.287943	0.021516	0.012703	0.015975	0.350799	0.257460	0.296968	5
1.01	0.356140	0.241667	0.287943	0.021516	0.012703	0.015975	0.350799	0.257460	0.296968	5
1.01	0.356140	0.241667	0.287943	0.021189	0.012658	0.015849	0.350799	0.258348	0.297558	5
1.01	0.361403	0.245238	0.292199	0.021390	0.012770	0.015993	0.356128	0.262493	0.302224	5
1.01	0.363158	0.246429	0.293617	0.021216	0.012773	0.015946	0.357904	0.262848	0.303098	5
1.01	0.372583	0.252381	0.300923	0.021035	0.012933	0.016018	0.367673	0.271729	0.312503	5
1.01	0.386643	0.261905	0.312278	0.021168	0.013205	0.016264	0.381883	0.284162	0.325854	5
1.01	0.410211	0.277381	0.330966	0.021568	0.013653	0.016721	0.405861	0.305477	0.348586	5
1.01	0.422535	0.285714	0.340909	0.021396	0.013877	0.016835	0.418295	0.317910	0.361258	5
1.01	0.424296	0.286905	0.342330	0.021271	0.013835	0.016766	0.420071	0.320574	0.363640	5
1.01	0.438380	0.296429	0.353693	0.021523	0.014123	0.017055	0.434281	0.332120	0.376391	5
1.01	0.444640	0.301190	0.359120	0.021522	0.014193	0.017105	0.439609	0.338928	0.382759	5
1.01	0.449123	0.304762	0.363121	0.021869	0.014320	0.017307	0.444050	0.343369	0.387273	5
1.01	0.450088	0.305952	0.364281	0.021788	0.014368	0.017316	0.444938	0.343961	0.387987	5
1.01	0.448336	0.304762	0.362863	0.021888	0.014293	0.017294	0.443162	0.341297	0.385615	5
1.02	0.442308	0.301190	0.358357	0.021713	0.014171	0.017149	0.436945	0.335968	0.379860	5
1.02	0.450262	0.307143	0.365180	0.021874	0.014409	0.017373	0.444938	0.342185	0.386854	5
1.02	0.457391	0.313095	0.371731	0.022120	0.014652	0.017627	0.451155	0.344020	0.390370	5
1.04	0.456261	0.316667	0.373858	0.030148	0.015377	0.020367	0.446714	0.341356	0.386992	6
1.04	0.441980	0.308333	0.363254	0.028432	0.015415	0.019992	0.431320	0.327146	0.372079	6
1.05	0.445763	0.313095	0.367832	0.029214	0.016111	0.020768	0.431320	0.329515	0.373606	6
1.05	0.440878	0.310714	0.364525	0.029158	0.016125	0.020766	0.425992	0.325074	0.368753	6
1.05	0.448567	0.316667	0.371249	0.029373	0.016516	0.021143	0.433097	0.330107	0.374653	6
1.05	0.453626	0.320238	0.375436	0.029565	0.016721	0.021361	0.438425	0.332771	0.378361	6
1.05	0.460237	0.323810	0.380154	0.029659	0.016880	0.021515	0.445530	0.336027	0.383107	6
1.05	0.461929	0.325000	0.381551	0.029670	0.016883	0.021520	0.447306	0.336915	0.384341	6
1.05	0.468697	0.329762	0.387142	0.029745	0.017058	0.021682	0.454411	0.341356	0.389852	6
1.05	0.468697	0.329762	0.387142	0.029740	0.017042	0.021668	0.454411	0.342244	0.390431	6
1.05	0.481356	0.338095	0.397203	0.028856	0.017098	0.021473	0.468621	0.355565	0.404339	6
1.04	0.482993	0.338095	0.397759	0.028770	0.017006	0.021377	0.470397	0.357342	0.406148	6
1.04	0.488927	0.341667	0.402242	0.028903	0.017102	0.021489	0.476613	0.362670	0.411907	6
1.04	0.494017	0.344048	0.405614	0.029427	0.017586	0.022015	0.482238	0.368295	0.417634	6
1.04	0.513652	0.358333	0.422160	0.029724	0.018185	0.022565	0.501776	0.386945	0.436942	6
1.04	0.518771	0.361905	0.426367	0.029758	0.018281	0.022649	0.507105	0.392274	0.442358	6
1.04	0.516184	0.360714	0.424667	0.029048	0.018249	0.022416	0.504440	0.390497	0.440215	8
1.04	0.500852	0.350000	0.412053	0.028913	0.017914	0.022122	0.488455	0.375400	0.424529	8
1.04	0.482112	0.336905	0.396636	0.028778	0.017513	0.021775	0.469509	0.361486	0.408476	8
1.05	0.461800	0.323810	0.380686	0.028690	0.017267	0.021559	0.447306	0.342244	0.387785	8
1.05	0.429542	0.301190	0.354094	0.029199	0.016607	0.021172	0.413558	0.312049	0.355703	8
1.05	0.411168	0.289286	0.339623	0.028947	0.016346	0.020893	0.393132	0.296063	0.337762	8
1.05	0.399663	0.282143	0.330775	0.028893	0.016470	0.020980	0.378034	0.285110	0.325061	8
1.06	0.396639	0.280952	0.328920	0.028811	0.016569	0.021039	0.374482	0.284221	0.323168	8
1.06	0.391304	0.278571	0.325452	0.028827	0.016579	0.021051	0.367377	0.278597	0.316886	8
1.07	0.383333	0.273810	0.319444	0.028850	0.016601	0.021075	0.357608	0.272380	0.309229	8
1.07	0.380399	0.272619	0.317614	0.028411	0.016583	0.020942	0.354648	0.269716	0.306405	7
1.08	0.371287	0.267857	0.311203	0.028658	0.016802	0.021184	0.342214	0.264387	0.298308	8
1.08	0.367987	0.265476	0.308437	0.028701	0.016722	0.021132	0.338662	0.261723	0.295263	8
1.08	0.366337	0.264286	0.307054	0.028608	0.016690	0.021081	0.336886	0.259947	0.293457	7
1.08	0.366776	0.265476	0.308011	0.028688	0.016754	0.021154	0.335110	0.260243	0.292969	7
1.08	0.368421	0.266667	0.309392	0.028745	0.016954	0.021328	0.335998	0.261131	0.293871	6
1.08	0.368421	0.266667	0.309392	0.028745	0.016954	0.021328	0.335998	0.261131	0.293871	6
1.08	0.376026	0.272619	0.316080	0.028661	0.016993	0.021336	0.343991	0.267348	0.300865	6
1.09	0.384615	0.279762	0.323915	0.028569	0.017189	0.021464	0.353760	0.274156	0.308912	6
1.08	0.395082	0.286905	0.332414	0.028476	0.017370	0.021578	0.364417	0.285702	0.320294	6
1.08	0.402640	0.290476	0.337483	0.028232	0.017103	0.021302	0.375074	0.291326	0.327938	5
1.08	0.422442	0.304762	0.354080	0.028902	0.017539	0.021830	0.395796	0.310864	0.348227	5
1.07	0.469421	0.338095	0.393080	0.029399	0.018505	0.022713	0.447306	0.353493	0.394905	5
1.06	0.501672	0.357143	0.417246	0.029633	0.019068	0.023205	0.483718	0.380728	0.426088	5
1.06	0.527546	0.376190	0.439194	0.029653	0.019583	0.023588	0.511249	0.405595	0.452335	5
1.06	0.545151	0.388095	0.453407	0.029635	0.019890	0.023804	0.530787	0.423357	0.471024	5
1.06	0.556856	0.396429	0.463143	0.029602	0.020025	0.023889	0.543221	0.437271	0.484521	6
1.06	0.575503	0.408333	0.477716	0.028318	0.020361	0.023689	0.562759	0.453848	0.502470	7
1.06	0.578859	0.410714	0.480501	0.028279	0.020349	0.023667	0.566311	0.458289	0.506606	8
1.06	0.578859	0.410714	0.480501	0.027798	0.020333	0.023487	0.566311	0.458289	0.506606	9
1.06	0.577181	0.409524	0.479109	0.027764	0.020286	0.023443	0.564535	0.457697	0.505533	9
1.06	0.571906	0.407143	0.475661	0.027395	0.020343	0.023348	0.558911	0.455329	0.501830	9
1.06	0.566890	0.403571	0.471488	0.027048	0.020200	0.023128	0.553582	0.450000	0.496446	9
1.07	0.566445	0.405952	0.472954	0.027498	0.020922	0.023763	0.550030	0.450592	0.495370	9
1.07	0.565506	0.405952	0.472626	0.029039	0.020922	0.024321	0.549142	0.450592	0.495010	9
1.08	0.557756	0.402381	0.467497	0.028790	0.020978	0.024271	0.541445	0.444375	0.488131	9
1.08	0.542010	0.391667	0.454734	0.028529	0.020903	0.024128	0.523683	0.427501	0.470729	9
1.08	0.524590	0.380952	0.441379	0.030700	0.024794	0.027433	0.503256	0.411516	0.452786	9
1.09	0.507365	0.369048	0.427292	0.030298	0.024519	0.027104	0.485494	0.393458	0.434657	9
1.09	0.490196	0.357143	0.413223	0.028815	0.024259	0.026341	0.467732	0.377472	0.417783	9
1.09	0.480392	0.350000	0.404959	0.028264	0.024098	0.026015	0.457075	0.366815	0.407001	9
1.09	0.473083	0.345238	0.399174	0.027396	0.023970	0.025569	0.449970	0.359710	0.399809	9
1.09	0.468189	0.341667	0.395045	0.027060	0.023843	0.025349	0.444642	0.354381	0.394413	9
1.09	0.466558	0.340476	0.393668	0.026987	0.023811	0.025300	0.442866	0.353493	0.393164	9
1.09	0.463295	0.338095	0.390915	0.026962	0.023747	0.025253	0.439313	0.349941	0.389567	9
1.09	0.462541	0.338095	0.390647	0.026890	0.023762	0.025229	0.439313	0.349941	0.389567	9
1.09	0.456026	0.333333	0.385144	0.026747	0.023603	0.025077	0.432208	0.342836	0.382369	9
1.09	0.449511	0.328571	0.379642	0.026800	0.023444	0.025010	0.425104	0.335731	0.375168	9
1.10	0.434360	0.319048	0.367879	0.026457	0.023169	0.024704	0.410006	0.322410	0.360970	9
1.10	0.423263	0.311905	0.359150	0.026739	0.023215	0.024853	0.394908	0.311457	0.348253	9
1.10	0.415459	0.307143	0.353183	0.027757	0.023024	0.025170	0.386619	0.306128	0.341697	8
1.11	0.403509	0.301190	0.344922	0.029373	0.022978	0.025785	0.373298	0.297839	0.331326	8
1.12	0.397781	0.298810	0.341264	0.029550	0.023699	0.026303	0.364713	0.294287	0.325737	8
1.12	0.394612	0.296429	0.338545	0.025634	0.019652	0.022248	0.362049	0.289550	0.321766	8
1.12	0.395238	0.296429	0.338775	0.025864	0.019652	0.022334	0.362049	0.289550	0.321766	8
1.11	0.397129	0.296429	0.339468	0.026313	0.019681	0.022519	0.362641	0.289550	0.322000	7
1.11	0.399361	0.297619	0.341064	0.026753	0.019758	0.022729	0.365305	0.290438	0.323598	7
1.11	0.396800	0.295238	0.338567	0.026577	0.019452	0.022463	0.363529	0.288662	0.321798	8
1.10	0.400966	0.296429	0.340862	0.026870	0.019484	0.022588	0.367969	0.290438	0.324639	8
1.10	0.403537	0.298810	0.343365	0.026902	0.019548	0.022643	0.370930	0.292214	0.326900	9
1.10	0.403537	0.298810	0.343365	0.026673	0.019488	0.022521	0.370930	0.293102	0.327455	9
1.10	0.409018	0.302381	0.347707	0.025695	0.019615	0.022247	0.377146	0.298431	0.333203	9
1.10	0.413570	0.304762	0.350925	0.025871	0.019648	0.022334	0.383363	0.303168	0.338581	10
1.10	0.417476	0.307143	0.353909	0.025915	0.019712	0.022392	0.388692	0.307016	0.343059	10
1.10	0.427877	0.314286	0.362388	0.026127	0.019920	0.022605	0.399941	0.316785	0.353539	11
1.10	0.434572	0.320238	0.368746	0.026098	0.020064	0.022687	0.407046	0.326554	0.362384	11
1.10	0.445705	0.327381	0.377488	0.026739	0.020241	0.023040	0.418591	0.337211	0.373520	11
1.09	0.444805	0.326190	0.376374	0.026978	0.020191	0.023096	0.417111	0.334547	0.371294	10
1.10	0.452188	0.332143	0.382979	0.026959	0.020259	0.023134	0.425992	0.345204	0.381366	10
1.10	0.451768	0.334524	0.384405	0.026851	0.020216	0.023066	0.425696	0.350829	0.384653	10
1.12	0.452229	0.338095	0.386921	0.034402	0.020529	0.025713	0.425992	0.357874	0.388973	11
1.11	0.454545	0.339286	0.388548	0.034597	0.020574	0.025803	0.429544	0.361131	0.392378	11
1.11	0.459330	0.342857	0.392638	0.034204	0.020625	0.025733	0.434873	0.366459	0.397746	11
1.11	0.475279	0.354762	0.406271	0.034327	0.020979	0.026042	0.451451	0.380965	0.413224	10
1.11	0.487220	0.363095	0.416098	0.035946	0.023082	0.028112	0.463292	0.391089	0.424140	10
1.11	0.497608	0.371429	0.425358	0.035541	0.023266	0.028122	0.474837	0.404411	0.436804	10
1.12	0.523885	0.391667	0.448229	0.036256	0.024008	0.028887	0.503256	0.428686	0.462988	10
1.11	0.540064	0.401190	0.460382	0.036514	0.023697	0.028741	0.520722	0.442007	0.478147	11
1.10	0.559486	0.414286	0.476060	0.036426	0.022300	0.027664	0.542629	0.455625	0.495335	11
1.10	0.574194	0.423810	0.487671	0.036427	0.022268	0.027640	0.558911	0.468946	0.509991	11
1.10	0.583871	0.430952	0.495890	0.033107	0.022341	0.026679	0.571344	0.476939	0.519891	11
1.11	0.587480	0.435714	0.500342	0.033016	0.022379	0.026676	0.576969	0.480195	0.524153	11
1.11	0.590690	0.438095	0.503076	0.037479	0.022290	0.027955	0.580817	0.483748	0.527857	11
