
Sun Aug 29 05:35:44 2021
65.22	0.011883	0.482866	0.023195	0.015291	0.113274	0.026945	0.012012	0.549333	0.023510	124
58.53	0.011289	0.442857	0.022016	0.020637	0.155311	0.036434	0.011421	0.503316	0.022335	125
51.56	0.011747	0.405952	0.022834	0.022281	0.143418	0.038570	0.011875	0.463055	0.023155	125
44.98	0.011571	0.348810	0.022399	0.021679	0.124340	0.036921	0.011669	0.401184	0.022679	125
38.65	0.011810	0.305952	0.022741	0.022051	0.109563	0.036713	0.011891	0.350562	0.023001	125
32.78	0.012031	0.264286	0.023014	0.021311	0.086134	0.034168	0.012157	0.306454	0.023387	122
27.37	0.012591	0.230952	0.023880	0.011304	0.072452	0.019557	0.012746	0.267525	0.024332	119
22.47	0.013041	0.196429	0.024459	0.012552	0.060503	0.020790	0.013143	0.228893	0.024859	118
18.31	0.012317	0.151190	0.022778	0.013218	0.047976	0.020726	0.012190	0.177383	0.022813	111
14.92	0.011902	0.119048	0.021640	0.014499	0.041017	0.021425	0.011640	0.134754	0.021428	107
11.76	0.010876	0.085714	0.019303	0.013146	0.031475	0.018546	0.010568	0.095382	0.019028	103
9.22	0.010212	0.063095	0.017579	0.010334	0.026719	0.014904	0.010076	0.068147	0.017557	98
7.10	0.010500	0.050000	0.017355	0.011360	0.023705	0.015360	0.010268	0.051273	0.017110	88
5.30	0.009718	0.034524	0.015167	0.010052	0.013411	0.011491	0.009960	0.035228	0.015529	76
3.88	0.010531	0.027381	0.015212	0.010058	0.010602	0.010323	0.011495	0.026643	0.016061	69
2.74	0.011688	0.021429	0.015126	0.009345	0.007206	0.008137	0.011165	0.020426	0.014438	59
1.95	0.012762	0.016667	0.014455	0.008449	0.005949	0.006982	0.014654	0.015098	0.014872	52
1.44	0.017284	0.016667	0.016970	0.010341	0.003511	0.005242	0.019597	0.014210	0.016474	47
1.18	0.022523	0.017857	0.019920	0.010084	0.003587	0.005292	0.024334	0.015098	0.018634	37
1.06	0.028571	0.020238	0.023693	0.010122	0.003785	0.005510	0.030195	0.015690	0.020650	32
1.02	0.038194	0.026190	0.031073	0.010172	0.004123	0.005868	0.039076	0.021018	0.027334	30
1.01	0.057793	0.039286	0.046775	0.010567	0.004921	0.006715	0.058615	0.033156	0.042354	29
1.01	0.075972	0.051190	0.061166	0.010348	0.003026	0.004683	0.076377	0.044997	0.056630	30
1.00	0.088652	0.059524	0.071225	0.017715	0.003489	0.005829	0.088810	0.052990	0.066376	30
1.00	0.101064	0.067857	0.081197	0.017530	0.004069	0.006605	0.101243	0.059503	0.074954	29
1.00	0.120782	0.080952	0.096935	0.014870	0.004794	0.007250	0.120782	0.072232	0.090401	28
1.00	0.145648	0.097619	0.116892	0.012996	0.005614	0.007841	0.145648	0.090290	0.111475	30
1.00	0.159858	0.107143	0.128297	0.012979	0.006227	0.008416	0.159858	0.099171	0.122405	29
1.00	0.182948	0.122619	0.146828	0.013079	0.007015	0.009132	0.182948	0.116637	0.142454	25
1.00	0.203901	0.136905	0.163818	0.013431	0.007638	0.009738	0.203375	0.132919	0.160766	23
1.00	0.225177	0.151190	0.180912	0.013340	0.008098	0.010078	0.224689	0.149852	0.179794	22
1.00	0.246018	0.165476	0.197865	0.013603	0.008781	0.010673	0.244227	0.163914	0.196168	19
1.00	0.258407	0.173810	0.207829	0.013901	0.009097	0.010997	0.256661	0.174275	0.207592	16
1.00	0.270796	0.182143	0.217794	0.013661	0.009381	0.011123	0.269094	0.183748	0.218378	15
1.00	0.276106	0.185714	0.222064	0.012995	0.009388	0.010901	0.274423	0.188484	0.223476	13
1.00	0.276106	0.185714	0.222064	0.013106	0.009359	0.010920	0.274423	0.188484	0.223476	12
1.00	0.276106	0.185714	0.222064	0.012679	0.009270	0.010710	0.274423	0.190260	0.224720	11
1.00	0.279646	0.188095	0.224911	0.012438	0.009305	0.010646	0.277975	0.194701	0.229003	8
1.00	0.283186	0.190476	0.227758	0.012241	0.009369	0.010614	0.281528	0.198253	0.232664	6
1.00	0.286726	0.192857	0.230605	0.012281	0.009404	0.010652	0.285080	0.202102	0.236524	6
1.00	0.290266	0.195238	0.233452	0.012637	0.009410	0.010787	0.288632	0.205950	0.240380	6
1.00	0.299115	0.201190	0.240569	0.012924	0.009586	0.011008	0.297513	0.213055	0.248299	5
1.00	0.300885	0.202381	0.241993	0.012755	0.009602	0.010957	0.299290	0.215719	0.250724	4
1.00	0.306195	0.205952	0.246263	0.012803	0.009698	0.011037	0.304618	0.221048	0.256190	4
1.00	0.309735	0.208333	0.249110	0.012845	0.009704	0.011056	0.308171	0.225192	0.260227	4
1.00	0.307965	0.207143	0.247687	0.012711	0.009612	0.010946	0.306394	0.225636	0.259886	4
1.00	0.307965	0.207143	0.247687	0.012641	0.009568	0.010892	0.306394	0.226821	0.260670	4
1.01	0.310406	0.209524	0.250178	0.012695	0.009647	0.010963	0.308763	0.229485	0.263285	6
1.01	0.310406	0.209524	0.250178	0.012503	0.009558	0.010834	0.308763	0.230669	0.264063	6
1.01	0.313933	0.211905	0.253021	0.012618	0.009638	0.010928	0.312315	0.232445	0.266525	6
1.01	0.316901	0.214286	0.255682	0.020400	0.010276	0.013668	0.314387	0.236294	0.269803	7
1.01	0.318662	0.215476	0.257102	0.020354	0.010308	0.013685	0.316163	0.238070	0.271615	7
1.01	0.316344	0.214286	0.255500	0.020333	0.010216	0.013599	0.314387	0.236294	0.269803	7
1.01	0.316344	0.214286	0.255500	0.020333	0.010216	0.013599	0.314387	0.236294	0.269803	7
1.01	0.320490	0.217857	0.259391	0.028256	0.010649	0.015468	0.317940	0.240734	0.274002	9
1.01	0.322242	0.219048	0.260808	0.028356	0.010710	0.015547	0.319716	0.242510	0.275812	10
1.02	0.319372	0.217857	0.259023	0.028147	0.010647	0.015449	0.317762	0.239846	0.273360	11
1.02	0.314136	0.214286	0.254777	0.028052	0.010519	0.015301	0.312433	0.236294	0.269081	12
1.02	0.309028	0.211905	0.251412	0.027959	0.010424	0.015186	0.308763	0.233629	0.265992	13
1.03	0.305172	0.210714	0.249296	0.022732	0.010392	0.014263	0.306902	0.231853	0.264150	14
1.03	0.300687	0.208333	0.246132	0.022200	0.010328	0.014097	0.303349	0.228301	0.260528	14
1.04	0.300855	0.209524	0.247018	0.022349	0.010376	0.014172	0.305126	0.229189	0.261761	15
1.05	0.301184	0.211905	0.248777	0.024880	0.011400	0.015635	0.307092	0.230965	0.263643	16
1.06	0.301347	0.213095	0.249651	0.025092	0.012347	0.016550	0.307536	0.231853	0.264385	16
1.07	0.301667	0.215476	0.251389	0.024781	0.012443	0.016567	0.310941	0.234517	0.267375	16
1.07	0.302479	0.217857	0.253287	0.026423	0.016354	0.020204	0.312981	0.238070	0.270434	16

Sun Aug 29 05:49:38 2021
64.35	0.014996	0.601246	0.029262	0.012886	0.132015	0.023481	0.015026	0.676667	0.029400	123
56.78	0.013983	0.532143	0.027250	0.011543	0.195519	0.021799	0.013932	0.588277	0.027219	123
49.88	0.014600	0.488095	0.028351	0.010907	0.169578	0.020496	0.014546	0.548609	0.028340	122
43.29	0.016002	0.464286	0.030938	0.010231	0.156299	0.019204	0.015944	0.528034	0.030953	122
36.98	0.017486	0.433333	0.033615	0.009298	0.130988	0.017363	0.017518	0.501095	0.033852	122
31.33	0.019449	0.408333	0.037129	0.009898	0.112347	0.018194	0.019581	0.477857	0.037620	121
26.15	0.020920	0.366667	0.039581	0.008946	0.077912	0.016050	0.021027	0.439372	0.040133	116
21.93	0.023406	0.344048	0.043831	0.008991	0.069000	0.015910	0.023246	0.415098	0.044026	110
17.90	0.025901	0.310714	0.047815	0.009401	0.059465	0.016236	0.025364	0.381646	0.047566	106
14.46	0.028252	0.273810	0.051219	0.009088	0.041660	0.014920	0.027616	0.344938	0.051138	102
11.57	0.032402	0.251190	0.057399	0.005656	0.037088	0.009815	0.031238	0.320367	0.056925	95
9.14	0.036936	0.226190	0.063503	0.005813	0.023743	0.009339	0.035471	0.290705	0.063227	89
6.98	0.041221	0.192857	0.067925	0.005508	0.012734	0.007690	0.038209	0.256661	0.066516	78
5.33	0.047651	0.170238	0.074460	0.005685	0.008520	0.006820	0.042325	0.226465	0.071321	72
3.99	0.054270	0.145238	0.079016	0.005093	0.006183	0.005585	0.049901	0.193606	0.079349	66
3.08	0.057126	0.117857	0.076953	0.004997	0.004783	0.004888	0.053142	0.157194	0.079431	59
2.41	0.058910	0.095238	0.072793	0.004594	0.003052	0.003667	0.057608	0.129070	0.079661	49
1.90	0.066231	0.084524	0.074268	0.004773	0.002674	0.003428	0.064062	0.116637	0.082701	42
1.61	0.071665	0.077381	0.074413	0.005034	0.002527	0.003365	0.066726	0.106868	0.082156	38
1.41	0.083228	0.078571	0.080833	0.005459	0.002693	0.003606	0.074452	0.106868	0.087763	35
1.25	0.091038	0.076190	0.082955	0.005364	0.002629	0.003528	0.082741	0.101539	0.091182	30
1.17	0.101669	0.079762	0.089393	0.005437	0.002769	0.003669	0.096211	0.106868	0.101260	29
1.13	0.111987	0.084524	0.096336	0.005202	0.002942	0.003758	0.106276	0.112197	0.109156	27
1.08	0.131148	0.095238	0.110345	0.005172	0.003364	0.004076	0.132919	0.125222	0.128956	24
1.07	0.158333	0.113095	0.131944	0.005354	0.004067	0.004623	0.161634	0.146240	0.153552	22
1.06	0.186869	0.132143	0.154812	0.005557	0.004891	0.005203	0.194494	0.166667	0.179508	19
1.04	0.217094	0.151190	0.178246	0.005797	0.005671	0.005733	0.223801	0.189757	0.205378	18
1.03	0.229706	0.158333	0.187456	0.005697	0.006086	0.005885	0.235346	0.195974	0.213863	16
1.02	0.255245	0.173810	0.206799	0.005791	0.006859	0.006280	0.258437	0.211072	0.232365	14
1.01	0.272887	0.184524	0.220170	0.005849	0.007370	0.006522	0.274423	0.221433	0.245096	11
1.00	0.295575	0.198810	0.237722	0.005979	0.007888	0.006802	0.295737	0.237774	0.263607	11
1.00	0.310284	0.208333	0.249288	0.005869	0.008233	0.006853	0.309947	0.249319	0.276347	10
1.00	0.328014	0.220238	0.263533	0.005894	0.008687	0.007023	0.327709	0.264121	0.292499	10
1.00	0.336879	0.226190	0.270655	0.005898	0.008892	0.007092	0.336590	0.270337	0.299848	7
1.00	0.347518	0.233333	0.279202	0.005951	0.009128	0.007205	0.347247	0.278330	0.308993	7
1.00	0.358156	0.240476	0.287749	0.006009	0.009410	0.007334	0.357904	0.286915	0.318502	6
1.00	0.361702	0.242857	0.290598	0.005980	0.009563	0.007359	0.361456	0.288692	0.321002	5
1.00	0.370567	0.248810	0.297721	0.006029	0.009768	0.007456	0.370337	0.295796	0.328896	5
1.00	0.370567	0.248810	0.297721	0.006023	0.009901	0.007490	0.370337	0.293428	0.327427	4
1.00	0.370567	0.248810	0.297721	0.006033	0.009946	0.007510	0.370337	0.293428	0.327427	4
1.00	0.368794	0.247619	0.296296	0.006008	0.009914	0.007482	0.368561	0.292540	0.326180	5
1.00	0.369911	0.248810	0.297509	0.006074	0.009946	0.007542	0.369449	0.293428	0.327080	5
1.00	0.368142	0.247619	0.296085	0.006072	0.009914	0.007531	0.367673	0.291652	0.325280	6
1.00	0.368142	0.247619	0.296085	0.006133	0.009958	0.007591	0.367673	0.291652	0.325280	7
1.00	0.366372	0.246429	0.294662	0.006089	0.009926	0.007548	0.365897	0.289876	0.323480	6
1.01	0.363958	0.245238	0.293030	0.006085	0.009894	0.007536	0.363233	0.288099	0.321333	6
1.01	0.363958	0.245238	0.293030	0.006103	0.009894	0.007549	0.363233	0.288099	0.321333	6
1.01	0.362191	0.244048	0.291607	0.006117	0.009862	0.007551	0.361456	0.286323	0.319533	7
1.01	0.360424	0.242857	0.290185	0.006104	0.009786	0.007519	0.359680	0.285731	0.318469	6
1.01	0.360424	0.242857	0.290185	0.006110	0.009786	0.007523	0.359680	0.285731	0.318469	8
1.01	0.358657	0.241667	0.288762	0.006133	0.009709	0.007518	0.357904	0.284843	0.317221	8
1.01	0.360424	0.242857	0.290185	0.011364	0.009728	0.010482	0.359680	0.285731	0.318469	8
1.01	0.360424	0.242857	0.290185	0.011352	0.009728	0.010477	0.359680	0.285731	0.318469	8
1.00	0.359292	0.241667	0.288968	0.012891	0.009820	0.011148	0.358792	0.283955	0.317017	8
1.01	0.358657	0.241667	0.288762	0.012916	0.009820	0.011157	0.357904	0.283955	0.316670	8
1.01	0.351590	0.236905	0.283073	0.012215	0.009736	0.010836	0.351687	0.275962	0.309257	9
1.01	0.344464	0.233333	0.278212	0.012064	0.009640	0.010716	0.345471	0.272114	0.304436	9
1.01	0.346221	0.234524	0.279631	0.012669	0.009732	0.011008	0.347247	0.272706	0.305495	9
1.01	0.345614	0.234524	0.279433	0.014632	0.009777	0.011722	0.347247	0.271522	0.304751	9
1.01	0.342105	0.232143	0.276596	0.014672	0.009713	0.011688	0.343695	0.267081	0.300583	9
1.01	0.339192	0.229762	0.273953	0.014673	0.009649	0.011642	0.341030	0.264417	0.297876	9
1.01	0.335677	0.227381	0.271114	0.014640	0.009540	0.011552	0.337478	0.261753	0.294830	10
1.01	0.333919	0.226190	0.269695	0.014641	0.009508	0.011529	0.335702	0.259976	0.293026	11
1.01	0.335677	0.227381	0.271114	0.014688	0.009585	0.011600	0.337478	0.260568	0.294078	11
1.01	0.330404	0.223810	0.266856	0.014672	0.009444	0.011491	0.332149	0.256661	0.289566	11
1.01	0.328647	0.222619	0.265437	0.014679	0.009412	0.011470	0.330373	0.254885	0.287760	11
1.01	0.328070	0.222619	0.265248	0.014705	0.009367	0.011444	0.329485	0.256069	0.288174	12
1.01	0.328647	0.222619	0.265437	0.014692	0.009367	0.011441	0.330373	0.256069	0.288514	12
1.01	0.328647	0.222619	0.265437	0.014698	0.009367	0.011442	0.330373	0.256069	0.288514	12
1.01	0.332162	0.225000	0.268275	0.014737	0.009431	0.011502	0.333925	0.259621	0.292122	12
1.01	0.333333	0.226190	0.269504	0.014748	0.009463	0.011529	0.335406	0.261397	0.293813	13
1.01	0.331579	0.225000	0.268085	0.014764	0.009387	0.011477	0.333629	0.260509	0.292570	14
1.01	0.331579	0.225000	0.268085	0.014776	0.009387	0.011480	0.333629	0.260509	0.292570	14
1.01	0.333333	0.226190	0.269504	0.014796	0.009374	0.011477	0.335406	0.262285	0.294373	14
1.01	0.333333	0.226190	0.269504	0.014792	0.009374	0.011476	0.335406	0.261989	0.294186	14
1.01	0.335088	0.227381	0.270922	0.014828	0.009406	0.011511	0.337182	0.263766	0.295989	14
1.01	0.332750	0.226190	0.269313	0.014828	0.009359	0.011475	0.335258	0.263173	0.294874	15
1.01	0.330998	0.225000	0.267895	0.014797	0.009282	0.011408	0.333481	0.262581	0.293815	15
1.01	0.329247	0.223810	0.266478	0.014789	0.009206	0.011348	0.331705	0.261693	0.292569	15
1.01	0.327496	0.222619	0.265060	0.014775	0.009129	0.011285	0.329929	0.259917	0.290768	15
1.01	0.327496	0.222619	0.265060	0.014775	0.009129	0.011285	0.329929	0.259917	0.290768	15
1.01	0.327496	0.222619	0.265060	0.014797	0.009129	0.011292	0.329929	0.259917	0.290768	15
1.01	0.329247	0.223810	0.266478	0.014896	0.009206	0.011379	0.331705	0.261693	0.292569	15
1.01	0.330998	0.225000	0.267895	0.014954	0.009282	0.011454	0.333481	0.262285	0.293629	15
1.01	0.330998	0.225000	0.267895	0.014994	0.009282	0.011466	0.333481	0.262285	0.293629	15
1.01	0.330998	0.225000	0.267895	0.014988	0.009282	0.011464	0.333481	0.262285	0.293629	15
1.01	0.330998	0.225000	0.267895	0.015042	0.009282	0.011480	0.333481	0.262285	0.293629	15
1.01	0.332750	0.226190	0.269313	0.014426	0.009235	0.011261	0.335258	0.263173	0.294874	15
1.01	0.332750	0.226190	0.269313	0.014455	0.009280	0.011303	0.335258	0.262877	0.294688	15
1.01	0.330998	0.225000	0.267895	0.014456	0.009248	0.011280	0.333481	0.261101	0.292886	14
1.01	0.329247	0.223810	0.266478	0.014450	0.009260	0.011287	0.331705	0.257993	0.290242	14
1.01	0.327496	0.222619	0.265060	0.014428	0.009228	0.011256	0.329929	0.256217	0.288438	14
1.01	0.327496	0.222619	0.265060	0.014418	0.009273	0.011287	0.329929	0.255329	0.287874	14
1.01	0.325744	0.221429	0.263643	0.014403	0.009241	0.011258	0.328153	0.254440	0.286633	14
1.01	0.325744	0.221429	0.263643	0.014399	0.009241	0.011257	0.328153	0.254440	0.286633	14
1.01	0.325744	0.221429	0.263643	0.014390	0.009285	0.011287	0.328153	0.253552	0.286069	14
1.01	0.323993	0.220238	0.262225	0.014376	0.009253	0.011259	0.326377	0.251776	0.284263	14
1.01	0.323993	0.220238	0.262225	0.014376	0.009253	0.011259	0.326377	0.251776	0.284263	14
1.01	0.325744	0.221429	0.263643	0.014859	0.017066	0.015886	0.328153	0.252664	0.285503	14
1.01	0.325744	0.221429	0.263643	0.014859	0.017066	0.015886	0.328153	0.252664	0.285503	14
1.01	0.325744	0.221429	0.263643	0.014865	0.017066	0.015889	0.328153	0.252664	0.285503	14
1.01	0.325744	0.221429	0.263643	0.014865	0.017066	0.015889	0.328153	0.252664	0.285503	14
1.01	0.327496	0.222619	0.265060	0.014893	0.017098	0.015919	0.329929	0.254440	0.287309	14
1.01	0.327496	0.222619	0.265060	0.014867	0.017098	0.015904	0.329929	0.254440	0.287309	14
1.01	0.325744	0.221429	0.263643	0.014870	0.017066	0.015893	0.328153	0.252664	0.285503	14
1.01	0.325744	0.221429	0.263643	0.014882	0.017066	0.015899	0.328153	0.252664	0.285503	14
1.01	0.327496	0.222619	0.265060	0.014888	0.017113	0.015923	0.329929	0.253552	0.286742	14
1.01	0.325744	0.221429	0.263643	0.014865	0.017081	0.015896	0.328153	0.251776	0.284935	14
1.01	0.325744	0.221429	0.263643	0.014865	0.017081	0.015896	0.328153	0.251776	0.284935	14
1.01	0.325744	0.221429	0.263643	0.014865	0.017081	0.015896	0.328153	0.251776	0.284935	14
1.01	0.323993	0.220238	0.262225	0.014858	0.017094	0.015898	0.326377	0.248816	0.282367	14
1.01	0.323993	0.220238	0.262225	0.014853	0.017094	0.015895	0.326377	0.248816	0.282367	14
1.01	0.323993	0.220238	0.262225	0.014853	0.017094	0.015895	0.326377	0.248816	0.282367	14
1.01	0.323993	0.220238	0.262225	0.014869	0.017094	0.015904	0.326377	0.248816	0.282367	14
1.01	0.322242	0.219048	0.260808	0.014845	0.017062	0.015877	0.324600	0.247928	0.281130	14
1.01	0.320490	0.217857	0.259391	0.014850	0.017030	0.015865	0.322824	0.246152	0.279322	14
1.01	0.323993	0.220238	0.262225	0.014878	0.017109	0.015916	0.326377	0.248520	0.282176	14
1.01	0.323993	0.220238	0.262225	0.014884	0.017109	0.015919	0.326377	0.248520	0.282176	14
1.01	0.325744	0.221429	0.263643	0.014913	0.017141	0.015950	0.328153	0.249408	0.283412	14
1.01	0.327496	0.222619	0.265060	0.014886	0.017174	0.015948	0.329929	0.251184	0.285221	14
1.01	0.325744	0.221429	0.263643	0.014851	0.017097	0.015895	0.328153	0.250592	0.284175	14
1.01	0.325744	0.221429	0.263643	0.014857	0.017097	0.015898	0.328153	0.250592	0.284175	14
1.01	0.327496	0.222619	0.265060	0.014828	0.017129	0.015896	0.329929	0.251480	0.285412	14
1.01	0.327496	0.222619	0.265060	0.014834	0.017129	0.015899	0.329929	0.251480	0.285412	14
1.01	0.329247	0.223810	0.266478	0.014830	0.017161	0.015911	0.331705	0.253256	0.287220	14
1.01	0.329247	0.223810	0.266478	0.014836	0.017161	0.015914	0.331705	0.253256	0.287220	14
1.01	0.329247	0.223810	0.266478	0.014830	0.017161	0.015911	0.331705	0.253256	0.287220	14
1.01	0.327496	0.222619	0.265060	0.014813	0.017129	0.015887	0.329929	0.252368	0.285983	14
1.01	0.327496	0.222619	0.265060	0.014807	0.017129	0.015884	0.329929	0.252368	0.285983	14
1.01	0.327496	0.222619	0.265060	0.014833	0.017129	0.015898	0.329929	0.252368	0.285983	14
1.01	0.327496	0.222619	0.265060	0.014833	0.017129	0.015898	0.329929	0.252368	0.285983	14
1.01	0.325744	0.221429	0.263643	0.014815	0.017097	0.015875	0.328153	0.250592	0.284175	14
1.01	0.325744	0.221429	0.263643	0.014842	0.017097	0.015890	0.328153	0.250592	0.284175	14
1.01	0.325744	0.221429	0.263643	0.014871	0.017097	0.015906	0.328153	0.250592	0.284175	14
1.01	0.325744	0.221429	0.263643	0.014871	0.017097	0.015906	0.328153	0.250592	0.284175	14
1.01	0.322242	0.219048	0.260808	0.014874	0.017017	0.015874	0.324600	0.247928	0.281130	14
1.01	0.322242	0.219048	0.260808	0.014874	0.017017	0.015874	0.324600	0.247928	0.281130	14
1.01	0.322242	0.219048	0.260808	0.014874	0.017017	0.015874	0.324600	0.247928	0.281130	14
1.01	0.322242	0.219048	0.260808	0.014868	0.017017	0.015870	0.324600	0.247928	0.281130	14
1.01	0.322242	0.219048	0.260808	0.014874	0.017017	0.015874	0.324600	0.247928	0.281130	14
1.01	0.322242	0.219048	0.260808	0.014874	0.017017	0.015874	0.324600	0.247928	0.281130	14
1.01	0.322242	0.219048	0.260808	0.014874	0.017017	0.015874	0.324600	0.247928	0.281130	14
1.01	0.322242	0.219048	0.260808	0.014878	0.017017	0.015876	0.324600	0.247928	0.281130	14
1.01	0.322242	0.219048	0.260808	0.014878	0.017017	0.015876	0.324600	0.247928	0.281130	14
1.01	0.323993	0.220238	0.262225	0.014925	0.017094	0.015936	0.326377	0.248520	0.282176	14
1.01	0.322242	0.219048	0.260808	0.014901	0.017062	0.015909	0.324600	0.247632	0.280940	14
1.01	0.322242	0.219048	0.260808	0.014923	0.017062	0.015921	0.324600	0.247632	0.280940	14
1.01	0.322242	0.219048	0.260808	0.014898	0.017062	0.015907	0.324600	0.247632	0.280940	14
1.01	0.320490	0.217857	0.259391	0.014840	0.017030	0.015860	0.322824	0.245856	0.279131	14
1.01	0.318739	0.216667	0.257973	0.014828	0.016982	0.015832	0.321048	0.245263	0.278085	14
1.01	0.318739	0.216667	0.257973	0.014863	0.016982	0.015852	0.321048	0.245263	0.278085	14
1.01	0.316988	0.215476	0.256556	0.014839	0.016950	0.015825	0.319272	0.243487	0.276277	14
1.01	0.316988	0.215476	0.256556	0.014839	0.016950	0.015825	0.319272	0.243487	0.276277	14
1.01	0.316988	0.215476	0.256556	0.014811	0.016950	0.015808	0.319272	0.243487	0.276277	14
1.01	0.311734	0.211905	0.252303	0.014739	0.016854	0.015726	0.313943	0.239047	0.271423	14
1.01	0.311734	0.211905	0.252303	0.014768	0.016854	0.015742	0.313943	0.239047	0.271423	14
1.01	0.309982	0.210714	0.250886	0.014744	0.016822	0.015715	0.312167	0.238159	0.270186	14
1.01	0.309982	0.210714	0.250886	0.014744	0.016822	0.015715	0.312167	0.238159	0.270186	14
1.01	0.309982	0.210714	0.250886	0.014744	0.016822	0.015715	0.312167	0.238159	0.270186	14
1.01	0.309982	0.210714	0.250886	0.014774	0.016822	0.015731	0.312167	0.238159	0.270186	14
1.01	0.311734	0.211905	0.252303	0.014842	0.016854	0.015784	0.313943	0.239047	0.271423	14

Sun Aug 29 06:17:51 2021
62.85	0.014637	0.573209	0.028545	0.011398	0.117629	0.020783	0.014553	0.544000	0.028349	121
57.29	0.013828	0.530952	0.026954	0.010608	0.194128	0.020117	0.013794	0.498283	0.026844	123
51.47	0.014253	0.491667	0.027702	0.010215	0.174420	0.019301	0.014190	0.466015	0.027542	123
45.74	0.015263	0.467857	0.029561	0.010434	0.165586	0.019630	0.015222	0.443073	0.029433	120
40.28	0.016226	0.438095	0.031294	0.010437	0.151218	0.019526	0.016161	0.417555	0.031118	116
35.05	0.017434	0.409524	0.033444	0.010966	0.137084	0.020308	0.017389	0.394316	0.033310	113
30.06	0.018909	0.380952	0.036030	0.010207	0.119593	0.018808	0.018835	0.366785	0.035830	109
25.64	0.020224	0.347619	0.038225	0.010236	0.105914	0.018668	0.020195	0.337419	0.038110	107
21.67	0.021643	0.314286	0.040497	0.010124	0.082865	0.018044	0.021520	0.310776	0.040252	103
17.93	0.023774	0.285714	0.043896	0.009098	0.069905	0.016101	0.023566	0.286205	0.043547	101
14.56	0.027449	0.267857	0.049795	0.011141	0.061687	0.018874	0.027082	0.273120	0.049279	94
11.83	0.031227	0.247619	0.055459	0.010768	0.046511	0.017487	0.030943	0.253878	0.055163	86
9.58	0.034675	0.222619	0.060003	0.008141	0.030836	0.012882	0.034906	0.226791	0.060500	81
7.57	0.038019	0.192857	0.063517	0.007539	0.018551	0.010721	0.038596	0.196004	0.064492	80
5.84	0.046201	0.180952	0.073608	0.008000	0.013368	0.010010	0.045889	0.184310	0.073483	71
4.50	0.053649	0.161905	0.080593	0.008358	0.011116	0.009542	0.055033	0.163292	0.082322	67
3.33	0.063399	0.141667	0.087597	0.009335	0.008524	0.008911	0.062567	0.140142	0.086511	61
2.51	0.077739	0.130952	0.097561	0.010996	0.007638	0.009015	0.077197	0.127353	0.096126	51
2.01	0.087302	0.117857	0.100304	0.013407	0.006408	0.008672	0.087152	0.109888	0.097208	43
1.58	0.095506	0.101190	0.098266	0.013566	0.005770	0.008097	0.102931	0.091089	0.096649	36
1.31	0.111565	0.097619	0.104127	0.012448	0.005717	0.007835	0.122854	0.084873	0.100391	31
1.17	0.124620	0.097619	0.109479	0.012676	0.005717	0.007880	0.129070	0.086649	0.103689	31
1.09	0.142390	0.103571	0.119917	0.005438	0.005924	0.005671	0.144168	0.095234	0.114700	26
1.04	0.152659	0.105952	0.125088	0.004554	0.006106	0.005217	0.154529	0.098786	0.120525	24
1.02	0.160000	0.109524	0.130035	0.004729	0.006394	0.005437	0.160746	0.102635	0.125280	21
1.01	0.166667	0.113095	0.134752	0.005527	0.006768	0.006085	0.167851	0.099970	0.125308	21
1.01	0.174912	0.117857	0.140825	0.005498	0.007075	0.006187	0.175844	0.104707	0.131257	21
1.00	0.175844	0.117857	0.141126	0.006703	0.007133	0.006911	0.175844	0.103523	0.130322	21
1.00	0.179396	0.120238	0.143977	0.006767	0.007286	0.007017	0.179396	0.105003	0.132470	20
1.00	0.184725	0.123810	0.148254	0.010819	0.007471	0.008839	0.184725	0.109443	0.137451	18
1.00	0.190053	0.127381	0.152530	0.014720	0.007912	0.010292	0.190053	0.110924	0.140086	17
1.00	0.184725	0.123810	0.148254	0.010555	0.007842	0.008999	0.184725	0.103523	0.132686	15
1.00	0.184725	0.123810	0.148254	0.014474	0.007871	0.010197	0.184725	0.102635	0.131954	13
1.00	0.179396	0.120238	0.143977	0.006407	0.007744	0.007012	0.179396	0.099082	0.127658	12
1.00	0.177620	0.119048	0.142552	0.005813	0.007754	0.006645	0.177620	0.095530	0.124240	12
1.00	0.177620	0.119048	0.142552	0.005988	0.007754	0.006758	0.177620	0.095530	0.124240	11
1.00	0.175844	0.117857	0.141126	0.005327	0.007706	0.006299	0.175844	0.093754	0.122301	10
1.00	0.175844	0.117857	0.141126	0.005324	0.007706	0.006297	0.175844	0.093754	0.122301	10
1.00	0.177620	0.119048	0.142552	0.005320	0.007783	0.006320	0.177620	0.094642	0.123486	9
1.00	0.179396	0.120238	0.143977	0.005324	0.007860	0.006348	0.179396	0.095234	0.124419	7
1.00	0.182948	0.122619	0.146828	0.015092	0.007939	0.010405	0.182948	0.097898	0.127545	8
1.00	0.182948	0.122619	0.146828	0.015092	0.007939	0.010405	0.182948	0.097898	0.127545	9
1.00	0.186501	0.125000	0.149679	0.013790	0.008003	0.010128	0.186501	0.101451	0.131415	7
1.00	0.186501	0.125000	0.149679	0.013790	0.008003	0.010128	0.186501	0.101451	0.131415	6
1.00	0.186501	0.125000	0.149679	0.013790	0.008003	0.010128	0.186501	0.101451	0.131415	6
1.00	0.186501	0.125000	0.149679	0.013790	0.008003	0.010128	0.186501	0.101451	0.131415	6
1.00	0.186501	0.125000	0.149679	0.013790	0.008003	0.010128	0.186501	0.101451	0.131415	6
1.00	0.191829	0.128571	0.153956	0.011648	0.008099	0.009555	0.191829	0.106779	0.137192	5
1.00	0.198582	0.133333	0.159544	0.019167	0.008846	0.012106	0.197158	0.112996	0.143658	6
1.00	0.196809	0.132143	0.158120	0.014609	0.008770	0.010960	0.195382	0.112404	0.142708	6
1.00	0.201770	0.135714	0.162278	0.013140	0.008882	0.010599	0.200710	0.116844	0.147703	6
1.00	0.203540	0.136905	0.163701	0.013527	0.008885	0.010725	0.202487	0.119509	0.150306	6
1.00	0.207080	0.139286	0.166548	0.013327	0.008964	0.010719	0.206039	0.123061	0.154089	6
1.00	0.205310	0.138095	0.165125	0.012253	0.008843	0.010273	0.204263	0.123357	0.153820	6
1.00	0.214159	0.144048	0.172242	0.012412	0.008959	0.010406	0.213144	0.131350	0.162537	6
1.00	0.226549	0.152381	0.182206	0.013292	0.009214	0.010883	0.225577	0.143783	0.175624	6
1.00	0.235398	0.158333	0.189324	0.013142	0.009374	0.010943	0.234458	0.152664	0.184920	6
1.00	0.237168	0.159524	0.190747	0.016238	0.010201	0.012530	0.236234	0.153552	0.186124	6
1.00	0.233628	0.157143	0.187900	0.015969	0.010047	0.012334	0.232682	0.151776	0.183716	6
1.00	0.235398	0.158333	0.189324	0.015023	0.009505	0.011643	0.234458	0.153552	0.185570	6
1.00	0.237168	0.159524	0.190747	0.020478	0.009553	0.013028	0.236234	0.155329	0.187423	6
1.00	0.240708	0.161905	0.193594	0.020644	0.009632	0.013135	0.239787	0.158881	0.191124	6
1.00	0.244248	0.164286	0.196441	0.020728	0.009712	0.013227	0.243339	0.161545	0.194180	6
1.00	0.247788	0.166667	0.199288	0.021104	0.009807	0.013391	0.246892	0.165098	0.197875	6
1.00	0.246018	0.165476	0.197865	0.020991	0.009775	0.013339	0.245115	0.163321	0.196028	6
1.00	0.246018	0.165476	0.197865	0.021058	0.009746	0.013325	0.245115	0.163321	0.196028	6
1.00	0.246018	0.165476	0.197865	0.021000	0.009746	0.013313	0.245115	0.163321	0.196028	6
1.00	0.240708	0.161905	0.193594	0.020361	0.009606	0.013053	0.239787	0.159769	0.191766	6
1.00	0.237168	0.159524	0.190747	0.019812	0.009452	0.012799	0.236234	0.157993	0.189349	6
1.00	0.237168	0.159524	0.190747	0.019849	0.009452	0.012806	0.236234	0.157993	0.189349	6
1.00	0.237168	0.159524	0.190747	0.019924	0.009452	0.012822	0.236234	0.157993	0.189349	6
1.00	0.238938	0.160714	0.192171	0.020476	0.009529	0.013005	0.238011	0.158881	0.190558	6
1.01	0.240283	0.161905	0.193457	0.020611	0.009606	0.013104	0.239787	0.159769	0.191766	6
1.01	0.240283	0.161905	0.193457	0.020700	0.009606	0.013122	0.239787	0.159769	0.191766	6
1.01	0.240283	0.161905	0.193457	0.020836	0.009635	0.013176	0.239787	0.158881	0.191124	6
1.01	0.238516	0.160714	0.192034	0.021180	0.009571	0.013184	0.238011	0.157105	0.189274	6
1.01	0.239859	0.161905	0.193319	0.020618	0.009480	0.012988	0.239787	0.157993	0.190480	6
1.01	0.244718	0.165476	0.197443	0.021656	0.009620	0.013322	0.245115	0.162433	0.195387	6
1.01	0.244718	0.165476	0.197443	0.021489	0.009620	0.013290	0.245115	0.162433	0.195387	6
1.01	0.244718	0.165476	0.197443	0.021489	0.009620	0.013290	0.245115	0.162433	0.195387	6
1.01	0.244718	0.165476	0.197443	0.021146	0.009605	0.013209	0.245115	0.163321	0.196028	6
1.01	0.249117	0.167857	0.200569	0.021401	0.009684	0.013334	0.248668	0.165986	0.199083	6
1.01	0.249117	0.167857	0.200569	0.021053	0.009713	0.013293	0.248668	0.165986	0.199083	6
1.01	0.249117	0.167857	0.200569	0.020334	0.009624	0.013065	0.248668	0.167762	0.200356	6
1.00	0.251327	0.169048	0.202135	0.019982	0.009656	0.013020	0.250444	0.169538	0.202198	6
1.00	0.253097	0.170238	0.203559	0.019851	0.009733	0.013061	0.252220	0.170426	0.203409	6
1.01	0.252650	0.170238	0.203414	0.015948	0.009733	0.012088	0.251332	0.170426	0.203119	6
1.01	0.252650	0.170238	0.203414	0.015856	0.009688	0.012027	0.251332	0.171314	0.203749	6
1.01	0.257951	0.173810	0.207681	0.016133	0.009800	0.012193	0.256661	0.176643	0.209263	6
1.01	0.259717	0.175000	0.209104	0.015981	0.009832	0.012174	0.258437	0.178419	0.211100	6
1.01	0.259717	0.175000	0.209104	0.015984	0.009832	0.012175	0.258437	0.178419	0.211100	6
1.01	0.261484	0.176190	0.210526	0.015890	0.009864	0.012172	0.260213	0.180195	0.212935	6
1.01	0.262787	0.177381	0.211798	0.016349	0.010064	0.012459	0.260213	0.181083	0.213554	6
1.01	0.264550	0.178571	0.213220	0.016377	0.010096	0.012492	0.261989	0.181972	0.214769	6
1.01	0.268078	0.180952	0.216063	0.016591	0.010160	0.012603	0.265542	0.185524	0.218435	6
1.01	0.273369	0.184524	0.220327	0.016884	0.010287	0.012785	0.270870	0.190853	0.223928	6
1.01	0.271605	0.183333	0.218905	0.016651	0.010211	0.012659	0.269094	0.189964	0.222709	6
1.01	0.273369	0.184524	0.220327	0.016777	0.010316	0.012776	0.270870	0.189964	0.223315	6
1.01	0.273369	0.184524	0.220327	0.016777	0.010316	0.012776	0.270870	0.189964	0.223315	6
1.01	0.273369	0.184524	0.220327	0.016777	0.010316	0.012776	0.270870	0.189964	0.223315	6
1.01	0.275132	0.185714	0.221748	0.016806	0.010348	0.012809	0.272647	0.191741	0.225146	6
1.01	0.276896	0.186905	0.223170	0.016834	0.010380	0.012842	0.274423	0.193517	0.226976	6
1.01	0.278660	0.188095	0.224591	0.016862	0.010412	0.012875	0.276199	0.195293	0.228804	6
1.01	0.278660	0.188095	0.224591	0.016862	0.010412	0.012875	0.276199	0.195293	0.228804	6
1.01	0.277385	0.186905	0.223329	0.012980	0.009761	0.011143	0.276199	0.194405	0.228194	6
1.01	0.274648	0.185714	0.221591	0.012739	0.009714	0.011023	0.274423	0.192629	0.226364	6
1.01	0.274165	0.185714	0.221434	0.012775	0.009714	0.011036	0.274423	0.192629	0.226364	6
1.01	0.273684	0.185714	0.221277	0.012772	0.009714	0.011035	0.274423	0.192629	0.226364	6
1.01	0.271930	0.184524	0.219858	0.013117	0.009726	0.011170	0.272647	0.189964	0.223917	6
1.01	0.271930	0.184524	0.219858	0.013117	0.009726	0.011170	0.272647	0.189964	0.223917	6
1.01	0.271930	0.184524	0.219858	0.013117	0.009726	0.011170	0.272647	0.189964	0.223917	6
1.01	0.273684	0.185714	0.221277	0.013147	0.009758	0.011202	0.274423	0.191741	0.225749	6
1.01	0.273684	0.185714	0.221277	0.013147	0.009758	0.011202	0.274423	0.191741	0.225749	6
1.01	0.273684	0.185714	0.221277	0.013147	0.009758	0.011202	0.274423	0.191741	0.225749	6
1.01	0.273684	0.185714	0.221277	0.013243	0.009758	0.011237	0.274423	0.191741	0.225749	6
1.01	0.273684	0.185714	0.221277	0.013243	0.009758	0.011237	0.274423	0.191741	0.225749	6
1.01	0.273684	0.185714	0.221277	0.013243	0.009758	0.011237	0.274423	0.191741	0.225749	6
1.01	0.273684	0.185714	0.221277	0.013311	0.009758	0.011261	0.274423	0.191741	0.225749	6
1.01	0.275439	0.186905	0.222695	0.013450	0.009806	0.011342	0.276199	0.193517	0.227581	6
1.01	0.275439	0.186905	0.222695	0.013353	0.009806	0.011308	0.276199	0.193517	0.227581	6
1.01	0.275439	0.186905	0.222695	0.013353	0.009806	0.011308	0.276199	0.193517	0.227581	6
1.01	0.275439	0.186905	0.222695	0.013373	0.009777	0.011296	0.276199	0.194405	0.228194	6
1.01	0.275439	0.186905	0.222695	0.013373	0.009777	0.011296	0.276199	0.194405	0.228194	6
1.01	0.275439	0.186905	0.222695	0.013373	0.009777	0.011296	0.276199	0.194405	0.228194	6
1.01	0.275439	0.186905	0.222695	0.013037	0.009777	0.011174	0.276199	0.194405	0.228194	6
1.01	0.275439	0.186905	0.222695	0.012998	0.009777	0.011160	0.276199	0.194405	0.228194	6
1.01	0.277193	0.188095	0.224113	0.013136	0.009825	0.011241	0.277975	0.196181	0.230023	6
1.01	0.275439	0.186905	0.222695	0.012959	0.009748	0.011127	0.276199	0.195293	0.228804	6
1.01	0.275439	0.186905	0.222695	0.012959	0.009748	0.011127	0.276199	0.195293	0.228804	6
1.01	0.277680	0.188095	0.224273	0.013006	0.009796	0.011175	0.277975	0.197069	0.230633	6
1.01	0.279438	0.189286	0.225692	0.012829	0.009828	0.011130	0.279751	0.198845	0.232460	6
1.01	0.281195	0.190476	0.227111	0.012860	0.009860	0.011162	0.281528	0.200622	0.234287	6
1.01	0.282456	0.191667	0.228369	0.012865	0.009892	0.011184	0.283304	0.202398	0.236112	6
1.01	0.281961	0.191667	0.228207	0.012842	0.009892	0.011175	0.283304	0.202398	0.236112	6
1.01	0.281961	0.191667	0.228207	0.012842	0.009892	0.011175	0.283304	0.202398	0.236112	6
1.01	0.281961	0.191667	0.228207	0.012946	0.009892	0.011214	0.283304	0.202398	0.236112	6
1.02	0.283217	0.192857	0.229462	0.013212	0.009968	0.011363	0.285080	0.203286	0.237333	6
1.02	0.283217	0.192857	0.229462	0.013212	0.009968	0.011363	0.285080	0.203286	0.237333	6
1.02	0.282230	0.192857	0.229137	0.013272	0.009968	0.011386	0.285080	0.203286	0.237333	6
1.02	0.282230	0.192857	0.229137	0.013272	0.009968	0.011386	0.285080	0.203286	0.237333	6
1.02	0.282496	0.194048	0.230064	0.013388	0.010045	0.011478	0.286856	0.204174	0.238554	6
1.02	0.282496	0.194048	0.230064	0.013388	0.010045	0.011478	0.286856	0.204174	0.238554	6

Sun Aug 29 06:43:42 2021
64.30	0.014308	0.573209	0.027919	0.018538	0.102893	0.031415	0.014282	0.611167	0.027913	127
57.77	0.014083	0.545238	0.027456	0.015348	0.164609	0.028077	0.014012	0.581735	0.027364	127
51.43	0.014437	0.497619	0.028060	0.016191	0.131311	0.028827	0.014324	0.542747	0.027912	125
45.17	0.015100	0.457143	0.029235	0.017038	0.121353	0.029881	0.014912	0.503908	0.028967	123
39.28	0.015829	0.416667	0.030498	0.016991	0.102627	0.029155	0.015635	0.464091	0.030250	122
33.72	0.016963	0.383333	0.032488	0.019010	0.084929	0.031067	0.016744	0.430195	0.032233	121
28.31	0.017695	0.335714	0.033617	0.017973	0.073621	0.028893	0.017355	0.379278	0.033191	120
23.68	0.019580	0.310714	0.036838	0.017864	0.065059	0.028032	0.019373	0.352487	0.036728	113
19.52	0.020113	0.263095	0.037369	0.017832	0.045297	0.025590	0.019832	0.305565	0.037247	108
15.88	0.021812	0.232143	0.039877	0.020830	0.043128	0.028092	0.021606	0.268265	0.039992	106
12.64	0.023190	0.196429	0.041483	0.012513	0.036935	0.018693	0.023799	0.227117	0.043084	99
9.98	0.024034	0.160714	0.041815	0.012312	0.026164	0.016745	0.024754	0.182416	0.043593	92
7.72	0.026219	0.135714	0.043948	0.012278	0.020206	0.015275	0.027002	0.153404	0.045921	87
5.82	0.028380	0.110714	0.045179	0.012789	0.019119	0.015326	0.028410	0.122854	0.046149	78
4.36	0.027325	0.079762	0.040705	0.012318	0.010172	0.011142	0.028408	0.087034	0.042835	70
3.23	0.029703	0.064286	0.040632	0.012264	0.009066	0.010426	0.030557	0.070160	0.042572	62
2.37	0.032282	0.051190	0.039595	0.012105	0.008147	0.009739	0.036029	0.058319	0.044541	57
1.79	0.033663	0.040476	0.036757	0.010390	0.005742	0.007396	0.039004	0.046773	0.042537	52
1.40	0.040712	0.038095	0.039360	0.010729	0.005930	0.007638	0.047809	0.039076	0.043004	47
1.21	0.055718	0.045238	0.049934	0.012029	0.002560	0.004221	0.063943	0.041741	0.050510	44
1.11	0.074960	0.055952	0.064076	0.013500	0.003204	0.005179	0.079041	0.050326	0.061496	40
1.07	0.082781	0.059524	0.069252	0.013033	0.003479	0.005492	0.086146	0.053582	0.066069	40
1.02	0.104167	0.071429	0.084746	0.013652	0.004155	0.006372	0.106572	0.063410	0.079511	36
1.02	0.129371	0.088095	0.104816	0.012121	0.004881	0.006960	0.131439	0.079840	0.099339	35
1.01	0.140105	0.095238	0.113395	0.008581	0.005281	0.006538	0.142096	0.087537	0.108335	34
1.01	0.148148	0.100000	0.119403	0.008228	0.005587	0.006655	0.149201	0.090793	0.112890	31
1.00	0.155752	0.104762	0.125267	0.008212	0.005893	0.006862	0.156306	0.094346	0.117668	24
1.00	0.173759	0.116667	0.139601	0.008423	0.006436	0.007297	0.174067	0.110332	0.135058	22
1.00	0.182948	0.122619	0.146828	0.008176	0.006819	0.007436	0.182948	0.115364	0.141501	20
1.00	0.200710	0.134524	0.161083	0.008371	0.007362	0.007834	0.200710	0.130166	0.157918	20
1.00	0.207815	0.139286	0.166785	0.008808	0.007624	0.008174	0.207815	0.134310	0.163167	15
1.00	0.213144	0.142857	0.171062	0.008803	0.007809	0.008276	0.213144	0.136975	0.166774	12
1.00	0.207815	0.139286	0.166785	0.012596	0.007729	0.009580	0.207815	0.130462	0.160294	10
1.00	0.211368	0.141667	0.169637	0.012610	0.007838	0.009667	0.211368	0.133126	0.163362	9
1.00	0.222025	0.148810	0.178190	0.014969	0.008210	0.010604	0.222025	0.138159	0.170328	7
1.00	0.225577	0.151190	0.181041	0.014618	0.008303	0.010591	0.225577	0.141711	0.174069	6
1.00	0.238011	0.159524	0.191019	0.015088	0.008632	0.010981	0.238011	0.152072	0.185575	5
1.00	0.239787	0.160714	0.192445	0.015102	0.008664	0.011011	0.239787	0.153848	0.187437	5
1.00	0.241563	0.161905	0.193870	0.015113	0.008696	0.011040	0.241563	0.155625	0.189297	4
1.00	0.241563	0.161905	0.193870	0.014730	0.008681	0.010924	0.241563	0.155625	0.189297	4
1.00	0.245115	0.164286	0.196721	0.014756	0.008745	0.010981	0.245115	0.159177	0.193013	4
1.00	0.250444	0.167857	0.200998	0.015248	0.008827	0.011182	0.250444	0.162729	0.197276	4
1.00	0.255773	0.171429	0.205274	0.015294	0.008923	0.011271	0.255773	0.168058	0.202839	5
1.00	0.266430	0.178571	0.213828	0.014520	0.009073	0.011168	0.266430	0.176939	0.212653	5
1.00	0.266430	0.178571	0.213828	0.014304	0.009000	0.011048	0.266430	0.176051	0.212010	5
1.00	0.268206	0.179762	0.215253	0.013124	0.008869	0.010585	0.268206	0.179011	0.214714	5
1.00	0.271758	0.182143	0.218104	0.012950	0.008831	0.010501	0.271758	0.183452	0.219040	5
1.00	0.277087	0.185714	0.222381	0.013140	0.008942	0.010642	0.277087	0.187892	0.223935	5
1.00	0.280639	0.188095	0.225232	0.013202	0.008977	0.010687	0.280639	0.191741	0.227825	5
1.00	0.282416	0.189286	0.226657	0.013228	0.008965	0.010687	0.282416	0.193517	0.229664	5
1.00	0.285968	0.191667	0.229508	0.013178	0.008984	0.010684	0.285968	0.197957	0.233960	5
1.00	0.287744	0.192857	0.230934	0.013835	0.009140	0.011008	0.287744	0.199734	0.235794	5
