
Mon Aug 23 04:39:51 2021
45.07	0.011759	0.384058	0.022820	0.012618	0.070154	0.021389	0.011876	0.328750	0.022924	87
40.08	0.013719	0.368028	0.026453	0.013895	0.324779	0.026651	0.013669	0.327121	0.026241	89
35.63	0.013969	0.333084	0.026813	0.013948	0.296314	0.026641	0.013915	0.296467	0.026583	88
31.27	0.014617	0.305831	0.027900	0.014226	0.264407	0.026999	0.014546	0.274069	0.027627	87
27.06	0.015266	0.276413	0.028934	0.014377	0.240296	0.027131	0.015121	0.250534	0.028521	87
23.04	0.015976	0.246323	0.030006	0.014996	0.199772	0.027898	0.015808	0.226098	0.029550	87
19.38	0.016650	0.215934	0.030916	0.014732	0.159675	0.026975	0.016377	0.202025	0.030298	86
16.12	0.017338	0.187038	0.031735	0.016462	0.122506	0.029024	0.016983	0.178679	0.031018	85
13.23	0.018284	0.161876	0.032857	0.013439	0.090788	0.023412	0.017965	0.158933	0.032281	84
10.76	0.019603	0.141118	0.034424	0.013996	0.078100	0.023738	0.019489	0.142408	0.034286	81
8.67	0.022059	0.128052	0.037635	0.011891	0.058843	0.019784	0.022188	0.132376	0.038005	78
6.95	0.024888	0.115807	0.040971	0.011962	0.047651	0.019124	0.025474	0.123056	0.042210	74
5.52	0.028367	0.104831	0.044651	0.011609	0.037878	0.017772	0.029451	0.113526	0.046769	71
4.32	0.032076	0.092810	0.047675	0.011858	0.033181	0.017472	0.033085	0.101662	0.049923	64
3.37	0.036843	0.083028	0.051038	0.012972	0.026753	0.017472	0.037409	0.091919	0.053177	63
2.61	0.042902	0.074890	0.054552	0.015604	0.024651	0.019111	0.042630	0.083839	0.056521	55
2.05	0.050536	0.069290	0.058446	0.012530	0.018594	0.014972	0.049678	0.078493	0.060846	48
1.64	0.058584	0.064437	0.061371	0.012327	0.015515	0.013738	0.057830	0.073872	0.064874	43
1.38	0.070029	0.064586	0.067198	0.009790	0.011962	0.010768	0.069898	0.075025	0.072371	39
1.21	0.085246	0.068767	0.076125	0.010660	0.010610	0.010635	0.086043	0.080353	0.083100	38
1.10	0.104390	0.077055	0.088664	0.011555	0.010636	0.011076	0.104857	0.090366	0.097074	37
1.05	0.121716	0.085791	0.100644	0.018978	0.011399	0.014243	0.121946	0.100891	0.110424	36
1.02	0.139031	0.095348	0.113119	0.022016	0.011716	0.015294	0.138904	0.112271	0.124176	34
1.01	0.162106	0.109684	0.130839	0.019536	0.012112	0.014953	0.161758	0.131219	0.144897	34
1.01	0.187014	0.125812	0.150426	0.022044	0.012218	0.015722	0.186917	0.152021	0.167673	34
1.00	0.207587	0.139327	0.166741	0.021780	0.012805	0.016128	0.207445	0.169268	0.186422	33
1.00	0.234239	0.157022	0.188011	0.022222	0.013446	0.016754	0.234129	0.192735	0.211425	32
1.00	0.272282	0.182483	0.218517	0.023592	0.014193	0.017724	0.272286	0.226420	0.247244	31
1.00	0.307426	0.205854	0.246590	0.024291	0.014418	0.018096	0.307319	0.256404	0.279562	29
1.00	0.344781	0.230867	0.276553	0.024526	0.014507	0.018231	0.344695	0.287727	0.313645	28
1.00	0.383071	0.256477	0.307245	0.024412	0.013677	0.017532	0.383019	0.320250	0.348833	27
1.00	0.415793	0.278354	0.333468	0.025242	0.013807	0.017850	0.415765	0.348961	0.379445	24
1.00	0.430404	0.288136	0.345185	0.025222	0.014267	0.018225	0.430380	0.361243	0.392792	20
1.00	0.443565	0.296946	0.355740	0.022746	0.014577	0.017768	0.443546	0.373190	0.405337	18
1.00	0.451980	0.302546	0.362465	0.017716	0.014796	0.016125	0.451969	0.380219	0.413001	17
1.00	0.474230	0.317405	0.380284	0.017285	0.014997	0.016060	0.474227	0.399121	0.433444	15
1.00	0.473056	0.316583	0.379317	0.019645	0.015238	0.017164	0.473056	0.397875	0.432220	14
1.00	0.476626	0.318973	0.382179	0.014484	0.015954	0.015183	0.476626	0.398209	0.433903	11
1.00	0.473725	0.317031	0.379853	0.014719	0.016461	0.015541	0.473725	0.394118	0.430271	10
1.00	0.486221	0.325394	0.389873	0.014942	0.016930	0.015874	0.486221	0.404690	0.441725	9
1.00	0.475510	0.318226	0.381285	0.015050	0.017330	0.016109	0.475510	0.393970	0.430917	7
1.00	0.473056	0.316583	0.379317	0.015138	0.017701	0.016320	0.473056	0.390920	0.428084	7
1.00	0.452588	0.302919	0.362929	0.014982	0.018052	0.016374	0.452583	0.371628	0.408130	7
1.00	0.439201	0.293960	0.352194	0.014841	0.018153	0.016331	0.439194	0.358667	0.394867	7
1.00	0.444903	0.297842	0.356814	0.014863	0.018253	0.016385	0.444996	0.363799	0.400322	6
1.00	0.443961	0.297245	0.356082	0.014770	0.018329	0.016358	0.444104	0.362628	0.399251	6
1.00	0.452386	0.302919	0.362864	0.014813	0.018498	0.016451	0.452583	0.369978	0.407133	6
1.00	0.443862	0.297245	0.356050	0.014713	0.018601	0.016430	0.444048	0.361564	0.398583	6
1.00	0.447330	0.299634	0.358880	0.014743	0.018744	0.016505	0.447506	0.364642	0.401847	6
1.00	0.457818	0.306727	0.367343	0.014786	0.018773	0.016543	0.458050	0.374162	0.411878	6
1.00	0.477326	0.319869	0.383047	0.014906	0.018892	0.016664	0.477630	0.391800	0.430478	6
1.00	0.512975	0.343911	0.411765	0.020771	0.019055	0.019876	0.513444	0.423978	0.464442	6
1.00	0.552649	0.370716	0.443759	0.021248	0.019074	0.020103	0.553386	0.459457	0.502066	6
1.00	0.592815	0.397969	0.476233	0.016376	0.019002	0.017592	0.593830	0.495606	0.540290	5
1.00	0.628625	0.422385	0.505270	0.017856	0.018655	0.018247	0.629979	0.528270	0.574659	4
1.00	0.649078	0.436273	0.521813	0.030978	0.018360	0.023055	0.650452	0.547417	0.594503	5
1.01	0.661122	0.445158	0.532060	0.024230	0.018201	0.020787	0.663003	0.560192	0.607277	5
1.01	0.665080	0.448667	0.535848	0.025280	0.018297	0.021229	0.667020	0.565101	0.611845	6
1.01	0.669393	0.452177	0.539750	0.026064	0.018582	0.021696	0.671427	0.569313	0.616168	6
1.01	0.671522	0.454416	0.542038	0.036830	0.018738	0.024839	0.674216	0.572186	0.619025	8
1.01	0.673903	0.456582	0.544354	0.037531	0.019228	0.025428	0.676392	0.574687	0.621405	8
1.01	0.673090	0.456432	0.543982	0.030112	0.019839	0.023919	0.675406	0.573636	0.620375	8
1.01	0.672859	0.457030	0.544331	0.029379	0.020925	0.024442	0.674811	0.573376	0.619972	8
1.02	0.669597	0.455014	0.541833	0.027550	0.021769	0.024321	0.671055	0.569350	0.616033	8
1.02	0.657851	0.447622	0.532747	0.026260	0.022610	0.024299	0.658689	0.558221	0.604308	8
1.02	0.649600	0.442395	0.526339	0.025881	0.023345	0.024548	0.649875	0.550056	0.595814	8
1.02	0.642763	0.437691	0.520766	0.027719	0.023856	0.025643	0.642363	0.542962	0.588495	8
1.02	0.633662	0.431494	0.513392	0.026724	0.024013	0.025296	0.632824	0.534836	0.579718	8
1.02	0.624767	0.425670	0.506350	0.026592	0.024072	0.025269	0.624010	0.526728	0.571257	9
1.02	0.615705	0.419772	0.499201	0.026547	0.024240	0.025341	0.614861	0.518444	0.562551	9
1.02	0.598401	0.407974	0.485171	0.032254	0.024483	0.027836	0.597177	0.502639	0.545845	9
1.02	0.585633	0.399313	0.474850	0.031671	0.024532	0.027648	0.584124	0.490561	0.533270	9
1.02	0.587366	0.400582	0.476317	0.026237	0.024632	0.025409	0.585965	0.491603	0.534652	9
1.02	0.588094	0.401254	0.477032	0.026451	0.024839	0.025620	0.586746	0.491593	0.534971	9
1.02	0.588711	0.401852	0.477657	0.026430	0.024940	0.025663	0.587415	0.491761	0.535349	9
1.02	0.595624	0.406481	0.483202	0.026622	0.025049	0.025812	0.594500	0.497423	0.541646	9
1.02	0.601860	0.410737	0.488262	0.028363	0.025154	0.026662	0.600859	0.503104	0.547653	9
1.02	0.603586	0.412230	0.489885	0.028160	0.025299	0.026653	0.602700	0.505037	0.549564	9
1.02	0.598185	0.408497	0.485470	0.028765	0.025295	0.026919	0.597233	0.499663	0.544109	9
1.02	0.588808	0.402225	0.477952	0.028906	0.025455	0.027071	0.587694	0.490970	0.534995	9
1.02	0.590184	0.403121	0.479038	0.029273	0.025479	0.027244	0.589144	0.492147	0.536295	9
1.02	0.582768	0.397969	0.472958	0.029544	0.025473	0.027358	0.581558	0.485072	0.528951	9
1.02	0.576582	0.393788	0.467968	0.030131	0.025558	0.027657	0.575254	0.479242	0.522877	9
1.02	0.583725	0.398492	0.473642	0.030582	0.025457	0.027785	0.582450	0.485853	0.529784	9
1.02	0.592167	0.404166	0.480430	0.030986	0.025349	0.027885	0.591208	0.493235	0.537796	9
1.02	0.612381	0.418054	0.496894	0.031103	0.025407	0.027968	0.611849	0.511458	0.557167	9
1.02	0.617959	0.421862	0.501420	0.031523	0.025246	0.028038	0.617650	0.516869	0.562784	9
1.02	0.622528	0.425446	0.505456	0.031977	0.025435	0.028333	0.622336	0.521592	0.567528	9
1.02	0.630516	0.431046	0.512040	0.032186	0.025502	0.028457	0.630537	0.529151	0.575412	9
1.02	0.628874	0.430299	0.510972	0.033565	0.025558	0.029019	0.628975	0.528761	0.574530	9
1.02	0.638753	0.437393	0.519234	0.034037	0.025608	0.029227	0.639128	0.538049	0.584249	9
1.02	0.645207	0.442246	0.524786	0.035067	0.025638	0.029620	0.646045	0.544790	0.591113	10
1.03	0.642741	0.441275	0.523287	0.036722	0.025844	0.030338	0.643646	0.543562	0.589386	10
1.03	0.644765	0.443291	0.525375	0.037268	0.025916	0.030572	0.646212	0.546538	0.592210	10
1.03	0.644252	0.443515	0.525362	0.037293	0.025988	0.030631	0.646045	0.547021	0.592424	10
1.03	0.645095	0.444337	0.526218	0.036725	0.026002	0.030447	0.646993	0.548044	0.593422	10
1.03	0.651430	0.449041	0.531624	0.036701	0.026045	0.030468	0.653743	0.554385	0.599978	10
1.03	0.652160	0.449787	0.532391	0.037288	0.026104	0.030710	0.654524	0.555091	0.600721	10
1.03	0.649589	0.448742	0.530801	0.037522	0.026135	0.030810	0.652237	0.554143	0.599202	10
1.03	0.648108	0.447622	0.529523	0.036563	0.026254	0.030563	0.650731	0.552516	0.597615	10
1.03	0.648038	0.447622	0.529500	0.036348	0.026355	0.030555	0.650787	0.552135	0.597415	10
1.03	0.648304	0.448145	0.529955	0.036336	0.026619	0.030728	0.651121	0.552153	0.597567	9
1.03	0.644946	0.446353	0.527579	0.035702	0.026756	0.030588	0.648053	0.549857	0.594930	9
1.03	0.642379	0.444337	0.525312	0.034445	0.026795	0.030142	0.644985	0.547384	0.592190	9
1.03	0.635922	0.439633	0.519866	0.034528	0.027087	0.030358	0.638179	0.541145	0.585670	9
1.03	0.620950	0.429329	0.507659	0.034360	0.027336	0.030448	0.622671	0.528036	0.571462	9
1.03	0.613109	0.423953	0.501280	0.034342	0.027579	0.030591	0.614526	0.521332	0.564106	9
1.03	0.607320	0.419996	0.496579	0.034377	0.027547	0.030586	0.608557	0.516553	0.558794	9
1.03	0.605286	0.418950	0.495168	0.034654	0.027780	0.030839	0.606493	0.515252	0.557162	9
1.04	0.603772	0.418353	0.494244	0.034314	0.027820	0.030728	0.605155	0.514452	0.556129	9
1.04	0.603532	0.418502	0.494268	0.034824	0.028066	0.031082	0.605043	0.514694	0.556223	9
1.04	0.601335	0.417158	0.492594	0.035250	0.028174	0.031318	0.602756	0.512444	0.553943	11
1.04	0.598474	0.415889	0.490749	0.035269	0.028606	0.031590	0.600022	0.510101	0.551420	10
1.04	0.590587	0.411334	0.484926	0.035493	0.029260	0.032077	0.592045	0.503816	0.544379	10
1.04	0.590051	0.410961	0.484486	0.034940	0.028826	0.031590	0.591655	0.503016	0.543747	11
1.04	0.588002	0.409841	0.483017	0.035234	0.029282	0.031983	0.589479	0.501240	0.541790	11
1.04	0.587454	0.409766	0.482780	0.035614	0.029427	0.032227	0.588977	0.500906	0.541383	11
1.04	0.581398	0.405585	0.477833	0.035525	0.029141	0.032018	0.582785	0.495513	0.535617	11
1.04	0.571291	0.398492	0.469496	0.035548	0.028920	0.031893	0.572297	0.485955	0.525604	11
1.04	0.556602	0.388412	0.457540	0.035359	0.028861	0.031781	0.557124	0.472595	0.511390	11
1.04	0.535008	0.373703	0.440039	0.034305	0.028762	0.031290	0.534921	0.452828	0.490463	11
1.05	0.508324	0.355634	0.418486	0.032921	0.028445	0.030520	0.507475	0.428506	0.464659	11
1.05	0.482457	0.337788	0.397365	0.032836	0.028005	0.030228	0.480698	0.404956	0.439588	11
1.05	0.468235	0.328530	0.386134	0.032858	0.027925	0.030192	0.465804	0.392367	0.425943	11
1.05	0.471514	0.331218	0.389106	0.032883	0.027771	0.030111	0.469318	0.396151	0.429642	11
1.05	0.484173	0.340327	0.399702	0.032924	0.028067	0.030302	0.482539	0.408098	0.442208	11
1.05	0.506051	0.355932	0.417920	0.033356	0.028309	0.030626	0.505690	0.428729	0.464040	11
1.05	0.524168	0.369223	0.433259	0.034093	0.028467	0.031027	0.524880	0.446162	0.482330	11
1.05	0.536498	0.378108	0.443588	0.034715	0.028558	0.031337	0.537878	0.458007	0.494740	12
1.05	0.557521	0.392966	0.460999	0.034255	0.028878	0.031337	0.560025	0.477253	0.515336	11
1.05	0.571504	0.403121	0.472767	0.034685	0.028934	0.031550	0.574919	0.490827	0.529555	11
1.05	0.585379	0.413126	0.484395	0.035478	0.029078	0.031961	0.589646	0.503686	0.543287	11
1.06	0.588304	0.415366	0.486936	0.036560	0.028951	0.032314	0.592826	0.506484	0.546264	11
1.06	0.596258	0.421116	0.493611	0.036382	0.029368	0.032501	0.601250	0.513439	0.553885	11
1.06	0.605497	0.427686	0.501291	0.036325	0.029482	0.032548	0.611012	0.521574	0.562762	11
1.06	0.609890	0.430971	0.505053	0.034813	0.029849	0.032140	0.615586	0.525274	0.566856	11
1.06	0.613759	0.433659	0.508225	0.035404	0.030261	0.032631	0.619603	0.528082	0.570193	11
1.06	0.618263	0.436795	0.511923	0.035875	0.030384	0.032902	0.624345	0.531857	0.574402	11
1.06	0.618766	0.437243	0.512403	0.036049	0.030724	0.033174	0.624623	0.531801	0.574487	12
1.06	0.608154	0.429926	0.503740	0.035576	0.031130	0.033205	0.613243	0.521946	0.563923	13
1.06	0.592233	0.419025	0.490795	0.035244	0.031007	0.032990	0.596601	0.507851	0.548660	14
1.06	0.587993	0.416113	0.487342	0.036352	0.031692	0.033862	0.591971	0.503537	0.544184	14
1.06	0.586112	0.414694	0.485723	0.036666	0.031776	0.034046	0.590130	0.501473	0.542201	14
1.06	0.585057	0.413948	0.484848	0.038850	0.031939	0.035057	0.588847	0.500431	0.541051	14
1.06	0.587305	0.415889	0.486952	0.038297	0.031878	0.034794	0.591357	0.502765	0.543474	14
1.06	0.581290	0.412454	0.482530	0.040141	0.032054	0.035645	0.585816	0.498284	0.538516	14
1.06	0.575675	0.409244	0.478397	0.040257	0.032159	0.035756	0.580293	0.494007	0.533685	14
1.07	0.564049	0.402748	0.469942	0.039277	0.032060	0.035303	0.569712	0.485202	0.524072	14
1.07	0.551473	0.395580	0.460696	0.038655	0.031983	0.035004	0.557849	0.476258	0.513835	14
1.08	0.527378	0.382588	0.443464	0.038294	0.031906	0.034809	0.535842	0.458556	0.494195	14
1.09	0.503261	0.368700	0.425598	0.037848	0.032159	0.034772	0.513816	0.439812	0.473942	14
1.10	0.492153	0.362951	0.417791	0.037729	0.032124	0.034701	0.504370	0.432002	0.465389	15
1.11	0.487094	0.360711	0.414482	0.037764	0.032978	0.035209	0.500270	0.428766	0.461766	15
1.11	0.482436	0.357874	0.410922	0.037494	0.032989	0.035098	0.495807	0.424304	0.457277	16
1.11	0.481534	0.358247	0.410840	0.037078	0.033516	0.035207	0.495667	0.424573	0.457374	16
1.11	0.486359	0.362055	0.415101	0.036877	0.033615	0.035171	0.500930	0.429501	0.462474	16
1.11	0.479920	0.356903	0.409369	0.036030	0.033572	0.034757	0.493510	0.422807	0.455431	16
1.11	0.479529	0.355932	0.408588	0.035583	0.033653	0.034591	0.492506	0.421282	0.454118	16
1.11	0.473414	0.351004	0.403121	0.034786	0.033414	0.034086	0.485608	0.414885	0.447469	16
1.10	0.474040	0.350407	0.402954	0.034822	0.033355	0.034072	0.485254	0.413797	0.446686	16
1.10	0.488860	0.358770	0.413832	0.034999	0.033452	0.034208	0.498243	0.424406	0.458370	16
1.09	0.500716	0.365639	0.422647	0.035404	0.033478	0.034414	0.509251	0.432857	0.467957	16
1.09	0.498265	0.364593	0.421075	0.035327	0.033453	0.034364	0.506852	0.431016	0.465868	16
1.09	0.499488	0.364444	0.421412	0.035181	0.033386	0.034260	0.507131	0.430561	0.465720	15
1.09	0.496820	0.361607	0.418564	0.035865	0.033148	0.034453	0.502984	0.426135	0.461382	15
1.09	0.495182	0.360711	0.417383	0.036200	0.033100	0.034581	0.501125	0.424471	0.459624	15
1.09	0.496823	0.361980	0.418816	0.036734	0.033001	0.034767	0.502780	0.425921	0.461170	15
1.09	0.493927	0.361308	0.417335	0.042602	0.032788	0.037056	0.501014	0.425057	0.459920	15
1.10	0.500509	0.366833	0.423370	0.044878	0.032738	0.037859	0.508842	0.432160	0.467377	15
1.10	0.504270	0.370343	0.427052	0.043310	0.032535	0.037157	0.513611	0.436641	0.472009	15
1.10	0.507354	0.373479	0.430243	0.041686	0.032676	0.036635	0.517563	0.440472	0.475916	15
1.10	0.510462	0.377063	0.433737	0.040827	0.032899	0.036437	0.522630	0.445604	0.481053	15
1.11	0.515598	0.381319	0.438407	0.040816	0.033548	0.036827	0.528283	0.451378	0.486812	15
1.11	0.523353	0.387367	0.445207	0.040856	0.033705	0.036937	0.537459	0.459504	0.495434	15
1.11	0.524987	0.389830	0.447425	0.040605	0.033780	0.036879	0.540639	0.463214	0.498941	15
1.11	0.524144	0.389830	0.447118	0.040391	0.033867	0.036843	0.540769	0.463539	0.499185	15
1.12	0.527658	0.393862	0.451047	0.039531	0.033989	0.036551	0.545957	0.469145	0.504645	16
1.11	0.533153	0.397446	0.455405	0.038858	0.034141	0.036347	0.551127	0.474203	0.509780	16
1.11	0.539711	0.401852	0.460689	0.039687	0.034315	0.036806	0.557403	0.481055	0.516423	17
1.11	0.545838	0.405436	0.465276	0.039712	0.034483	0.036913	0.562423	0.486057	0.521459	17
1.11	0.556170	0.412902	0.473946	0.039989	0.034719	0.037168	0.572781	0.495541	0.531369	17
1.11	0.559169	0.415964	0.477051	0.039298	0.034814	0.036921	0.577104	0.499371	0.535431	17
1.12	0.553973	0.415366	0.474760	0.038787	0.034862	0.036720	0.575114	0.498888	0.534296	17
1.14	0.537420	0.409094	0.464558	0.038871	0.035030	0.036851	0.563520	0.490669	0.524577	17
1.15	0.525085	0.405585	0.457663	0.038796	0.035038	0.036821	0.557029	0.486206	0.519214	17
1.16	0.518266	0.403569	0.453782	0.038772	0.035222	0.036911	0.553319	0.483380	0.515990	17
1.18	0.500991	0.396177	0.442462	0.038905	0.035247	0.036986	0.540944	0.473115	0.504761	17
1.20	0.481790	0.388188	0.429954	0.039054	0.035261	0.037061	0.527640	0.462293	0.492810	17
1.22	0.470062	0.384529	0.423015	0.039465	0.035336	0.037287	0.520549	0.457198	0.486821	17
1.24	0.459503	0.381244	0.416731	0.038656	0.035302	0.036903	0.514482	0.452614	0.481569	18
1.25	0.451881	0.377585	0.411406	0.038166	0.035289	0.036671	0.508379	0.447473	0.475985	18
1.25	0.450156	0.376615	0.410115	0.037801	0.035249	0.036480	0.507105	0.446050	0.474622	18
1.24	0.454791	0.377809	0.412741	0.042829	0.035175	0.038626	0.509801	0.447687	0.476729	19
1.23	0.461768	0.381468	0.417794	0.045864	0.035341	0.039921	0.515999	0.452326	0.482069	19
1.23	0.475277	0.390428	0.428694	0.051118	0.035646	0.042002	0.528755	0.464069	0.494305	19
1.22	0.486714	0.397969	0.437890	0.051476	0.036031	0.042391	0.539401	0.473822	0.504489	19
1.22	0.489154	0.400732	0.440550	0.052226	0.036158	0.042732	0.543384	0.477950	0.508571	19
1.23	0.490474	0.403644	0.442843	0.052412	0.036266	0.042869	0.547557	0.481716	0.512530	19
1.24	0.493273	0.407900	0.446542	0.052784	0.036343	0.043047	0.553405	0.487517	0.518376	19
1.23	0.501220	0.414022	0.453467	0.053977	0.036996	0.043901	0.561979	0.495383	0.526584	19
1.23	0.512846	0.421788	0.462881	0.043590	0.037183	0.040132	0.573126	0.504829	0.536814	18
1.22	0.519412	0.424550	0.467214	0.043929	0.037317	0.040354	0.577772	0.508046	0.540670	18
1.22	0.519060	0.423953	0.466711	0.044032	0.037460	0.040481	0.576453	0.506261	0.539082	18
1.21	0.523674	0.425297	0.469386	0.044210	0.037391	0.040515	0.579475	0.508046	0.541415	18
1.21	0.527619	0.426491	0.471696	0.044632	0.037333	0.040658	0.581557	0.509478	0.543137	18
1.21	0.531585	0.429777	0.475290	0.044994	0.037529	0.040924	0.586277	0.513736	0.547615	19
1.21	0.529916	0.429179	0.474257	0.045098	0.037538	0.040973	0.585570	0.512825	0.546789	19
1.22	0.525734	0.429403	0.472711	0.044986	0.037596	0.040960	0.585308	0.512927	0.546732	18
1.25	0.511520	0.427686	0.465861	0.045188	0.037400	0.040926	0.580875	0.510612	0.543482	18
1.29	0.488972	0.422086	0.453074	0.045726	0.037529	0.041224	0.570029	0.502858	0.534341	18
1.33	0.465307	0.415590	0.439046	0.044985	0.037801	0.041081	0.556480	0.494379	0.523595	18
1.38	0.442614	0.409169	0.425235	0.044132	0.037939	0.040802	0.543616	0.486011	0.513202	18
1.44	0.419033	0.404390	0.411581	0.043575	0.038805	0.041052	0.531603	0.479224	0.504056	18
1.50	0.399375	0.400956	0.400164	0.043395	0.039090	0.041131	0.522642	0.474296	0.497297	18
1.55	0.381127	0.395356	0.388111	0.043614	0.039795	0.041617	0.511842	0.466440	0.488088	18
1.60	0.366254	0.391249	0.378339	0.043297	0.040269	0.041728	0.503807	0.460471	0.481165	18
1.64	0.354282	0.387665	0.370222	0.043210	0.040997	0.042074	0.496778	0.455236	0.475101	18
1.67	0.344763	0.385127	0.363829	0.042349	0.040826	0.041573	0.492060	0.451694	0.471014	18
1.68	0.342779	0.384753	0.362555	0.042278	0.040900	0.041578	0.491614	0.450801	0.470324	18
1.69	0.335955	0.379527	0.356414	0.042225	0.040902	0.041553	0.485433	0.444014	0.463801	18
1.68	0.338804	0.380721	0.358542	0.042201	0.040776	0.041476	0.488116	0.445539	0.465857	18
1.65	0.347929	0.383260	0.364741	0.042461	0.041134	0.041787	0.492350	0.448273	0.469279	18
1.63	0.351149	0.382140	0.365990	0.042196	0.041190	0.041687	0.491651	0.446748	0.468125	18
1.61	0.355463	0.382588	0.368527	0.041349	0.040818	0.041082	0.493282	0.447399	0.469221	18
1.58	0.361714	0.383185	0.372140	0.040888	0.040523	0.040705	0.495377	0.448328	0.470680	18
1.56	0.368564	0.383783	0.376020	0.040857	0.040470	0.040663	0.497304	0.449277	0.472072	18
1.54	0.375372	0.386247	0.380732	0.040620	0.040262	0.040440	0.501861	0.452810	0.476075	18
1.52	0.380158	0.387964	0.384021	0.040698	0.040229	0.040462	0.505056	0.455748	0.479137	18
1.50	0.390909	0.391697	0.391303	0.040722	0.040044	0.040380	0.512098	0.461196	0.485316	18
1.47	0.401412	0.394758	0.398058	0.040655	0.039959	0.040304	0.518749	0.465203	0.490519	18
1.45	0.410519	0.398044	0.404185	0.040663	0.039494	0.040070	0.524973	0.469945	0.495937	18
1.44	0.418531	0.402374	0.410294	0.041220	0.039366	0.040271	0.532002	0.475709	0.502283	18
1.44	0.419232	0.402673	0.410786	0.041281	0.039266	0.040248	0.533339	0.476472	0.503304	18
1.43	0.419639	0.401404	0.410319	0.041623	0.039042	0.040292	0.532803	0.475096	0.502298	18
1.43	0.418230	0.401180	0.409527	0.042033	0.039035	0.040479	0.532697	0.474454	0.501892	18
1.44	0.416310	0.399836	0.407907	0.041953	0.039003	0.040424	0.530793	0.472585	0.500001	18
1.42	0.422820	0.402300	0.412305	0.041968	0.038787	0.040315	0.535423	0.475812	0.503860	18
1.43	0.421242	0.402748	0.411787	0.042067	0.038798	0.040366	0.536310	0.476472	0.504623	18
1.42	0.423860	0.404017	0.413701	0.042818	0.038727	0.040670	0.538412	0.477746	0.506268	18
1.42	0.427695	0.406108	0.416622	0.043077	0.038834	0.040846	0.541668	0.480739	0.509388	18
1.42	0.425788	0.404614	0.414931	0.042968	0.038624	0.040681	0.539935	0.478638	0.507442	18
1.42	0.425410	0.403270	0.414044	0.042892	0.038636	0.040653	0.538322	0.476453	0.505502	18
1.42	0.422714	0.401852	0.412019	0.042965	0.039048	0.040913	0.535232	0.473813	0.502653	18
1.42	0.423198	0.402374	0.412523	0.043279	0.039504	0.041306	0.534284	0.473980	0.502328	18
1.42	0.422911	0.401628	0.411994	0.042573	0.039545	0.041003	0.531135	0.472288	0.499986	18
1.42	0.425805	0.403868	0.414546	0.042764	0.039832	0.041246	0.532539	0.474640	0.501926	18
1.40	0.434120	0.408124	0.420720	0.042701	0.040117	0.041368	0.537315	0.480274	0.507196	18
1.39	0.447480	0.415740	0.431026	0.042309	0.040310	0.041285	0.546526	0.490102	0.516779	18
1.38	0.464164	0.427462	0.445058	0.042910	0.040578	0.041712	0.561930	0.505446	0.532194	18
1.37	0.476751	0.435601	0.455248	0.043162	0.040869	0.041985	0.572565	0.515525	0.542550	18
1.37	0.476741	0.436945	0.455976	0.042799	0.040973	0.041866	0.573143	0.517208	0.543741	18
1.37	0.478097	0.436795	0.456514	0.042756	0.040882	0.041798	0.572842	0.516929	0.543451	18
1.37	0.475354	0.436347	0.455016	0.042819	0.041418	0.042107	0.570772	0.515850	0.541923	18
1.39	0.467724	0.433883	0.450168	0.042726	0.041463	0.042085	0.565888	0.512243	0.537731	18
1.41	0.450813	0.426342	0.438236	0.042136	0.041668	0.041901	0.553814	0.502626	0.526980	18
1.45	0.428538	0.414844	0.421580	0.041489	0.041701	0.041595	0.536247	0.488103	0.511044	18
1.48	0.409915	0.406854	0.408379	0.040991	0.042277	0.041624	0.523132	0.477736	0.499405	18
1.53	0.390012	0.398865	0.394389	0.040876	0.042617	0.041728	0.509222	0.466579	0.486969	18
1.56	0.379545	0.395132	0.387182	0.040832	0.043181	0.041973	0.501992	0.462209	0.481280	18
1.58	0.373071	0.393489	0.383008	0.041038	0.043896	0.042419	0.498417	0.459904	0.478386	18
1.57	0.375035	0.394385	0.384467	0.041190	0.044219	0.042651	0.499088	0.460889	0.479228	18
1.55	0.379018	0.394385	0.386549	0.041291	0.044148	0.042671	0.500058	0.461447	0.479978	18
1.53	0.385052	0.394684	0.389809	0.041084	0.044086	0.042532	0.501942	0.461438	0.480838	18

Mon Aug 23 06:26:56 2021
48.67	0.009861	0.347826	0.019179	0.017973	0.087577	0.029825	0.009501	0.238750	0.018274	87
45.06	0.012081	0.364295	0.023386	0.013593	0.352816	0.026177	0.012061	0.287789	0.023152	89
40.64	0.012429	0.338087	0.023977	0.013580	0.329411	0.026085	0.012380	0.268158	0.023668	89
36.11	0.012935	0.312626	0.024843	0.013617	0.299619	0.026051	0.012849	0.251952	0.024451	89
31.56	0.013496	0.285074	0.025772	0.013802	0.272871	0.026275	0.013397	0.231098	0.025327	89
27.05	0.014168	0.256477	0.026852	0.014299	0.231357	0.026934	0.014045	0.211146	0.026337	89
22.73	0.014961	0.227582	0.028076	0.014807	0.199745	0.027571	0.014852	0.192620	0.027577	88
18.73	0.015963	0.200105	0.029568	0.014814	0.165070	0.027188	0.015990	0.175682	0.029312	84
15.09	0.016818	0.169865	0.030606	0.014571	0.124906	0.026098	0.017077	0.155506	0.030774	82
11.86	0.018103	0.143732	0.032156	0.014467	0.081137	0.024555	0.018640	0.136400	0.032798	81
9.07	0.020414	0.123871	0.035051	0.014560	0.062365	0.023608	0.021503	0.121511	0.036540	79
6.75	0.023635	0.106847	0.038708	0.015122	0.041221	0.022127	0.025625	0.109684	0.041545	75
4.86	0.028838	0.093780	0.044111	0.013783	0.028498	0.018580	0.031971	0.101685	0.048647	73
3.44	0.036440	0.083775	0.050789	0.013530	0.017806	0.015376	0.040135	0.094633	0.056365	68
2.42	0.048587	0.078548	0.060037	0.013858	0.010975	0.012249	0.052467	0.091543	0.066704	63
1.76	0.064510	0.075935	0.069758	0.014944	0.009327	0.011485	0.067583	0.090511	0.077384	60
1.38	0.086134	0.079594	0.082735	0.014591	0.007758	0.010130	0.088635	0.096443	0.092374	56
1.19	0.111423	0.088778	0.098820	0.013569	0.007693	0.009819	0.113377	0.109032	0.111162	53
1.10	0.141955	0.104084	0.120105	0.014270	0.008766	0.010860	0.143981	0.129607	0.136416	51
1.05	0.171106	0.119913	0.141007	0.014245	0.009911	0.011689	0.172933	0.149836	0.160558	50
1.02	0.200240	0.136863	0.162594	0.016772	0.009843	0.012406	0.201328	0.172039	0.185534	48
1.01	0.230132	0.155454	0.185561	0.018196	0.010771	0.013532	0.231005	0.196082	0.212116	45
1.01	0.254774	0.171358	0.204902	0.018849	0.011618	0.014376	0.255383	0.216183	0.234154	45
1.00	0.273689	0.183529	0.219719	0.019755	0.011269	0.014351	0.273848	0.231338	0.250805	45
1.00	0.302598	0.202643	0.242733	0.020731	0.011814	0.015051	0.302633	0.255446	0.277045	43
1.00	0.325488	0.217875	0.261025	0.021539	0.012569	0.015874	0.325505	0.274395	0.297773	41
1.00	0.359103	0.240349	0.287964	0.023016	0.012548	0.016241	0.359087	0.303090	0.328721	39
1.00	0.382753	0.256179	0.306928	0.023134	0.013231	0.016834	0.382740	0.322383	0.349978	39
1.00	0.405399	0.271336	0.325088	0.024626	0.013163	0.017156	0.405389	0.341387	0.370645	37
1.00	0.418387	0.279997	0.335480	0.027371	0.013632	0.018200	0.418387	0.352553	0.382659	35
1.00	0.430659	0.288210	0.345321	0.032444	0.014154	0.019710	0.430659	0.362501	0.393652	34
1.00	0.429655	0.287538	0.344516	0.021748	0.013542	0.016691	0.429655	0.360279	0.391921	30
1.00	0.419279	0.280594	0.336196	0.022220	0.013174	0.016541	0.419279	0.350145	0.381606	27
1.00	0.409238	0.273874	0.328145	0.022224	0.013728	0.016972	0.409238	0.339611	0.371188	24
1.00	0.401317	0.268573	0.321793	0.023164	0.013912	0.017384	0.401317	0.331968	0.363363	20
1.00	0.396184	0.265139	0.317678	0.021958	0.014112	0.017181	0.396184	0.327255	0.358436	13
1.00	0.395626	0.264765	0.317230	0.022687	0.014304	0.017546	0.395626	0.326297	0.357633	11
1.00	0.387259	0.259165	0.310521	0.023779	0.014384	0.017925	0.387259	0.318227	0.349365	9
1.00	0.392168	0.262451	0.314457	0.021924	0.014352	0.017347	0.392168	0.321992	0.353632	9
1.00	0.399643	0.267453	0.320451	0.019749	0.014492	0.016717	0.399643	0.327682	0.360103	8
1.00	0.406961	0.272381	0.326341	0.019643	0.014471	0.016665	0.406951	0.334308	0.367070	8
1.00	0.406403	0.272008	0.325893	0.020320	0.014372	0.016836	0.406393	0.334103	0.366719	8
1.00	0.399822	0.267602	0.320615	0.022015	0.014299	0.017337	0.399810	0.328348	0.360572	7
1.00	0.392419	0.262824	0.314806	0.022654	0.014172	0.017436	0.392335	0.322890	0.354241	5
1.00	0.387409	0.259613	0.310891	0.023618	0.014057	0.017625	0.387203	0.319032	0.349827	5
1.00	0.386260	0.259016	0.310092	0.023661	0.013924	0.017531	0.386031	0.318883	0.349259	5
1.00	0.389142	0.261181	0.312573	0.023164	0.013967	0.017427	0.388765	0.321533	0.351967	5
1.00	0.398399	0.267602	0.320157	0.022951	0.014051	0.017431	0.397969	0.329622	0.360585	5
1.01	0.413586	0.278205	0.332649	0.022689	0.014279	0.017528	0.413143	0.343363	0.375035	5
1.01	0.437334	0.294408	0.351912	0.022723	0.014928	0.018019	0.436907	0.364227	0.397270	5
1.01	0.451642	0.304039	0.363425	0.022521	0.015484	0.018351	0.451356	0.376816	0.410731	5
1.01	0.470477	0.316509	0.378431	0.022127	0.015871	0.018484	0.470434	0.393607	0.428605	5
1.01	0.474204	0.319122	0.381505	0.022060	0.016361	0.018788	0.474116	0.396294	0.431726	5
1.01	0.476602	0.320914	0.383562	0.021871	0.016681	0.018926	0.476570	0.398135	0.433836	5
1.01	0.480266	0.323453	0.386561	0.022368	0.016909	0.019259	0.480308	0.400831	0.436985	5
1.01	0.472727	0.318375	0.380493	0.022027	0.017180	0.019304	0.472665	0.393263	0.429324	5
1.01	0.456238	0.307474	0.367367	0.021798	0.017697	0.019534	0.455986	0.376834	0.412649	5
1.01	0.431881	0.290898	0.347640	0.019993	0.018164	0.019034	0.431440	0.353154	0.388391	5
1.01	0.415475	0.279848	0.334434	0.019225	0.018656	0.018936	0.415040	0.336985	0.371962	5
1.01	0.412875	0.277757	0.332098	0.019123	0.019368	0.019245	0.412585	0.332234	0.368076	5
1.01	0.400866	0.269618	0.322396	0.018739	0.019546	0.019134	0.400536	0.319841	0.355669	5
1.00	0.388685	0.261107	0.312372	0.018305	0.019925	0.019081	0.388430	0.307856	0.343481	5
1.00	0.381911	0.256328	0.306764	0.018115	0.020216	0.019108	0.381736	0.300409	0.336225	5
1.00	0.360196	0.241619	0.289226	0.017516	0.019975	0.018665	0.359980	0.280066	0.315034	5
1.00	0.342422	0.229747	0.274990	0.017348	0.019956	0.018561	0.342129	0.263303	0.297584	5
1.00	0.321762	0.215934	0.258433	0.028380	0.019569	0.023165	0.321321	0.243635	0.277137	6
1.00	0.302760	0.203091	0.243107	0.028776	0.019515	0.023258	0.302354	0.225719	0.258476	7
1.00	0.283854	0.190473	0.227971	0.028201	0.018743	0.022519	0.283164	0.207752	0.239666	7
1.00	0.279716	0.188009	0.224872	0.024927	0.019220	0.021705	0.278422	0.203689	0.235264	7
1.01	0.278696	0.187635	0.224275	0.023789	0.019601	0.021493	0.277139	0.201941	0.233639	7
1.01	0.278663	0.188009	0.224531	0.024835	0.020410	0.022406	0.276637	0.201105	0.232900	7
1.01	0.281975	0.190622	0.227469	0.024084	0.020834	0.022342	0.279482	0.203159	0.235286	7
1.01	0.288266	0.195177	0.232759	0.023594	0.021370	0.022427	0.285451	0.207557	0.240351	7
1.01	0.297178	0.201299	0.240018	0.023439	0.021567	0.022464	0.294377	0.214930	0.248457	7
1.01	0.312954	0.212126	0.252859	0.023942	0.022068	0.022967	0.309997	0.228588	0.263140	7
1.01	0.328378	0.222654	0.265373	0.024514	0.022659	0.023550	0.325114	0.242036	0.277490	7
1.01	0.345587	0.234451	0.279372	0.025008	0.023164	0.024051	0.342185	0.257274	0.293716	7
1.01	0.365518	0.247891	0.295426	0.025419	0.023596	0.024474	0.362490	0.274828	0.312630	8
1.01	0.392267	0.265885	0.316942	0.025900	0.023815	0.024814	0.389769	0.299531	0.338744	8
1.01	0.411415	0.278802	0.332369	0.025911	0.023700	0.024756	0.409350	0.318377	0.358177	8
1.01	0.440322	0.298589	0.355862	0.026120	0.023958	0.024992	0.438804	0.343471	0.385329	9
1.01	0.472977	0.320839	0.382329	0.026320	0.024188	0.025209	0.471884	0.372688	0.416461	9
1.01	0.505227	0.342791	0.408452	0.026770	0.024790	0.025742	0.504463	0.400714	0.446643	9
1.01	0.530318	0.359815	0.428737	0.027433	0.025357	0.026354	0.529845	0.421089	0.469248	9
1.01	0.547635	0.371687	0.442823	0.033561	0.025774	0.029156	0.547250	0.435844	0.485234	9
1.02	0.562356	0.382140	0.455055	0.034141	0.026544	0.029867	0.561921	0.448395	0.498780	9
1.02	0.573842	0.390503	0.464744	0.029070	0.027119	0.028061	0.573301	0.459376	0.510054	9
1.02	0.572885	0.390279	0.464271	0.028960	0.027249	0.028078	0.572297	0.458557	0.509153	9
1.02	0.568784	0.387740	0.461129	0.028996	0.027475	0.028215	0.568169	0.455201	0.505450	9
1.02	0.564922	0.385276	0.458117	0.028989	0.027395	0.028169	0.564320	0.452105	0.502018	9
1.02	0.561050	0.382887	0.455155	0.029169	0.027665	0.028397	0.560527	0.448795	0.498477	9
1.02	0.554984	0.378705	0.450204	0.029390	0.027984	0.028670	0.554279	0.443914	0.492995	9
1.02	0.552237	0.376913	0.448034	0.029574	0.027821	0.028671	0.551434	0.441803	0.490568	8
1.02	0.557974	0.380871	0.452718	0.029855	0.027395	0.028572	0.557458	0.448061	0.496808	8
1.02	0.557015	0.380049	0.451822	0.030027	0.027389	0.028647	0.556454	0.447159	0.495855	8
1.02	0.565003	0.385500	0.458302	0.030324	0.027536	0.028863	0.564543	0.455266	0.504050	8
1.02	0.570834	0.389308	0.462911	0.030555	0.027304	0.028838	0.570512	0.461756	0.510405	7
1.02	0.576936	0.393340	0.467768	0.030948	0.027374	0.029052	0.576593	0.467678	0.516456	7
1.02	0.576232	0.392817	0.467167	0.030493	0.026689	0.028464	0.576091	0.467771	0.516311	7
1.02	0.573900	0.391398	0.465397	0.030518	0.026780	0.028527	0.573748	0.466256	0.514447	7
1.02	0.572320	0.390279	0.464086	0.029778	0.026576	0.028086	0.572074	0.465038	0.513033	7
1.02	0.575074	0.392070	0.466258	0.028966	0.026151	0.027487	0.574808	0.468069	0.515976	7
1.02	0.574261	0.391473	0.465569	0.028564	0.026388	0.027433	0.574082	0.466339	0.514632	8
1.02	0.563622	0.384305	0.457003	0.027730	0.026193	0.026939	0.563260	0.455684	0.503794	9
1.02	0.564142	0.384828	0.457544	0.027648	0.026278	0.026946	0.563929	0.454978	0.503629	10
1.02	0.568739	0.387964	0.461272	0.027782	0.026372	0.027059	0.568615	0.458697	0.507776	10
1.02	0.573523	0.391398	0.465273	0.028035	0.026409	0.027198	0.573580	0.462211	0.511909	10
1.02	0.575976	0.393116	0.467294	0.028116	0.026515	0.027292	0.576091	0.464089	0.514060	11
1.02	0.576397	0.393489	0.467696	0.028235	0.026613	0.027400	0.576593	0.463690	0.514014	11
1.02	0.580755	0.396550	0.471293	0.028361	0.026706	0.027509	0.581111	0.467223	0.517981	10

Fri Mar 11 15:44:27 2022
42.42	0.015796	0.485507	0.030597	0.017437	0.063761	0.027385	0.015550	0.475833	0.030115	81
37.56	0.018240	0.458448	0.035084	0.018798	0.312352	0.035462	0.018224	0.459225	0.035056	86
33.41	0.018446	0.412454	0.035313	0.018692	0.283366	0.035071	0.018448	0.412726	0.035318	86
29.34	0.018410	0.361457	0.035035	0.019273	0.243572	0.035720	0.018410	0.359169	0.035025	85
25.36	0.018678	0.316957	0.035277	0.019339	0.216269	0.035504	0.018656	0.312273	0.035209	84
21.53	0.018772	0.270440	0.035106	0.018715	0.188584	0.034050	0.018751	0.265995	0.035033	82
17.93	0.019181	0.230120	0.035410	0.019372	0.130398	0.033733	0.019215	0.226691	0.035427	80
14.61	0.020251	0.198014	0.036744	0.019634	0.118793	0.033698	0.020321	0.196781	0.036838	80
11.75	0.020964	0.164788	0.037196	0.023424	0.086308	0.036847	0.021242	0.165845	0.037661	77
9.28	0.021785	0.135295	0.037528	0.017812	0.078044	0.029004	0.022339	0.137926	0.038450	75
7.28	0.022434	0.109311	0.037227	0.018109	0.053221	0.027023	0.023445	0.113474	0.038861	74
5.70	0.022886	0.087359	0.036270	0.017236	0.042896	0.024591	0.023912	0.092136	0.037970	70
4.50	0.023579	0.071082	0.035411	0.018622	0.025696	0.021595	0.024095	0.075661	0.036550	63
3.62	0.023251	0.056298	0.032910	0.016125	0.018239	0.017117	0.023159	0.060982	0.033570	60
2.92	0.022947	0.044800	0.030349	0.016544	0.014145	0.015251	0.021588	0.048300	0.029839	58
2.37	0.022797	0.036213	0.027980	0.017300	0.012460	0.014487	0.020524	0.038148	0.026689	53
1.91	0.022098	0.028298	0.024817	0.025470	0.010719	0.015089	0.019711	0.029836	0.023739	45
1.55	0.022315	0.023221	0.022759	0.031026	0.005662	0.009576	0.020505	0.024397	0.022282	42
1.30	0.025137	0.021877	0.023394	0.028062	0.003269	0.005856	0.024629	0.022955	0.023763	41
1.15	0.032095	0.024714	0.027925	0.029798	0.003478	0.006229	0.031825	0.025708	0.028441	40
1.07	0.039996	0.028746	0.033451	0.029637	0.003845	0.006807	0.040165	0.029845	0.034244	39
1.04	0.053658	0.037184	0.043927	0.029582	0.004603	0.007967	0.053702	0.039533	0.045541	36
1.02	0.066491	0.045248	0.053850	0.029059	0.005468	0.009204	0.066310	0.049026	0.056373	36
1.01	0.082262	0.055402	0.066212	0.021663	0.006163	0.009596	0.082283	0.062126	0.070797	35
1.00	0.104143	0.069813	0.083590	0.021968	0.007017	0.010637	0.104150	0.080427	0.090764	36
1.00	0.132419	0.088628	0.106186	0.023168	0.009807	0.013781	0.132378	0.104954	0.117081	35
1.00	0.167001	0.111775	0.133918	0.022794	0.010560	0.014433	0.166964	0.135040	0.149315	33
1.00	0.208501	0.139551	0.167196	0.022765	0.011514	0.015293	0.208468	0.170510	0.187588	30
1.00	0.248131	0.166057	0.198962	0.016949	0.012350	0.014288	0.248131	0.204121	0.223984	27
1.00	0.286734	0.191891	0.229916	0.020465	0.010893	0.014218	0.286734	0.236931	0.259465	26
1.00	0.326676	0.218622	0.261943	0.020079	0.011613	0.014715	0.326676	0.271258	0.296399	27
1.00	0.366841	0.245501	0.294149	0.020101	0.012388	0.015329	0.366841	0.305370	0.333295	26
1.00	0.390494	0.261331	0.313115	0.019703	0.012691	0.015438	0.390494	0.324514	0.354460	26
1.00	0.411358	0.275293	0.329844	0.019705	0.012949	0.015628	0.411358	0.342411	0.373731	22
1.00	0.430548	0.288136	0.345232	0.018294	0.013305	0.015406	0.430548	0.358078	0.390983	20
1.00	0.443713	0.296946	0.355788	0.019948	0.013615	0.016184	0.443713	0.368788	0.402796	17
1.00	0.443490	0.296797	0.355609	0.021081	0.013830	0.016703	0.443490	0.368398	0.402471	14
1.00	0.440701	0.294930	0.353373	0.021273	0.013927	0.016834	0.440701	0.366232	0.400030	13
1.00	0.441035	0.295154	0.353641	0.021484	0.014175	0.017080	0.441035	0.365953	0.400001	12
1.00	0.447172	0.299261	0.358561	0.022340	0.014405	0.017516	0.447172	0.370908	0.405485	9
1.00	0.463684	0.310311	0.371802	0.021917	0.014595	0.017522	0.463684	0.384864	0.420613	9
1.00	0.464800	0.311058	0.372696	0.021995	0.014786	0.017684	0.464800	0.385840	0.421655	7
1.00	0.467924	0.313149	0.375201	0.022196	0.014991	0.017896	0.467924	0.387737	0.424073	7
1.00	0.476180	0.318674	0.381821	0.022197	0.015119	0.017987	0.476180	0.394914	0.431756	7
1.00	0.485274	0.324797	0.389140	0.022312	0.015303	0.018155	0.485329	0.403031	0.440368	6
1.00	0.487897	0.326589	0.391269	0.021630	0.015427	0.018009	0.488006	0.404732	0.442485	5
1.00	0.492081	0.329426	0.394651	0.020837	0.015599	0.017842	0.492190	0.408405	0.446400	5
1.00	0.494423	0.330994	0.396529	0.019844	0.015806	0.017596	0.494533	0.410013	0.448325	6
1.00	0.486954	0.326066	0.390591	0.021871	0.015966	0.018458	0.487058	0.403682	0.441468	6
1.00	0.485058	0.324797	0.389070	0.022719	0.016171	0.018894	0.485161	0.401255	0.439237	6
1.00	0.481494	0.322482	0.386263	0.022823	0.016346	0.019049	0.481591	0.397518	0.435534	6
1.00	0.485899	0.325469	0.389823	0.023095	0.016521	0.019262	0.485998	0.400920	0.439379	6
1.00	0.491752	0.329426	0.394545	0.023429	0.016765	0.019545	0.491855	0.405671	0.444626	6
1.00	0.503567	0.337340	0.404024	0.022941	0.016941	0.019490	0.503682	0.415973	0.455645	6
1.00	0.527307	0.353244	0.423072	0.023313	0.017185	0.019785	0.527446	0.435488	0.477076	6
1.00	0.545637	0.365564	0.437807	0.024214	0.017317	0.020193	0.545799	0.451787	0.494363	6
1.00	0.559728	0.375047	0.449144	0.024315	0.017428	0.020303	0.559913	0.464673	0.507867	6
1.00	0.567625	0.380423	0.455541	0.025643	0.017690	0.020936	0.567834	0.470819	0.514796	6
1.00	0.579944	0.388636	0.465397	0.026023	0.017987	0.021271	0.580163	0.480860	0.525865	6
1.00	0.573434	0.384231	0.460142	0.026621	0.018052	0.021515	0.573636	0.474584	0.519430	6
1.00	0.559318	0.374897	0.448905	0.026915	0.018210	0.021723	0.559523	0.461419	0.505757	8
1.00	0.545688	0.365639	0.437877	0.026479	0.018290	0.021635	0.545855	0.448812	0.492600	8
1.00	0.532761	0.356978	0.427505	0.026997	0.018415	0.021895	0.532913	0.437162	0.480312	8
1.00	0.538162	0.360636	0.431867	0.027670	0.018379	0.022087	0.538324	0.442145	0.485518	8
1.00	0.546417	0.366087	0.438433	0.027818	0.018359	0.022120	0.546580	0.450058	0.493645	8
1.00	0.563343	0.377511	0.452074	0.029961	0.018733	0.023052	0.563539	0.465315	0.509738	8
1.00	0.569949	0.382065	0.457467	0.030359	0.018824	0.023239	0.570177	0.472446	0.516731	8
1.00	0.573290	0.384305	0.460149	0.030320	0.018750	0.023171	0.573524	0.476072	0.520274	8
1.00	0.577411	0.387068	0.463457	0.030500	0.018547	0.023067	0.577653	0.480591	0.524670	9
1.00	0.589598	0.395281	0.473270	0.030264	0.018403	0.022888	0.589869	0.492473	0.536789	9
1.00	0.605855	0.406406	0.486482	0.031444	0.018326	0.023156	0.606214	0.506921	0.552139	9
1.00	0.616027	0.413276	0.494682	0.031757	0.018355	0.023264	0.616423	0.515748	0.561609	9
1.00	0.629143	0.422310	0.505384	0.032778	0.018439	0.023601	0.629644	0.527612	0.574130	9
1.00	0.630338	0.423206	0.506410	0.033641	0.018504	0.023875	0.630871	0.528523	0.575180	8
1.00	0.625639	0.420145	0.502702	0.033781	0.018567	0.023963	0.626185	0.524199	0.570672	8
1.00	0.623111	0.418726	0.500871	0.033879	0.018599	0.024015	0.623675	0.522098	0.568384	8
1.01	0.618345	0.416262	0.497568	0.034246	0.018842	0.024309	0.619101	0.518872	0.564573	8
1.01	0.615240	0.414769	0.495495	0.034380	0.018935	0.024421	0.616144	0.517124	0.562308	8
1.01	0.614985	0.415516	0.495945	0.034738	0.019009	0.024572	0.616144	0.517561	0.562566	8
1.01	0.614705	0.415740	0.496014	0.033868	0.018901	0.024262	0.616088	0.517542	0.562532	8
1.01	0.614085	0.415366	0.495546	0.032663	0.019132	0.024130	0.615419	0.516520	0.561649	8
1.01	0.615546	0.416262	0.496659	0.033242	0.019406	0.024506	0.616814	0.516864	0.562433	8
1.01	0.617026	0.416710	0.497460	0.035489	0.019979	0.025565	0.618097	0.516473	0.562734	8
1.01	0.625941	0.422310	0.504347	0.035579	0.020118	0.025703	0.626966	0.523056	0.570317	8
1.01	0.638086	0.430075	0.513827	0.035870	0.020388	0.025998	0.639072	0.532400	0.580879	8
1.01	0.640900	0.431494	0.515752	0.035794	0.020536	0.026098	0.641749	0.533739	0.582782	8
1.00	0.645459	0.434033	0.519041	0.035420	0.020762	0.026179	0.646324	0.535561	0.585752	8
1.00	0.646347	0.434630	0.519755	0.039094	0.021031	0.027350	0.647049	0.535886	0.586245	8
1.00	0.652415	0.438662	0.524600	0.040989	0.021804	0.028466	0.653130	0.540517	0.591511	8
1.01	0.653215	0.439931	0.525766	0.039153	0.022392	0.028491	0.654301	0.540331	0.591879	8
1.01	0.648251	0.437169	0.522185	0.038116	0.023376	0.028980	0.649559	0.533953	0.586110	8
1.01	0.638895	0.431718	0.515261	0.038417	0.024279	0.029754	0.640634	0.524255	0.576631	8
1.01	0.614604	0.416038	0.496193	0.038086	0.024973	0.030166	0.616367	0.502196	0.553455	8
1.01	0.584380	0.396102	0.472164	0.036260	0.024611	0.029320	0.586243	0.476308	0.525589	8
1.01	0.561378	0.380721	0.453728	0.035838	0.024811	0.029322	0.563093	0.455054	0.503341	9
1.01	0.535408	0.363548	0.433050	0.034890	0.024855	0.029030	0.536874	0.431299	0.478330	9
1.02	0.511981	0.347794	0.414210	0.035300	0.024673	0.029045	0.513165	0.410744	0.456278	9
1.02	0.492582	0.334652	0.398542	0.034090	0.023928	0.028119	0.493417	0.394111	0.438208	9
1.02	0.475464	0.323378	0.384944	0.033971	0.023906	0.028063	0.475789	0.379616	0.422296	10
1.02	0.473014	0.321959	0.383136	0.033722	0.023778	0.027890	0.473056	0.377403	0.419851	10
1.02	0.474405	0.323154	0.384438	0.033131	0.023749	0.027666	0.474339	0.378281	0.420899	10
1.02	0.475304	0.324050	0.385367	0.033205	0.024010	0.027869	0.475008	0.379257	0.421767	10
1.02	0.476795	0.325245	0.386702	0.033334	0.024064	0.027950	0.476403	0.381173	0.423500	10
1.02	0.479663	0.327559	0.389281	0.033989	0.024133	0.028225	0.479136	0.384854	0.426851	10
1.02	0.488156	0.333906	0.396559	0.034153	0.024331	0.028417	0.487839	0.393222	0.435450	10
1.02	0.492209	0.337266	0.400266	0.034721	0.024462	0.028702	0.492079	0.398332	0.440270	10
1.03	0.502829	0.345106	0.409298	0.035057	0.024407	0.028779	0.503459	0.409675	0.451751	11
1.03	0.506955	0.348316	0.412923	0.035216	0.024267	0.028734	0.508033	0.414640	0.456610	11
1.03	0.514227	0.353543	0.419008	0.035491	0.024418	0.028932	0.515676	0.420841	0.463457	11
1.03	0.524001	0.360263	0.426972	0.035643	0.024374	0.028951	0.525884	0.430068	0.473174	11
1.03	0.546097	0.375047	0.444690	0.035969	0.024580	0.029203	0.547975	0.449252	0.493727	11
1.03	0.558696	0.383783	0.455008	0.036706	0.024605	0.029461	0.560973	0.461367	0.506318	11
1.03	0.573510	0.393788	0.466953	0.037284	0.024776	0.029769	0.575923	0.473993	0.520010	11
1.03	0.594189	0.407676	0.483571	0.037511	0.024857	0.029900	0.596787	0.493527	0.540267	10
1.02	0.617144	0.423057	0.501993	0.037940	0.025002	0.030141	0.619938	0.513396	0.561659	10
1.02	0.642040	0.439931	0.522109	0.040370	0.025668	0.031383	0.645096	0.534018	0.584325	10
1.02	0.665941	0.456507	0.541685	0.041591	0.026258	0.032192	0.669307	0.555569	0.607158	10
1.02	0.677999	0.464571	0.551351	0.043468	0.026890	0.033226	0.681468	0.566475	0.618674	10
1.02	0.686294	0.469947	0.557880	0.043812	0.026927	0.033354	0.689780	0.572693	0.625807	10
1.02	0.689783	0.472336	0.560716	0.045617	0.027347	0.034195	0.693127	0.575631	0.628939	10
1.02	0.688018	0.470768	0.559028	0.045631	0.027267	0.034136	0.691119	0.573595	0.626897	10
1.02	0.687370	0.470171	0.558393	0.045315	0.027276	0.034054	0.690394	0.572814	0.626132	10
1.02	0.684837	0.468080	0.556083	0.046140	0.027176	0.034206	0.687883	0.569653	0.623210	10
1.02	0.680612	0.465243	0.552688	0.044942	0.027284	0.033954	0.683644	0.565451	0.618955	10
1.02	0.673079	0.459792	0.546358	0.044512	0.027402	0.033921	0.675722	0.557873	0.611168	10
1.02	0.663097	0.453072	0.538325	0.044558	0.027277	0.033839	0.665514	0.548892	0.601603	11
1.02	0.653413	0.446651	0.530601	0.045706	0.027538	0.034368	0.655640	0.540468	0.592509	11
1.02	0.648221	0.443441	0.526624	0.045051	0.027520	0.034168	0.650229	0.536206	0.587738	11
1.02	0.647091	0.442619	0.525672	0.043911	0.027305	0.033672	0.649113	0.535128	0.586635	12
1.02	0.644212	0.441275	0.523774	0.043987	0.027388	0.033757	0.646045	0.532924	0.584058	12
1.02	0.637047	0.436795	0.518249	0.041510	0.027035	0.032744	0.638960	0.526877	0.577531	12
1.03	0.634860	0.435675	0.516738	0.041497	0.027048	0.032750	0.637008	0.525780	0.576074	12
1.03	0.630402	0.433510	0.513737	0.041575	0.027387	0.033022	0.632378	0.523270	0.572673	12
1.03	0.624580	0.430299	0.509549	0.041652	0.027699	0.033272	0.626743	0.518072	0.567250	12
1.03	0.614244	0.423729	0.501502	0.039596	0.027640	0.032555	0.616367	0.509032	0.557581	12
1.03	0.604684	0.418353	0.494550	0.039566	0.027650	0.032552	0.607256	0.501863	0.549552	12
1.04	0.594130	0.412604	0.487001	0.039089	0.027671	0.032403	0.597382	0.494509	0.541099	12
1.04	0.589609	0.410961	0.484337	0.039281	0.027676	0.032473	0.593830	0.492426	0.538395	12
1.05	0.582817	0.407750	0.479814	0.039312	0.028053	0.032742	0.587731	0.487815	0.533132	12
1.05	0.578802	0.406108	0.477315	0.040920	0.028306	0.033464	0.584533	0.485643	0.530519	12
1.05	0.572458	0.403494	0.473350	0.041503	0.028605	0.033868	0.579587	0.481756	0.526163	12
1.06	0.564189	0.399014	0.467439	0.042115	0.028834	0.034231	0.572000	0.475676	0.519410	12
1.06	0.551569	0.392518	0.458646	0.041174	0.028782	0.033880	0.561410	0.467801	0.510348	12
1.07	0.537779	0.384753	0.448575	0.041395	0.028892	0.034031	0.549398	0.457630	0.499332	12
1.07	0.528733	0.379900	0.442127	0.041329	0.028978	0.034068	0.541764	0.451183	0.492342	12
1.08	0.527080	0.379303	0.441145	0.041453	0.028874	0.034038	0.541281	0.450801	0.491915	12
1.08	0.531214	0.383111	0.445167	0.042144	0.029362	0.034610	0.545688	0.455863	0.496747	10
1.07	0.540622	0.388039	0.451795	0.042212	0.029185	0.034510	0.553554	0.462092	0.503705	10
1.07	0.550814	0.394161	0.459503	0.042630	0.029454	0.034838	0.562777	0.469707	0.512047	10
1.07	0.557080	0.397148	0.463711	0.042824	0.029674	0.035057	0.567370	0.473342	0.516108	11
1.06	0.560643	0.398641	0.465963	0.042842	0.029842	0.035179	0.569787	0.475258	0.518247	11
1.06	0.562303	0.398940	0.466739	0.043029	0.029760	0.035185	0.570670	0.475983	0.519043	10
1.06	0.561579	0.398342	0.466081	0.042816	0.029781	0.035128	0.569750	0.475068	0.518119	11
1.06	0.562809	0.399089	0.467016	0.042969	0.029753	0.035160	0.571014	0.476332	0.519394	11
1.06	0.565561	0.400956	0.469242	0.043052	0.029791	0.035214	0.573915	0.478657	0.521975	10
1.06	0.566306	0.402076	0.470265	0.043188	0.029904	0.035339	0.575068	0.480070	0.523292	10
1.06	0.566373	0.402673	0.470696	0.043272	0.029921	0.035379	0.575682	0.481018	0.524110	10
1.06	0.567156	0.403569	0.471579	0.043284	0.029911	0.035376	0.576797	0.482156	0.525248	10
1.07	0.565400	0.403121	0.470665	0.043038	0.029944	0.035316	0.575895	0.481803	0.524664	12
1.07	0.558756	0.399761	0.466072	0.042384	0.029874	0.035046	0.570438	0.477653	0.519938	12
1.07	0.553048	0.396998	0.462207	0.041900	0.029803	0.034831	0.565808	0.473813	0.515740	12
1.08	0.545229	0.393340	0.456994	0.041652	0.030032	0.034900	0.559560	0.469164	0.510390	12
1.08	0.534255	0.386620	0.448603	0.040966	0.030102	0.034704	0.549137	0.459811	0.500520	12
1.08	0.533608	0.386471	0.448274	0.041052	0.030350	0.034899	0.548802	0.459420	0.500149	12
1.08	0.532660	0.386023	0.447638	0.041344	0.030830	0.035321	0.547743	0.458658	0.499257	12
1.08	0.530896	0.384903	0.446262	0.041532	0.030884	0.035425	0.546041	0.457375	0.497790	13
1.08	0.528073	0.382737	0.443810	0.041542	0.030963	0.035481	0.542731	0.454362	0.494631	13
1.08	0.530963	0.384753	0.446186	0.041506	0.031014	0.035501	0.545632	0.456891	0.497334	13
1.08	0.534428	0.386545	0.448614	0.041275	0.030894	0.035338	0.548180	0.458974	0.499626	13
1.08	0.543760	0.391996	0.455571	0.041642	0.031020	0.035555	0.556584	0.465947	0.507249	13
1.08	0.557285	0.400956	0.466368	0.042030	0.031013	0.035691	0.570122	0.477792	0.519889	13
1.08	0.566936	0.407900	0.474445	0.042190	0.030883	0.035661	0.580033	0.486318	0.529057	13
1.08	0.572317	0.412156	0.479208	0.042460	0.030789	0.035695	0.586262	0.492045	0.535038	14
1.08	0.576310	0.415590	0.482929	0.042941	0.030869	0.035918	0.590688	0.495532	0.538942	14
1.08	0.582851	0.420742	0.488704	0.045766	0.030858	0.036862	0.597438	0.501873	0.545501	14
1.08	0.590420	0.426118	0.494991	0.046183	0.030900	0.037026	0.604969	0.508455	0.552529	14
1.08	0.599648	0.432241	0.502365	0.046382	0.030808	0.037024	0.613243	0.515549	0.560169	13
1.08	0.611318	0.440379	0.511957	0.046332	0.030741	0.036960	0.624484	0.525916	0.570977	13
1.08	0.626660	0.451057	0.524552	0.046069	0.030694	0.036841	0.639490	0.539843	0.585457	13
1.07	0.641543	0.460763	0.536329	0.045272	0.030543	0.036477	0.654087	0.552990	0.599305	12
1.07	0.652400	0.467782	0.544877	0.045776	0.030185	0.036381	0.664575	0.562486	0.609284	12
1.07	0.664649	0.475622	0.554468	0.046074	0.030131	0.036435	0.675890	0.572355	0.619829	12
1.07	0.673697	0.481744	0.561776	0.046599	0.030263	0.036695	0.684704	0.579369	0.627648	11
1.07	0.681034	0.486075	0.567271	0.045941	0.030305	0.036519	0.691491	0.583767	0.633079	11

Fri Mar 11 16:57:39 2022
40.72	0.019894	0.586957	0.038484	0.014897	0.064038	0.024171	0.019793	0.637917	0.038395	80
35.30	0.019961	0.471515	0.038300	0.017322	0.308204	0.032800	0.019926	0.481189	0.038267	88
31.36	0.019803	0.415590	0.037805	0.017698	0.266357	0.033190	0.019748	0.420821	0.037725	88
27.62	0.019620	0.362652	0.037226	0.018128	0.227853	0.033584	0.019564	0.363876	0.037131	85
24.05	0.019746	0.317853	0.037183	0.018215	0.211943	0.033547	0.019674	0.315014	0.037035	84
20.77	0.019767	0.274696	0.036880	0.018597	0.187200	0.033833	0.019727	0.270460	0.036772	84
17.80	0.019757	0.235347	0.036454	0.018226	0.149277	0.032485	0.019816	0.229421	0.036481	81
15.12	0.020315	0.205555	0.036975	0.016829	0.119397	0.029501	0.020371	0.197763	0.036936	81
12.64	0.020235	0.171209	0.036193	0.015759	0.099939	0.027225	0.020155	0.161239	0.035832	80
10.37	0.020473	0.142089	0.035789	0.015896	0.087168	0.026889	0.020383	0.131734	0.035303	74
8.38	0.020930	0.117375	0.035525	0.016219	0.075964	0.026731	0.020998	0.106925	0.035103	70
6.66	0.021454	0.095647	0.035047	0.016306	0.055880	0.025245	0.021302	0.085801	0.034130	69
5.18	0.022826	0.079146	0.035433	0.015466	0.040039	0.022313	0.022550	0.071064	0.034236	60
3.97	0.023888	0.063391	0.034700	0.016487	0.033298	0.022055	0.023599	0.056547	0.033301	51
2.99	0.025062	0.050101	0.033411	0.016886	0.024413	0.019963	0.026010	0.045539	0.033109	45
2.26	0.027128	0.041066	0.032673	0.013234	0.020576	0.016108	0.028294	0.037562	0.032276	41
1.73	0.030061	0.034869	0.032287	0.013487	0.016132	0.014691	0.030465	0.032987	0.031676	41
1.39	0.035402	0.033002	0.034160	0.013429	0.014270	0.013836	0.035505	0.031611	0.033445	37
1.19	0.041597	0.033226	0.036943	0.013547	0.012004	0.012729	0.041591	0.033322	0.037000	35
1.08	0.049172	0.035690	0.041360	0.013421	0.009759	0.011301	0.049435	0.036818	0.042204	35
1.04	0.060574	0.042112	0.049683	0.013831	0.009335	0.011147	0.060369	0.044535	0.051257	35
1.02	0.072781	0.049653	0.059032	0.013955	0.009545	0.011336	0.073022	0.054149	0.062185	34
1.01	0.088673	0.060031	0.071594	0.014146	0.010039	0.011744	0.088791	0.066496	0.076043	32
1.01	0.102897	0.069215	0.082760	0.014293	0.010416	0.012050	0.103090	0.077002	0.088156	32
1.00	0.120423	0.080788	0.096702	0.014408	0.010889	0.012404	0.120551	0.091050	0.103744	31
1.00	0.141727	0.094975	0.113734	0.014584	0.011361	0.012772	0.141861	0.108009	0.122642	32
1.00	0.159380	0.106698	0.127823	0.014551	0.011686	0.012962	0.159433	0.122355	0.138455	30
1.00	0.181798	0.121705	0.145803	0.014325	0.011596	0.012817	0.181859	0.142075	0.159524	28
1.00	0.203034	0.135892	0.162813	0.014611	0.011966	0.013157	0.203057	0.160437	0.179249	28
1.00	0.225792	0.151124	0.181062	0.015589	0.012093	0.013620	0.225817	0.179869	0.200241	26
1.00	0.245454	0.164265	0.196815	0.016764	0.012004	0.013990	0.245454	0.196800	0.218450	23
1.00	0.252148	0.168745	0.202183	0.015139	0.012111	0.013456	0.252148	0.202964	0.224898	22
1.00	0.255495	0.170985	0.204867	0.016236	0.012107	0.013871	0.255495	0.205958	0.228067	18
1.00	0.253598	0.169716	0.203346	0.016569	0.012086	0.013977	0.253598	0.204591	0.226474	13
1.00	0.252594	0.169044	0.202541	0.016887	0.011759	0.013864	0.252594	0.203076	0.225144	13
1.00	0.243445	0.162921	0.195205	0.015967	0.011550	0.013404	0.243445	0.194382	0.216165	13
1.00	0.252817	0.169193	0.202720	0.016678	0.011900	0.013889	0.252817	0.202546	0.224906	11
1.00	0.267321	0.178899	0.214350	0.016745	0.012216	0.014126	0.267321	0.215227	0.238462	9
1.00	0.301908	0.202046	0.242083	0.017177	0.012854	0.014704	0.301908	0.244738	0.270333	8
1.00	0.334709	0.223998	0.268384	0.017262	0.013333	0.015045	0.334709	0.273876	0.301252	7
1.00	0.386031	0.258344	0.309537	0.017846	0.013987	0.015682	0.386031	0.319257	0.349483	7
1.00	0.434787	0.290973	0.348631	0.017808	0.014324	0.015877	0.434787	0.362183	0.395178	7
1.00	0.480201	0.321437	0.385097	0.017272	0.014561	0.015801	0.480252	0.402780	0.438118	7
1.00	0.517011	0.346076	0.414617	0.017376	0.014878	0.016030	0.517070	0.435678	0.472898	7
1.00	0.549275	0.367879	0.440639	0.017639	0.015004	0.016215	0.549425	0.464900	0.503641	7
1.00	0.571779	0.383036	0.458753	0.017564	0.015033	0.016200	0.571963	0.485782	0.525362	7
1.00	0.585915	0.392593	0.470157	0.017789	0.015191	0.016387	0.586132	0.498167	0.538581	8
1.00	0.593318	0.397820	0.476288	0.017860	0.015240	0.016446	0.593663	0.505010	0.545759	7
1.00	0.598865	0.401852	0.480965	0.018056	0.015204	0.016508	0.599297	0.510266	0.551210	7
1.00	0.599066	0.402300	0.481351	0.018461	0.015363	0.016770	0.599576	0.510582	0.551512	7
1.00	0.598889	0.402449	0.481400	0.018440	0.015477	0.016829	0.599520	0.510285	0.551315	6
1.00	0.604023	0.405809	0.485463	0.019485	0.016220	0.017704	0.604485	0.514069	0.555623	6
1.00	0.605690	0.406929	0.486803	0.019524	0.016443	0.017852	0.606159	0.514896	0.556813	6
1.00	0.597934	0.401852	0.480664	0.019934	0.017402	0.018582	0.598293	0.508016	0.549471	6
1.00	0.588065	0.395132	0.472669	0.020609	0.018477	0.019485	0.588252	0.498371	0.539594	6
1.00	0.588484	0.395281	0.472911	0.020774	0.019141	0.019924	0.588586	0.496632	0.538714	6
1.00	0.586908	0.394310	0.471707	0.021160	0.020476	0.020812	0.586857	0.492532	0.535573	6
1.00	0.579287	0.389233	0.465613	0.021334	0.021639	0.021485	0.579103	0.483629	0.527077	6
1.00	0.578889	0.389009	0.465324	0.021464	0.022584	0.022010	0.578545	0.480208	0.524810	6
1.00	0.572428	0.384753	0.460192	0.021575	0.023010	0.022269	0.572018	0.472887	0.517750	7
1.00	0.561306	0.377361	0.451310	0.021595	0.023270	0.022402	0.560861	0.461860	0.506569	7
1.00	0.551016	0.370567	0.443125	0.021559	0.023435	0.022458	0.550485	0.452587	0.496759	7
1.01	0.543951	0.365937	0.437531	0.021522	0.023433	0.022437	0.543345	0.446915	0.490435	7
1.01	0.556271	0.374225	0.447440	0.021872	0.023303	0.022565	0.555841	0.457914	0.502148	7
1.01	0.570636	0.383932	0.459025	0.022480	0.023373	0.022918	0.570233	0.472228	0.516624	7
1.01	0.566393	0.381543	0.455945	0.022838	0.023134	0.022985	0.566049	0.470164	0.513671	7
1.01	0.569403	0.383783	0.458519	0.023522	0.022848	0.023180	0.569173	0.474283	0.517414	7
1.01	0.553024	0.373404	0.445801	0.023593	0.022510	0.023039	0.552828	0.461425	0.503008	7
1.01	0.538317	0.363996	0.434318	0.023836	0.022150	0.022962	0.538101	0.449617	0.489896	7
1.01	0.527094	0.356604	0.425403	0.023734	0.021814	0.022734	0.526777	0.440106	0.479557	7
1.01	0.512023	0.346599	0.413376	0.023418	0.021108	0.022203	0.511659	0.427619	0.465879	7
1.01	0.496366	0.336594	0.401157	0.023760	0.021317	0.022472	0.495760	0.415532	0.452115	7
1.02	0.488908	0.332412	0.395751	0.023999	0.021607	0.022741	0.488118	0.410530	0.445975	7
1.02	0.482997	0.328754	0.391221	0.023995	0.021774	0.022831	0.482037	0.406021	0.440776	7
1.02	0.474255	0.323229	0.384441	0.024092	0.022210	0.023112	0.473112	0.398639	0.432694	8
1.02	0.456833	0.311730	0.370584	0.023979	0.022039	0.022968	0.455484	0.383549	0.416433	8
1.02	0.432110	0.294408	0.350209	0.023879	0.022227	0.023023	0.430492	0.360482	0.392389	8
1.02	0.411132	0.279624	0.332859	0.023434	0.022659	0.023040	0.409182	0.340028	0.371413	8
1.01	0.395052	0.268274	0.319548	0.023078	0.022760	0.022918	0.392893	0.324575	0.355481	8
1.01	0.389690	0.264168	0.314881	0.022907	0.023346	0.023125	0.387426	0.317872	0.349219	8
1.01	0.374242	0.253416	0.302199	0.022619	0.023236	0.022923	0.371751	0.302986	0.333864	8
1.01	0.356812	0.241693	0.288182	0.022241	0.023202	0.022711	0.354067	0.287655	0.317424	8
1.01	0.355386	0.240648	0.286974	0.022163	0.023523	0.022823	0.352449	0.286041	0.315791	8
1.01	0.366144	0.247741	0.295524	0.021937	0.023909	0.022881	0.363327	0.293111	0.324463	8
1.01	0.374062	0.253043	0.301875	0.021953	0.024277	0.023056	0.371304	0.298447	0.330913	8
1.01	0.394391	0.266706	0.318218	0.022169	0.024865	0.023440	0.391889	0.314597	0.349015	8
1.01	0.401192	0.271336	0.323727	0.029715	0.025327	0.027346	0.398750	0.319785	0.354929	9
1.01	0.402097	0.272008	0.324500	0.028991	0.025441	0.027100	0.399643	0.320743	0.355872	9
1.01	0.406864	0.275293	0.328390	0.029345	0.025580	0.027333	0.404440	0.324830	0.360290	9
1.01	0.405915	0.274621	0.327603	0.030377	0.025770	0.027885	0.403492	0.323556	0.359130	9
1.01	0.412381	0.279026	0.332843	0.030435	0.025898	0.027984	0.410019	0.329748	0.365529	9
1.01	0.427168	0.289032	0.344778	0.030791	0.026124	0.028266	0.424914	0.343676	0.380001	9
1.01	0.433348	0.293213	0.349766	0.030439	0.026114	0.028111	0.431106	0.350435	0.386607	9
1.01	0.440901	0.298290	0.355839	0.029630	0.026265	0.027846	0.438748	0.357511	0.393985	9
1.01	0.445916	0.301650	0.359863	0.028719	0.026273	0.027442	0.443769	0.362810	0.399226	9
1.01	0.455809	0.308445	0.367920	0.029042	0.026186	0.027540	0.453810	0.372619	0.409226	9
1.01	0.471367	0.318973	0.380477	0.027368	0.026247	0.026796	0.469486	0.387588	0.424624	9
