
Mon Aug 23 01:35:39 2021
45.07	0.011759	0.384058	0.022820	0.012618	0.070154	0.021389	0.011876	0.328750	0.022924	87
39.97	0.013513	0.361457	0.026052	0.013937	0.324352	0.026726	0.013470	0.317018	0.025842	89
35.43	0.013741	0.325842	0.026370	0.013918	0.294366	0.026579	0.013663	0.286695	0.026084	89
30.94	0.014220	0.294408	0.027129	0.014001	0.264152	0.026592	0.014076	0.260132	0.026707	87
26.66	0.014687	0.262077	0.027816	0.014409	0.239630	0.027183	0.014481	0.233114	0.027268	87
22.59	0.015255	0.230643	0.028617	0.014962	0.196146	0.027804	0.014974	0.207825	0.027936	87
18.89	0.015775	0.199433	0.029237	0.015541	0.150289	0.028169	0.015341	0.182225	0.028300	86
15.59	0.016347	0.170537	0.029835	0.013667	0.114239	0.024413	0.015760	0.158212	0.028665	85
12.71	0.016683	0.141865	0.029855	0.013466	0.090465	0.023443	0.016126	0.133811	0.028783	84
10.26	0.017445	0.119764	0.030453	0.013569	0.066173	0.022520	0.016981	0.115333	0.029604	82
8.25	0.018790	0.103786	0.031820	0.011059	0.055420	0.018439	0.018633	0.101350	0.031479	78
6.60	0.020028	0.088404	0.032658	0.012527	0.047544	0.019830	0.020025	0.087688	0.032605	73
5.20	0.021855	0.076085	0.033956	0.012618	0.038254	0.018977	0.022168	0.076383	0.034364	71
4.08	0.023485	0.064138	0.034381	0.012959	0.032475	0.018525	0.024044	0.065542	0.035181	66
3.20	0.026037	0.055701	0.035487	0.013151	0.024964	0.017227	0.026225	0.057806	0.036081	63
2.49	0.029213	0.048757	0.036536	0.012227	0.022422	0.015825	0.029625	0.051140	0.037517	58
1.97	0.033471	0.044128	0.038068	0.015155	0.017614	0.016292	0.034180	0.046729	0.039482	48
1.59	0.038756	0.041216	0.039948	0.015321	0.014723	0.015016	0.039131	0.044014	0.041429	45
1.33	0.044418	0.039573	0.041856	0.013547	0.010760	0.011994	0.045303	0.042675	0.043950	40
1.18	0.050446	0.039722	0.044446	0.013247	0.010009	0.011402	0.051926	0.043243	0.047188	39
1.09	0.057331	0.041664	0.048257	0.013647	0.009842	0.011437	0.058435	0.045483	0.051152	39
1.04	0.066966	0.046741	0.055055	0.013407	0.010097	0.011519	0.067314	0.051489	0.058348	40
1.02	0.079221	0.054058	0.064264	0.015334	0.010737	0.012630	0.079586	0.060090	0.068477	38
1.01	0.090939	0.061301	0.073235	0.017312	0.011593	0.013886	0.090985	0.068392	0.078087	38
1.00	0.103203	0.069290	0.082913	0.017741	0.012261	0.014500	0.103258	0.077727	0.088692	37
1.00	0.116966	0.078399	0.093876	0.017058	0.011222	0.013538	0.117092	0.087846	0.100383	35
1.00	0.135244	0.090570	0.108488	0.017494	0.011919	0.014178	0.135278	0.101039	0.115679	34
1.00	0.155682	0.104234	0.124866	0.018122	0.012959	0.015112	0.155751	0.116213	0.133108	32
1.00	0.174049	0.116479	0.139560	0.018993	0.013768	0.015964	0.174049	0.129912	0.148776	30
1.00	0.192569	0.128873	0.154410	0.020456	0.014820	0.017188	0.192569	0.142718	0.163938	29
1.00	0.203503	0.136191	0.163178	0.020096	0.015401	0.017438	0.203503	0.150231	0.172855	27
1.00	0.210532	0.140895	0.168814	0.020646	0.015051	0.017410	0.210532	0.154814	0.178425	24
1.00	0.215553	0.144254	0.172840	0.019185	0.015122	0.016913	0.215553	0.157808	0.182215	22
1.00	0.219123	0.146644	0.175702	0.013125	0.015317	0.014137	0.219123	0.159309	0.184489	20
1.00	0.228606	0.152990	0.183307	0.013304	0.015562	0.014345	0.228606	0.166942	0.192968	17
1.00	0.238648	0.159710	0.191358	0.013339	0.015739	0.014440	0.238648	0.175802	0.202460	17
1.00	0.251478	0.168297	0.201646	0.013556	0.016028	0.014688	0.251478	0.186467	0.214147	16
1.00	0.261631	0.175091	0.209787	0.013732	0.016123	0.014831	0.261631	0.195578	0.223833	14
1.00	0.281379	0.188307	0.225622	0.014047	0.016406	0.015135	0.281379	0.212044	0.241840	12
1.00	0.289412	0.193683	0.232063	0.014139	0.016437	0.015201	0.289412	0.219110	0.249402	11
1.00	0.300346	0.201001	0.240830	0.014430	0.016618	0.015447	0.300346	0.228352	0.259447	10
1.00	0.304809	0.203987	0.244409	0.014575	0.016646	0.015542	0.304809	0.232322	0.263674	10
1.00	0.312026	0.208840	0.250212	0.015306	0.016825	0.016030	0.311949	0.238458	0.270297	10
1.00	0.318126	0.212947	0.255121	0.015869	0.016977	0.016405	0.317974	0.243562	0.275838	9
1.00	0.312465	0.209438	0.250782	0.017488	0.017104	0.017294	0.312061	0.238979	0.270673	9
1.00	0.302289	0.203091	0.242955	0.018717	0.017432	0.018052	0.301294	0.230509	0.261191	8
1.01	0.301498	0.202942	0.242592	0.018875	0.017825	0.018335	0.300346	0.229774	0.260363	8
1.01	0.308408	0.207870	0.248350	0.019282	0.018309	0.018783	0.306928	0.235985	0.266822	8
1.01	0.307531	0.207646	0.247905	0.019778	0.019022	0.019393	0.305367	0.234535	0.265304	8
1.01	0.311423	0.210483	0.251192	0.019651	0.019426	0.019538	0.308825	0.237844	0.268727	8
1.01	0.316498	0.214291	0.255554	0.019845	0.020201	0.020021	0.312730	0.242558	0.273210	8
1.01	0.313827	0.213022	0.253780	0.019775	0.021045	0.020390	0.309160	0.240057	0.270261	8
1.02	0.315310	0.214664	0.255431	0.019512	0.021925	0.020648	0.309550	0.241907	0.271580	8
1.02	0.326073	0.222430	0.264459	0.019356	0.022619	0.020861	0.319815	0.250973	0.281242	8
1.02	0.334134	0.228403	0.271332	0.019102	0.023028	0.020882	0.327848	0.259535	0.289719	8
1.02	0.336533	0.230344	0.273493	0.019072	0.023211	0.020939	0.330470	0.261986	0.292270	7
1.02	0.330500	0.226462	0.268764	0.019609	0.023586	0.021414	0.323943	0.256882	0.286541	7
1.02	0.323853	0.221907	0.263358	0.019864	0.023527	0.021541	0.317249	0.250801	0.280139	8
1.02	0.318875	0.218472	0.259294	0.020371	0.023580	0.021858	0.312116	0.246446	0.275421	8
1.02	0.304031	0.208392	0.247287	0.020712	0.023430	0.021987	0.296887	0.233207	0.261222	8
1.02	0.307307	0.210707	0.250000	0.021044	0.023400	0.022160	0.300234	0.236573	0.264629	8
1.02	0.310683	0.213022	0.252746	0.024272	0.023374	0.023814	0.303805	0.239343	0.267749	8
1.02	0.319098	0.218696	0.259525	0.026321	0.023428	0.024791	0.312507	0.246502	0.275608	8
1.02	0.325412	0.222878	0.264557	0.026398	0.023352	0.024782	0.319034	0.252183	0.281697	9
1.02	0.338311	0.231763	0.275080	0.026884	0.023556	0.025111	0.332143	0.264400	0.294425	9
1.02	0.357664	0.245128	0.290891	0.028046	0.023810	0.025755	0.352003	0.282707	0.313572	9
1.02	0.388284	0.266259	0.315897	0.028964	0.024154	0.026341	0.383354	0.310237	0.342941	10
1.02	0.421666	0.289181	0.343077	0.029653	0.024478	0.026818	0.417494	0.340890	0.375323	9
1.02	0.447953	0.307175	0.364442	0.029852	0.024766	0.027072	0.444382	0.364534	0.400517	9
1.02	0.462225	0.317031	0.376102	0.029979	0.024996	0.027261	0.458942	0.377495	0.414253	8
1.03	0.458107	0.314343	0.372847	0.029921	0.025115	0.027308	0.454758	0.374110	0.410511	8
1.03	0.442837	0.303965	0.360489	0.029821	0.025103	0.027260	0.439083	0.359690	0.395441	9
1.02	0.431417	0.295901	0.351034	0.029840	0.025012	0.027213	0.427424	0.349221	0.384385	9
1.02	0.433097	0.297021	0.352378	0.029906	0.025119	0.027304	0.429265	0.350337	0.385805	8
1.02	0.432742	0.296647	0.351998	0.029096	0.025040	0.026916	0.428986	0.349918	0.385439	8
1.03	0.419260	0.287688	0.341230	0.029311	0.025174	0.027085	0.415095	0.337223	0.372129	8
1.03	0.403547	0.276936	0.328463	0.029452	0.025154	0.027134	0.398918	0.322942	0.356932	8
1.03	0.390321	0.267976	0.317779	0.028014	0.025016	0.026430	0.385474	0.310608	0.344015	9
1.03	0.373233	0.256328	0.303926	0.027436	0.024974	0.026148	0.368069	0.294840	0.327410	9
1.03	0.356289	0.244904	0.290278	0.026525	0.024898	0.025686	0.350608	0.279360	0.310955	9
1.03	0.339011	0.233331	0.276414	0.025849	0.024768	0.025297	0.332757	0.263485	0.294097	9
1.03	0.319068	0.219891	0.260354	0.024968	0.024550	0.024757	0.312116	0.245662	0.274930	9
1.03	0.314091	0.216531	0.256342	0.024847	0.024556	0.024701	0.306873	0.240632	0.269745	9
1.03	0.321173	0.221534	0.262207	0.024899	0.024747	0.024823	0.313902	0.247280	0.276636	9
1.03	0.330917	0.228403	0.270265	0.024847	0.024971	0.024909	0.323999	0.256252	0.286170	9
1.03	0.349616	0.241544	0.285702	0.027291	0.025541	0.026387	0.343133	0.273201	0.304200	10
1.03	0.364814	0.252371	0.298349	0.026925	0.025961	0.026434	0.358753	0.287008	0.318895	10
1.04	0.383795	0.265960	0.314192	0.027558	0.026557	0.027048	0.377998	0.305290	0.337776	10
1.04	0.396620	0.275144	0.324899	0.027535	0.026910	0.027219	0.391219	0.316949	0.350190	10
1.04	0.416837	0.289480	0.341676	0.027613	0.027152	0.027381	0.412139	0.336210	0.370322	10
1.04	0.442917	0.307922	0.363284	0.028016	0.027544	0.027778	0.439139	0.361192	0.396370	10
1.04	0.488412	0.339879	0.400828	0.029467	0.028141	0.028789	0.486388	0.403236	0.440926	10
1.04	0.529860	0.368999	0.435035	0.030223	0.028475	0.029323	0.529510	0.442954	0.482380	10
1.04	0.559593	0.389830	0.459534	0.030842	0.028674	0.029719	0.560303	0.470177	0.511299	10
1.04	0.582718	0.406332	0.478796	0.031540	0.028853	0.030136	0.584347	0.492584	0.534556	10
1.04	0.596683	0.416337	0.490457	0.032140	0.028738	0.030344	0.599018	0.506159	0.548687	10
1.04	0.603828	0.421638	0.496549	0.033311	0.028748	0.030862	0.606661	0.513206	0.556034	10
1.04	0.609722	0.426118	0.501648	0.034101	0.028697	0.031166	0.612909	0.519315	0.562243	10
1.05	0.617675	0.432091	0.508479	0.035003	0.028917	0.031670	0.621276	0.527175	0.570370	10
1.05	0.622545	0.435451	0.512456	0.035301	0.028842	0.031746	0.626297	0.531591	0.575071	10
1.05	0.625214	0.437318	0.514652	0.037425	0.028800	0.032551	0.629030	0.534148	0.577719	10
1.05	0.619693	0.433734	0.510300	0.035988	0.028932	0.032076	0.623452	0.528872	0.572281	10
1.05	0.613505	0.429403	0.505205	0.033609	0.029097	0.031190	0.616981	0.522662	0.565918	10
1.05	0.599723	0.419846	0.493917	0.032094	0.029339	0.030655	0.602477	0.509487	0.552094	10
1.05	0.589183	0.412380	0.485176	0.031169	0.029303	0.030207	0.591599	0.498944	0.541335	10
1.05	0.573837	0.401553	0.472480	0.030652	0.029362	0.029993	0.575533	0.484217	0.525940	11
1.05	0.560606	0.392294	0.461586	0.030624	0.029324	0.029960	0.561698	0.472864	0.513467	11
1.05	0.545833	0.381916	0.449394	0.028349	0.029354	0.028843	0.546246	0.459048	0.498865	11
1.05	0.537082	0.375793	0.442189	0.028495	0.029407	0.028944	0.537097	0.450290	0.489878	11
1.05	0.523210	0.366087	0.430768	0.029491	0.029240	0.029365	0.522593	0.436520	0.475695	11
1.05	0.516539	0.361457	0.425302	0.029449	0.029209	0.029329	0.515620	0.430235	0.469074	11
1.05	0.515203	0.360561	0.424229	0.029547	0.029341	0.029444	0.514225	0.428562	0.467502	11
1.05	0.517179	0.361905	0.425829	0.029376	0.029479	0.029428	0.516345	0.429864	0.469152	11
1.05	0.517665	0.362129	0.426149	0.029642	0.029568	0.029605	0.516791	0.429547	0.469148	11
1.05	0.515372	0.360487	0.424234	0.029898	0.029575	0.029736	0.514504	0.426907	0.466630	11
1.05	0.506403	0.354290	0.416905	0.029827	0.029507	0.029666	0.505188	0.418158	0.457571	11
1.05	0.505389	0.353618	0.416096	0.029941	0.029633	0.029786	0.504072	0.416847	0.456329	11
1.05	0.507788	0.355410	0.418149	0.030452	0.029793	0.030119	0.506471	0.418707	0.458426	11
1.05	0.504904	0.353618	0.415931	0.031776	0.029829	0.030772	0.503459	0.416252	0.455721	11
1.05	0.499467	0.349959	0.411555	0.032010	0.029799	0.030865	0.497601	0.411631	0.450552	12
1.05	0.494460	0.346524	0.407481	0.031951	0.029781	0.030828	0.492302	0.406536	0.445327	12
1.05	0.493982	0.346300	0.407164	0.032184	0.029723	0.030904	0.491855	0.405988	0.444815	11
1.05	0.497127	0.348839	0.409986	0.033406	0.029768	0.031482	0.495203	0.409651	0.448382	12
1.05	0.506379	0.355634	0.417825	0.033424	0.029935	0.031583	0.504909	0.418799	0.457841	12
1.05	0.519872	0.365265	0.429066	0.034584	0.030080	0.032175	0.519134	0.431742	0.471422	12
1.05	0.529268	0.371985	0.436903	0.033068	0.030144	0.031538	0.529064	0.441206	0.481157	12
1.05	0.531436	0.373628	0.438774	0.031652	0.030341	0.030983	0.531407	0.442796	0.483072	12
1.05	0.530773	0.373479	0.438445	0.031700	0.030318	0.030994	0.530849	0.442787	0.482836	12
1.05	0.528969	0.372881	0.437418	0.031478	0.030301	0.030878	0.529194	0.441681	0.481493	11
1.05	0.529262	0.373404	0.437878	0.030870	0.030608	0.030739	0.529417	0.442322	0.481967	11
1.06	0.526221	0.371612	0.435605	0.030778	0.030693	0.030736	0.526293	0.440104	0.479355	11
1.06	0.521918	0.368924	0.432283	0.030879	0.030854	0.030866	0.521886	0.436283	0.475260	11
1.06	0.511564	0.361681	0.423760	0.029697	0.031062	0.030364	0.510897	0.426185	0.464712	11
1.06	0.501477	0.354812	0.415584	0.030119	0.031672	0.030876	0.500074	0.416367	0.454398	11
1.06	0.494569	0.350183	0.410037	0.030006	0.032142	0.031037	0.492655	0.409236	0.447088	12
1.06	0.485152	0.343986	0.402551	0.029923	0.032265	0.031050	0.482781	0.400850	0.438017	12
1.06	0.477488	0.338908	0.396437	0.030173	0.033228	0.031627	0.474543	0.392742	0.429785	12
1.06	0.470978	0.334428	0.391128	0.030216	0.033341	0.031701	0.467626	0.386197	0.423029	12
1.06	0.465351	0.330919	0.386787	0.029205	0.033582	0.031241	0.461732	0.381465	0.417778	12
1.06	0.464211	0.330247	0.385934	0.028373	0.033761	0.030834	0.460449	0.379432	0.416033	10
1.06	0.466849	0.332263	0.388222	0.028410	0.034036	0.030970	0.463126	0.381264	0.418227	10
1.06	0.469749	0.334503	0.390754	0.028831	0.034305	0.031331	0.466250	0.383830	0.421044	10
1.06	0.476300	0.339132	0.396179	0.028970	0.034342	0.031428	0.473112	0.389855	0.427467	10
1.06	0.474038	0.337415	0.394225	0.029005	0.034299	0.031431	0.470657	0.387586	0.425101	10
1.06	0.476500	0.339132	0.396249	0.029068	0.034324	0.031478	0.473279	0.390254	0.427775	11
1.06	0.480747	0.342119	0.399756	0.029107	0.034220	0.031457	0.477742	0.394661	0.432246	12
1.06	0.486617	0.346151	0.404537	0.029275	0.034270	0.031576	0.483990	0.401077	0.438650	12
1.06	0.499265	0.355186	0.415078	0.029428	0.034451	0.031742	0.497341	0.413526	0.451577	13
1.06	0.512113	0.364593	0.425942	0.033744	0.034871	0.034298	0.511064	0.426896	0.465203	13
1.06	0.530004	0.377212	0.440742	0.033654	0.034833	0.034233	0.530031	0.444570	0.483554	13
1.06	0.548374	0.390204	0.455961	0.035007	0.034987	0.034997	0.549388	0.462924	0.502463	14
1.06	0.565760	0.402449	0.470332	0.035058	0.034963	0.035010	0.567779	0.479343	0.519826	14
1.06	0.584707	0.415665	0.485904	0.033227	0.035099	0.034137	0.587917	0.497320	0.538837	16
1.06	0.590957	0.420593	0.491429	0.032381	0.035068	0.033671	0.594723	0.504191	0.545728	16
1.06	0.598197	0.425969	0.497601	0.032893	0.035179	0.033998	0.602440	0.511295	0.553138	16
1.06	0.605324	0.431270	0.503684	0.033249	0.035300	0.034244	0.610119	0.518184	0.560406	16
1.07	0.610640	0.435377	0.508325	0.033467	0.035386	0.034400	0.615754	0.524376	0.566403	16
1.07	0.613710	0.437841	0.511069	0.034048	0.035661	0.034836	0.619082	0.527998	0.569924	15
1.07	0.608378	0.434854	0.507185	0.033974	0.035900	0.034910	0.613764	0.523266	0.564914	15
1.07	0.601982	0.430822	0.502219	0.034091	0.035885	0.034965	0.607070	0.518022	0.559022	15
1.07	0.591046	0.423878	0.493695	0.033520	0.036108	0.034766	0.595734	0.508678	0.548775	15
1.07	0.575994	0.413126	0.481151	0.035428	0.036116	0.035768	0.579557	0.494025	0.533384	15
1.07	0.560770	0.402374	0.468548	0.036250	0.036404	0.036327	0.563212	0.479395	0.517934	15
1.07	0.541324	0.388785	0.452546	0.036797	0.036402	0.036598	0.542590	0.461516	0.498780	15
1.07	0.522607	0.375420	0.436951	0.036897	0.036363	0.036628	0.522545	0.444446	0.480341	15
1.07	0.509405	0.366012	0.425965	0.037108	0.036493	0.036798	0.508412	0.431745	0.466953	15
1.07	0.495844	0.356306	0.414650	0.037137	0.037027	0.037082	0.494020	0.418357	0.453051	15
1.07	0.489455	0.351751	0.409332	0.038016	0.037328	0.037669	0.487103	0.411997	0.446413	16
1.07	0.476789	0.342791	0.398836	0.038075	0.037683	0.037878	0.473621	0.399669	0.433514	16
1.08	0.471223	0.339282	0.394513	0.037766	0.038168	0.037966	0.467634	0.394713	0.428091	17
1.08	0.464393	0.334503	0.388889	0.036740	0.038129	0.037421	0.460549	0.387973	0.421157	17
1.08	0.462335	0.333159	0.387259	0.036372	0.038426	0.037370	0.458318	0.385472	0.418750	17
1.08	0.456229	0.329202	0.382443	0.035586	0.038392	0.036936	0.451847	0.380488	0.413109	17
1.08	0.454151	0.328007	0.380907	0.034837	0.038297	0.036485	0.449522	0.378406	0.410910	17
1.08	0.455813	0.329650	0.382599	0.033815	0.038421	0.035971	0.451437	0.380730	0.413080	17
1.08	0.459253	0.332412	0.385672	0.033849	0.038747	0.036133	0.455287	0.384133	0.416694	17
1.08	0.465972	0.337415	0.391408	0.033331	0.038915	0.035907	0.462594	0.390130	0.423283	17
1.08	0.479220	0.346972	0.402512	0.033398	0.038675	0.035843	0.477128	0.402579	0.436695	17
1.08	0.489743	0.354738	0.411449	0.031859	0.038916	0.035035	0.488564	0.412007	0.447031	17
1.08	0.493559	0.357575	0.414704	0.031719	0.038894	0.034942	0.492878	0.415819	0.451081	18
1.08	0.500926	0.363399	0.421221	0.031457	0.038770	0.034733	0.501302	0.423229	0.458969	18
1.09	0.505706	0.367281	0.425519	0.031474	0.038126	0.034482	0.507010	0.428435	0.464423	18
1.09	0.511754	0.372209	0.430967	0.031283	0.038038	0.034331	0.513983	0.434098	0.470675	18
1.09	0.518659	0.377735	0.437119	0.031377	0.037864	0.034317	0.522128	0.441074	0.478191	19
1.09	0.524068	0.382065	0.441940	0.031079	0.037547	0.034008	0.528413	0.446597	0.484072	19
1.09	0.533047	0.389607	0.450177	0.031260	0.037593	0.034135	0.538399	0.456267	0.493942	19
1.10	0.535813	0.392668	0.453206	0.031270	0.037582	0.034136	0.541932	0.459958	0.497591	19
1.10	0.538164	0.395356	0.455837	0.031493	0.037720	0.034327	0.544870	0.462580	0.500364	19
1.10	0.541624	0.399313	0.459707	0.031578	0.037869	0.034438	0.549239	0.467331	0.504985	19
1.10	0.548994	0.405361	0.466369	0.031649	0.038034	0.034549	0.557384	0.475215	0.513030	19
1.11	0.551279	0.408572	0.469317	0.032115	0.038358	0.034960	0.560657	0.478958	0.516597	19
1.11	0.550332	0.409020	0.469268	0.032078	0.038500	0.034997	0.560173	0.479144	0.516500	19
1.11	0.551977	0.410737	0.470996	0.032329	0.038690	0.035225	0.562442	0.480948	0.518512	19
1.11	0.550431	0.409916	0.469893	0.032068	0.038633	0.035046	0.561155	0.479720	0.517252	19
1.11	0.544753	0.405809	0.465126	0.031738	0.038546	0.034813	0.555251	0.474560	0.511744	19
1.11	0.537072	0.399686	0.458305	0.031567	0.038797	0.034811	0.546761	0.466239	0.503300	19
1.11	0.529713	0.394012	0.451895	0.031427	0.038919	0.034774	0.538560	0.458634	0.495394	19
1.11	0.522394	0.388412	0.445548	0.042649	0.038928	0.040704	0.530611	0.451047	0.487605	20
1.11	0.516337	0.383484	0.440103	0.042467	0.038638	0.040462	0.523898	0.444260	0.480804	20
1.11	0.508915	0.377212	0.433276	0.042628	0.038991	0.040728	0.515400	0.436450	0.472651	20
1.11	0.502571	0.372209	0.427677	0.042870	0.038953	0.040818	0.508187	0.430537	0.466150	20
1.11	0.498738	0.368849	0.424071	0.044475	0.038711	0.041393	0.503810	0.426846	0.462145	20
1.10	0.495051	0.365937	0.420813	0.044421	0.039037	0.041555	0.499775	0.423294	0.458366	20
1.10	0.491216	0.363249	0.417650	0.041243	0.039063	0.040123	0.495684	0.420114	0.454781	20
1.11	0.494702	0.366012	0.420736	0.040402	0.039231	0.039808	0.499412	0.424112	0.458692	20
1.11	0.497983	0.368625	0.423650	0.040534	0.039267	0.039890	0.503094	0.428026	0.462534	20
1.10	0.504797	0.373255	0.429172	0.040503	0.039312	0.039899	0.510023	0.434479	0.469230	20
1.11	0.512963	0.379676	0.436368	0.040262	0.039154	0.039700	0.519562	0.443311	0.478417	20
1.11	0.519806	0.385052	0.442395	0.040511	0.039194	0.039842	0.527223	0.451028	0.486158	20
1.11	0.526083	0.390054	0.447970	0.040919	0.039479	0.040186	0.534308	0.457499	0.492929	20
1.11	0.533146	0.395729	0.454273	0.040902	0.039283	0.040076	0.542545	0.464835	0.500693	21
1.11	0.536034	0.398193	0.456945	0.040853	0.039648	0.040241	0.545948	0.468591	0.504321	21
1.11	0.537394	0.399164	0.458078	0.041156	0.040041	0.040591	0.546897	0.470023	0.505554	21
1.11	0.541931	0.401926	0.461545	0.040791	0.040000	0.040391	0.551155	0.474226	0.509804	21

Mon Aug 23 03:01:09 2021
48.67	0.009861	0.347826	0.019179	0.017973	0.087577	0.029825	0.009501	0.238750	0.018274	87
44.96	0.012234	0.368103	0.023682	0.013772	0.352853	0.026509	0.012221	0.292090	0.023461	89
40.47	0.012666	0.343015	0.024430	0.013729	0.329811	0.026360	0.012636	0.273420	0.024155	89
35.90	0.013164	0.316285	0.025275	0.013724	0.295748	0.026231	0.013102	0.253858	0.024918	89
31.31	0.013835	0.289928	0.026410	0.013967	0.268460	0.026553	0.013758	0.233720	0.025987	89
26.82	0.014444	0.259240	0.027363	0.014295	0.226674	0.026893	0.014333	0.210951	0.026843	89
22.51	0.014723	0.221758	0.027613	0.014533	0.198505	0.027084	0.014639	0.181215	0.027089	87
18.49	0.015027	0.185993	0.027808	0.014241	0.163794	0.026204	0.014972	0.154920	0.027306	84
14.88	0.015296	0.152318	0.027800	0.014044	0.123260	0.025215	0.015378	0.129529	0.027492	82
11.67	0.015960	0.124617	0.028297	0.013967	0.088066	0.024110	0.016361	0.109121	0.028455	82
8.91	0.017127	0.102143	0.029335	0.014094	0.056856	0.022589	0.017859	0.092372	0.029931	80
6.62	0.018914	0.083850	0.030865	0.014400	0.042878	0.021560	0.020349	0.078779	0.032344	76
4.79	0.021059	0.067498	0.032102	0.013970	0.029228	0.018904	0.022881	0.066053	0.033988	74
3.38	0.024059	0.054431	0.033369	0.013895	0.021204	0.016788	0.025433	0.055203	0.034822	68
2.37	0.031215	0.049578	0.038310	0.014623	0.010347	0.012119	0.034075	0.052754	0.041405	64
1.73	0.041323	0.047861	0.044352	0.014804	0.008931	0.011141	0.045059	0.054013	0.049131	61
1.37	0.056120	0.051519	0.053722	0.012999	0.007692	0.009665	0.060220	0.060484	0.060352	55
1.17	0.078797	0.061823	0.069286	0.012104	0.007468	0.009237	0.082080	0.074588	0.078155	53
1.08	0.104926	0.075861	0.088057	0.012389	0.007858	0.009616	0.106521	0.092551	0.099046	52
1.03	0.132218	0.091466	0.108130	0.013538	0.008457	0.010410	0.132712	0.112224	0.121611	51
1.01	0.164118	0.111401	0.132717	0.014374	0.009221	0.011235	0.164435	0.137634	0.149846	50
1.01	0.195881	0.132084	0.157777	0.015155	0.009413	0.011613	0.196307	0.163290	0.178283	49
1.00	0.227419	0.152841	0.182817	0.015466	0.010204	0.012296	0.227658	0.189336	0.206736	47
1.00	0.264834	0.177630	0.212639	0.017273	0.010756	0.013257	0.265090	0.219333	0.240051	46
1.00	0.300457	0.201299	0.241080	0.017223	0.010026	0.012674	0.300625	0.249373	0.272611	45
1.00	0.330026	0.221011	0.264735	0.018098	0.010772	0.013506	0.330191	0.274179	0.299589	45
1.00	0.356721	0.238781	0.286072	0.018767	0.011531	0.014285	0.356800	0.295712	0.323397	43
1.00	0.370664	0.248115	0.297254	0.020637	0.012068	0.015230	0.370746	0.307148	0.335964	39
1.00	0.384984	0.257672	0.308718	0.022500	0.012046	0.015692	0.385027	0.317431	0.347977	38
1.00	0.389936	0.260957	0.312668	0.020231	0.012271	0.015276	0.389936	0.319393	0.351157	34
1.00	0.383689	0.256776	0.307658	0.019407	0.012522	0.015223	0.383689	0.312680	0.344564	30
1.00	0.375990	0.251624	0.301485	0.017992	0.012860	0.014999	0.375990	0.302908	0.335516	27
1.00	0.373313	0.249832	0.299338	0.016652	0.013199	0.014726	0.373313	0.298576	0.331787	22
1.00	0.366060	0.244979	0.293523	0.017014	0.012906	0.014678	0.366060	0.290663	0.324034	20
1.00	0.355350	0.237811	0.284935	0.013221	0.013073	0.013147	0.355350	0.280548	0.313549	16
1.00	0.348209	0.233032	0.279209	0.013242	0.013272	0.013257	0.348209	0.273510	0.306372	13
1.00	0.346424	0.231838	0.277778	0.014110	0.013645	0.013874	0.346424	0.271539	0.304444	11
1.00	0.340288	0.227731	0.272857	0.014123	0.013866	0.013993	0.340288	0.264547	0.297675	9
1.00	0.342854	0.229448	0.274915	0.014293	0.014141	0.014217	0.342854	0.266025	0.299592	8
1.00	0.342704	0.229374	0.274813	0.014883	0.014477	0.014677	0.342687	0.265151	0.298974	8
1.00	0.343224	0.229747	0.275248	0.014865	0.014583	0.014722	0.343189	0.265765	0.299555	5
1.00	0.343558	0.229971	0.275517	0.015281	0.014766	0.015019	0.343523	0.265988	0.299824	5
1.00	0.348689	0.233406	0.279631	0.015153	0.014679	0.014912	0.348656	0.271129	0.305044	5
1.00	0.359692	0.240797	0.288474	0.015069	0.014680	0.014872	0.359645	0.282212	0.316258	5
1.00	0.375892	0.251699	0.301507	0.015123	0.014751	0.014935	0.375879	0.297599	0.332190	5
1.00	0.388158	0.259912	0.311346	0.014998	0.014880	0.014939	0.388151	0.309156	0.344179	5
1.00	0.403188	0.270066	0.323466	0.014979	0.015043	0.015011	0.403269	0.323660	0.359105	5
1.00	0.424925	0.284626	0.340905	0.015016	0.015193	0.015104	0.424969	0.343826	0.380116	5
1.00	0.439639	0.294482	0.352710	0.015236	0.015396	0.015315	0.439697	0.357122	0.394131	5
1.00	0.449833	0.301277	0.360864	0.015507	0.015663	0.015585	0.449849	0.365648	0.403402	5
1.00	0.452843	0.303293	0.363279	0.015691	0.015884	0.015787	0.452862	0.367656	0.405835	5
1.00	0.444779	0.297991	0.356881	0.015733	0.016073	0.015901	0.444829	0.359316	0.397526	5
1.00	0.437437	0.293138	0.351037	0.015887	0.016282	0.016082	0.437521	0.351683	0.389934	5
1.00	0.437994	0.293512	0.351484	0.016241	0.016611	0.016424	0.438079	0.350716	0.389559	5
1.00	0.430481	0.288509	0.345478	0.016027	0.016590	0.016304	0.430548	0.342860	0.381733	6
1.00	0.419869	0.281490	0.337028	0.016051	0.016812	0.016423	0.419949	0.332000	0.370831	6
1.00	0.408281	0.273874	0.327837	0.016080	0.016924	0.016491	0.408290	0.319885	0.358721	6
1.00	0.406563	0.272904	0.326587	0.016325	0.017148	0.016726	0.406505	0.317719	0.356670	6
1.00	0.401311	0.269618	0.322540	0.016637	0.017465	0.017041	0.401261	0.311555	0.350763	6
1.00	0.388272	0.261032	0.312185	0.016688	0.017828	0.017239	0.388151	0.297934	0.337111	6
1.00	0.377457	0.253789	0.303509	0.019558	0.018342	0.018930	0.377329	0.286768	0.325874	6
1.01	0.369495	0.248712	0.297305	0.030624	0.018693	0.023216	0.369240	0.277387	0.316790	7
1.01	0.351885	0.236989	0.283228	0.028009	0.018755	0.022466	0.351277	0.261600	0.299878	7
1.01	0.340195	0.229523	0.274109	0.024458	0.018912	0.021330	0.339284	0.250526	0.288227	7
1.01	0.333444	0.225267	0.268883	0.024085	0.019077	0.021291	0.332366	0.243860	0.281316	7
1.01	0.329251	0.222803	0.265764	0.025405	0.019600	0.022128	0.327457	0.240178	0.277108	7
1.01	0.328959	0.222728	0.265616	0.025127	0.019731	0.022105	0.327123	0.240624	0.277284	7
1.01	0.337448	0.228627	0.272578	0.023924	0.019871	0.021710	0.335881	0.249169	0.286099	7
1.01	0.350171	0.237064	0.282725	0.023613	0.019979	0.021645	0.348544	0.261916	0.299083	7
1.01	0.360618	0.244083	0.291121	0.023351	0.020069	0.021586	0.359143	0.271213	0.309045	7
1.01	0.372021	0.251773	0.300307	0.023545	0.020345	0.021828	0.370635	0.281673	0.320087	8
1.01	0.388932	0.262899	0.313731	0.023497	0.020446	0.021865	0.387593	0.297618	0.336698	8
1.01	0.401149	0.271186	0.323607	0.023365	0.020671	0.021936	0.400089	0.309509	0.349018	8
1.01	0.409543	0.276861	0.330378	0.023452	0.020735	0.022010	0.408569	0.317171	0.357114	9
1.01	0.411395	0.278205	0.331938	0.023553	0.020737	0.022056	0.410409	0.318813	0.358858	9
1.01	0.412700	0.279026	0.332947	0.023717	0.020835	0.022183	0.411693	0.319153	0.359564	9
1.01	0.411687	0.278280	0.332086	0.024021	0.020762	0.022273	0.410800	0.317405	0.358113	9
1.01	0.410350	0.277682	0.331226	0.024181	0.020700	0.022306	0.409517	0.316215	0.356868	9
1.01	0.412595	0.279325	0.333126	0.024641	0.020995	0.022672	0.411581	0.316959	0.358125	9
1.01	0.417603	0.283058	0.337413	0.024901	0.021365	0.022998	0.416490	0.320761	0.362411	9
1.01	0.419050	0.284477	0.338893	0.024823	0.021618	0.023110	0.417996	0.322174	0.363883	9
1.02	0.426687	0.289853	0.345205	0.024927	0.021951	0.023345	0.425695	0.328302	0.370708	9
1.02	0.433853	0.295304	0.351415	0.025129	0.022508	0.023746	0.432891	0.334233	0.377218	10
1.02	0.440342	0.300082	0.356927	0.024968	0.022663	0.023760	0.439585	0.340602	0.383815	10
1.02	0.443362	0.302471	0.359609	0.025016	0.023075	0.024006	0.442486	0.342945	0.386408	10
1.02	0.445742	0.304861	0.362080	0.025189	0.023506	0.024318	0.444550	0.345976	0.389117	10
1.02	0.445669	0.305010	0.362161	0.025359	0.023809	0.024559	0.444215	0.346181	0.389118	10
1.02	0.438822	0.300455	0.356690	0.025222	0.023821	0.024502	0.437186	0.340193	0.382639	10
1.02	0.430971	0.295080	0.350308	0.025132	0.023734	0.024413	0.429153	0.333239	0.375162	10
1.02	0.432061	0.295826	0.351194	0.025070	0.023789	0.024413	0.430325	0.334875	0.376647	10
1.02	0.431612	0.295229	0.350625	0.025001	0.023709	0.024338	0.429432	0.335814	0.376896	10
1.02	0.432252	0.295602	0.351100	0.025118	0.023738	0.024408	0.429934	0.337199	0.377962	10
1.02	0.433952	0.296797	0.352503	0.025328	0.023956	0.024623	0.431440	0.338352	0.379268	11
1.02	0.441777	0.302247	0.358929	0.025074	0.023839	0.024441	0.439418	0.346255	0.387313	11
1.02	0.442383	0.302695	0.359445	0.025182	0.023997	0.024575	0.439920	0.347170	0.388080	11
1.02	0.440868	0.301725	0.358261	0.025187	0.024033	0.024597	0.438469	0.346156	0.386882	11
1.02	0.435679	0.298141	0.354021	0.025343	0.024120	0.024716	0.433170	0.342084	0.382276	11
1.02	0.436320	0.298514	0.354495	0.025421	0.024135	0.024761	0.433672	0.343367	0.383272	11
1.02	0.434555	0.297469	0.353176	0.025773	0.024297	0.025013	0.431998	0.341604	0.381520	11
1.02	0.430627	0.295005	0.350142	0.025747	0.024402	0.025056	0.427963	0.337597	0.377447	11
1.02	0.436308	0.298962	0.354807	0.026216	0.024556	0.025359	0.433653	0.341818	0.382298	11
1.02	0.436738	0.299485	0.355317	0.025982	0.024437	0.025186	0.434155	0.341121	0.382056	11
1.02	0.440840	0.302397	0.358725	0.026082	0.024510	0.025271	0.438339	0.343696	0.385291	11
1.03	0.437758	0.300381	0.356286	0.026257	0.024803	0.025509	0.435215	0.339010	0.381136	11
1.03	0.432670	0.297245	0.352394	0.026025	0.024733	0.025362	0.430139	0.332837	0.375283	11
1.03	0.423144	0.291048	0.344879	0.026092	0.024841	0.025451	0.420432	0.322396	0.364945	11
1.03	0.415141	0.286194	0.338814	0.026162	0.024938	0.025535	0.412232	0.314465	0.356772	11
1.03	0.411860	0.284178	0.336308	0.024985	0.024533	0.024757	0.408996	0.311034	0.353351	11
1.03	0.411097	0.283805	0.335792	0.024989	0.024715	0.024851	0.408271	0.309361	0.352000	11
1.03	0.414371	0.286344	0.338661	0.025081	0.024881	0.024980	0.411674	0.311546	0.354678	11
1.03	0.416001	0.287688	0.340146	0.024977	0.024969	0.024973	0.413552	0.312522	0.356008	11
1.03	0.414537	0.287016	0.339186	0.025060	0.025261	0.025160	0.411878	0.310681	0.354193	11
1.04	0.414629	0.287389	0.339478	0.025052	0.025368	0.025209	0.412139	0.310523	0.354187	11
1.04	0.420854	0.292018	0.344794	0.025358	0.025614	0.025485	0.418554	0.315860	0.360027	11
1.04	0.424978	0.295229	0.348416	0.025724	0.025775	0.025749	0.422682	0.319263	0.363765	11
1.04	0.429246	0.298514	0.352138	0.025479	0.025761	0.025619	0.427108	0.323670	0.368263	11
1.04	0.441249	0.307026	0.362099	0.025571	0.025963	0.025765	0.439659	0.334919	0.380208	11
1.04	0.454048	0.316135	0.372744	0.025685	0.026079	0.025880	0.453085	0.347806	0.393526	11
1.04	0.471737	0.328380	0.387216	0.025904	0.026106	0.026005	0.471475	0.365313	0.411660	11
1.04	0.491149	0.341820	0.403099	0.026222	0.026308	0.026265	0.491725	0.384196	0.431361	10
1.04	0.502947	0.350407	0.413043	0.026352	0.026315	0.026333	0.504054	0.397469	0.444461	10
1.04	0.518852	0.361681	0.426240	0.026615	0.026412	0.026513	0.520287	0.413234	0.460622	10
1.04	0.529009	0.368999	0.434748	0.026558	0.026241	0.026399	0.530849	0.423787	0.471314	10
1.04	0.529858	0.370343	0.435967	0.026693	0.026412	0.026552	0.531518	0.426529	0.473271	10
1.05	0.521892	0.365788	0.430114	0.026366	0.026494	0.026430	0.523318	0.420765	0.466472	10
1.05	0.511507	0.360114	0.422662	0.037373	0.026693	0.031143	0.512719	0.412974	0.457472	11
1.05	0.502384	0.354066	0.415382	0.038341	0.026855	0.031586	0.503068	0.405424	0.448999	11
1.05	0.498201	0.351452	0.412154	0.038308	0.027116	0.031754	0.498568	0.401965	0.445085	11
1.06	0.493925	0.349063	0.409047	0.038985	0.027259	0.032084	0.494143	0.398460	0.441173	10
1.06	0.489126	0.345927	0.405248	0.034898	0.027381	0.030686	0.489113	0.393942	0.436399	10
1.06	0.478165	0.338460	0.396363	0.034909	0.027780	0.030939	0.477677	0.383510	0.425445	10
1.06	0.475301	0.336220	0.393843	0.035072	0.028078	0.031188	0.474609	0.379744	0.421910	10
1.06	0.477815	0.337714	0.395730	0.033241	0.028180	0.030502	0.477305	0.380870	0.423669	10
1.06	0.474958	0.335623	0.393315	0.033334	0.028251	0.030583	0.474423	0.377625	0.420525	10
1.06	0.472672	0.333831	0.391301	0.033535	0.028354	0.030728	0.472015	0.373980	0.417317	10
1.05	0.472281	0.333308	0.390808	0.032434	0.027967	0.030035	0.471987	0.371868	0.415988	10
1.05	0.473193	0.333458	0.391222	0.031598	0.027672	0.029505	0.473214	0.371905	0.416487	10
1.05	0.472880	0.332636	0.390550	0.031684	0.027290	0.029323	0.472656	0.370957	0.415676	10
1.05	0.475842	0.334578	0.392898	0.032366	0.027308	0.029623	0.475780	0.372695	0.417975	10
1.05	0.474809	0.333532	0.391825	0.031848	0.027191	0.029336	0.474887	0.370957	0.416537	10
1.05	0.474322	0.333084	0.391350	0.032945	0.027442	0.029942	0.474367	0.369562	0.415457	10
1.05	0.470814	0.330023	0.388043	0.033619	0.027387	0.030185	0.470629	0.365239	0.411290	10
1.05	0.468065	0.328306	0.385922	0.033129	0.027301	0.029934	0.467598	0.362951	0.408682	10
1.05	0.465765	0.326589	0.383954	0.032364	0.027272	0.029600	0.465237	0.360515	0.406236	10
1.05	0.461882	0.323901	0.380777	0.032099	0.027334	0.029525	0.461034	0.356499	0.402083	11
1.05	0.453839	0.318226	0.374122	0.031559	0.027526	0.029405	0.452611	0.349265	0.394279	11
1.05	0.449308	0.315015	0.370364	0.031407	0.027589	0.029375	0.447776	0.344989	0.389719	11
1.05	0.441900	0.309789	0.364235	0.033631	0.027699	0.030378	0.439594	0.339049	0.382830	11
1.05	0.433355	0.304413	0.357616	0.036408	0.028383	0.031898	0.430548	0.332374	0.375144	11
1.05	0.420028	0.296274	0.347461	0.036565	0.028629	0.032114	0.416657	0.322388	0.363511	11
1.06	0.402614	0.285224	0.333901	0.035691	0.028671	0.031798	0.398341	0.309186	0.348146	11
1.06	0.390902	0.277832	0.324808	0.036304	0.028525	0.031948	0.386059	0.300102	0.337697	11
1.07	0.379617	0.270888	0.316166	0.036220	0.028783	0.032076	0.373824	0.291285	0.327433	11
1.07	0.370872	0.265810	0.309673	0.035576	0.028785	0.031823	0.364712	0.284795	0.319837	12
1.07	0.357447	0.257149	0.299114	0.035137	0.028933	0.031735	0.350933	0.273824	0.307620	12
1.08	0.338341	0.245501	0.284540	0.036757	0.029023	0.032435	0.331502	0.258669	0.290591	12
1.10	0.324506	0.237885	0.274525	0.035985	0.029222	0.032253	0.317370	0.248721	0.278883	12
1.10	0.315662	0.233406	0.268372	0.035810	0.029288	0.032222	0.309411	0.242696	0.272023	12
1.12	0.312094	0.233331	0.267026	0.039337	0.029574	0.033764	0.306836	0.242724	0.271040	12
1.12	0.312792	0.234600	0.268112	0.039047	0.029770	0.033783	0.307616	0.244379	0.272375	12
1.12	0.314320	0.236168	0.269696	0.039028	0.030243	0.034079	0.309271	0.245740	0.273869	12
1.12	0.320522	0.240349	0.274706	0.038617	0.030005	0.033770	0.315724	0.250454	0.279327	12
1.11	0.331429	0.246920	0.283000	0.038523	0.030292	0.033915	0.326500	0.257538	0.287948	12
1.10	0.341616	0.252520	0.290388	0.026911	0.030482	0.028586	0.335965	0.264921	0.296243	11
1.10	0.352929	0.259987	0.299411	0.026719	0.030382	0.028433	0.347531	0.274683	0.306842	11
1.10	0.359858	0.264392	0.304825	0.026598	0.030529	0.028428	0.354308	0.279573	0.312535	11
1.09	0.369253	0.270440	0.312214	0.026576	0.030624	0.028456	0.364164	0.286667	0.320802	12
1.09	0.377667	0.276264	0.319103	0.026671	0.030920	0.028639	0.372866	0.292618	0.327904	12
1.09	0.383350	0.280221	0.323772	0.026930	0.031091	0.028861	0.378854	0.297001	0.332971	12
1.09	0.384466	0.281266	0.324867	0.027060	0.031213	0.028989	0.380025	0.297912	0.333996	12
1.10	0.381504	0.280296	0.323161	0.027212	0.031323	0.029123	0.377348	0.296452	0.332044	12
1.10	0.377946	0.278952	0.320990	0.027427	0.031401	0.029280	0.374465	0.294589	0.329759	12
1.11	0.374924	0.277533	0.318960	0.027954	0.031528	0.029634	0.371751	0.292822	0.327599	12
1.11	0.372863	0.276786	0.317720	0.028480	0.031831	0.030062	0.369556	0.292116	0.326304	12
1.11	0.369580	0.275592	0.315740	0.029320	0.032373	0.030771	0.366339	0.290163	0.323832	12
1.12	0.361448	0.271336	0.309976	0.029478	0.032232	0.030794	0.358492	0.285217	0.317684	12
1.13	0.349650	0.264541	0.301199	0.029420	0.032121	0.030711	0.346554	0.276673	0.307696	12
1.14	0.340749	0.259613	0.294698	0.029671	0.033111	0.031297	0.336941	0.270527	0.300103	12
1.15	0.328996	0.252968	0.286016	0.030341	0.033269	0.031738	0.325096	0.262038	0.290181	12
1.16	0.317898	0.247069	0.278044	0.030114	0.032927	0.031458	0.314785	0.255093	0.281813	12
1.17	0.311795	0.243560	0.273486	0.030315	0.033274	0.031726	0.308918	0.251421	0.277219	12
1.17	0.304960	0.239155	0.268078	0.030179	0.033599	0.031797	0.301257	0.246102	0.270901	12
1.18	0.304067	0.239453	0.267920	0.029911	0.033669	0.031679	0.300811	0.246010	0.270664	12
1.18	0.302319	0.239453	0.267239	0.041275	0.033900	0.037225	0.299267	0.246130	0.270110	13
1.19	0.302750	0.241693	0.268798	0.040981	0.033980	0.037153	0.300997	0.248715	0.272370	13
1.20	0.304469	0.244680	0.271320	0.036828	0.033953	0.035332	0.304744	0.252657	0.276267	13
1.22	0.305136	0.248861	0.274141	0.036746	0.034031	0.035336	0.309145	0.257650	0.281058	13
1.24	0.309012	0.255507	0.279724	0.034413	0.034342	0.034377	0.318102	0.266213	0.289854	13
1.26	0.312689	0.262749	0.285552	0.034326	0.034443	0.034384	0.327444	0.275947	0.299498	13
1.28	0.319392	0.273128	0.294454	0.034530	0.034395	0.034462	0.340929	0.289615	0.313184	13
1.31	0.325875	0.284925	0.304027	0.034726	0.034494	0.034610	0.356785	0.305830	0.329348	14
1.33	0.331819	0.294482	0.312038	0.032404	0.033682	0.033031	0.370579	0.319190	0.342970	14
1.33	0.344854	0.307698	0.325218	0.031982	0.033473	0.032711	0.390604	0.336762	0.361690	14
1.33	0.356371	0.317629	0.335886	0.031552	0.033474	0.032484	0.405407	0.349900	0.375614	14
1.32	0.365383	0.323751	0.343310	0.031246	0.033319	0.032249	0.415361	0.357840	0.384461	14
1.31	0.372631	0.327335	0.348517	0.030897	0.033384	0.032093	0.421901	0.362479	0.389939	14
1.30	0.376554	0.327858	0.350523	0.030679	0.033384	0.031974	0.423737	0.362042	0.390467	14
1.30	0.380780	0.330172	0.353675	0.030612	0.033596	0.032035	0.427444	0.364339	0.393377	14
1.29	0.377878	0.325991	0.350022	0.030448	0.033868	0.032067	0.421758	0.357059	0.386721	14
1.29	0.371118	0.321213	0.344367	0.030229	0.034084	0.032041	0.413991	0.349597	0.379078	14
1.30	0.362291	0.314493	0.336704	0.029770	0.034011	0.031749	0.404303	0.339750	0.369226	15
1.30	0.357775	0.311133	0.332827	0.030147	0.034209	0.032050	0.398888	0.334256	0.363723	15
1.30	0.355663	0.308818	0.330589	0.030002	0.034304	0.032009	0.395256	0.330658	0.360083	16
1.29	0.354136	0.305906	0.328259	0.029866	0.034298	0.031928	0.391971	0.326496	0.356250	16
1.29	0.349209	0.301650	0.323692	0.029183	0.034299	0.031535	0.385490	0.320787	0.350175	16
1.28	0.347467	0.298589	0.321179	0.029184	0.034802	0.031746	0.381154	0.316659	0.345926	15
1.27	0.349349	0.296423	0.320717	0.029145	0.034680	0.031673	0.378874	0.314037	0.343422	15
1.26	0.351773	0.296274	0.321647	0.029062	0.034596	0.031588	0.379298	0.313833	0.343474	14
1.25	0.354321	0.296647	0.322929	0.028988	0.034581	0.031539	0.379988	0.314400	0.344096	14
1.25	0.356183	0.296797	0.323789	0.029003	0.034635	0.031569	0.380583	0.314326	0.344296	14
1.25	0.352160	0.295154	0.321147	0.029022	0.034906	0.031694	0.377134	0.311899	0.341428	14
1.26	0.348981	0.294184	0.319248	0.028985	0.035025	0.031720	0.374246	0.310114	0.339175	14
1.27	0.346428	0.294333	0.318263	0.029021	0.035495	0.031933	0.372937	0.309919	0.338520	14
1.29	0.338584	0.292093	0.313625	0.029031	0.035657	0.032005	0.367042	0.307529	0.334660	14
1.31	0.330609	0.289928	0.308935	0.029201	0.035978	0.032237	0.361040	0.304331	0.330269	14
1.32	0.323705	0.287016	0.304258	0.029324	0.036249	0.032421	0.354284	0.300519	0.325194	14
1.33	0.319183	0.284626	0.300916	0.029664	0.036441	0.032705	0.348812	0.297200	0.320944	14
1.33	0.323206	0.287538	0.304331	0.040760	0.036595	0.038565	0.352514	0.301421	0.324971	16
1.32	0.328463	0.290376	0.308247	0.040868	0.037328	0.039018	0.356307	0.305136	0.328742	16
1.32	0.331553	0.292018	0.310532	0.037114	0.037750	0.037429	0.357960	0.306558	0.330271	16
1.31	0.335526	0.293213	0.312946	0.037921	0.037825	0.037873	0.359320	0.308269	0.331843	16
1.31	0.332708	0.291272	0.310614	0.037821	0.037851	0.037836	0.354675	0.306001	0.328545	16
1.31	0.333276	0.291570	0.311031	0.036207	0.038306	0.037227	0.354440	0.306484	0.328722	16
1.30	0.334219	0.291272	0.311271	0.033805	0.038365	0.035941	0.354671	0.307010	0.329124	16
1.31	0.332481	0.291197	0.310472	0.033803	0.038266	0.035897	0.354388	0.306908	0.328944	16
1.31	0.331919	0.291944	0.310650	0.035010	0.038558	0.036698	0.355776	0.308191	0.330278	17
1.33	0.326931	0.291048	0.307948	0.034943	0.038632	0.036695	0.353403	0.307410	0.328806	17
1.35	0.322976	0.291048	0.306182	0.034889	0.038540	0.036624	0.353276	0.307912	0.329038	17
1.37	0.318248	0.292466	0.304813	0.036381	0.039020	0.037654	0.354909	0.310078	0.330983	17
1.41	0.311164	0.293437	0.302041	0.035049	0.038282	0.036594	0.355093	0.311566	0.331909	18
1.45	0.306442	0.296946	0.301619	0.035046	0.038711	0.036788	0.358463	0.315713	0.335732	19
1.47	0.307440	0.301426	0.304404	0.035150	0.038731	0.036854	0.365090	0.321979	0.342182	20
1.48	0.311852	0.307847	0.309837	0.035700	0.038532	0.037062	0.376027	0.331100	0.352137	21
1.49	0.316670	0.315015	0.315841	0.043398	0.038633	0.040877	0.387158	0.341290	0.362780	21
1.49	0.322186	0.322258	0.322222	0.044222	0.038697	0.041275	0.397711	0.351582	0.373227	22
1.50	0.324857	0.326215	0.325535	0.044221	0.038232	0.041009	0.404766	0.358556	0.380262	21
1.51	0.323497	0.327410	0.325442	0.043013	0.038297	0.040518	0.406571	0.360787	0.382313	21
1.54	0.320110	0.328978	0.324484	0.044747	0.038469	0.041371	0.408745	0.363623	0.384866	21
1.54	0.319673	0.329650	0.324585	0.044151	0.038822	0.041315	0.409963	0.364822	0.386078	22
1.53	0.320896	0.329426	0.325105	0.043948	0.038954	0.041301	0.410491	0.364971	0.386395	22
1.53	0.321489	0.328306	0.324861	0.044001	0.039093	0.041402	0.409132	0.363641	0.385048	22
1.51	0.322585	0.326439	0.324501	0.044098	0.039129	0.041465	0.407101	0.360573	0.382427	22
1.52	0.317791	0.323154	0.320450	0.045499	0.039381	0.042219	0.401331	0.356231	0.377439	22
1.53	0.310550	0.318898	0.314669	0.042770	0.039396	0.041014	0.393996	0.350578	0.371021	22
1.56	0.298737	0.312477	0.305452	0.043972	0.040083	0.041937	0.381710	0.340918	0.360163	21
1.59	0.287356	0.306130	0.296446	0.050006	0.040804	0.044939	0.369807	0.332383	0.350098	21
1.62	0.275900	0.299261	0.287106	0.038860	0.041029	0.039915	0.358689	0.323058	0.339942	20
1.65	0.265642	0.292914	0.278612	0.039075	0.041449	0.040227	0.346791	0.314346	0.329772	20
