
Mon Aug 23 07:13:21 2021
45.07	0.011759	0.384058	0.022820	0.012618	0.070154	0.021389	0.011876	0.328750	0.022924	87
40.09	0.014465	0.388113	0.027890	0.014080	0.326058	0.026994	0.014416	0.351781	0.027698	89
35.67	0.014959	0.357052	0.028714	0.013974	0.294709	0.026684	0.014889	0.326005	0.028477	89
31.32	0.015533	0.325543	0.029651	0.014279	0.263133	0.027088	0.015436	0.298745	0.029354	87
27.03	0.016015	0.289704	0.030352	0.014498	0.239034	0.027337	0.015849	0.267952	0.029928	87
23.01	0.016635	0.256179	0.031241	0.015345	0.203633	0.028540	0.016460	0.240968	0.030816	87
19.31	0.017302	0.223550	0.032118	0.015130	0.164845	0.027716	0.017013	0.213558	0.031515	86
16.04	0.018069	0.193907	0.033058	0.016455	0.117323	0.028861	0.017695	0.190868	0.032387	85
13.18	0.019636	0.173225	0.035274	0.014205	0.089096	0.024503	0.019316	0.176137	0.034814	84
10.72	0.021553	0.154633	0.037833	0.013140	0.066648	0.021953	0.021500	0.160904	0.037932	82
8.68	0.023509	0.136564	0.040112	0.011619	0.058527	0.019389	0.023641	0.145043	0.040655	79
6.97	0.026372	0.122975	0.043431	0.011577	0.046883	0.018568	0.026888	0.133198	0.044744	72
5.55	0.029373	0.109087	0.046283	0.011632	0.041542	0.018176	0.030203	0.120308	0.048284	71
4.37	0.032601	0.095274	0.048579	0.011208	0.033799	0.016834	0.033794	0.107040	0.051369	68
3.40	0.036879	0.083999	0.051255	0.011791	0.027152	0.016442	0.038260	0.095232	0.054589	63
2.63	0.042103	0.074218	0.053727	0.010485	0.024477	0.014682	0.042542	0.085126	0.056732	55
2.06	0.048062	0.066378	0.055754	0.009846	0.018988	0.012968	0.048772	0.076634	0.059608	49
1.64	0.056431	0.062047	0.059106	0.010332	0.015452	0.012384	0.057962	0.071455	0.064005	45
1.36	0.067749	0.061674	0.064569	0.009126	0.014582	0.011227	0.069659	0.071473	0.070554	40
1.19	0.079223	0.063317	0.070382	0.009352	0.010836	0.010040	0.082022	0.073816	0.077703	41
1.09	0.094073	0.068618	0.079354	0.014079	0.010300	0.011896	0.095587	0.080975	0.087677	39
1.04	0.109929	0.076383	0.090136	0.015898	0.010021	0.012293	0.110008	0.090496	0.099303	40
1.02	0.127101	0.086388	0.102863	0.017231	0.010788	0.013268	0.127171	0.102456	0.113484	37
1.01	0.147368	0.099306	0.118655	0.019761	0.011239	0.014328	0.147254	0.117992	0.131009	37
1.00	0.163683	0.109908	0.131511	0.020543	0.011614	0.014839	0.163710	0.131009	0.145545	36
1.00	0.183125	0.122676	0.146926	0.018481	0.012027	0.014571	0.183198	0.147335	0.163321	34
1.00	0.205040	0.137311	0.164475	0.019109	0.012481	0.015100	0.205121	0.166088	0.183553	32
1.00	0.226127	0.151348	0.181330	0.019263	0.012731	0.015330	0.226096	0.183967	0.202868	31
1.00	0.252566	0.169044	0.202532	0.019913	0.013064	0.015777	0.252538	0.207127	0.227590	30
1.00	0.286814	0.191966	0.229995	0.015624	0.012685	0.014002	0.286790	0.236917	0.259479	24
1.00	0.312137	0.208915	0.250302	0.015046	0.012419	0.013606	0.312116	0.258868	0.283009	24
1.00	0.337573	0.225939	0.270698	0.018920	0.012723	0.015214	0.337554	0.280531	0.306412	23
1.00	0.362896	0.242888	0.291005	0.015224	0.012925	0.013981	0.362881	0.302520	0.329962	18
1.00	0.364346	0.243859	0.292168	0.015451	0.012872	0.014044	0.364331	0.303440	0.331109	17
1.00	0.358211	0.239752	0.287248	0.015700	0.013042	0.014248	0.358195	0.297211	0.324866	16
1.00	0.342704	0.229374	0.274813	0.015959	0.012915	0.014277	0.342687	0.282800	0.309876	14
1.00	0.342704	0.229374	0.274813	0.016116	0.012938	0.014353	0.342687	0.281991	0.309390	10
1.00	0.331548	0.221907	0.265868	0.016476	0.013128	0.014613	0.331530	0.271689	0.298641	9
1.00	0.318719	0.213320	0.255580	0.016790	0.013227	0.014797	0.318699	0.260662	0.286774	8
1.00	0.311022	0.208168	0.249407	0.016713	0.013269	0.014793	0.311001	0.253169	0.279121	8
1.00	0.306783	0.205331	0.246008	0.016871	0.013424	0.014952	0.306761	0.248957	0.274853	8
1.00	0.312584	0.209214	0.250660	0.017133	0.013627	0.015181	0.312563	0.253717	0.280082	8
1.00	0.322289	0.215710	0.258443	0.017695	0.013963	0.015609	0.322269	0.261666	0.288823	8
1.00	0.328425	0.219816	0.263363	0.017769	0.014252	0.015817	0.328406	0.265999	0.293926	8
1.00	0.345939	0.231539	0.277407	0.018094	0.014419	0.016049	0.345922	0.280689	0.309910	7
1.00	0.370106	0.247741	0.296807	0.018367	0.014783	0.016381	0.370077	0.302073	0.332635	7
1.00	0.369466	0.247368	0.296333	0.018658	0.014977	0.016616	0.369408	0.300688	0.331524	7
1.00	0.372269	0.249384	0.298681	0.018893	0.015223	0.016860	0.372141	0.302919	0.333981	7
1.00	0.381934	0.256029	0.306558	0.019115	0.015375	0.017042	0.381792	0.311761	0.343241	7
1.00	0.399955	0.268200	0.321087	0.019369	0.015459	0.017195	0.399810	0.328116	0.360432	7
1.00	0.406233	0.272530	0.326213	0.020139	0.015758	0.017681	0.406170	0.333573	0.366309	7
1.00	0.427411	0.286866	0.343312	0.020196	0.015997	0.017853	0.427424	0.352828	0.386560	7
1.00	0.446842	0.300007	0.358990	0.020104	0.016341	0.018029	0.446837	0.370224	0.404939	7
1.00	0.466926	0.313597	0.375201	0.020365	0.016672	0.018335	0.466975	0.387768	0.423702	7
1.00	0.475428	0.319271	0.382007	0.020189	0.016829	0.018356	0.475510	0.395150	0.431622	7
1.00	0.492439	0.330695	0.395676	0.020532	0.017187	0.018711	0.492525	0.409630	0.447269	7
1.00	0.500945	0.336370	0.402484	0.020027	0.017374	0.018607	0.501004	0.417087	0.455210	7
1.00	0.501279	0.336519	0.402698	0.019732	0.017765	0.018696	0.501339	0.416139	0.454783	7
1.00	0.498275	0.334279	0.400125	0.019494	0.017899	0.018662	0.498326	0.412568	0.451410	7
1.00	0.489591	0.328380	0.393100	0.018999	0.017910	0.018438	0.489624	0.404982	0.443299	7
1.00	0.464751	0.311581	0.373056	0.018660	0.017825	0.018233	0.464744	0.382431	0.419589	7
1.00	0.436609	0.292616	0.350396	0.018710	0.017802	0.018245	0.436573	0.357300	0.392979	7
1.00	0.410448	0.275144	0.329444	0.018885	0.017699	0.018273	0.410354	0.334187	0.368374	7
1.00	0.394898	0.264691	0.316942	0.018908	0.017678	0.018272	0.394845	0.321115	0.354184	7
1.00	0.378062	0.253491	0.303491	0.019101	0.017586	0.018312	0.378277	0.306127	0.338399	7
1.00	0.363677	0.244008	0.292060	0.018982	0.017547	0.018237	0.364108	0.293985	0.325310	7
1.00	0.347082	0.233107	0.278899	0.019247	0.017698	0.018440	0.347763	0.278681	0.309413	8
1.01	0.314149	0.211528	0.252822	0.019476	0.017592	0.018486	0.315464	0.249803	0.278820	7
1.01	0.290237	0.195774	0.233825	0.019554	0.017299	0.018357	0.291811	0.228595	0.256364	7
1.01	0.279514	0.188979	0.225499	0.019605	0.017304	0.018383	0.281323	0.219270	0.246451	7
1.01	0.264583	0.179497	0.213889	0.019565	0.017170	0.018289	0.266875	0.206876	0.233076	8
1.02	0.257686	0.175241	0.208613	0.019313	0.017254	0.018226	0.260348	0.201670	0.227283	8
1.02	0.256801	0.174793	0.208006	0.019328	0.017255	0.018233	0.259456	0.201242	0.226671	8
1.02	0.266447	0.181438	0.215875	0.019406	0.017347	0.018319	0.269385	0.210242	0.236167	9
1.02	0.286593	0.194878	0.232000	0.019715	0.017625	0.018611	0.289579	0.227833	0.255022	9
1.02	0.308200	0.209363	0.249344	0.019989	0.017957	0.018918	0.311224	0.246707	0.275235	9
1.01	0.333003	0.225939	0.269217	0.020344	0.018235	0.019232	0.335937	0.268584	0.298508	9
1.01	0.344778	0.233928	0.278737	0.020432	0.018260	0.019285	0.347875	0.279174	0.309761	9
1.01	0.370334	0.251101	0.299279	0.020696	0.018212	0.019375	0.373591	0.302287	0.334178	9
1.01	0.395167	0.267378	0.318949	0.032161	0.018245	0.023282	0.398081	0.323039	0.356656	9
1.01	0.421245	0.284552	0.339661	0.032627	0.018747	0.023812	0.423630	0.345158	0.380389	9
1.01	0.445466	0.300381	0.358812	0.032945	0.019131	0.024206	0.447451	0.365092	0.402097	10
1.01	0.452202	0.305159	0.364406	0.030114	0.019266	0.023498	0.454368	0.370931	0.408431	10
1.01	0.467344	0.315762	0.376883	0.029481	0.019640	0.023575	0.469541	0.384347	0.422694	10
1.01	0.469764	0.317853	0.379158	0.029745	0.019888	0.023838	0.472219	0.386355	0.424993	10
1.01	0.474201	0.321138	0.382941	0.028522	0.020206	0.023654	0.476793	0.390046	0.429079	10
1.01	0.472387	0.320615	0.381977	0.027980	0.020637	0.023754	0.475008	0.388345	0.427327	10
1.02	0.463286	0.315165	0.375133	0.027026	0.020672	0.023426	0.466473	0.381306	0.419612	10
1.02	0.445979	0.303890	0.361472	0.026211	0.020466	0.022985	0.449515	0.366808	0.403972	10
1.02	0.436195	0.297842	0.353980	0.026263	0.020558	0.023063	0.439920	0.358849	0.395270	10
1.02	0.427059	0.292242	0.347017	0.026055	0.020615	0.023018	0.431422	0.351504	0.387384	10
1.02	0.419791	0.287613	0.341353	0.025990	0.020602	0.022984	0.424374	0.344987	0.380585	10
1.03	0.407371	0.279773	0.331725	0.025787	0.020469	0.022822	0.412604	0.334667	0.369571	10
1.03	0.394643	0.271709	0.321836	0.025736	0.020478	0.022808	0.400443	0.322617	0.357341	10
1.03	0.392772	0.270216	0.320166	0.025887	0.020598	0.022942	0.398323	0.319586	0.354637	10
1.03	0.389173	0.267304	0.316926	0.025919	0.020555	0.022927	0.394102	0.315235	0.350284	10
1.03	0.380300	0.261181	0.309681	0.031485	0.020505	0.024836	0.385120	0.306263	0.341194	10
1.02	0.379603	0.260136	0.308715	0.029832	0.020545	0.024333	0.383781	0.304199	0.339387	10
1.02	0.378942	0.259315	0.307917	0.029975	0.020688	0.024480	0.382666	0.301977	0.337566	10
1.02	0.381800	0.260957	0.310019	0.029162	0.020683	0.024202	0.385343	0.304264	0.340037	10
1.02	0.377239	0.257896	0.306355	0.028470	0.020639	0.023930	0.380657	0.299829	0.335443	10
1.02	0.380874	0.260211	0.309187	0.028323	0.020780	0.023972	0.383949	0.302674	0.338501	10
1.02	0.388889	0.265512	0.315570	0.028198	0.021006	0.024076	0.391591	0.309833	0.345947	10
1.02	0.401662	0.274322	0.325998	0.027854	0.021200	0.024076	0.404589	0.321743	0.358441	10
1.02	0.409448	0.280221	0.332727	0.029859	0.021594	0.025062	0.412399	0.329218	0.366144	10
1.03	0.411963	0.282834	0.335399	0.029683	0.021742	0.025100	0.415412	0.332854	0.369578	10
1.03	0.419064	0.288210	0.341532	0.029851	0.021963	0.025307	0.422942	0.339455	0.376627	10
1.03	0.419362	0.289480	0.342521	0.029683	0.022138	0.025361	0.424058	0.341314	0.378214	10
1.04	0.410389	0.284328	0.335921	0.029775	0.022174	0.025418	0.415914	0.334620	0.370864	10
1.04	0.408348	0.283432	0.334611	0.029874	0.022487	0.025659	0.413589	0.332965	0.368924	10
1.05	0.406107	0.284029	0.334271	0.030013	0.022772	0.025895	0.413682	0.333328	0.369183	9
1.06	0.396959	0.280744	0.328887	0.030036	0.023119	0.026128	0.407360	0.327945	0.363364	10
1.07	0.392018	0.280146	0.326772	0.030595	0.023255	0.026425	0.405575	0.326355	0.361678	10
1.09	0.370136	0.270589	0.312629	0.031868	0.023409	0.026991	0.389406	0.313673	0.347461	10
1.11	0.361691	0.268872	0.308450	0.031205	0.023464	0.026787	0.385725	0.311553	0.344694	11
1.13	0.358048	0.270066	0.307895	0.031774	0.023341	0.026912	0.386190	0.313961	0.346350	11
1.14	0.358258	0.274024	0.310530	0.031687	0.023241	0.026815	0.391043	0.319698	0.351789	11
1.16	0.362426	0.280594	0.316303	0.031758	0.023362	0.026920	0.399355	0.328103	0.360239	11
1.16	0.375674	0.291496	0.328274	0.033132	0.023750	0.027668	0.414584	0.342030	0.374828	11
1.16	0.384638	0.297618	0.335578	0.033400	0.023811	0.027802	0.423156	0.349766	0.382977	11
1.15	0.389281	0.300455	0.339149	0.033145	0.023734	0.027661	0.427786	0.353373	0.387035	11
1.15	0.391364	0.300455	0.339937	0.033287	0.023734	0.027710	0.428196	0.352481	0.386666	11
1.14	0.396565	0.301725	0.342704	0.033450	0.023651	0.027710	0.430576	0.353578	0.388296	11
1.13	0.403827	0.305682	0.347967	0.033536	0.023678	0.027757	0.436582	0.358115	0.393474	11
1.12	0.410445	0.308669	0.352355	0.034158	0.023729	0.028004	0.440450	0.361592	0.397144	11
1.12	0.405024	0.304562	0.347682	0.034052	0.023606	0.027882	0.434239	0.355251	0.390794	11
1.12	0.408814	0.305458	0.349658	0.033901	0.023656	0.027867	0.435262	0.355502	0.391360	11
1.10	0.423003	0.312775	0.359633	0.033758	0.023607	0.027784	0.446140	0.365265	0.401672	11
1.10	0.435101	0.319122	0.368194	0.033893	0.023711	0.027902	0.456069	0.373986	0.410969	11
1.09	0.437820	0.319122	0.369164	0.033919	0.023717	0.027915	0.456832	0.373670	0.411087	11
1.08	0.439012	0.318450	0.369136	0.033606	0.023652	0.027764	0.456804	0.372907	0.410614	12
1.07	0.452025	0.325021	0.378144	0.033994	0.023541	0.027818	0.467533	0.381572	0.420202	12
1.07	0.459250	0.327335	0.382231	0.033991	0.023769	0.027975	0.472256	0.384882	0.424116	12
1.06	0.469788	0.332636	0.389491	0.039203	0.024001	0.029774	0.480475	0.391976	0.431737	13
1.05	0.472654	0.333607	0.391141	0.036690	0.024244	0.029196	0.481944	0.393073	0.432996	13
1.06	0.466779	0.329948	0.386614	0.037807	0.024702	0.029881	0.475343	0.387895	0.427189	13
1.06	0.456812	0.324199	0.379247	0.037503	0.025255	0.030184	0.464856	0.379843	0.418071	13
1.07	0.443550	0.316807	0.369615	0.039153	0.026130	0.031343	0.451913	0.369653	0.406665	13
1.08	0.436379	0.314194	0.365341	0.039229	0.026634	0.031727	0.446251	0.365544	0.401885	13
1.09	0.420848	0.307474	0.355337	0.038250	0.026996	0.031652	0.433523	0.357129	0.391636	13
1.10	0.413452	0.305682	0.351492	0.038885	0.027837	0.032446	0.428633	0.354563	0.388095	13
1.12	0.406650	0.305906	0.349156	0.038868	0.028238	0.032711	0.426996	0.354768	0.387545	13
1.14	0.407622	0.309863	0.352083	0.039050	0.028451	0.032919	0.431942	0.360105	0.392766	13
1.15	0.411039	0.315837	0.357203	0.038386	0.028722	0.032858	0.439548	0.368230	0.400741	13
1.16	0.415200	0.322258	0.362872	0.038375	0.029056	0.033072	0.448239	0.376105	0.409016	13
1.17	0.422456	0.330098	0.370609	0.038204	0.029731	0.033439	0.458634	0.386305	0.419373	13
1.17	0.435663	0.342044	0.383219	0.038969	0.030193	0.034025	0.475033	0.401953	0.435448	13
1.17	0.453403	0.355634	0.398611	0.038970	0.030421	0.034169	0.494552	0.419506	0.453948	13
1.17	0.468322	0.367580	0.411880	0.040505	0.030986	0.035112	0.510906	0.434866	0.469829	13
1.17	0.487278	0.380348	0.427224	0.042122	0.031411	0.035986	0.528858	0.451787	0.487294	13
1.16	0.498897	0.388412	0.436776	0.041255	0.031955	0.036014	0.540312	0.463111	0.498742	13
1.16	0.511013	0.396700	0.446658	0.039095	0.032354	0.035407	0.552135	0.474185	0.510199	13
1.16	0.517308	0.400582	0.451523	0.038542	0.032329	0.035163	0.557341	0.479921	0.515742	13
1.15	0.528001	0.407601	0.460054	0.039093	0.032788	0.035664	0.567786	0.489293	0.525625	13
1.14	0.545232	0.416262	0.472098	0.039100	0.032827	0.035690	0.580455	0.501045	0.537835	13
1.13	0.563794	0.426939	0.485915	0.039397	0.033055	0.035948	0.595894	0.515010	0.552507	13
1.12	0.585271	0.437915	0.500982	0.040102	0.032964	0.036184	0.613188	0.529681	0.568384	13
1.11	0.599779	0.445905	0.511520	0.040763	0.032854	0.036384	0.626241	0.540150	0.580019	13
1.11	0.606379	0.448593	0.515686	0.041458	0.032944	0.036714	0.630862	0.543414	0.583882	13
1.10	0.608396	0.447995	0.516018	0.041329	0.032674	0.036496	0.631067	0.542614	0.583507	13
1.09	0.609888	0.446726	0.515709	0.041189	0.032337	0.036230	0.630537	0.540717	0.582183	13
1.09	0.609801	0.444113	0.513933	0.041376	0.032199	0.036215	0.627682	0.536729	0.578653	13
1.08	0.606426	0.439707	0.509782	0.042460	0.031820	0.036378	0.621964	0.530890	0.572830	13
1.08	0.606973	0.438065	0.508869	0.043988	0.031176	0.036490	0.620774	0.528370	0.570857	13
1.07	0.606791	0.436347	0.507644	0.038349	0.030949	0.034253	0.619119	0.526399	0.569007	13
1.07	0.592265	0.425371	0.495133	0.037563	0.030307	0.033547	0.604336	0.511970	0.554332	13
1.08	0.573990	0.413574	0.480753	0.038687	0.030053	0.033828	0.586690	0.495095	0.537015	13
1.09	0.550287	0.400358	0.463500	0.042228	0.030200	0.035215	0.566049	0.477160	0.517818	13
1.10	0.530583	0.389905	0.449494	0.044797	0.029920	0.035878	0.549797	0.462981	0.502668	13
1.12	0.507399	0.378929	0.433853	0.042376	0.030273	0.035316	0.532504	0.447966	0.486590	13
1.14	0.477942	0.364817	0.413787	0.043211	0.030925	0.036050	0.509920	0.429138	0.466055	13
1.17	0.445239	0.348466	0.390953	0.043089	0.030839	0.035949	0.484380	0.407122	0.442403	13
1.20	0.416504	0.333906	0.370659	0.041297	0.031216	0.035556	0.461192	0.388025	0.421457	13
1.23	0.385075	0.317853	0.348249	0.042574	0.032140	0.036628	0.435721	0.366994	0.398415	13
1.29	0.348754	0.300007	0.322550	0.042080	0.032368	0.036590	0.407224	0.343481	0.372646	13
1.33	0.316262	0.281714	0.297990	0.042456	0.033354	0.037358	0.377701	0.318805	0.345763	13
1.37	0.287091	0.262376	0.274178	0.041776	0.033239	0.037022	0.347281	0.293098	0.317897	13
1.39	0.274948	0.256328	0.265312	0.042492	0.033457	0.037437	0.336673	0.284841	0.308596	13

Mon Aug 23 08:27:31 2021
48.67	0.009861	0.347826	0.019179	0.017973	0.087577	0.029825	0.009501	0.238750	0.018274	87
44.99	0.012176	0.366609	0.023569	0.013823	0.353002	0.026603	0.012153	0.292177	0.023335	89
40.54	0.012515	0.339580	0.024140	0.013914	0.329233	0.026700	0.012456	0.274080	0.023830	89
35.93	0.012935	0.311058	0.024837	0.013967	0.295901	0.026675	0.012829	0.253440	0.024421	89
31.28	0.013612	0.284925	0.025982	0.014306	0.270829	0.027177	0.013500	0.235970	0.025539	89
26.75	0.014235	0.254835	0.026964	0.014661	0.230477	0.027568	0.014163	0.215852	0.026581	89
22.43	0.014772	0.221758	0.027699	0.015087	0.197475	0.028032	0.014758	0.192746	0.027416	87
18.43	0.015241	0.188009	0.028197	0.014779	0.163033	0.027101	0.015405	0.168969	0.028235	84
14.84	0.015808	0.157022	0.028724	0.014370	0.118653	0.025636	0.016136	0.145474	0.029050	82
11.70	0.017466	0.136788	0.030977	0.014831	0.077957	0.024921	0.018132	0.131723	0.031876	81
9.02	0.019675	0.118719	0.033755	0.014105	0.058161	0.022703	0.020796	0.119828	0.035441	77
6.76	0.022875	0.103412	0.037463	0.013332	0.041440	0.020174	0.025103	0.108178	0.040750	77
4.92	0.026805	0.088255	0.041121	0.012976	0.029407	0.018007	0.029396	0.095898	0.044999	73
3.50	0.034604	0.080938	0.048481	0.013930	0.022304	0.017150	0.038140	0.090729	0.053704	67
2.47	0.043811	0.072277	0.054554	0.013731	0.011255	0.012370	0.047969	0.083575	0.060953	64
1.80	0.056620	0.068394	0.061953	0.014259	0.008468	0.010625	0.060223	0.081195	0.069154	59
1.41	0.076655	0.072202	0.074362	0.014828	0.007625	0.010071	0.079636	0.086597	0.082971	55
1.20	0.104649	0.083700	0.093010	0.014530	0.007468	0.009865	0.107325	0.101928	0.104557	54
1.10	0.132425	0.097215	0.112121	0.019480	0.008704	0.012032	0.134693	0.119668	0.126737	52
1.05	0.159416	0.111625	0.131307	0.019572	0.010062	0.013291	0.161311	0.139048	0.149354	50
1.02	0.186428	0.127380	0.151348	0.014758	0.010050	0.011957	0.187307	0.158966	0.171977	49
1.01	0.209410	0.141566	0.168931	0.015553	0.010025	0.012191	0.209863	0.176539	0.191764	48
1.01	0.227636	0.153140	0.183100	0.016418	0.009847	0.012310	0.228160	0.191076	0.207978	46
1.00	0.251864	0.168969	0.202252	0.017622	0.010654	0.013280	0.252148	0.210824	0.229642	44
1.00	0.277821	0.186217	0.222977	0.018140	0.011250	0.013887	0.278032	0.233584	0.253877	43
1.00	0.307649	0.206003	0.246769	0.019707	0.011226	0.014304	0.307709	0.259032	0.281280	40
1.00	0.329467	0.220563	0.264234	0.020348	0.011713	0.014868	0.329466	0.276697	0.300784	37
1.00	0.349844	0.234152	0.280539	0.025331	0.012226	0.016492	0.349827	0.293237	0.319042	35
1.00	0.371374	0.248563	0.297804	0.031374	0.012718	0.018100	0.371360	0.311376	0.338733	34
1.00	0.384427	0.257299	0.308270	0.022879	0.012877	0.016479	0.384414	0.321840	0.350355	32
1.00	0.390004	0.261032	0.312743	0.022064	0.012571	0.016016	0.389992	0.326442	0.355399	31
1.00	0.387662	0.259464	0.310865	0.022643	0.012159	0.015822	0.387649	0.324053	0.353009	29
1.00	0.380187	0.254461	0.304871	0.023047	0.012523	0.016228	0.380174	0.317215	0.345853	21
1.00	0.372378	0.249235	0.298609	0.024469	0.012605	0.016639	0.372364	0.310140	0.338415	16
1.00	0.365979	0.244979	0.293497	0.025788	0.012739	0.017054	0.365949	0.304199	0.332229	14
1.00	0.351327	0.235197	0.281766	0.028322	0.012939	0.017763	0.351277	0.290652	0.318102	11
1.00	0.325600	0.217950	0.261115	0.028346	0.012653	0.017497	0.325561	0.267371	0.293611	8
1.00	0.304261	0.203688	0.244018	0.030495	0.012553	0.017785	0.304195	0.248739	0.273686	8
1.00	0.305041	0.204211	0.244644	0.030501	0.012596	0.017829	0.304976	0.249316	0.274351	8
1.00	0.304416	0.203838	0.244175	0.034412	0.012598	0.018444	0.304307	0.248851	0.273799	8
1.00	0.310591	0.208019	0.249162	0.034388	0.012675	0.018523	0.310443	0.254569	0.279743	7
1.00	0.310814	0.208168	0.249340	0.023248	0.012725	0.016447	0.310666	0.254625	0.279867	6
1.00	0.313601	0.210035	0.251576	0.023605	0.012967	0.016739	0.313455	0.256930	0.282392	6
1.00	0.317655	0.212798	0.254863	0.024200	0.013356	0.017212	0.317416	0.259924	0.285808	6
1.00	0.341877	0.229075	0.274333	0.024129	0.013695	0.017473	0.341627	0.280964	0.308340	6
1.00	0.362563	0.242963	0.290951	0.024284	0.014036	0.017790	0.362434	0.298425	0.327330	6
1.00	0.379817	0.254611	0.304859	0.024514	0.014404	0.018145	0.379672	0.312725	0.342962	6
1.00	0.403343	0.270290	0.323677	0.024725	0.015105	0.018753	0.403381	0.331226	0.363760	6
1.00	0.422983	0.283357	0.339370	0.024930	0.015871	0.019395	0.423073	0.346441	0.380941	7
1.00	0.446450	0.299111	0.358222	0.024145	0.016636	0.019699	0.446558	0.365188	0.401795	7
1.00	0.467001	0.312775	0.374637	0.023335	0.017037	0.019695	0.467087	0.382495	0.420579	7
1.00	0.477810	0.319943	0.383257	0.020938	0.017353	0.018978	0.477798	0.391058	0.430098	7
1.00	0.480540	0.321735	0.385420	0.020009	0.017611	0.018734	0.480531	0.392322	0.431969	7
1.00	0.490463	0.328306	0.393327	0.020341	0.017914	0.019051	0.490461	0.399844	0.440541	7
1.00	0.497323	0.332935	0.398855	0.020014	0.018127	0.019024	0.497322	0.405664	0.446841	7
1.00	0.506357	0.338983	0.406100	0.019614	0.018470	0.019025	0.506359	0.413827	0.455441	7
1.00	0.522471	0.349810	0.419052	0.019861	0.018801	0.019317	0.522481	0.427959	0.470520	7
1.00	0.546276	0.365788	0.438174	0.020286	0.018795	0.019512	0.546301	0.450366	0.493717	7
1.00	0.572193	0.383185	0.458993	0.021606	0.018617	0.020001	0.572297	0.475823	0.519620	7
1.00	0.585507	0.392145	0.469704	0.021412	0.018721	0.019976	0.585686	0.487631	0.532179	7
1.00	0.595185	0.398716	0.477532	0.020856	0.018778	0.019763	0.595392	0.496333	0.541368	7
1.00	0.609743	0.408422	0.489179	0.021014	0.018651	0.019762	0.609896	0.510391	0.555724	7
1.00	0.620248	0.415366	0.497540	0.023156	0.019432	0.021131	0.620328	0.520553	0.566078	7
1.00	0.620916	0.415814	0.498077	0.023281	0.019853	0.021431	0.620997	0.520795	0.566499	7
1.00	0.621920	0.416486	0.498882	0.022928	0.020097	0.021419	0.622002	0.521734	0.567473	7
1.00	0.621766	0.416337	0.498725	0.022699	0.020244	0.021401	0.621834	0.520944	0.566935	8
1.00	0.626784	0.419697	0.502750	0.023267	0.020520	0.021807	0.626855	0.525211	0.571549	8
1.00	0.630922	0.422609	0.506171	0.023573	0.020566	0.021967	0.631039	0.529283	0.575699	8
1.00	0.633820	0.424550	0.508496	0.024005	0.020637	0.022194	0.633940	0.531701	0.578336	7
1.00	0.633891	0.424550	0.508519	0.024157	0.021118	0.022535	0.633995	0.530920	0.577897	8
1.00	0.630113	0.422161	0.505589	0.024452	0.021902	0.023107	0.630314	0.525881	0.573381	8
1.00	0.618411	0.414321	0.496200	0.024464	0.022459	0.023419	0.618599	0.513440	0.561135	8
1.00	0.598106	0.400806	0.479971	0.024171	0.022656	0.023389	0.598293	0.493293	0.540743	8
1.00	0.578127	0.387591	0.464062	0.022787	0.022889	0.022838	0.578322	0.475404	0.521837	8
1.00	0.560356	0.375719	0.449828	0.022338	0.022871	0.022601	0.560527	0.459459	0.504986	8
1.00	0.543420	0.364444	0.436290	0.024936	0.023052	0.023957	0.543456	0.445240	0.489470	8
1.00	0.524408	0.352124	0.421335	0.025908	0.023174	0.024465	0.524099	0.428104	0.471263	7
1.01	0.502606	0.338386	0.404462	0.025481	0.023883	0.024656	0.501952	0.408688	0.450544	7
1.01	0.472066	0.318599	0.380439	0.024760	0.024511	0.024635	0.471364	0.382171	0.422107	7
1.01	0.437010	0.295528	0.352606	0.024207	0.025200	0.024693	0.435959	0.350792	0.388766	7
1.01	0.404518	0.274098	0.326776	0.023672	0.025414	0.024512	0.402823	0.321440	0.357559	7
1.01	0.386063	0.261853	0.312052	0.023352	0.025748	0.024491	0.383967	0.304491	0.339642	7
1.01	0.364037	0.246995	0.294306	0.023282	0.025862	0.024505	0.361598	0.284538	0.318473	7
1.01	0.335827	0.227955	0.271571	0.022986	0.025884	0.024349	0.332868	0.258580	0.291059	7
1.01	0.318347	0.216232	0.257537	0.022740	0.025871	0.024205	0.314850	0.241974	0.273643	7
1.02	0.308504	0.209662	0.249655	0.022960	0.026114	0.024435	0.304586	0.231412	0.263004	7
1.02	0.306111	0.207944	0.247655	0.022999	0.025881	0.024355	0.302243	0.228223	0.260069	7
1.02	0.309485	0.210259	0.250400	0.023177	0.025981	0.024499	0.305422	0.229841	0.262296	7
1.02	0.308250	0.209512	0.249467	0.023559	0.026061	0.024747	0.303693	0.227587	0.260189	7
1.02	0.313853	0.213320	0.254001	0.029114	0.026044	0.027494	0.309271	0.232097	0.265183	8
1.02	0.320483	0.217875	0.259401	0.029458	0.026396	0.027843	0.316021	0.237521	0.271205	8
1.02	0.328648	0.223475	0.266044	0.031559	0.026322	0.028703	0.324445	0.245145	0.279275	8
1.02	0.345271	0.234675	0.279427	0.029861	0.025997	0.027795	0.341459	0.259560	0.294929	9
1.02	0.362838	0.246696	0.293702	0.029013	0.026114	0.027487	0.359199	0.275272	0.311685	9
1.02	0.392241	0.266483	0.317357	0.029287	0.026326	0.027728	0.389100	0.301129	0.339508	9
1.01	0.428839	0.291122	0.346809	0.028250	0.026501	0.027347	0.426308	0.333577	0.374284	9
1.01	0.461217	0.312999	0.372921	0.028577	0.026139	0.027304	0.459165	0.364603	0.406456	10
1.01	0.504291	0.342194	0.407722	0.029243	0.026248	0.027665	0.502901	0.403420	0.447701	10
1.01	0.523160	0.355036	0.423005	0.029719	0.026167	0.027830	0.522035	0.422256	0.466874	10
1.01	0.535204	0.363249	0.432771	0.030626	0.025556	0.027862	0.534252	0.435185	0.479657	10
1.01	0.551182	0.374300	0.445838	0.031193	0.025459	0.028036	0.550485	0.451469	0.496085	12
1.02	0.548082	0.372359	0.443447	0.031665	0.025186	0.028056	0.547361	0.449829	0.493825	11
1.02	0.540184	0.367356	0.437314	0.032821	0.024995	0.028379	0.539328	0.444529	0.487362	11
1.02	0.530218	0.360935	0.429498	0.034353	0.024530	0.028622	0.529231	0.437277	0.478880	11
1.02	0.534239	0.364071	0.433037	0.036065	0.024468	0.029156	0.533471	0.442038	0.483469	11
1.02	0.533472	0.364145	0.432838	0.037404	0.024379	0.029518	0.532802	0.443376	0.483993	11
1.02	0.534579	0.365340	0.434046	0.037791	0.024317	0.029592	0.534029	0.445375	0.485690	11
1.02	0.540066	0.369372	0.438700	0.038681	0.024688	0.030139	0.539384	0.450229	0.490790	11
1.02	0.543640	0.372060	0.441775	0.040914	0.024946	0.030994	0.543010	0.453576	0.494280	11
1.02	0.547933	0.375121	0.445351	0.041261	0.025506	0.031525	0.547361	0.456979	0.498103	11
1.02	0.544692	0.373105	0.442859	0.041535	0.026135	0.032083	0.543847	0.453752	0.494731	12
1.02	0.538772	0.369372	0.438272	0.039828	0.027535	0.032560	0.537711	0.447914	0.488722	12
1.03	0.532616	0.365788	0.433713	0.045326	0.028489	0.034987	0.531518	0.443098	0.483297	12
1.03	0.525092	0.360935	0.427807	0.033523	0.028847	0.031010	0.523709	0.436530	0.476162	11
1.03	0.508042	0.349063	0.413808	0.033086	0.028962	0.030887	0.506025	0.420157	0.459110	11
1.03	0.486851	0.334503	0.396548	0.032068	0.029303	0.030624	0.484157	0.400084	0.438124	11
1.03	0.477742	0.328530	0.389329	0.031545	0.029814	0.030655	0.474729	0.391521	0.429129	11
1.03	0.466782	0.321063	0.380447	0.032043	0.030225	0.031108	0.463461	0.381312	0.418392	10
1.03	0.453815	0.312178	0.369902	0.031662	0.030147	0.030886	0.450073	0.369383	0.405755	10
1.03	0.441033	0.303517	0.359575	0.031477	0.029799	0.030615	0.436852	0.358003	0.393517	10
1.03	0.432617	0.297693	0.352691	0.031436	0.029680	0.030533	0.428205	0.350175	0.385279	11
1.03	0.423565	0.291496	0.345334	0.031176	0.029567	0.030350	0.418889	0.341881	0.376488	11
1.03	0.426075	0.293064	0.347268	0.031049	0.029577	0.030295	0.421566	0.343760	0.378708	11
1.03	0.433348	0.298066	0.353196	0.032200	0.029586	0.030838	0.429042	0.350695	0.385933	11
1.03	0.438532	0.301501	0.357329	0.032675	0.029515	0.031014	0.434285	0.355893	0.391200	11
1.03	0.445253	0.306055	0.362759	0.031801	0.029320	0.030510	0.441314	0.362643	0.398129	11
1.03	0.446399	0.306877	0.363717	0.031128	0.028713	0.029872	0.442430	0.364344	0.399608	11
1.03	0.450489	0.309789	0.367119	0.042623	0.028942	0.034475	0.446391	0.368333	0.403622	12
1.03	0.454802	0.312925	0.370754	0.044380	0.028932	0.035029	0.450630	0.372898	0.408096	12
1.03	0.454979	0.313149	0.370970	0.033933	0.028908	0.031220	0.450798	0.373065	0.408264	11
1.03	0.451637	0.310983	0.368340	0.044935	0.028911	0.035185	0.447432	0.369616	0.404818	12
1.03	0.460963	0.317405	0.375945	0.044676	0.029043	0.035202	0.456934	0.377723	0.413570	12
1.03	0.462975	0.318375	0.377295	0.044052	0.029106	0.035053	0.458998	0.378077	0.414626	12
1.03	0.463234	0.318450	0.377434	0.032832	0.029142	0.030877	0.459277	0.377816	0.414583	12
1.03	0.456854	0.314269	0.372379	0.032517	0.029373	0.030865	0.452583	0.372461	0.408631	12
1.03	0.457552	0.315090	0.373187	0.032554	0.029720	0.031073	0.453420	0.372981	0.409286	12
1.03	0.445781	0.307250	0.363773	0.033029	0.029703	0.031278	0.441296	0.362578	0.398082	12
1.03	0.435634	0.300679	0.355789	0.038597	0.030095	0.033820	0.430697	0.353355	0.388211	12
1.03	0.431334	0.298066	0.352526	0.044123	0.030509	0.036075	0.426178	0.349533	0.384069	12
1.03	0.424252	0.293362	0.346870	0.043964	0.030482	0.036002	0.418982	0.342979	0.377190	12
1.03	0.416388	0.288360	0.340745	0.044058	0.030431	0.035998	0.410614	0.336294	0.369756	12
1.04	0.400859	0.278653	0.328767	0.044400	0.030861	0.036413	0.394288	0.323723	0.355538	12
1.04	0.391495	0.273576	0.322082	0.041892	0.031446	0.035925	0.384358	0.316648	0.347233	12
1.05	0.382956	0.269096	0.316085	0.042513	0.031789	0.036377	0.374819	0.310633	0.339720	12
1.05	0.377343	0.266109	0.312111	0.042815	0.031958	0.036598	0.368775	0.306393	0.334702	12
1.06	0.379808	0.269096	0.315007	0.047992	0.032447	0.038717	0.371118	0.310251	0.337966	12
1.06	0.378475	0.269394	0.314752	0.049077	0.032953	0.039430	0.369798	0.310679	0.337671	12
1.07	0.384503	0.274546	0.320352	0.047458	0.033004	0.038933	0.376548	0.317847	0.344717	12
1.07	0.390325	0.279549	0.325778	0.047027	0.033228	0.038941	0.383056	0.324198	0.351178	12
1.07	0.399750	0.286866	0.334029	0.048468	0.033622	0.039702	0.393358	0.333495	0.360961	12
1.08	0.410312	0.295304	0.343435	0.048494	0.034344	0.040211	0.404124	0.344773	0.372097	12
1.08	0.422105	0.304263	0.353625	0.046457	0.034361	0.039504	0.416825	0.356655	0.384400	12
1.08	0.430568	0.310461	0.360781	0.046034	0.035227	0.039912	0.425509	0.364474	0.392634	12
1.08	0.443029	0.319346	0.371155	0.045899	0.035388	0.039964	0.438953	0.376068	0.405084	12
1.07	0.465211	0.333980	0.388821	0.045688	0.035399	0.039891	0.462345	0.395388	0.426253	12
1.07	0.469793	0.337340	0.392699	0.045182	0.035282	0.039623	0.467254	0.399805	0.430906	12
1.07	0.469473	0.336444	0.391979	0.045019	0.035116	0.039456	0.466715	0.398726	0.430050	12
1.07	0.463656	0.331964	0.386911	0.044817	0.034763	0.039155	0.460393	0.392953	0.424008	12
1.07	0.465505	0.333010	0.388265	0.041196	0.034751	0.037700	0.462215	0.394273	0.425549	12
1.07	0.470115	0.335922	0.391848	0.041147	0.034680	0.037638	0.467217	0.398540	0.430155	13
1.07	0.471511	0.336743	0.392891	0.041416	0.034891	0.037874	0.468333	0.399238	0.431034	13
1.07	0.473927	0.337938	0.394543	0.041519	0.034922	0.037936	0.470527	0.400744	0.432841	13
1.06	0.480294	0.342119	0.399599	0.041685	0.034965	0.038031	0.477221	0.405988	0.438732	13
1.06	0.490548	0.348764	0.407681	0.045861	0.035042	0.039728	0.487653	0.414560	0.448146	13
1.06	0.503682	0.357500	0.418184	0.046133	0.035117	0.039878	0.501395	0.425959	0.460608	13
1.06	0.521139	0.369073	0.432118	0.045993	0.034632	0.039512	0.519971	0.441671	0.477633	13
1.06	0.534614	0.378257	0.443045	0.046086	0.034730	0.039610	0.534085	0.454093	0.490851	13
1.06	0.540840	0.382663	0.448205	0.046123	0.034801	0.039670	0.540704	0.459374	0.496732	13
1.06	0.541825	0.383036	0.448799	0.042905	0.034693	0.038364	0.541541	0.459774	0.497319	13
1.06	0.537698	0.380199	0.445436	0.045559	0.034713	0.039403	0.537078	0.455450	0.492908	13
1.06	0.529766	0.374748	0.438973	0.042224	0.034634	0.038054	0.528599	0.447659	0.484774	13
1.06	0.518628	0.366908	0.429771	0.045374	0.034657	0.039298	0.516717	0.437450	0.473791	13
1.06	0.505068	0.357202	0.418456	0.040033	0.034434	0.037023	0.502436	0.424397	0.460131	13
1.06	0.487128	0.344732	0.403743	0.040535	0.034153	0.037072	0.483618	0.407377	0.442235	13
1.06	0.475071	0.336519	0.393969	0.041806	0.034303	0.037685	0.470973	0.396852	0.430747	13
1.06	0.463309	0.329052	0.384807	0.042618	0.034381	0.038059	0.458719	0.386309	0.419411	13
1.06	0.447032	0.318226	0.371789	0.045601	0.033988	0.038947	0.441649	0.372483	0.404128	13
1.07	0.435734	0.310834	0.362836	0.047483	0.033873	0.039540	0.429897	0.363065	0.393665	12
1.07	0.414965	0.297320	0.346427	0.050460	0.033770	0.040462	0.408457	0.345697	0.374466	12
1.07	0.393725	0.282984	0.329293	0.048437	0.033462	0.039580	0.386515	0.327325	0.354466	12
1.08	0.375232	0.271261	0.314886	0.054391	0.033951	0.041807	0.367715	0.311110	0.337053	12
1.09	0.372571	0.270589	0.313495	0.054454	0.034137	0.041966	0.365819	0.310716	0.336024	12
1.10	0.363072	0.266184	0.307169	0.056473	0.034306	0.042683	0.357209	0.305277	0.329208	12
1.11	0.349809	0.259464	0.297938	0.056787	0.034436	0.042874	0.345104	0.296268	0.318827	12
1.13	0.335808	0.253341	0.288803	0.056855	0.034722	0.043114	0.333482	0.288244	0.309217	12
1.15	0.328832	0.252744	0.285811	0.056175	0.034669	0.042876	0.329893	0.288263	0.307676	12
1.16	0.330002	0.256403	0.288584	0.056528	0.034872	0.043135	0.334040	0.293284	0.312338	12
1.17	0.327540	0.257523	0.288342	0.056706	0.035020	0.043299	0.335007	0.294436	0.313414	12
1.19	0.330322	0.262077	0.292269	0.056310	0.035220	0.043335	0.340809	0.300759	0.319534	12
1.19	0.334517	0.267229	0.297111	0.055857	0.035294	0.043256	0.347968	0.307546	0.326510	12
1.20	0.341609	0.273277	0.303646	0.055590	0.035629	0.043425	0.356633	0.315681	0.334910	12
1.19	0.352743	0.280893	0.312744	0.055432	0.035715	0.043441	0.367976	0.325722	0.345562	12
1.19	0.362251	0.287464	0.320553	0.053337	0.035793	0.042838	0.377887	0.334295	0.354757	12
1.18	0.379516	0.298813	0.334364	0.052861	0.036045	0.042863	0.394938	0.348613	0.370333	12
1.17	0.389471	0.305458	0.342386	0.051510	0.035924	0.042328	0.405686	0.357046	0.379815	12
1.17	0.399789	0.311879	0.350405	0.050995	0.036037	0.042230	0.415746	0.364949	0.388695	12
1.15	0.417749	0.321959	0.363652	0.050198	0.035934	0.041885	0.432333	0.378207	0.403463	12
1.14	0.430844	0.329575	0.373466	0.049963	0.036120	0.041928	0.444159	0.387616	0.413966	12
1.14	0.433102	0.331367	0.375465	0.050661	0.036379	0.042348	0.447134	0.389550	0.416360	12
1.13	0.442686	0.336220	0.382177	0.051380	0.036473	0.042662	0.455465	0.395546	0.423396	13
1.13	0.447827	0.339356	0.386118	0.051087	0.036383	0.042499	0.460690	0.399120	0.427701	13
1.13	0.446656	0.338535	0.385151	0.045528	0.036447	0.040485	0.459100	0.397624	0.426156	13
1.14	0.440176	0.335399	0.380710	0.046512	0.036514	0.040911	0.453578	0.393161	0.421214	13
1.15	0.433645	0.332786	0.376579	0.044977	0.036571	0.040341	0.449412	0.389609	0.417379	13
1.16	0.421822	0.327335	0.368620	0.045086	0.036393	0.040276	0.439204	0.382552	0.408925	13
1.17	0.416659	0.326066	0.365837	0.045968	0.036204	0.040506	0.436089	0.381065	0.406724	13
1.18	0.410527	0.324946	0.362757	0.045169	0.036407	0.040317	0.432537	0.379233	0.404135	13
1.19	0.407755	0.324274	0.361254	0.044770	0.036530	0.040232	0.430948	0.378303	0.402913	13
1.19	0.407922	0.324498	0.361459	0.044795	0.036592	0.040280	0.430734	0.378638	0.403009	13
1.19	0.412339	0.327858	0.365277	0.046094	0.036796	0.040924	0.434397	0.382859	0.407003	13
1.18	0.417170	0.329799	0.368375	0.046239	0.036528	0.040814	0.437381	0.385723	0.409931	13
1.18	0.419905	0.330770	0.370046	0.045988	0.036544	0.040726	0.438813	0.387173	0.411379	13
1.16	0.433484	0.336967	0.379180	0.045803	0.036628	0.040705	0.449933	0.395243	0.420819	13
1.15	0.440469	0.339207	0.383262	0.045428	0.036684	0.040591	0.454201	0.398191	0.424355	13
1.13	0.459558	0.347868	0.395988	0.046034	0.036872	0.040947	0.469207	0.409431	0.437286	13
1.12	0.480408	0.358844	0.410822	0.046149	0.036674	0.040870	0.487393	0.423833	0.453396	13
1.11	0.492533	0.364444	0.418916	0.045753	0.036657	0.040703	0.497750	0.431792	0.462431	13
1.10	0.511791	0.375943	0.433473	0.045186	0.036751	0.040534	0.516503	0.447064	0.479281	13
1.09	0.534472	0.390129	0.451034	0.045023	0.036882	0.040548	0.539096	0.465017	0.499324	13
1.09	0.556697	0.404689	0.468676	0.045570	0.037239	0.040986	0.561652	0.483240	0.519504	13
1.08	0.576207	0.418054	0.484552	0.044989	0.037485	0.040896	0.582283	0.500283	0.538177	13
1.08	0.598102	0.432913	0.502274	0.044089	0.037600	0.040587	0.605908	0.518933	0.559058	13
1.08	0.615202	0.444785	0.516294	0.043611	0.038021	0.040624	0.624224	0.534107	0.575660	14
1.08	0.625812	0.453297	0.525764	0.043168	0.038717	0.040822	0.636162	0.544306	0.586660	14
1.08	0.631097	0.457926	0.530743	0.043187	0.039360	0.041185	0.642354	0.550006	0.592603	14
