
Sat Sep  4 21:57:56 2021
62.58	0.013422	0.523364	0.026172	0.012465	0.121392	0.022608	0.012978	0.503667	0.025304	128
56.49	0.014056	0.532143	0.027388	0.012088	0.155641	0.022433	0.013753	0.535879	0.026819	128
50.67	0.015670	0.532143	0.030444	0.012801	0.150305	0.023592	0.015351	0.538544	0.029852	128
45.27	0.017302	0.525000	0.033500	0.013380	0.134704	0.024342	0.016982	0.539224	0.032927	128
39.88	0.019375	0.517857	0.037352	0.013949	0.116709	0.024919	0.019094	0.537596	0.036878	128
34.55	0.021953	0.508333	0.042088	0.014906	0.099891	0.025940	0.021860	0.531912	0.041995	128
29.70	0.024942	0.496429	0.047497	0.015577	0.082759	0.026219	0.025256	0.525992	0.048197	128
25.02	0.028683	0.480952	0.054137	0.016276	0.072040	0.026553	0.029688	0.519331	0.056165	128
20.92	0.033540	0.470238	0.062614	0.017405	0.065251	0.027480	0.036107	0.513410	0.067468	128
17.18	0.040223	0.463095	0.074018	0.019702	0.052150	0.028600	0.044710	0.510687	0.082221	127
13.98	0.047758	0.447619	0.086308	0.020297	0.046810	0.028317	0.055109	0.495885	0.099195	126
11.25	0.057161	0.430952	0.100934	0.022805	0.042646	0.029718	0.069377	0.479899	0.121228	122
8.87	0.069111	0.410714	0.118313	0.025659	0.037001	0.030304	0.089656	0.457697	0.149940	121
6.97	0.084353	0.394048	0.138959	0.031498	0.029119	0.030262	0.117606	0.441415	0.185728	119
5.36	0.105734	0.379762	0.165414	0.033023	0.025078	0.028507	0.153666	0.426850	0.225980	112
4.07	0.132693	0.361905	0.194187	0.027955	0.022099	0.024685	0.195603	0.407312	0.264287	106
3.12	0.168091	0.351190	0.227360	0.028255	0.021007	0.024097	0.241039	0.396359	0.299775	94
2.47	0.204741	0.339286	0.255376	0.029282	0.020385	0.024037	0.282116	0.380965	0.324172	83
1.97	0.247516	0.326190	0.281459	0.026962	0.018829	0.022173	0.313360	0.364979	0.337205	69
1.62	0.281798	0.305952	0.293379	0.028232	0.017712	0.021768	0.337886	0.339224	0.338554	55
1.37	0.325098	0.297619	0.310752	0.029188	0.016592	0.021157	0.368487	0.332712	0.349687	45
1.20	0.353982	0.285714	0.316206	0.029625	0.015775	0.020587	0.377759	0.315838	0.344035	38
1.11	0.391374	0.291667	0.334243	0.023777	0.015126	0.018490	0.404292	0.326791	0.361434	29
1.07	0.414309	0.296429	0.345593	0.024286	0.014960	0.018514	0.421462	0.333008	0.372050	24
1.04	0.418089	0.291667	0.343618	0.024256	0.013519	0.017362	0.424482	0.329159	0.370792	21
1.03	0.417962	0.288095	0.341085	0.017580	0.012334	0.014497	0.422883	0.322587	0.365988	19
1.02	0.422609	0.289286	0.343463	0.016912	0.012150	0.014141	0.426584	0.321995	0.366983	14
1.02	0.419580	0.285714	0.339943	0.015280	0.011864	0.013357	0.421551	0.317555	0.362237	11
1.01	0.413005	0.279762	0.333570	0.015204	0.011882	0.013339	0.413262	0.306898	0.352225	10
1.01	0.414462	0.279762	0.334044	0.015346	0.012223	0.013608	0.413854	0.300237	0.348007	9
1.00	0.408850	0.275000	0.328826	0.015239	0.012363	0.013651	0.408526	0.289935	0.339163	7
1.00	0.386525	0.259524	0.310541	0.015125	0.011991	0.013377	0.386323	0.265068	0.314410	7
1.00	0.360568	0.241667	0.289380	0.014852	0.011555	0.012998	0.360568	0.241681	0.289391	5
1.00	0.332149	0.222619	0.266572	0.014353	0.011025	0.012471	0.332149	0.215631	0.261497	5
1.00	0.307282	0.205952	0.246614	0.014347	0.010592	0.012187	0.307282	0.193576	0.237522	5
1.00	0.285968	0.191667	0.229508	0.014320	0.010206	0.011918	0.285968	0.176702	0.218433	5
1.00	0.266430	0.178571	0.213828	0.013818	0.009823	0.011483	0.266430	0.159828	0.199799	5
1.00	0.243339	0.163095	0.195296	0.013331	0.009328	0.010976	0.243339	0.139698	0.177497	5
1.00	0.232682	0.155952	0.186743	0.010988	0.009120	0.009968	0.232682	0.129041	0.166014	4
1.00	0.230906	0.154762	0.185317	0.008373	0.009088	0.008716	0.230906	0.127265	0.164090	3
1.00	0.229130	0.153571	0.183892	0.008340	0.009041	0.008676	0.229130	0.125488	0.162164	2
1.00	0.223801	0.150000	0.179615	0.008467	0.008898	0.008677	0.223801	0.121344	0.157365	2
1.00	0.220249	0.147619	0.176764	0.008666	0.008803	0.008734	0.220249	0.119864	0.155242	2
1.00	0.213144	0.142857	0.171062	0.008866	0.008670	0.008767	0.213144	0.112759	0.147491	2
1.00	0.209591	0.140476	0.168211	0.008812	0.008575	0.008692	0.209591	0.110391	0.144614	2
1.00	0.209591	0.140476	0.168211	0.008812	0.008575	0.008692	0.209591	0.110391	0.144614	2
1.00	0.207815	0.139286	0.166785	0.008781	0.008527	0.008652	0.207815	0.108615	0.142665	2
1.00	0.207815	0.139286	0.166785	0.008781	0.008527	0.008652	0.207815	0.108615	0.142665	2
1.00	0.207815	0.139286	0.166785	0.008781	0.008527	0.008652	0.207815	0.108615	0.142665	2
1.00	0.207815	0.139286	0.166785	0.008781	0.008527	0.008652	0.207815	0.108615	0.142665	2
1.00	0.209591	0.140476	0.168211	0.008812	0.008575	0.008692	0.209591	0.110391	0.144614	2
1.00	0.209591	0.140476	0.168211	0.008812	0.008575	0.008692	0.209591	0.110391	0.144614	2
1.00	0.211368	0.141667	0.169637	0.009272	0.008622	0.008935	0.211368	0.111279	0.145799	2
1.00	0.211368	0.141667	0.169637	0.009272	0.008622	0.008935	0.211368	0.111279	0.145799	2
1.00	0.214920	0.144048	0.172488	0.009277	0.008718	0.008989	0.214920	0.114831	0.149686	2
1.00	0.218472	0.146429	0.175339	0.008934	0.008784	0.008858	0.218472	0.118384	0.153559	2
1.00	0.218472	0.146429	0.175339	0.008342	0.008784	0.008557	0.218472	0.118384	0.153559	2
1.00	0.225577	0.151190	0.181041	0.008251	0.008974	0.008598	0.225577	0.124304	0.160284	2
1.00	0.229130	0.153571	0.183892	0.007953	0.009041	0.008462	0.229130	0.126673	0.163149	2
1.00	0.236234	0.158333	0.189594	0.007939	0.009231	0.008537	0.236234	0.131113	0.168633	2
1.00	0.243339	0.163095	0.195296	0.007795	0.009422	0.008532	0.243339	0.135258	0.173871	2
1.00	0.252220	0.169048	0.202423	0.007611	0.009660	0.008514	0.252220	0.140586	0.180540	2
1.00	0.259325	0.173810	0.208125	0.007543	0.009851	0.008544	0.259325	0.145027	0.186021	2
1.00	0.262877	0.176190	0.210976	0.007518	0.009946	0.008563	0.262877	0.148579	0.189853	3
1.00	0.266430	0.178571	0.213828	0.007582	0.010041	0.008640	0.266430	0.150059	0.191987	3
1.00	0.268206	0.179762	0.215253	0.007441	0.010089	0.008565	0.268206	0.151835	0.193901	3
1.00	0.271758	0.182143	0.218104	0.007423	0.010184	0.008587	0.271758	0.155388	0.197721	3
1.00	0.280639	0.188095	0.225232	0.007570	0.010422	0.008770	0.280639	0.162197	0.205578	3
1.00	0.287744	0.192857	0.230934	0.007676	0.010613	0.008908	0.287744	0.169301	0.213176	3
1.00	0.289520	0.194048	0.232359	0.007707	0.010660	0.008947	0.289520	0.170189	0.214367	3
1.00	0.289520	0.194048	0.232359	0.007711	0.010660	0.008949	0.289520	0.170189	0.214367	3
1.00	0.289520	0.194048	0.232359	0.007790	0.010660	0.009002	0.289520	0.170189	0.214367	3
1.00	0.291297	0.195238	0.233785	0.007895	0.010708	0.009089	0.291297	0.171966	0.216262	3
1.00	0.289520	0.194048	0.232359	0.007951	0.010660	0.009109	0.289520	0.171078	0.215070	3
1.00	0.289520	0.194048	0.232359	0.007955	0.010660	0.009111	0.289520	0.171078	0.215070	3
1.00	0.287744	0.192857	0.230934	0.007932	0.010613	0.009079	0.287744	0.169301	0.213176	3
1.00	0.287744	0.192857	0.230934	0.007932	0.010613	0.009079	0.287744	0.169301	0.213176	3
1.00	0.284192	0.190476	0.228083	0.007884	0.010518	0.009013	0.284192	0.165749	0.209381	3
1.00	0.282416	0.189286	0.226657	0.007942	0.010470	0.009032	0.282416	0.163973	0.207481	3
1.00	0.280639	0.188095	0.225232	0.007921	0.010422	0.009001	0.280639	0.162197	0.205578	3
1.00	0.280639	0.188095	0.225232	0.007921	0.010422	0.009001	0.280639	0.162197	0.205578	3
1.00	0.282416	0.189286	0.226657	0.007945	0.010470	0.009034	0.282416	0.163973	0.207481	3
1.00	0.284192	0.190476	0.228083	0.007969	0.010518	0.009068	0.284192	0.165749	0.209381	3
1.00	0.289520	0.194048	0.232359	0.008037	0.010660	0.009165	0.289520	0.170189	0.214367	3
1.00	0.289520	0.194048	0.232359	0.008037	0.010660	0.009165	0.289520	0.170189	0.214367	3
1.00	0.293073	0.196429	0.235210	0.008080	0.010756	0.009228	0.293073	0.173742	0.218155	3
1.00	0.300178	0.201190	0.240912	0.008101	0.010946	0.009311	0.300178	0.179070	0.224322	3
1.00	0.301954	0.202381	0.242338	0.008121	0.010994	0.009342	0.301954	0.179959	0.225515	3
1.00	0.305506	0.204762	0.245189	0.008164	0.011089	0.009404	0.305506	0.181735	0.227900	3
1.00	0.312611	0.209524	0.250891	0.008238	0.011280	0.009522	0.312611	0.185731	0.233019	3

Sat Sep  4 22:14:09 2021
67.53	0.009256	0.389408	0.018082	0.010769	0.092953	0.019302	0.009053	0.334667	0.017629	128
60.00	0.009444	0.379762	0.018429	0.010707	0.193241	0.020289	0.009238	0.343902	0.017993	128
53.92	0.010244	0.370238	0.019937	0.011285	0.183132	0.021259	0.010014	0.336501	0.019450	128
48.03	0.011205	0.360714	0.021735	0.011848	0.176386	0.022205	0.010931	0.327620	0.021156	128
42.20	0.011870	0.335714	0.022930	0.012525	0.155384	0.023181	0.011657	0.304381	0.022453	128
36.70	0.012729	0.313095	0.024464	0.013041	0.131920	0.023735	0.012552	0.285672	0.024048	128
31.42	0.013795	0.290476	0.026339	0.013458	0.103298	0.023814	0.014143	0.268739	0.026872	128
26.73	0.015283	0.273810	0.028951	0.015078	0.089615	0.025813	0.016082	0.253049	0.030242	128
22.49	0.016904	0.254762	0.031704	0.015622	0.068817	0.025463	0.018800	0.237951	0.034846	128
18.70	0.019280	0.241667	0.035711	0.015237	0.054505	0.023817	0.023027	0.230491	0.041871	127
15.33	0.023180	0.238095	0.042248	0.015501	0.049823	0.023645	0.029588	0.230284	0.052438	126
12.33	0.027810	0.229762	0.049614	0.016558	0.043530	0.023990	0.037638	0.224660	0.064475	123
9.88	0.033447	0.221429	0.058116	0.017807	0.039386	0.024525	0.051118	0.215483	0.082633	122
7.60	0.041589	0.211905	0.069531	0.018888	0.038499	0.025342	0.068733	0.205713	0.103039	120
5.75	0.050664	0.195238	0.080451	0.018130	0.030955	0.022867	0.089497	0.188247	0.121317	114
4.21	0.062500	0.176190	0.092269	0.019274	0.025921	0.022109	0.121252	0.168117	0.140889	108
3.08	0.078963	0.163095	0.106408	0.016614	0.023372	0.019422	0.143219	0.151835	0.147401	97
2.25	0.103394	0.155952	0.124347	0.017435	0.023070	0.019861	0.166980	0.145856	0.155704	82
1.76	0.125379	0.147619	0.135593	0.017375	0.020829	0.018946	0.178853	0.134310	0.153414	64
1.42	0.153367	0.146429	0.149817	0.018393	0.020750	0.019501	0.192468	0.131646	0.156350	59
1.23	0.190202	0.157143	0.172099	0.016497	0.018917	0.017624	0.218443	0.144967	0.174277	47
1.13	0.216088	0.163095	0.185889	0.016053	0.019103	0.017446	0.234458	0.153848	0.185786	37
1.07	0.239203	0.171429	0.199723	0.017129	0.019328	0.018162	0.250444	0.166282	0.199864	32
1.04	0.261538	0.182143	0.214737	0.018073	0.021537	0.019654	0.268206	0.181380	0.216409	29
1.02	0.286458	0.196429	0.233051	0.017576	0.020578	0.018959	0.291297	0.202694	0.239049	29
1.01	0.325744	0.221429	0.263643	0.018781	0.021250	0.019939	0.329485	0.238218	0.276515	26
1.01	0.346831	0.234524	0.279830	0.018163	0.020246	0.019148	0.349023	0.255092	0.294755	24
1.00	0.362832	0.244048	0.291815	0.014090	0.012811	0.013420	0.364121	0.268413	0.309026	20
1.00	0.365897	0.245238	0.293656	0.014334	0.012827	0.013539	0.365897	0.271078	0.311430	16
1.00	0.374778	0.251190	0.300784	0.014199	0.012987	0.013566	0.374778	0.279070	0.319920	15
1.00	0.380107	0.254762	0.305061	0.013974	0.013083	0.013514	0.380107	0.283511	0.324779	12
1.00	0.397869	0.266667	0.319316	0.013989	0.013448	0.013713	0.397869	0.299497	0.341744	7
1.00	0.408526	0.273810	0.327869	0.011845	0.011793	0.011819	0.408526	0.309266	0.352033	7
1.00	0.412078	0.276190	0.330720	0.011694	0.011857	0.011775	0.412078	0.312818	0.355652	6
1.00	0.420959	0.282143	0.337847	0.011651	0.012061	0.011852	0.420959	0.319923	0.363552	6
1.00	0.429840	0.288095	0.344975	0.011686	0.012222	0.011948	0.429840	0.328804	0.372594	5
1.00	0.440497	0.295238	0.353528	0.015547	0.012369	0.013777	0.440497	0.339461	0.383435	4
1.00	0.445826	0.298810	0.357805	0.007704	0.012450	0.009518	0.445826	0.344790	0.388852	3
1.00	0.456483	0.305952	0.366358	0.007703	0.012597	0.009560	0.456483	0.355447	0.399679	3
1.00	0.470693	0.315476	0.377762	0.007736	0.012853	0.009659	0.470693	0.369657	0.414101	3
1.00	0.481350	0.322619	0.386315	0.007762	0.013045	0.009733	0.481350	0.379426	0.424353	3
1.00	0.483126	0.323810	0.387741	0.007640	0.013033	0.009633	0.483126	0.382090	0.426709	3
1.00	0.488455	0.327381	0.392017	0.007591	0.013129	0.009620	0.488455	0.387419	0.432109	2
1.00	0.497336	0.333333	0.399145	0.007624	0.013244	0.009678	0.497336	0.397484	0.441839	2
1.00	0.507993	0.340476	0.407698	0.007702	0.013347	0.009768	0.507993	0.409917	0.453715	2
1.00	0.515098	0.345238	0.413400	0.007792	0.013475	0.009874	0.515098	0.417022	0.460900	2
1.00	0.518650	0.347619	0.416251	0.007837	0.013495	0.009916	0.518650	0.421462	0.465033	2
1.00	0.520426	0.348810	0.417676	0.007858	0.013482	0.009929	0.520426	0.423239	0.466828	2
1.00	0.529307	0.354762	0.424804	0.007985	0.013598	0.010062	0.529307	0.433304	0.476518	2
1.00	0.527531	0.353571	0.423378	0.007971	0.013521	0.010029	0.527531	0.432712	0.475440	2
1.00	0.532860	0.357143	0.427655	0.008070	0.013617	0.010135	0.532860	0.438040	0.480820	2
1.00	0.532860	0.357143	0.427655	0.008107	0.013617	0.010163	0.532860	0.438040	0.480820	2
1.00	0.538188	0.360714	0.431932	0.008202	0.013802	0.010290	0.538188	0.441593	0.485129	2
1.00	0.539964	0.361905	0.433357	0.008231	0.013834	0.010322	0.539964	0.443369	0.486922	2
1.00	0.539964	0.361905	0.433357	0.008249	0.013834	0.010335	0.539964	0.443369	0.486922	2
1.00	0.541741	0.363095	0.434783	0.008278	0.013866	0.010367	0.541741	0.445145	0.488715	2
1.00	0.541741	0.363095	0.434783	0.008278	0.013866	0.010367	0.541741	0.445145	0.488715	2
1.00	0.545293	0.365476	0.437634	0.008335	0.014020	0.010455	0.545293	0.446625	0.491052	2
1.00	0.547069	0.366667	0.439059	0.008335	0.014096	0.010476	0.547069	0.447217	0.492129	2
1.00	0.543517	0.364286	0.436208	0.008246	0.014032	0.010388	0.543517	0.443665	0.488541	2
1.00	0.541741	0.363095	0.434783	0.008214	0.014045	0.010366	0.541741	0.441889	0.486746	2
1.00	0.539964	0.361905	0.433357	0.008181	0.014013	0.010330	0.539964	0.440112	0.484952	3
1.00	0.539964	0.361905	0.433357	0.008207	0.014013	0.010352	0.539964	0.440112	0.484952	3
1.00	0.536412	0.359524	0.430506	0.008151	0.013949	0.010289	0.536412	0.436560	0.481362	3
1.00	0.534636	0.358333	0.429081	0.008125	0.013917	0.010260	0.534636	0.434784	0.479567	3
1.00	0.536412	0.359524	0.430506	0.008151	0.013949	0.010289	0.536412	0.436560	0.481362	3
1.00	0.536412	0.359524	0.430506	0.008151	0.013949	0.010289	0.536412	0.436560	0.481362	3
1.00	0.538188	0.360714	0.431932	0.010117	0.015065	0.012105	0.538188	0.436915	0.482293	3
1.00	0.538188	0.360714	0.431932	0.010120	0.015065	0.012107	0.538188	0.436915	0.482293	3
1.00	0.539964	0.361905	0.433357	0.010151	0.015097	0.012140	0.539964	0.438692	0.484088	3
1.00	0.543517	0.364286	0.436208	0.010215	0.015161	0.012206	0.543517	0.442244	0.487678	3
1.00	0.548845	0.367857	0.440485	0.010317	0.015257	0.012310	0.548845	0.447572	0.493062	3
1.00	0.548845	0.367857	0.440485	0.010336	0.015257	0.012323	0.548845	0.447572	0.493062	3
1.00	0.547069	0.366667	0.439059	0.010328	0.015136	0.012278	0.547069	0.447572	0.492344	3
1.00	0.548845	0.367857	0.440485	0.010375	0.015168	0.012321	0.548845	0.449349	0.494138	3
1.00	0.545293	0.365476	0.437634	0.010309	0.015015	0.012224	0.545293	0.446980	0.491266	3
1.00	0.545293	0.365476	0.437634	0.010309	0.015015	0.012224	0.545293	0.446980	0.491266	3
1.00	0.547069	0.366667	0.439059	0.010348	0.015047	0.012263	0.547069	0.448757	0.493060	3
1.00	0.547069	0.366667	0.439059	0.010339	0.015047	0.012256	0.547069	0.448757	0.493060	3
1.00	0.547069	0.366667	0.439059	0.010348	0.015047	0.012263	0.547069	0.448757	0.493060	3
1.00	0.548845	0.367857	0.440485	0.010372	0.015123	0.012305	0.548845	0.450533	0.494853	3
1.00	0.545293	0.365476	0.437634	0.010287	0.015059	0.012224	0.545293	0.446980	0.491266	3
1.00	0.547069	0.366667	0.439059	0.010320	0.015136	0.012272	0.547069	0.447572	0.492344	3
1.00	0.543517	0.364286	0.436208	0.010258	0.015027	0.012193	0.543517	0.444908	0.489294	3
1.00	0.543517	0.364286	0.436208	0.010248	0.015072	0.012200	0.543517	0.444020	0.488756	3
1.00	0.539964	0.361905	0.433357	0.010162	0.015008	0.012119	0.539964	0.440468	0.485168	3
1.00	0.539964	0.361905	0.433357	0.010169	0.015052	0.012138	0.539964	0.439580	0.484628	3
1.00	0.538188	0.360714	0.431932	0.010136	0.015065	0.012118	0.538188	0.436915	0.482293	3
1.00	0.536412	0.359524	0.430506	0.010106	0.015033	0.012087	0.536412	0.435139	0.480497	3
1.00	0.536412	0.359524	0.430506	0.010092	0.015033	0.012077	0.536412	0.435139	0.480497	3
1.00	0.534636	0.358333	0.429081	0.010060	0.015001	0.012043	0.534636	0.433363	0.478702	3
1.00	0.531083	0.355952	0.426230	0.010010	0.014937	0.011987	0.531083	0.429811	0.475110	3
1.00	0.529307	0.354762	0.424804	0.009987	0.014905	0.011960	0.529307	0.428034	0.473314	3
1.00	0.527531	0.353571	0.423378	0.009967	0.014873	0.011936	0.527531	0.426258	0.471518	3
1.00	0.525755	0.352381	0.421953	0.009952	0.014841	0.011914	0.525755	0.424482	0.469722	3
1.00	0.527531	0.353571	0.423378	0.010002	0.014962	0.011989	0.527531	0.424482	0.470429	3
1.00	0.527531	0.353571	0.423378	0.010002	0.014962	0.011989	0.527531	0.424482	0.470429	3
1.00	0.527531	0.353571	0.423378	0.010002	0.014962	0.011989	0.527531	0.424482	0.470429	3
1.00	0.527531	0.353571	0.423378	0.010002	0.014962	0.011989	0.527531	0.424482	0.470429	3
1.00	0.527531	0.353571	0.423378	0.010002	0.014962	0.011989	0.527531	0.424482	0.470429	3
1.00	0.527531	0.353571	0.423378	0.009999	0.014962	0.011987	0.527531	0.424482	0.470429	3
1.00	0.525755	0.352381	0.421953	0.009960	0.014885	0.011934	0.525755	0.423594	0.469177	3
1.00	0.523979	0.351190	0.420527	0.009920	0.014809	0.011881	0.523979	0.422706	0.467925	3
1.00	0.523979	0.351190	0.420527	0.009918	0.014809	0.011880	0.523979	0.422706	0.467925	3
1.00	0.529307	0.354762	0.424804	0.009987	0.014905	0.011960	0.529307	0.428034	0.473314	3
1.00	0.529307	0.354762	0.424804	0.009987	0.014905	0.011960	0.529307	0.428034	0.473314	3
1.00	0.529307	0.354762	0.424804	0.009988	0.014905	0.011961	0.529307	0.428034	0.473314	3
1.00	0.529307	0.354762	0.424804	0.009978	0.014860	0.011939	0.529307	0.428922	0.473857	3
1.00	0.527531	0.353571	0.423378	0.009954	0.014828	0.011912	0.527531	0.427146	0.472061	3
1.00	0.527531	0.353571	0.423378	0.009953	0.014828	0.011911	0.527531	0.427146	0.472061	3
1.00	0.523979	0.351190	0.420527	0.009921	0.014764	0.011868	0.523979	0.423594	0.468469	4
1.00	0.525755	0.352381	0.421953	0.009957	0.014841	0.011918	0.525755	0.424482	0.469722	4
1.00	0.525755	0.352381	0.421953	0.009959	0.014841	0.011920	0.525755	0.424482	0.469722	4
1.00	0.523979	0.351190	0.420527	0.009938	0.014809	0.011894	0.523979	0.422706	0.467925	4
1.00	0.525755	0.352381	0.421953	0.013860	0.014856	0.014341	0.525755	0.423594	0.469177	4
1.00	0.525755	0.352381	0.421953	0.013862	0.014856	0.014342	0.525755	0.423594	0.469177	4
1.00	0.523979	0.351190	0.420527	0.013825	0.014780	0.014286	0.523979	0.422706	0.467925	4
1.00	0.525755	0.352381	0.421953	0.013848	0.014812	0.014313	0.525755	0.424482	0.469722	4
1.00	0.525755	0.352381	0.421953	0.013851	0.014812	0.014315	0.525755	0.424482	0.469722	4
1.00	0.523979	0.351190	0.420527	0.013829	0.014780	0.014289	0.523979	0.422706	0.467925	4
1.00	0.520426	0.348810	0.417676	0.013787	0.014716	0.014236	0.520426	0.419153	0.464332	4
1.00	0.518650	0.347619	0.416251	0.013765	0.014684	0.014210	0.518650	0.417377	0.462535	4
1.00	0.518650	0.347619	0.416251	0.013772	0.014684	0.014213	0.518650	0.417377	0.462535	4
1.00	0.518650	0.347619	0.416251	0.013786	0.014684	0.014221	0.518650	0.417377	0.462535	4
1.00	0.516874	0.346429	0.414825	0.013779	0.014652	0.014202	0.516874	0.415601	0.460738	4
1.00	0.516874	0.346429	0.414825	0.013783	0.014652	0.014204	0.516874	0.415601	0.460738	4
1.00	0.516874	0.346429	0.414825	0.013783	0.014652	0.014204	0.516874	0.415601	0.460738	4
1.00	0.511545	0.342857	0.410549	0.013736	0.014600	0.014155	0.511545	0.409088	0.454616	4
1.00	0.507993	0.340476	0.407698	0.013720	0.014536	0.014116	0.507993	0.405536	0.451019	4
1.00	0.511545	0.342857	0.410549	0.013805	0.014689	0.014234	0.511545	0.407312	0.453517	4
1.00	0.509769	0.341667	0.409123	0.013769	0.014613	0.014178	0.509769	0.406424	0.452268	4
1.00	0.507993	0.340476	0.407698	0.013749	0.014581	0.014153	0.507993	0.404648	0.450469	4
1.00	0.507993	0.340476	0.407698	0.013749	0.014581	0.014153	0.507993	0.404648	0.450469	4
1.00	0.509769	0.341667	0.409123	0.015069	0.014628	0.014845	0.509769	0.406424	0.452268	4
1.00	0.509769	0.341667	0.409123	0.015069	0.014628	0.014845	0.509769	0.406424	0.452268	4
1.00	0.509769	0.341667	0.409123	0.015069	0.014628	0.014845	0.509769	0.406424	0.452268	4
1.00	0.509769	0.341667	0.409123	0.015069	0.014628	0.014845	0.509769	0.406424	0.452268	4
1.00	0.509769	0.341667	0.409123	0.015062	0.014628	0.014842	0.509769	0.406424	0.452268	4
1.00	0.509769	0.341667	0.409123	0.013777	0.014628	0.014190	0.509769	0.406424	0.452268	4
1.00	0.509769	0.341667	0.409123	0.013761	0.014584	0.014160	0.509769	0.407312	0.452817	4
1.00	0.509769	0.341667	0.409123	0.013761	0.014584	0.014160	0.509769	0.407312	0.452817	4
1.00	0.509769	0.341667	0.409123	0.012998	0.014584	0.013745	0.509769	0.407312	0.452817	4
1.00	0.509769	0.341667	0.409123	0.013005	0.014584	0.013749	0.509769	0.407312	0.452817	4
1.00	0.509769	0.341667	0.409123	0.013005	0.014584	0.013749	0.509769	0.407312	0.452817	4
1.00	0.509769	0.341667	0.409123	0.013012	0.014584	0.013753	0.509769	0.407312	0.452817	4
1.00	0.509769	0.341667	0.409123	0.013012	0.014584	0.013753	0.509769	0.407312	0.452817	4
1.00	0.509769	0.341667	0.409123	0.013012	0.014584	0.013753	0.509769	0.407312	0.452817	4
1.00	0.509769	0.341667	0.409123	0.012509	0.014584	0.013467	0.509769	0.407312	0.452817	4
1.00	0.507993	0.340476	0.407698	0.013232	0.014567	0.013868	0.507993	0.404648	0.450469	4
1.00	0.506217	0.339286	0.406272	0.013212	0.014535	0.013842	0.506217	0.402872	0.448670	4
1.00	0.506217	0.339286	0.406272	0.013212	0.014535	0.013842	0.506217	0.402872	0.448670	4
1.00	0.506217	0.339286	0.406272	0.013212	0.014535	0.013842	0.506217	0.402872	0.448670	4
1.00	0.506217	0.339286	0.406272	0.013212	0.014535	0.013842	0.506217	0.402872	0.448670	4
1.00	0.507993	0.340476	0.407698	0.013789	0.014583	0.014175	0.507993	0.403760	0.449918	4
1.00	0.507993	0.340476	0.407698	0.013789	0.014583	0.014175	0.507993	0.403760	0.449918	4
1.00	0.507993	0.340476	0.407698	0.013789	0.014583	0.014175	0.507993	0.403760	0.449918	4
1.00	0.507993	0.340476	0.407698	0.013373	0.014583	0.013952	0.507993	0.403760	0.449918	4
1.00	0.507993	0.340476	0.407698	0.013408	0.014583	0.013971	0.507993	0.403760	0.449918	4
1.00	0.504440	0.338095	0.404847	0.013389	0.014519	0.013931	0.504440	0.400207	0.446319	4
1.00	0.504440	0.338095	0.404847	0.013389	0.014519	0.013931	0.504440	0.400207	0.446319	4
1.00	0.502664	0.336905	0.403421	0.012999	0.014487	0.013703	0.502664	0.398431	0.444519	4
1.00	0.504440	0.338095	0.404847	0.013443	0.014535	0.013967	0.504440	0.399023	0.445582	4
1.00	0.502664	0.336905	0.403421	0.013424	0.014503	0.013942	0.502664	0.397247	0.443781	4
1.00	0.502664	0.336905	0.403421	0.013424	0.014503	0.013942	0.502664	0.397247	0.443781	4
1.00	0.500888	0.335714	0.401996	0.013415	0.014471	0.013923	0.500888	0.395471	0.441981	4
1.00	0.502664	0.336905	0.403421	0.013424	0.014503	0.013942	0.502664	0.397247	0.443781	4
1.00	0.503546	0.338095	0.404558	0.021236	0.017107	0.018949	0.503552	0.398135	0.444681	5
1.00	0.508865	0.341667	0.408832	0.021611	0.017218	0.019166	0.508881	0.403464	0.450082	5
1.00	0.507965	0.341667	0.408541	0.021237	0.019746	0.020464	0.507105	0.403464	0.449386	5
1.01	0.508834	0.342857	0.409673	0.018693	0.019794	0.019227	0.507993	0.405240	0.450836	5
1.01	0.512367	0.345238	0.412518	0.017531	0.019873	0.018629	0.511545	0.408792	0.454433	5
1.01	0.512367	0.345238	0.412518	0.017531	0.019873	0.018629	0.511545	0.408792	0.454433	5
1.01	0.516755	0.348810	0.416489	0.019793	0.022573	0.021091	0.515394	0.412345	0.458146	5
1.01	0.516755	0.348810	0.416489	0.019793	0.022573	0.021091	0.515394	0.412345	0.458146	5
1.01	0.516755	0.348810	0.416489	0.019793	0.022573	0.021091	0.515394	0.412345	0.458146	5
1.01	0.514991	0.347619	0.415068	0.019773	0.022541	0.021066	0.513618	0.410568	0.456348	5
1.01	0.513228	0.346429	0.413646	0.019486	0.022509	0.020888	0.511841	0.408792	0.454549	5
1.01	0.513228	0.346429	0.413646	0.018344	0.022509	0.020214	0.511841	0.408792	0.454549	5
1.01	0.509700	0.344048	0.410803	0.017467	0.022445	0.019645	0.508289	0.405240	0.450952	5
1.01	0.507937	0.342857	0.409382	0.017458	0.022413	0.019628	0.506513	0.403464	0.449153	5
1.01	0.506173	0.341667	0.407960	0.017620	0.022396	0.019723	0.504737	0.401687	0.447354	5
1.01	0.506173	0.341667	0.407960	0.017030	0.022396	0.019348	0.504737	0.401687	0.447354	5
1.01	0.507042	0.342857	0.409091	0.017202	0.022444	0.019476	0.504737	0.402575	0.447904	5
1.01	0.505282	0.341667	0.407670	0.017196	0.022412	0.019460	0.502960	0.400799	0.446106	5
1.01	0.505282	0.341667	0.407670	0.017196	0.022412	0.019460	0.502960	0.400799	0.446106	5
1.01	0.505282	0.341667	0.407670	0.016812	0.022412	0.019212	0.502960	0.400799	0.446106	5
1.01	0.505282	0.341667	0.407670	0.016812	0.022412	0.019212	0.502960	0.400799	0.446106	5
1.01	0.503521	0.340476	0.406250	0.016652	0.022364	0.019090	0.501184	0.399023	0.444307	6
1.01	0.504394	0.341667	0.407381	0.016434	0.022412	0.018963	0.502368	0.400799	0.445873	6
1.01	0.502636	0.340476	0.405962	0.015951	0.022364	0.018621	0.500592	0.399023	0.444074	6
1.01	0.504394	0.341667	0.407381	0.023796	0.030177	0.026609	0.502368	0.399911	0.445323	8
1.01	0.505263	0.342857	0.408511	0.023912	0.031293	0.027109	0.504144	0.400799	0.446571	8
1.01	0.503509	0.341667	0.407092	0.023477	0.031245	0.026810	0.502368	0.399023	0.444771	8
1.01	0.505263	0.342857	0.408511	0.023652	0.031293	0.026941	0.504144	0.400799	0.446571	8
1.01	0.505263	0.342857	0.408511	0.023652	0.031293	0.026941	0.504144	0.400799	0.446571	8
1.01	0.505263	0.342857	0.408511	0.019769	0.031293	0.024230	0.504144	0.400799	0.446571	8
1.01	0.505263	0.342857	0.408511	0.019769	0.031293	0.024230	0.504144	0.400799	0.446571	8
1.01	0.505263	0.342857	0.408511	0.019769	0.031293	0.024230	0.504144	0.400799	0.446571	8
1.01	0.505263	0.342857	0.408511	0.019717	0.031293	0.024192	0.504144	0.400799	0.446571	8
1.01	0.507018	0.344048	0.409929	0.019832	0.031340	0.024292	0.505921	0.401687	0.447819	8
1.01	0.510526	0.346429	0.412766	0.020079	0.031436	0.024506	0.509473	0.404352	0.450866	8
1.01	0.510526	0.346429	0.412766	0.020079	0.031436	0.024506	0.509473	0.404352	0.450866	8
1.01	0.510526	0.346429	0.412766	0.020102	0.031436	0.024523	0.509473	0.404352	0.450866	9
1.01	0.510526	0.346429	0.412766	0.020102	0.031436	0.024523	0.509473	0.404352	0.450866	9
1.01	0.512281	0.347619	0.414184	0.020349	0.031483	0.024720	0.511249	0.406128	0.452666	9
1.01	0.510526	0.346429	0.412766	0.020302	0.031451	0.024676	0.509473	0.405240	0.451418	9
1.01	0.512281	0.347619	0.414184	0.020705	0.032567	0.025315	0.511249	0.406128	0.452666	9
1.01	0.512281	0.347619	0.414184	0.020705	0.032567	0.025315	0.511249	0.406128	0.452666	9
1.01	0.515789	0.350000	0.417021	0.021048	0.032663	0.025600	0.514802	0.409680	0.456264	9
1.01	0.512281	0.347619	0.414184	0.021011	0.032599	0.025552	0.511249	0.406128	0.452666	9
1.01	0.512281	0.347619	0.414184	0.021229	0.032614	0.025718	0.511249	0.406128	0.452666	9
1.01	0.512281	0.347619	0.414184	0.021435	0.032585	0.025860	0.511249	0.406128	0.452666	9
1.01	0.512281	0.347619	0.414184	0.021435	0.032585	0.025860	0.511249	0.406128	0.452666	9
1.01	0.512281	0.347619	0.414184	0.021435	0.032585	0.025860	0.511249	0.406128	0.452666	9
1.01	0.514035	0.348810	0.415603	0.020481	0.032633	0.025167	0.513025	0.407904	0.454465	9
1.01	0.515789	0.350000	0.417021	0.020774	0.033749	0.025718	0.514802	0.408792	0.455713	9
1.01	0.515789	0.350000	0.417021	0.020774	0.033749	0.025718	0.514802	0.408792	0.455713	9
1.01	0.516638	0.351190	0.418143	0.020769	0.033781	0.025723	0.515986	0.410568	0.457280	9
1.01	0.516638	0.351190	0.418143	0.020775	0.033781	0.025728	0.515986	0.410568	0.457280	9
1.01	0.518389	0.352381	0.419561	0.020794	0.033813	0.025752	0.517762	0.412345	0.459079	9
1.01	0.520140	0.353571	0.420978	0.021226	0.033832	0.026086	0.519538	0.414121	0.460878	9
1.01	0.518389	0.352381	0.419561	0.020834	0.033784	0.025773	0.517762	0.412345	0.459079	9
1.01	0.520140	0.353571	0.420978	0.020531	0.033832	0.025554	0.519538	0.414121	0.460878	9
1.01	0.520140	0.353571	0.420978	0.020531	0.033832	0.025554	0.519538	0.414121	0.460878	9
1.01	0.520140	0.353571	0.420978	0.020494	0.033832	0.025525	0.519538	0.414121	0.460878	9
1.01	0.520140	0.353571	0.420978	0.020494	0.033832	0.025525	0.519538	0.414121	0.460878	9
1.01	0.520140	0.353571	0.420978	0.020473	0.033832	0.025509	0.519538	0.414121	0.460878	9
1.01	0.520140	0.353571	0.420978	0.020494	0.033832	0.025525	0.519538	0.414121	0.460878	9
1.01	0.520140	0.353571	0.420978	0.020430	0.033832	0.025475	0.519538	0.414121	0.460878	9
1.01	0.520140	0.353571	0.420978	0.020390	0.033832	0.025445	0.519538	0.414121	0.460878	9
1.01	0.520140	0.353571	0.420978	0.020377	0.033832	0.025435	0.519538	0.414121	0.460878	9
1.01	0.520140	0.353571	0.420978	0.020377	0.033832	0.025435	0.519538	0.414121	0.460878	9
1.01	0.518389	0.352381	0.419561	0.019995	0.033784	0.025122	0.517762	0.412345	0.459079	9
1.01	0.520140	0.353571	0.420978	0.020064	0.033832	0.025190	0.519538	0.414121	0.460878	9
1.01	0.518389	0.352381	0.419561	0.020024	0.033800	0.025149	0.517762	0.412345	0.459079	9
1.01	0.516638	0.351190	0.418143	0.019696	0.033752	0.024876	0.515986	0.410568	0.457280	9
1.01	0.514886	0.350000	0.416726	0.019031	0.033704	0.024327	0.514210	0.409680	0.456032	9
1.01	0.514886	0.350000	0.416726	0.019044	0.033704	0.024337	0.514210	0.409680	0.456032	9
1.01	0.511384	0.347619	0.413891	0.018769	0.033625	0.024090	0.510657	0.406128	0.452433	9
1.01	0.507881	0.345238	0.411056	0.018283	0.033529	0.023663	0.507105	0.402575	0.448835	9
1.01	0.506130	0.344048	0.409639	0.018072	0.033482	0.023474	0.505329	0.400799	0.447035	9
1.01	0.506130	0.344048	0.409639	0.017721	0.033482	0.023176	0.505329	0.400799	0.447035	9
1.02	0.505245	0.344048	0.409348	0.017635	0.033482	0.023102	0.504440	0.400799	0.446687	9
1.02	0.503497	0.342857	0.407932	0.017450	0.033434	0.022932	0.502664	0.399023	0.444887	9
1.02	0.506993	0.345238	0.410765	0.017607	0.033514	0.023085	0.506217	0.402575	0.448486	9
1.02	0.503497	0.342857	0.407932	0.017450	0.033434	0.022932	0.502664	0.399023	0.444887	9
1.02	0.505245	0.344048	0.409348	0.017586	0.033482	0.023060	0.504440	0.400799	0.446687	9
1.02	0.505245	0.344048	0.409348	0.017586	0.033482	0.023060	0.504440	0.400799	0.446687	9
1.02	0.507853	0.346429	0.411890	0.025359	0.033714	0.028946	0.506217	0.403464	0.449037	10
1.02	0.504363	0.344048	0.409059	0.025168	0.033634	0.028792	0.502664	0.399911	0.445439	10
1.02	0.502618	0.342857	0.407643	0.025159	0.033602	0.028774	0.500888	0.398135	0.443640	10
1.02	0.500873	0.341667	0.406228	0.025155	0.033570	0.028760	0.499112	0.396359	0.441840	11
1.02	0.500873	0.341667	0.406228	0.025387	0.033570	0.028911	0.499112	0.396359	0.441840	11
1.02	0.498258	0.340476	0.404526	0.025241	0.033523	0.028798	0.497336	0.394583	0.440040	12
1.02	0.496516	0.339286	0.403112	0.025221	0.033491	0.028773	0.495560	0.392806	0.438240	12
1.02	0.493031	0.336905	0.400283	0.025207	0.033427	0.028741	0.492007	0.389254	0.434640	12
1.02	0.489547	0.334524	0.397454	0.025029	0.033347	0.028595	0.488455	0.385702	0.431039	12
1.02	0.489547	0.334524	0.397454	0.025029	0.033347	0.028595	0.488455	0.385702	0.431039	12
1.02	0.487805	0.333333	0.396040	0.024858	0.033299	0.028466	0.486679	0.384813	0.429793	12
1.02	0.487805	0.333333	0.396040	0.024858	0.033299	0.028466	0.486679	0.384813	0.429793	12
1.02	0.486063	0.332143	0.394625	0.025078	0.033252	0.028592	0.484902	0.383037	0.427992	12
1.02	0.486063	0.332143	0.394625	0.025078	0.033252	0.028592	0.484902	0.383037	0.427992	12
1.02	0.486063	0.332143	0.394625	0.025089	0.033252	0.028599	0.484902	0.383037	0.427992	12
1.02	0.484321	0.330952	0.393211	0.024886	0.033204	0.028449	0.483126	0.382149	0.426746	12
1.02	0.487805	0.333333	0.396040	0.025191	0.033284	0.028677	0.486679	0.385702	0.430346	12
1.02	0.484321	0.330952	0.393211	0.024958	0.033160	0.028480	0.483126	0.383037	0.427299	12
1.02	0.487805	0.333333	0.396040	0.025442	0.033255	0.028829	0.486679	0.386590	0.430898	12
1.02	0.486063	0.332143	0.394625	0.025400	0.033178	0.028773	0.484902	0.385702	0.429650	12
1.02	0.486063	0.332143	0.394625	0.025400	0.033178	0.028773	0.484902	0.385702	0.429650	12
1.02	0.486063	0.332143	0.394625	0.025411	0.033178	0.028780	0.484902	0.385702	0.429650	12
1.02	0.491289	0.335714	0.398868	0.026066	0.033321	0.029251	0.490231	0.391030	0.435047	12
1.02	0.493031	0.336905	0.400283	0.026309	0.033369	0.029421	0.492007	0.392806	0.436846	12
1.02	0.493913	0.338095	0.401413	0.026309	0.027319	0.026805	0.492007	0.393694	0.437394	12
1.02	0.500000	0.342857	0.406780	0.026586	0.027631	0.027098	0.497336	0.399911	0.443334	12
1.02	0.501736	0.344048	0.408192	0.026688	0.027679	0.027175	0.499112	0.401687	0.445131	12
1.02	0.503472	0.345238	0.409605	0.026760	0.027682	0.027213	0.500888	0.404648	0.447654	12
1.02	0.505208	0.346429	0.411017	0.026781	0.027714	0.027239	0.502664	0.406424	0.449450	12
1.02	0.505208	0.346429	0.411017	0.026390	0.027714	0.027036	0.502664	0.406424	0.449450	12
1.02	0.508681	0.348810	0.413842	0.026496	0.027794	0.027129	0.506217	0.409976	0.453042	12
1.02	0.508681	0.348810	0.413842	0.026496	0.027794	0.027129	0.506217	0.409976	0.453042	12
1.02	0.511265	0.351190	0.416373	0.026281	0.028026	0.027125	0.507993	0.412641	0.455379	13
1.03	0.512111	0.352381	0.417489	0.026281	0.028226	0.027219	0.507993	0.413529	0.455919	13
1.03	0.510381	0.351190	0.416079	0.026074	0.028150	0.027072	0.506217	0.412937	0.454843	13
1.03	0.511226	0.352381	0.417195	0.026075	0.028305	0.027144	0.506217	0.414713	0.455919	13
1.03	0.513793	0.354762	0.419718	0.026330	0.028553	0.027396	0.507993	0.417377	0.458248	13
1.03	0.513793	0.354762	0.419718	0.026354	0.028553	0.027410	0.507993	0.417377	0.458248	13
1.03	0.515464	0.357143	0.421941	0.026354	0.028954	0.027593	0.507993	0.419153	0.459317	13
1.04	0.516295	0.358333	0.423050	0.027917	0.036766	0.031736	0.507993	0.420041	0.459850	13
1.04	0.516239	0.359524	0.423860	0.027895	0.037135	0.031859	0.506217	0.420041	0.459120	13
1.04	0.514530	0.358333	0.422456	0.027874	0.037103	0.031833	0.504440	0.418265	0.457329	13
1.04	0.516184	0.360714	0.424667	0.027874	0.037504	0.031980	0.504440	0.420041	0.458388	13
1.04	0.517007	0.361905	0.425770	0.027874	0.037704	0.032053	0.504440	0.420930	0.458917	13
1.05	0.516949	0.363095	0.426573	0.027854	0.038073	0.032171	0.502664	0.420930	0.458180	13
1.05	0.516949	0.363095	0.426573	0.027854	0.038073	0.032171	0.502664	0.420930	0.458180	13
1.05	0.518644	0.364286	0.427972	0.028902	0.039635	0.033428	0.504440	0.421522	0.459268	13
1.05	0.519459	0.365476	0.429071	0.028464	0.039667	0.033144	0.505329	0.423298	0.460690	13
1.05	0.519459	0.365476	0.429071	0.028845	0.039667	0.033401	0.505329	0.423298	0.460690	13
1.05	0.519393	0.366667	0.429867	0.028471	0.039867	0.033219	0.504440	0.424186	0.460845	13
1.06	0.513423	0.364286	0.426184	0.027643	0.039772	0.032617	0.500296	0.420634	0.457019	14
1.06	0.513423	0.364286	0.426184	0.027643	0.039772	0.032617	0.500296	0.420634	0.457019	14
1.06	0.515913	0.366667	0.428671	0.027721	0.040005	0.032749	0.502072	0.423298	0.459332	14
1.06	0.515050	0.366667	0.428373	0.027721	0.040005	0.032749	0.501184	0.423298	0.458960	15
1.06	0.516722	0.367857	0.429764	0.027762	0.040037	0.032788	0.502960	0.425074	0.460749	15
1.07	0.515000	0.367857	0.429167	0.027780	0.040205	0.032857	0.500296	0.424186	0.459108	15
1.07	0.516667	0.369048	0.430556	0.027795	0.040237	0.032878	0.502072	0.425962	0.460896	15
1.07	0.516667	0.369048	0.430556	0.027795	0.040237	0.032878	0.502072	0.425962	0.460896	15
1.07	0.516667	0.369048	0.430556	0.027776	0.040237	0.032865	0.502072	0.425962	0.460896	15
1.07	0.514143	0.367857	0.428869	0.027646	0.040205	0.032763	0.500296	0.424186	0.459108	15
1.07	0.510815	0.365476	0.426093	0.027411	0.040125	0.032571	0.496744	0.420634	0.455531	15
1.07	0.509151	0.364286	0.424705	0.027412	0.040093	0.032561	0.494967	0.418857	0.453743	15
1.07	0.504983	0.361905	0.421637	0.026102	0.038330	0.031056	0.492599	0.417377	0.451879	16
1.07	0.503322	0.360714	0.420250	0.025900	0.038283	0.030897	0.490823	0.415601	0.450091	16
1.07	0.501661	0.359524	0.418863	0.025872	0.038251	0.030867	0.489047	0.413825	0.448302	16
1.07	0.499171	0.358333	0.417186	0.025688	0.038203	0.030720	0.486382	0.412049	0.446140	16
1.07	0.496689	0.357143	0.415512	0.025666	0.038171	0.030694	0.484310	0.410272	0.444228	16
1.07	0.496689	0.357143	0.415512	0.025666	0.038171	0.030694	0.484310	0.410272	0.444228	16
1.07	0.498344	0.358333	0.416898	0.026932	0.039734	0.032104	0.486086	0.410864	0.445321	16
1.07	0.496689	0.357143	0.415512	0.026738	0.039686	0.031950	0.484310	0.409088	0.443532	16
1.07	0.495033	0.355952	0.414127	0.026543	0.039638	0.031795	0.482534	0.407312	0.441744	16
1.07	0.496689	0.357143	0.415512	0.026716	0.040754	0.032275	0.484310	0.408200	0.443010	16
1.07	0.495033	0.355952	0.414127	0.026817	0.040738	0.032343	0.482534	0.405536	0.440697	16
1.07	0.491722	0.353571	0.411357	0.026601	0.040658	0.032161	0.478982	0.401983	0.437118	16
1.07	0.489256	0.352381	0.409689	0.026409	0.040611	0.032005	0.476909	0.400207	0.435205	16
1.07	0.489256	0.352381	0.409689	0.026409	0.040611	0.032005	0.476909	0.400207	0.435205	16
1.07	0.489256	0.352381	0.409689	0.026409	0.040611	0.032005	0.476909	0.400207	0.435205	16
1.07	0.489256	0.352381	0.409689	0.026409	0.040611	0.032005	0.476909	0.400207	0.435205	16
1.08	0.490939	0.354762	0.411887	0.026506	0.041011	0.032201	0.476909	0.401983	0.436253	16
1.08	0.489292	0.353571	0.410504	0.026344	0.040964	0.032066	0.475133	0.401391	0.435160	16
1.08	0.489292	0.353571	0.410504	0.026344	0.040964	0.032066	0.475133	0.401391	0.435160	15
1.08	0.488487	0.353571	0.410221	0.026184	0.041116	0.031993	0.473357	0.400503	0.433893	15
1.08	0.486043	0.352381	0.408558	0.026170	0.041084	0.031973	0.471433	0.398727	0.432042	16
1.08	0.486043	0.352381	0.408558	0.026170	0.041084	0.031973	0.471433	0.398727	0.432042	16
1.08	0.484401	0.351190	0.407177	0.026006	0.039968	0.031510	0.469657	0.397839	0.430775	16
1.09	0.482026	0.351190	0.406336	0.025247	0.039968	0.030946	0.467880	0.397839	0.430026	16
1.09	0.482026	0.351190	0.406336	0.025247	0.039968	0.030946	0.467880	0.397839	0.430026	16
1.09	0.482026	0.351190	0.406336	0.025258	0.039968	0.030954	0.467880	0.397839	0.430026	16
1.09	0.482026	0.351190	0.406336	0.025258	0.039968	0.030954	0.467880	0.397839	0.430026	16
1.09	0.482026	0.351190	0.406336	0.025244	0.039968	0.030944	0.467880	0.397839	0.430026	16
1.09	0.482026	0.351190	0.406336	0.025244	0.039968	0.030944	0.467880	0.397839	0.430026	16
1.09	0.483660	0.352381	0.407714	0.025405	0.041084	0.031396	0.469657	0.398727	0.431295	16
1.09	0.482871	0.352381	0.407433	0.024996	0.041084	0.031082	0.469657	0.398727	0.431295	16
1.09	0.482871	0.352381	0.407433	0.024996	0.041084	0.031082	0.469657	0.398727	0.431295	17
1.09	0.482871	0.352381	0.407433	0.024996	0.041084	0.031082	0.469657	0.398727	0.431295	16
1.09	0.483713	0.353571	0.408528	0.025104	0.041132	0.031178	0.471433	0.400503	0.433083	17
1.09	0.481301	0.352381	0.406873	0.024812	0.040016	0.030631	0.469657	0.399615	0.431814	16
1.09	0.481301	0.352381	0.406873	0.024812	0.040016	0.030631	0.469657	0.399615	0.431814	16
1.09	0.482143	0.353571	0.407967	0.024874	0.040216	0.030737	0.469657	0.400503	0.432332	17
1.09	0.482143	0.353571	0.407967	0.024874	0.040216	0.030737	0.469657	0.400503	0.432332	17
1.09	0.482143	0.353571	0.407967	0.024885	0.040216	0.030745	0.469657	0.400503	0.432332	16
1.09	0.482143	0.353571	0.407967	0.024885	0.040216	0.030745	0.469657	0.400503	0.432332	16
1.09	0.487013	0.357143	0.412088	0.025262	0.040344	0.031069	0.474985	0.404648	0.437004	16
1.10	0.491086	0.360714	0.415923	0.025582	0.040486	0.031353	0.480314	0.409976	0.442367	16
1.10	0.491086	0.360714	0.415923	0.025582	0.040486	0.031353	0.480314	0.409976	0.442367	16
1.10	0.492707	0.361905	0.417296	0.025664	0.040518	0.031424	0.482090	0.411753	0.444154	16
1.10	0.495146	0.364286	0.419753	0.026049	0.040614	0.031740	0.485494	0.415305	0.447665	16
1.10	0.497577	0.366667	0.422207	0.026318	0.040862	0.032016	0.487271	0.417969	0.449967	16
1.10	0.499192	0.367857	0.423578	0.026541	0.040909	0.032195	0.489047	0.419745	0.451754	16
1.10	0.499192	0.367857	0.423578	0.026541	0.040909	0.032195	0.489047	0.419745	0.451754	16
1.10	0.499192	0.367857	0.423578	0.026530	0.040909	0.032187	0.489047	0.419745	0.451754	17
1.10	0.500808	0.369048	0.424949	0.026605	0.040957	0.032256	0.490823	0.421522	0.453540	17
1.10	0.504039	0.371429	0.427690	0.026616	0.041021	0.032285	0.494375	0.425074	0.457113	17
1.10	0.504839	0.372619	0.428767	0.026675	0.041221	0.032390	0.494375	0.425962	0.457626	17
1.10	0.508857	0.376190	0.432580	0.026728	0.041317	0.032458	0.498816	0.431291	0.462602	17
1.10	0.508857	0.376190	0.432580	0.026728	0.041317	0.032458	0.498816	0.431291	0.462602	17
1.10	0.509646	0.377381	0.433653	0.026396	0.041349	0.032222	0.500444	0.433067	0.464324	17
1.10	0.509646	0.377381	0.433653	0.026396	0.041349	0.032222	0.500444	0.433067	0.464324	17
1.10	0.509646	0.377381	0.433653	0.026396	0.041349	0.032222	0.500444	0.433067	0.464324	17
1.10	0.508857	0.376190	0.432580	0.026337	0.041149	0.032117	0.500444	0.432179	0.463813	17
1.10	0.510467	0.377381	0.433949	0.026359	0.041181	0.032144	0.502220	0.433955	0.465599	17
1.10	0.508857	0.376190	0.432580	0.026691	0.041149	0.032379	0.500444	0.432179	0.463813	17
1.10	0.511254	0.378571	0.435021	0.026990	0.041397	0.032676	0.502220	0.434843	0.466109	17
1.10	0.512862	0.379762	0.436388	0.027262	0.041445	0.032889	0.503996	0.435731	0.467384	17
1.10	0.512862	0.379762	0.436388	0.027269	0.041445	0.032894	0.503996	0.435731	0.467384	17
1.10	0.512862	0.379762	0.436388	0.027269	0.041445	0.032894	0.503996	0.435731	0.467384	17
1.11	0.513644	0.380952	0.437457	0.027335	0.041645	0.033006	0.503996	0.436619	0.467895	17
1.11	0.511218	0.379762	0.435792	0.027129	0.041613	0.032845	0.502220	0.434843	0.466109	17
1.11	0.508013	0.377381	0.433060	0.027094	0.041549	0.032799	0.498668	0.431291	0.462538	17
1.11	0.508013	0.377381	0.433060	0.027094	0.041549	0.032799	0.498668	0.431291	0.462538	17
1.11	0.506410	0.376190	0.431694	0.027076	0.041517	0.032777	0.496892	0.429514	0.460753	17
1.11	0.506410	0.376190	0.431694	0.027076	0.041517	0.032777	0.496892	0.429514	0.460753	17
1.11	0.506390	0.377381	0.432469	0.026961	0.041717	0.032754	0.496892	0.430107	0.461093	17
1.12	0.506369	0.378571	0.433242	0.026680	0.041918	0.032606	0.496004	0.430995	0.461220	17
1.12	0.503975	0.377381	0.431586	0.026803	0.041870	0.032684	0.493339	0.429219	0.459051	17
1.12	0.503175	0.377381	0.431293	0.027038	0.041870	0.032858	0.492451	0.429219	0.458666	17
1.12	0.502377	0.377381	0.430999	0.027038	0.041870	0.032858	0.492155	0.429219	0.458537	17
1.12	0.500792	0.376190	0.429640	0.025923	0.040307	0.031553	0.490379	0.428626	0.457428	17
1.12	0.499208	0.375000	0.428280	0.025600	0.040260	0.031298	0.488603	0.426850	0.455644	17
1.12	0.499208	0.375000	0.428280	0.025600	0.040260	0.031298	0.488603	0.426850	0.455644	17
1.12	0.497623	0.373810	0.426920	0.025320	0.040212	0.031074	0.486826	0.425962	0.454365	17
1.12	0.497623	0.373810	0.426920	0.025320	0.040212	0.031074	0.486826	0.425962	0.454365	17

Sat Sep  4 23:13:37 2021
63.12	0.011881	0.467290	0.023173	0.011922	0.093478	0.021148	0.011943	0.431333	0.023242	128
57.06	0.009557	0.365476	0.018626	0.010450	0.148423	0.019525	0.009724	0.327472	0.018888	128
51.46	0.009871	0.340476	0.019186	0.010536	0.133171	0.019528	0.010328	0.308526	0.019988	128
46.03	0.010611	0.327381	0.020556	0.010641	0.120874	0.019559	0.011552	0.296270	0.022237	128
40.92	0.011156	0.305952	0.021528	0.010498	0.108466	0.019143	0.012699	0.275548	0.024278	128
36.00	0.011793	0.284524	0.022647	0.010576	0.089981	0.018927	0.014500	0.251865	0.027421	128
31.33	0.012642	0.265476	0.024136	0.010962	0.082491	0.019352	0.016811	0.234547	0.031373	128
27.04	0.013991	0.253571	0.026519	0.011224	0.073831	0.019485	0.020645	0.222410	0.037783	128
23.05	0.015260	0.235714	0.028664	0.011073	0.066612	0.018990	0.025862	0.206424	0.045965	128
19.51	0.017295	0.226190	0.032133	0.011556	0.061337	0.019448	0.033210	0.193695	0.056699	128
16.40	0.018843	0.207143	0.034544	0.011692	0.052120	0.019099	0.039533	0.176673	0.064608	128
13.61	0.021018	0.191667	0.037882	0.011848	0.043837	0.018654	0.045405	0.162315	0.070960	128
11.18	0.023662	0.177381	0.041754	0.011414	0.038481	0.017606	0.058827	0.144553	0.083623	128
9.04	0.028280	0.171429	0.048550	0.012324	0.037686	0.018573	0.074370	0.138632	0.096807	127
7.26	0.032558	0.158333	0.054010	0.011942	0.035797	0.017909	0.090616	0.127679	0.106001	123
5.79	0.037117	0.144048	0.059024	0.011047	0.024661	0.015258	0.110548	0.116371	0.113384	119
4.65	0.045038	0.140476	0.068208	0.012640	0.023930	0.016542	0.126257	0.112818	0.119160	110
3.78	0.052607	0.133333	0.075446	0.014283	0.019944	0.016645	0.134584	0.107134	0.119301	106
3.05	0.063446	0.129762	0.085223	0.018261	0.017664	0.017958	0.146407	0.104766	0.122135	102
2.52	0.074700	0.126190	0.093847	0.018087	0.011589	0.014126	0.155749	0.101510	0.122912	99
2.12	0.086192	0.122619	0.101228	0.015922	0.009343	0.011776	0.163741	0.098253	0.122813	91
1.77	0.098394	0.116667	0.106754	0.012006	0.007404	0.009159	0.167932	0.094346	0.120816	83
1.56	0.115034	0.120238	0.117579	0.012018	0.007662	0.009358	0.176761	0.097898	0.126008	78
1.42	0.127980	0.121429	0.124618	0.011989	0.007739	0.009406	0.179427	0.098786	0.127420	75
1.29	0.142069	0.122619	0.131629	0.013260	0.007816	0.009835	0.181204	0.099674	0.128607	71
1.21	0.152269	0.123810	0.136573	0.013237	0.007892	0.009888	0.182981	0.100562	0.129793	64
1.17	0.158055	0.123810	0.138852	0.013222	0.007892	0.009884	0.182983	0.100562	0.129794	61
1.13	0.163522	0.123810	0.140921	0.013208	0.007892	0.009881	0.182985	0.100562	0.129794	58
1.10	0.166129	0.122619	0.141096	0.009280	0.007860	0.008511	0.181211	0.098786	0.127867	50
1.09	0.167752	0.122619	0.141678	0.009272	0.007860	0.008508	0.181215	0.098786	0.127868	46
1.08	0.169687	0.122619	0.142364	0.009256	0.007860	0.008501	0.181220	0.098786	0.127869	39
1.06	0.172241	0.122619	0.143255	0.009246	0.007860	0.008497	0.181230	0.098786	0.127871	32
1.05	0.174281	0.122619	0.143955	0.009241	0.007860	0.008495	0.181238	0.098786	0.127873	28
1.03	0.177586	0.122619	0.145070	0.009241	0.007860	0.008495	0.181277	0.098786	0.127883	18
1.02	0.179756	0.122619	0.145789	0.009241	0.007860	0.008495	0.181350	0.098786	0.127901	12
1.01	0.181658	0.122619	0.146411	0.009238	0.007860	0.008494	0.181528	0.098786	0.127945	5
1.00	0.182301	0.122619	0.146619	0.009238	0.007860	0.008494	0.181764	0.098786	0.128004	4
1.00	0.181172	0.121429	0.145403	0.001426	0.007812	0.002411	0.181172	0.097010	0.126360	2
1.00	0.181172	0.121429	0.145403	0.001426	0.007812	0.002411	0.181172	0.097010	0.126360	2
1.00	0.181172	0.121429	0.145403	0.001426	0.007812	0.002411	0.181172	0.097010	0.126360	2
1.00	0.181172	0.121429	0.145403	0.001426	0.007812	0.002411	0.181172	0.097010	0.126360	2
1.00	0.181172	0.121429	0.145403	0.001426	0.007812	0.002411	0.181172	0.097010	0.126360	2
1.00	0.181172	0.121429	0.145403	0.001426	0.007812	0.002411	0.181172	0.097010	0.126360	2
1.00	0.181172	0.121429	0.145403	0.001426	0.007812	0.002411	0.181172	0.097010	0.126360	2
1.00	0.181172	0.121429	0.145403	0.001426	0.007812	0.002411	0.181172	0.097010	0.126360	2
1.00	0.181172	0.121429	0.145403	0.001426	0.007812	0.002411	0.181172	0.097010	0.126360	3
1.00	0.181172	0.121429	0.145403	0.001426	0.007812	0.002411	0.181172	0.097010	0.126360	3
1.00	0.181172	0.121429	0.145403	0.001426	0.007812	0.002411	0.181172	0.097010	0.126360	3
1.00	0.181172	0.121429	0.145403	0.001426	0.007812	0.002411	0.181172	0.097010	0.126360	2
1.00	0.181172	0.121429	0.145403	0.001426	0.007812	0.002411	0.181172	0.097010	0.126360	2
1.00	0.181172	0.121429	0.145403	0.001426	0.007812	0.002411	0.181172	0.097010	0.126360	2
1.00	0.181172	0.121429	0.145403	0.001426	0.007812	0.002411	0.181172	0.097010	0.126360	2
1.00	0.181172	0.121429	0.145403	0.001426	0.007812	0.002411	0.181172	0.097010	0.126360	2
1.00	0.181172	0.121429	0.145403	0.001426	0.007812	0.002411	0.181172	0.097010	0.126360	2
1.00	0.181172	0.121429	0.145403	0.001426	0.007812	0.002411	0.181172	0.097010	0.126360	2
1.00	0.181172	0.121429	0.145403	0.001426	0.007812	0.002411	0.181172	0.097010	0.126360	2
1.00	0.181172	0.121429	0.145403	0.001426	0.007812	0.002411	0.181172	0.097010	0.126360	2
1.00	0.181172	0.121429	0.145403	0.001426	0.007812	0.002411	0.181172	0.097010	0.126360	2
1.00	0.181172	0.121429	0.145403	0.001426	0.007812	0.002411	0.181172	0.097010	0.126360	2
1.00	0.181172	0.121429	0.145403	0.001426	0.007812	0.002411	0.181172	0.097010	0.126360	2
1.00	0.181172	0.121429	0.145403	0.001426	0.007812	0.002411	0.181172	0.097010	0.126360	2
1.00	0.181172	0.121429	0.145403	0.001426	0.007812	0.002411	0.181172	0.097010	0.126360	2
1.00	0.181172	0.121429	0.145403	0.001426	0.007812	0.002411	0.181172	0.097010	0.126360	2
1.00	0.181172	0.121429	0.145403	0.001426	0.007812	0.002411	0.181172	0.097010	0.126360	2
1.00	0.181172	0.121429	0.145403	0.001426	0.007812	0.002411	0.181172	0.097010	0.126360	2
1.00	0.181172	0.121429	0.145403	0.001426	0.007812	0.002411	0.181172	0.097010	0.126360	2
1.00	0.181172	0.121429	0.145403	0.001426	0.007812	0.002411	0.181172	0.097010	0.126360	2
1.00	0.181172	0.121429	0.145403	0.001426	0.007812	0.002411	0.181172	0.097010	0.126360	2
1.00	0.181172	0.121429	0.145403	0.001426	0.007812	0.002411	0.181172	0.097010	0.126360	2
1.00	0.181172	0.121429	0.145403	0.001426	0.007812	0.002411	0.181172	0.097010	0.126360	2
1.00	0.181172	0.121429	0.145403	0.001426	0.007812	0.002411	0.181172	0.097010	0.126360	2
1.00	0.181172	0.121429	0.145403	0.001426	0.007812	0.002411	0.181172	0.097010	0.126360	2
1.00	0.181172	0.121429	0.145403	0.001426	0.007812	0.002411	0.181172	0.097010	0.126360	2
1.00	0.181172	0.121429	0.145403	0.001426	0.007812	0.002411	0.181172	0.097010	0.126360	2
1.00	0.181172	0.121429	0.145403	0.001426	0.007812	0.002411	0.181172	0.097010	0.126360	2
1.00	0.181172	0.121429	0.145403	0.001426	0.007812	0.002411	0.181172	0.097010	0.126360	2
1.00	0.181172	0.121429	0.145403	0.001426	0.007812	0.002411	0.181172	0.097010	0.126360	2
1.00	0.181172	0.121429	0.145403	0.001426	0.007812	0.002411	0.181172	0.097010	0.126360	2
1.00	0.181172	0.121429	0.145403	0.001426	0.007812	0.002411	0.181172	0.097010	0.126360	2
1.00	0.181172	0.121429	0.145403	0.001426	0.007812	0.002411	0.181172	0.097010	0.126360	2
1.00	0.181172	0.121429	0.145403	0.001426	0.007812	0.002411	0.181172	0.097010	0.126360	2
1.00	0.181172	0.121429	0.145403	0.001426	0.007812	0.002411	0.181172	0.097010	0.126360	2
1.00	0.181172	0.121429	0.145403	0.001426	0.007812	0.002411	0.181172	0.097010	0.126360	2
1.00	0.181172	0.121429	0.145403	0.001426	0.007812	0.002411	0.181172	0.097010	0.126360	2
1.00	0.181172	0.121429	0.145403	0.001426	0.007812	0.002411	0.181172	0.097010	0.126360	2
1.00	0.181172	0.121429	0.145403	0.001426	0.007812	0.002411	0.181172	0.097010	0.126360	2
1.00	0.181172	0.121429	0.145403	0.001426	0.007812	0.002411	0.181172	0.097010	0.126360	2
1.00	0.181172	0.121429	0.145403	0.001426	0.007812	0.002411	0.181172	0.097010	0.126360	2
1.00	0.181172	0.121429	0.145403	0.001426	0.007812	0.002411	0.181172	0.097010	0.126360	2
1.00	0.181172	0.121429	0.145403	0.001426	0.007812	0.002411	0.181172	0.097010	0.126360	2
1.00	0.181172	0.121429	0.145403	0.001426	0.007812	0.002411	0.181172	0.097010	0.126360	2
1.00	0.181172	0.121429	0.145403	0.001426	0.007812	0.002411	0.181172	0.097010	0.126360	2
1.00	0.181172	0.121429	0.145403	0.001426	0.007812	0.002411	0.181172	0.097010	0.126360	2
1.00	0.181172	0.121429	0.145403	0.001426	0.007812	0.002411	0.181172	0.097010	0.126360	2
1.00	0.181172	0.121429	0.145403	0.001426	0.007812	0.002411	0.181172	0.097010	0.126360	2
1.00	0.181172	0.121429	0.145403	0.001426	0.007812	0.002411	0.181172	0.097010	0.126360	2
1.00	0.181172	0.121429	0.145403	0.001426	0.007812	0.002411	0.181172	0.097010	0.126360	2
1.00	0.181172	0.121429	0.145403	0.001426	0.007812	0.002411	0.181172	0.097010	0.126360	2
1.00	0.181172	0.121429	0.145403	0.001426	0.007812	0.002411	0.181172	0.097010	0.126360	2
1.00	0.181172	0.121429	0.145403	0.001426	0.007812	0.002411	0.181172	0.097010	0.126360	2
1.00	0.181172	0.121429	0.145403	0.001426	0.007812	0.002411	0.181172	0.097010	0.126360	2
1.00	0.181172	0.121429	0.145403	0.001426	0.007812	0.002411	0.181172	0.097010	0.126360	2
1.00	0.181172	0.121429	0.145403	0.001426	0.007812	0.002411	0.181172	0.097010	0.126360	2
1.00	0.181172	0.121429	0.145403	0.001426	0.007812	0.002411	0.181172	0.097010	0.126360	2
1.00	0.181172	0.121429	0.145403	0.001426	0.007812	0.002411	0.181172	0.097010	0.126360	2
1.00	0.181172	0.121429	0.145403	0.001426	0.007812	0.002411	0.181172	0.097010	0.126360	2
1.00	0.181172	0.121429	0.145403	0.001426	0.007812	0.002411	0.181172	0.097010	0.126360	2
1.00	0.181172	0.121429	0.145403	0.001426	0.007812	0.002411	0.181172	0.097010	0.126360	2
1.00	0.181172	0.121429	0.145403	0.001426	0.007812	0.002411	0.181172	0.097010	0.126360	2
1.00	0.181172	0.121429	0.145403	0.001426	0.007812	0.002411	0.181172	0.097010	0.126360	2
1.00	0.182948	0.122619	0.146828	0.002991	0.007845	0.004330	0.182948	0.098786	0.128297	2
1.00	0.182948	0.122619	0.146828	0.002733	0.007845	0.004053	0.182948	0.098786	0.128297	2
1.00	0.184725	0.123810	0.148254	0.003665	0.007877	0.005003	0.184725	0.100562	0.130229	2
1.00	0.184725	0.123810	0.148254	0.003665	0.007877	0.005003	0.184725	0.100562	0.130229	2
1.00	0.186501	0.125000	0.149679	0.004365	0.007909	0.005626	0.186501	0.102339	0.132158	2
1.00	0.186501	0.125000	0.149679	0.004365	0.007909	0.005626	0.186501	0.102339	0.132158	2
1.00	0.186501	0.125000	0.149679	0.004365	0.007909	0.005626	0.186501	0.102339	0.132158	2
1.00	0.186501	0.125000	0.149679	0.004365	0.007909	0.005626	0.186501	0.102339	0.132158	2
1.00	0.188277	0.126190	0.151105	0.004911	0.007941	0.006068	0.188277	0.104115	0.134083	2
1.00	0.188277	0.126190	0.151105	0.004911	0.007941	0.006068	0.188277	0.104115	0.134083	2
1.00	0.191829	0.128571	0.153956	0.005705	0.008005	0.006662	0.191829	0.107667	0.137923	2
1.00	0.191829	0.128571	0.153956	0.005705	0.008005	0.006662	0.191829	0.107667	0.137923	2
1.00	0.191829	0.128571	0.153956	0.005705	0.008005	0.006662	0.191829	0.107667	0.137923	2
1.00	0.193606	0.129762	0.155381	0.006004	0.008037	0.006873	0.193606	0.109443	0.139838	2
1.00	0.193606	0.129762	0.155381	0.006004	0.008037	0.006873	0.193606	0.109443	0.139838	2
1.00	0.193606	0.129762	0.155381	0.006004	0.008037	0.006873	0.193606	0.109443	0.139838	2
1.00	0.193606	0.129762	0.155381	0.005656	0.008037	0.006639	0.193606	0.109443	0.139838	2
1.00	0.193606	0.129762	0.155381	0.005100	0.008037	0.006240	0.193606	0.109443	0.139838	2
1.00	0.195382	0.130952	0.156807	0.005363	0.008069	0.006443	0.195382	0.111220	0.141749	2
1.00	0.197158	0.132143	0.158232	0.005596	0.008101	0.006619	0.197158	0.112996	0.143658	2
1.00	0.197158	0.132143	0.158232	0.005596	0.008101	0.006619	0.197158	0.112996	0.143658	2
1.00	0.198934	0.133333	0.159658	0.005802	0.008133	0.006773	0.198934	0.114772	0.145564	2
1.00	0.200710	0.134524	0.161083	0.005988	0.008165	0.006909	0.200710	0.116548	0.147466	2
1.00	0.202487	0.135714	0.162509	0.006155	0.008197	0.007031	0.202487	0.117436	0.148656	2
1.00	0.204263	0.136905	0.163934	0.006307	0.008229	0.007141	0.204263	0.119213	0.150557	2

Sat Sep  4 23:36:34 2021
62.08	0.014579	0.563863	0.028423	0.014095	0.136769	0.025555	0.014350	0.605000	0.028036	128
55.71	0.014730	0.550000	0.028692	0.013235	0.188979	0.024738	0.014655	0.583452	0.028591	128
49.11	0.015805	0.520238	0.030677	0.013579	0.170012	0.025148	0.015842	0.554737	0.030804	128
42.63	0.017501	0.500000	0.033818	0.014412	0.157216	0.026403	0.017800	0.535790	0.034456	128
36.79	0.019068	0.470238	0.036650	0.014895	0.133155	0.026793	0.020026	0.509443	0.038538	128
31.16	0.021491	0.448810	0.041018	0.014960	0.121143	0.026631	0.023371	0.486649	0.044600	128
26.26	0.024489	0.430952	0.046345	0.015729	0.114298	0.027652	0.027653	0.467259	0.052216	128
21.77	0.028306	0.413095	0.052981	0.016664	0.095688	0.028385	0.033538	0.450977	0.062434	128
17.86	0.033224	0.397619	0.061324	0.017803	0.090700	0.029763	0.041819	0.437063	0.076333	128
14.46	0.038452	0.372619	0.069710	0.019219	0.084659	0.031326	0.049495	0.408348	0.088288	127
11.43	0.043830	0.335714	0.077536	0.021264	0.079967	0.033595	0.061371	0.368088	0.105202	126
8.93	0.052914	0.316667	0.090677	0.024442	0.074635	0.036825	0.078393	0.344997	0.127757	122
6.93	0.065145	0.302381	0.107196	0.027926	0.071580	0.040177	0.097790	0.326643	0.150518	119
5.32	0.077796	0.277381	0.121512	0.030922	0.054552	0.039470	0.125527	0.296152	0.176319	116
4.07	0.092617	0.252381	0.135507	0.031252	0.050062	0.038481	0.152494	0.268917	0.194624	109
3.13	0.112181	0.235714	0.152015	0.028840	0.045052	0.035167	0.200993	0.250562	0.223057	99
2.51	0.139929	0.235714	0.175610	0.029195	0.040456	0.033915	0.252654	0.250266	0.251454	90
2.04	0.172324	0.235714	0.199095	0.031535	0.036479	0.033827	0.285559	0.250474	0.266868	84
1.69	0.215336	0.244048	0.228795	0.026002	0.028119	0.027019	0.323053	0.261723	0.289172	77
1.46	0.250914	0.245238	0.248043	0.026979	0.028207	0.027579	0.337498	0.266163	0.297616	69
1.33	0.284759	0.253571	0.268262	0.023872	0.020373	0.021984	0.360362	0.279189	0.314624	59
1.23	0.300719	0.248810	0.272313	0.022241	0.018351	0.020109	0.357584	0.275636	0.311308	51
1.16	0.317972	0.246429	0.277666	0.014238	0.014276	0.014257	0.363462	0.273209	0.311939	46
1.10	0.322581	0.238095	0.273973	0.012854	0.014079	0.013438	0.355240	0.263085	0.302295	40
1.08	0.322951	0.234524	0.271724	0.011157	0.014009	0.012422	0.349911	0.259532	0.298020	38
1.06	0.327731	0.232143	0.271777	0.011352	0.014035	0.012552	0.346359	0.255980	0.294389	31
1.04	0.316781	0.220238	0.259831	0.011866	0.013759	0.012743	0.328597	0.237330	0.275604	26
1.03	0.304647	0.210714	0.249120	0.011265	0.013621	0.012332	0.314387	0.222232	0.260397	24
1.02	0.295652	0.202381	0.240283	0.010294	0.011476	0.010853	0.301954	0.210687	0.248196	19
1.01	0.277385	0.186905	0.223329	0.010153	0.011059	0.010587	0.278863	0.187596	0.224301	14
1.00	0.260638	0.175000	0.209402	0.007465	0.009209	0.008245	0.261101	0.174275	0.209030	12
1.00	0.252220	0.169048	0.202423	0.007253	0.009049	0.008052	0.252220	0.165394	0.199781	11
1.00	0.236234	0.158333	0.189594	0.007263	0.008760	0.007942	0.236234	0.151184	0.184374	10
1.00	0.216696	0.145238	0.173913	0.006214	0.008408	0.007146	0.216696	0.131646	0.163788	8
1.00	0.202487	0.135714	0.162509	0.005712	0.008152	0.006717	0.202487	0.117436	0.148656	5
1.00	0.197158	0.132143	0.158232	0.005192	0.008056	0.006315	0.197158	0.112996	0.143658	5
1.00	0.195382	0.130952	0.156807	0.005165	0.008024	0.006284	0.195382	0.111220	0.141749	4
1.00	0.191829	0.128571	0.153956	0.004874	0.007960	0.006046	0.191829	0.107667	0.137923	4
1.00	0.190053	0.127381	0.152530	0.004799	0.007928	0.005979	0.190053	0.105891	0.136005	4
1.00	0.184725	0.123810	0.148254	0.003571	0.007832	0.004905	0.184725	0.101451	0.130972	3
1.00	0.184725	0.123810	0.148254	0.004362	0.007832	0.005603	0.184725	0.101451	0.130972	3
1.00	0.182948	0.122619	0.146828	0.003662	0.007800	0.004984	0.182948	0.099674	0.129043	3
1.00	0.184725	0.123810	0.148254	0.004563	0.007877	0.005779	0.184725	0.100562	0.130229	3
1.00	0.182948	0.122619	0.146828	0.003389	0.007845	0.004733	0.182948	0.098786	0.128297	3
1.00	0.182948	0.122619	0.146828	0.003386	0.007845	0.004731	0.182948	0.098786	0.128297	3
1.00	0.182948	0.122619	0.146828	0.004032	0.007845	0.005327	0.182948	0.098786	0.128297	3
1.00	0.182948	0.122619	0.146828	0.004030	0.007845	0.005324	0.182948	0.098786	0.128297	3
1.00	0.182948	0.122619	0.146828	0.003379	0.007845	0.004723	0.182948	0.098786	0.128297	2
1.00	0.182948	0.122619	0.146828	0.003379	0.007845	0.004723	0.182948	0.098786	0.128297	2
1.00	0.184725	0.123810	0.148254	0.004553	0.007877	0.005771	0.184725	0.100562	0.130229	2
1.00	0.184725	0.123810	0.148254	0.004553	0.007877	0.005771	0.184725	0.100562	0.130229	2
1.00	0.188277	0.126190	0.151105	0.005342	0.007941	0.006387	0.188277	0.103227	0.133345	2
1.00	0.188277	0.126190	0.151105	0.004911	0.007941	0.006068	0.188277	0.103227	0.133345	2
1.00	0.186501	0.125000	0.149679	0.004552	0.007864	0.005766	0.186501	0.102339	0.132158	2
1.00	0.190053	0.127381	0.152530	0.004785	0.007928	0.005968	0.190053	0.105891	0.136005	2
1.00	0.191829	0.128571	0.153956	0.004662	0.007960	0.005880	0.191829	0.107667	0.137923	2
1.00	0.191829	0.128571	0.153956	0.004662	0.007960	0.005880	0.191829	0.107667	0.137923	2
1.00	0.193606	0.129762	0.155381	0.004920	0.007992	0.006091	0.193606	0.109443	0.139838	2
1.00	0.195382	0.130952	0.156807	0.005151	0.008024	0.006274	0.195382	0.111220	0.141750	2
1.00	0.200710	0.134524	0.161083	0.005720	0.008120	0.006712	0.200710	0.116548	0.147466	2
1.00	0.204263	0.136905	0.163934	0.006021	0.008184	0.006938	0.204263	0.120101	0.151263	2
1.00	0.206039	0.138095	0.165360	0.006154	0.008216	0.007037	0.206039	0.121877	0.153158	2
1.00	0.209591	0.140476	0.168211	0.006218	0.008280	0.007103	0.209591	0.125429	0.156939	2
1.00	0.209591	0.140476	0.168211	0.006218	0.008280	0.007103	0.209591	0.125429	0.156939	2
1.00	0.209591	0.140476	0.168211	0.006218	0.008280	0.007103	0.209591	0.125429	0.156939	2
