
Fri Sep  3 06:42:46 2021
41.74	0.013415	0.405797	0.025971	0.015095	0.083775	0.025581	0.013551	0.443750	0.026299	85
37.18	0.015331	0.381468	0.029477	0.017930	0.349529	0.034110	0.015143	0.397413	0.029175	88
32.11	0.016023	0.344284	0.030621	0.018476	0.302394	0.034824	0.015738	0.361032	0.030161	88
27.30	0.016744	0.305906	0.031751	0.018399	0.263944	0.034399	0.016348	0.324136	0.031126	88
22.95	0.017839	0.274024	0.033498	0.018660	0.215602	0.034347	0.017366	0.293036	0.032789	87
19.06	0.018682	0.238259	0.034648	0.017552	0.175286	0.031909	0.018113	0.258195	0.033852	86
15.63	0.019967	0.208840	0.036449	0.016428	0.124042	0.029013	0.019327	0.229029	0.035646	86
12.61	0.021487	0.181363	0.038422	0.015910	0.099038	0.027416	0.020926	0.200625	0.037899	86
10.09	0.023472	0.158516	0.040890	0.016301	0.078561	0.027000	0.023105	0.175689	0.040839	84
7.93	0.026576	0.141118	0.044728	0.016594	0.052702	0.025240	0.026809	0.157047	0.045799	82
6.15	0.031673	0.130441	0.050969	0.014089	0.042481	0.021160	0.032648	0.147384	0.053455	78
4.73	0.038907	0.123049	0.059121	0.017490	0.033826	0.023058	0.041580	0.141247	0.064247	74
3.59	0.046910	0.112596	0.066227	0.024641	0.027097	0.025811	0.049639	0.131652	0.072095	68
2.74	0.058026	0.106399	0.075097	0.024059	0.021130	0.022500	0.060975	0.127032	0.082398	62
2.13	0.071881	0.102591	0.084533	0.012368	0.015555	0.013779	0.075077	0.125516	0.093955	57
1.72	0.089648	0.103263	0.095975	0.012593	0.012481	0.012537	0.095885	0.128510	0.109826	54
1.45	0.113049	0.109385	0.111187	0.013023	0.011352	0.012130	0.119220	0.137203	0.127581	48
1.26	0.141200	0.119092	0.129207	0.013564	0.010711	0.011970	0.146238	0.151595	0.148869	44
1.15	0.168609	0.129620	0.146566	0.014388	0.010120	0.011883	0.172212	0.165653	0.168869	41
1.08	0.206709	0.150004	0.173849	0.014317	0.010165	0.011889	0.209723	0.192309	0.200639	41
1.05	0.243494	0.170462	0.200536	0.015026	0.010431	0.012313	0.244617	0.218602	0.230879	39
1.03	0.280557	0.192638	0.228430	0.015605	0.010406	0.012486	0.280486	0.247155	0.262768	36
1.01	0.319916	0.217203	0.258739	0.015554	0.010565	0.012583	0.319499	0.279110	0.297942	35
1.01	0.347865	0.234749	0.280326	0.016158	0.010890	0.013011	0.347558	0.301555	0.322926	35
1.01	0.363414	0.244456	0.292295	0.016547	0.011207	0.013363	0.362918	0.313037	0.336137	34
1.00	0.384581	0.258120	0.308909	0.017305	0.011925	0.014119	0.384246	0.329428	0.354732	34
1.00	0.406682	0.272680	0.326465	0.017348	0.012415	0.014473	0.406505	0.346936	0.374365	33
1.00	0.426900	0.286045	0.342558	0.017379	0.012849	0.014775	0.426810	0.363866	0.392833	29
1.00	0.439318	0.294333	0.352499	0.016903	0.012900	0.014632	0.439250	0.374475	0.404284	29
1.00	0.448161	0.300157	0.359522	0.016664	0.013221	0.014744	0.448120	0.381057	0.411877	28
1.00	0.457070	0.306055	0.366620	0.016946	0.013763	0.015190	0.457046	0.387225	0.419248	25
1.00	0.453998	0.303965	0.364132	0.016998	0.014257	0.015507	0.453977	0.382381	0.415115	24
1.00	0.453369	0.303442	0.363555	0.016762	0.014614	0.015615	0.453364	0.380038	0.413475	21
1.00	0.458947	0.307175	0.368028	0.016849	0.015115	0.015935	0.458942	0.383566	0.417882	18
1.00	0.456493	0.305533	0.366060	0.016755	0.015581	0.016147	0.456488	0.379884	0.414678	16
1.00	0.447010	0.299186	0.358456	0.016686	0.016029	0.016351	0.447004	0.370140	0.404957	13
1.00	0.451249	0.302023	0.361855	0.016709	0.016584	0.016646	0.451244	0.372781	0.408277	10
1.00	0.458947	0.307175	0.368028	0.016796	0.016780	0.016788	0.458942	0.379490	0.415451	8
1.00	0.469099	0.313970	0.376169	0.016861	0.016915	0.016888	0.469095	0.388304	0.424893	8
1.00	0.481316	0.322183	0.385992	0.016913	0.017107	0.017009	0.481312	0.399052	0.436339	8
1.00	0.487674	0.326439	0.391090	0.016683	0.017217	0.016946	0.487672	0.404844	0.442414	6
1.00	0.492136	0.329426	0.394669	0.016672	0.017356	0.017007	0.492134	0.408721	0.446566	5
1.00	0.494258	0.330994	0.396476	0.016978	0.017379	0.017176	0.494254	0.411287	0.448970	5
1.00	0.494317	0.331218	0.396656	0.017123	0.017457	0.017288	0.494310	0.411510	0.449126	6
1.00	0.509915	0.341746	0.409227	0.017409	0.017562	0.017485	0.509930	0.425717	0.464033	6
1.00	0.519216	0.348018	0.416719	0.017693	0.017587	0.017640	0.519246	0.434196	0.472928	6
1.00	0.540303	0.362353	0.433788	0.018081	0.017854	0.017967	0.540388	0.453200	0.492969	6
1.00	0.555716	0.373105	0.446460	0.018142	0.017988	0.018065	0.555841	0.467481	0.507846	6
1.00	0.560222	0.376465	0.450319	0.018390	0.018177	0.018283	0.560415	0.471665	0.512224	6
1.01	0.568101	0.382439	0.457138	0.018511	0.018253	0.018381	0.568504	0.479302	0.520106	6
1.01	0.581251	0.392593	0.468648	0.018403	0.018278	0.018341	0.581948	0.492198	0.533323	6
1.01	0.582232	0.394908	0.470614	0.018548	0.018461	0.018504	0.583622	0.495043	0.535695	6
1.02	0.572276	0.389009	0.463173	0.018569	0.018518	0.018544	0.573524	0.487633	0.527102	6
1.02	0.554347	0.376615	0.448515	0.018781	0.018602	0.018691	0.555227	0.470298	0.509246	6
1.02	0.529922	0.360337	0.428978	0.018913	0.018600	0.018755	0.530403	0.448310	0.485913	6
1.02	0.516352	0.351303	0.418129	0.019087	0.018579	0.018829	0.516791	0.436567	0.473304	7
1.02	0.506752	0.344658	0.410275	0.018894	0.018594	0.018743	0.506973	0.427455	0.463831	7
1.01	0.492135	0.334055	0.397972	0.019234	0.018690	0.018958	0.492079	0.413704	0.449501	7
1.01	0.483594	0.327933	0.390834	0.019409	0.018731	0.019064	0.483432	0.405216	0.440882	7
1.01	0.475245	0.321810	0.383759	0.019387	0.018673	0.019023	0.475064	0.397239	0.432680	7
1.01	0.470367	0.317629	0.379195	0.019277	0.018701	0.018985	0.470211	0.391270	0.427123	7
1.01	0.479407	0.323303	0.386176	0.019685	0.018960	0.019315	0.479360	0.397285	0.434480	7
1.01	0.491961	0.331292	0.395949	0.020344	0.019290	0.019803	0.491911	0.406735	0.445287	7
1.01	0.492570	0.331666	0.396412	0.031731	0.019409	0.024085	0.492469	0.406270	0.445236	8
1.01	0.495564	0.333682	0.398822	0.032430	0.019715	0.024523	0.495370	0.407873	0.447384	8
1.01	0.502827	0.338684	0.404747	0.028674	0.019761	0.023397	0.502678	0.414604	0.454413	8
1.01	0.515125	0.347122	0.414756	0.029588	0.019824	0.023741	0.515062	0.426133	0.466396	8
1.01	0.522959	0.352050	0.420813	0.029837	0.020117	0.024032	0.522928	0.433181	0.473842	8
1.01	0.525014	0.353394	0.422438	0.030103	0.020394	0.024315	0.524936	0.434631	0.475534	8
1.01	0.531153	0.357724	0.427520	0.030116	0.020878	0.024660	0.531072	0.440563	0.481602	8
1.01	0.540618	0.364220	0.435225	0.030525	0.021443	0.025191	0.540500	0.449070	0.490561	8
1.01	0.554400	0.374001	0.446674	0.029773	0.021579	0.025023	0.554502	0.461315	0.503634	8
1.01	0.556257	0.375047	0.448022	0.029884	0.021679	0.025129	0.556343	0.462449	0.505069	8
1.01	0.560868	0.378407	0.451915	0.033819	0.021753	0.026476	0.561029	0.466447	0.509385	8
1.01	0.576361	0.388860	0.464399	0.028797	0.021454	0.024589	0.576760	0.478701	0.523176	8
1.01	0.597124	0.403046	0.481255	0.029265	0.021313	0.024664	0.597735	0.497082	0.542782	8
1.01	0.625594	0.422310	0.504235	0.032305	0.021482	0.025805	0.626576	0.520921	0.568884	9
1.01	0.655859	0.442545	0.528489	0.031746	0.021465	0.025612	0.657146	0.546982	0.597025	8
1.01	0.670433	0.451878	0.539875	0.037814	0.021232	0.027195	0.671650	0.559171	0.610271	8
1.01	0.678999	0.457702	0.546809	0.038712	0.021256	0.027443	0.680297	0.566544	0.618231	9
1.01	0.688421	0.463899	0.554287	0.027969	0.021171	0.024100	0.689724	0.574698	0.626979	8
1.01	0.693339	0.467110	0.558173	0.033935	0.021317	0.026185	0.694633	0.579179	0.631674	8
1.01	0.693715	0.467259	0.558401	0.028334	0.021240	0.024279	0.694968	0.579458	0.631978	7
1.01	0.692837	0.466512	0.557583	0.039438	0.021264	0.027630	0.694020	0.578845	0.631221	8
1.01	0.691754	0.465990	0.556859	0.039357	0.021368	0.027698	0.693072	0.578008	0.630332	8
1.01	0.688345	0.463899	0.554262	0.040133	0.021735	0.028199	0.689836	0.574884	0.627136	8
1.01	0.682992	0.460240	0.549915	0.039548	0.021909	0.028197	0.684369	0.569175	0.621479	8
1.01	0.676669	0.456283	0.545041	0.038726	0.022167	0.028195	0.678289	0.563439	0.615552	8
1.01	0.672235	0.453745	0.541791	0.038733	0.022357	0.028351	0.673937	0.560240	0.611852	8
1.01	0.669026	0.451729	0.539312	0.038420	0.022716	0.028551	0.670590	0.557442	0.608803	8
1.01	0.671383	0.453521	0.541355	0.039200	0.022827	0.028852	0.672933	0.560956	0.611864	8
1.01	0.674727	0.456283	0.544410	0.039000	0.022965	0.028908	0.676336	0.564619	0.615449	8
1.01	0.675682	0.457030	0.545252	0.039008	0.022993	0.028932	0.677284	0.565717	0.616493	8
1.01	0.675232	0.457179	0.545212	0.036231	0.023011	0.028146	0.677061	0.565958	0.616544	8
1.01	0.674342	0.457030	0.544815	0.036167	0.023000	0.028119	0.676336	0.565754	0.616122	8
1.02	0.672014	0.456656	0.543789	0.036461	0.023158	0.028325	0.674495	0.564750	0.614763	8
1.02	0.669518	0.455760	0.542337	0.041762	0.023270	0.029887	0.672152	0.563225	0.612886	8
1.02	0.665099	0.454043	0.539670	0.041207	0.023349	0.029808	0.668080	0.561021	0.609888	8
1.02	0.670236	0.458000	0.544156	0.040562	0.023418	0.029693	0.673603	0.565642	0.614920	8
1.02	0.670586	0.459942	0.545640	0.043328	0.023681	0.030624	0.674663	0.568190	0.616865	8
1.03	0.675567	0.464720	0.550650	0.043863	0.023885	0.030928	0.680297	0.574252	0.622792	8
1.03	0.677790	0.467110	0.553065	0.044382	0.024212	0.031331	0.683030	0.577245	0.625698	8
1.03	0.677161	0.467334	0.553013	0.044152	0.024240	0.031297	0.682696	0.577357	0.625623	8
1.03	0.677391	0.468454	0.553873	0.043545	0.024255	0.031156	0.683588	0.578696	0.626784	9
1.04	0.674308	0.467782	0.552372	0.045531	0.024513	0.031869	0.681115	0.577654	0.625133	9
1.04	0.671416	0.467931	0.551503	0.044675	0.025083	0.032128	0.678939	0.577487	0.624117	9
1.04	0.669519	0.467408	0.550499	0.044695	0.025237	0.032259	0.677340	0.576316	0.622757	9
1.05	0.662798	0.464795	0.546412	0.043083	0.025442	0.031992	0.671408	0.572113	0.617796	9
1.05	0.658247	0.463078	0.543677	0.042709	0.025483	0.031920	0.667448	0.569882	0.614818	9
1.06	0.656025	0.463376	0.543123	0.042471	0.025533	0.031892	0.666127	0.569919	0.614279	9
1.06	0.657462	0.465766	0.545256	0.042393	0.025511	0.031853	0.668284	0.572857	0.616902	9
1.06	0.659751	0.467782	0.547424	0.043399	0.025779	0.032345	0.670981	0.575330	0.619485	9
1.06	0.660358	0.468902	0.548400	0.044849	0.026265	0.033129	0.672078	0.576855	0.620836	9
1.06	0.665297	0.471515	0.551890	0.044976	0.026649	0.033468	0.676987	0.580630	0.625117	9
1.06	0.667018	0.472486	0.553147	0.045587	0.026802	0.033757	0.679088	0.582564	0.627133	9
1.06	0.664875	0.470918	0.551335	0.045335	0.026709	0.033614	0.676894	0.581128	0.625366	9
1.06	0.657806	0.465616	0.545272	0.045955	0.026716	0.033789	0.669233	0.574703	0.618376	9
1.05	0.650233	0.458896	0.538061	0.045804	0.027122	0.034070	0.660344	0.566434	0.609795	9
1.05	0.642326	0.451878	0.530528	0.044231	0.027030	0.033555	0.651530	0.557434	0.600820	9
1.05	0.637168	0.446203	0.524855	0.043032	0.026972	0.033159	0.645189	0.550591	0.594149	9
1.04	0.629816	0.439409	0.517658	0.041868	0.027232	0.033000	0.637101	0.541424	0.585379	9
1.04	0.614981	0.428507	0.505082	0.041772	0.027885	0.033444	0.621314	0.526855	0.570199	9
1.04	0.589043	0.410214	0.483627	0.041263	0.028060	0.033404	0.593979	0.503825	0.545200	11
1.04	0.561112	0.390428	0.460461	0.037614	0.028066	0.032146	0.564878	0.479177	0.518510	13
1.04	0.542333	0.377361	0.445051	0.036263	0.029196	0.032348	0.544888	0.461494	0.499736	13
1.04	0.529752	0.369596	0.435414	0.035461	0.029935	0.032464	0.531351	0.450420	0.487550	13
1.04	0.524960	0.366684	0.431774	0.036692	0.030585	0.033362	0.526293	0.445790	0.482708	13
1.05	0.526848	0.369223	0.434172	0.038305	0.031466	0.034550	0.527762	0.448598	0.484971	12
1.05	0.539076	0.378033	0.444415	0.034600	0.031791	0.033136	0.540072	0.459578	0.496584	12
1.05	0.545387	0.383111	0.450068	0.035180	0.031959	0.033492	0.546171	0.465677	0.502723	12
1.05	0.557964	0.392070	0.460533	0.035438	0.032142	0.033710	0.559262	0.476583	0.514623	13
1.05	0.568657	0.400433	0.469944	0.037019	0.032660	0.034703	0.570308	0.486364	0.525002	12
1.05	0.570431	0.402449	0.471938	0.038268	0.033274	0.035597	0.571721	0.488122	0.526624	12
1.06	0.574850	0.406854	0.476478	0.044524	0.034262	0.038725	0.576500	0.493040	0.531513	12
1.06	0.580088	0.411558	0.481503	0.042844	0.034331	0.038118	0.582562	0.498674	0.537364	12
1.06	0.588722	0.419398	0.489840	0.043774	0.035562	0.039243	0.591933	0.507730	0.546608	11
1.07	0.584758	0.418801	0.488057	0.043898	0.035699	0.039376	0.588531	0.507163	0.544825	11
1.08	0.588119	0.423579	0.492469	0.046218	0.036056	0.040509	0.593086	0.512425	0.549813	11
1.08	0.606407	0.439558	0.509675	0.050148	0.036390	0.042175	0.613690	0.532842	0.570416	11
1.09	0.620203	0.452475	0.523226	0.050523	0.036730	0.042536	0.629440	0.550006	0.587048	11
1.10	0.623668	0.458822	0.528693	0.050842	0.037036	0.042855	0.634274	0.558578	0.594024	10
1.11	0.632729	0.469126	0.538781	0.050602	0.037037	0.042770	0.645747	0.572431	0.606883	10
1.12	0.635311	0.475024	0.543598	0.049570	0.037138	0.042463	0.650210	0.580762	0.613527	10
1.12	0.629295	0.473158	0.540170	0.049210	0.037023	0.042256	0.645134	0.578614	0.610066	10
1.13	0.624703	0.470918	0.537017	0.049101	0.037112	0.042273	0.640745	0.576011	0.606656	11
1.13	0.627465	0.472859	0.539300	0.048773	0.036754	0.041919	0.643906	0.579181	0.609831	11
1.13	0.632469	0.477339	0.544062	0.048564	0.036742	0.041834	0.650173	0.585485	0.616136	11
1.13	0.630897	0.476294	0.542801	0.047936	0.036551	0.041476	0.648797	0.584667	0.615065	11
1.13	0.623198	0.471366	0.536751	0.047804	0.036423	0.041345	0.640429	0.578772	0.608042	11
1.13	0.609934	0.462107	0.525828	0.052114	0.036361	0.042835	0.625311	0.567271	0.594879	11
1.13	0.600532	0.455387	0.517984	0.052035	0.036165	0.042672	0.614991	0.558662	0.585475	12
1.13	0.600376	0.453521	0.516716	0.051840	0.035862	0.042395	0.614638	0.556839	0.584313	12
1.13	0.602418	0.453894	0.517714	0.052609	0.035483	0.042382	0.616758	0.557248	0.585495	12
1.12	0.602747	0.452251	0.516765	0.052459	0.035053	0.042025	0.616683	0.555203	0.584330	12
1.12	0.600740	0.448369	0.513489	0.052469	0.034846	0.041879	0.613764	0.549968	0.580118	13
1.10	0.599293	0.442993	0.509423	0.051976	0.034830	0.041709	0.610910	0.542698	0.574787	13
1.10	0.598495	0.439409	0.506760	0.048551	0.034863	0.040584	0.609115	0.537956	0.571328	13
1.09	0.594434	0.433809	0.501575	0.049458	0.034865	0.040898	0.603723	0.530323	0.564647	13
1.09	0.591493	0.429851	0.497881	0.049094	0.035011	0.040873	0.599957	0.524317	0.559592	15
1.08	0.593135	0.429627	0.498311	0.047690	0.035032	0.040392	0.601389	0.523777	0.559906	15
1.08	0.595866	0.430449	0.499827	0.047675	0.035496	0.040694	0.603844	0.524233	0.561229	15
1.08	0.603811	0.435377	0.505944	0.048636	0.035789	0.041235	0.611867	0.529942	0.567965	15
1.08	0.610184	0.439334	0.510853	0.048400	0.036225	0.041437	0.618152	0.534581	0.573337	15
1.07	0.625065	0.449115	0.522680	0.049509	0.036800	0.042219	0.633577	0.547133	0.587190	15
1.07	0.634483	0.455835	0.530524	0.050243	0.037102	0.042684	0.643488	0.555751	0.596410	15
1.07	0.641343	0.460763	0.536259	0.050516	0.037209	0.042853	0.650396	0.562427	0.603221	15
1.07	0.650873	0.467707	0.544293	0.051482	0.037185	0.043181	0.660233	0.571139	0.612463	15
1.08	0.650176	0.468080	0.544302	0.052176	0.037452	0.043605	0.659694	0.571027	0.612166	15
1.08	0.649689	0.468603	0.544484	0.052666	0.037761	0.043985	0.659452	0.571818	0.612516	15
1.08	0.642193	0.464347	0.538978	0.052646	0.038478	0.044460	0.651530	0.565560	0.605509	15
1.08	0.638445	0.462256	0.536249	0.052722	0.038669	0.044615	0.647607	0.562250	0.601918	15
1.08	0.631037	0.457552	0.530471	0.052016	0.039096	0.044640	0.639946	0.555324	0.594639	15
1.08	0.626210	0.454192	0.526507	0.051813	0.039475	0.044810	0.634646	0.551084	0.589921	15
1.09	0.620027	0.450310	0.521713	0.051311	0.039730	0.044784	0.628287	0.545245	0.583828	14
1.09	0.615321	0.447398	0.518093	0.050853	0.039788	0.044645	0.623415	0.540903	0.579235	14
1.09	0.614825	0.447771	0.518166	0.051218	0.040233	0.045066	0.622968	0.540894	0.579037	14
1.09	0.610258	0.445083	0.514745	0.051358	0.040495	0.045284	0.618143	0.536747	0.574577	14
1.09	0.616210	0.450161	0.520257	0.051168	0.040778	0.045386	0.624837	0.542865	0.580974	14
1.09	0.618455	0.452401	0.522553	0.051346	0.040909	0.045537	0.627552	0.545375	0.583585	14
1.09	0.621052	0.455088	0.525272	0.051437	0.041117	0.045702	0.630602	0.547849	0.586320	14
1.10	0.619774	0.454939	0.524716	0.051632	0.041314	0.045900	0.629458	0.547142	0.585421	14
1.10	0.613224	0.451505	0.520083	0.051025	0.041602	0.045834	0.622903	0.541870	0.579568	14
1.10	0.606183	0.447995	0.515220	0.050792	0.041600	0.045739	0.616209	0.536766	0.573751	14
1.11	0.602883	0.446502	0.513040	0.051065	0.041489	0.045781	0.613132	0.534535	0.571142	14
1.11	0.590895	0.439035	0.503770	0.050997	0.041305	0.045642	0.600738	0.524884	0.560255	14
1.11	0.576607	0.429926	0.492579	0.050707	0.041014	0.045348	0.586392	0.513067	0.547284	14
1.12	0.576241	0.431718	0.493618	0.051315	0.041600	0.045950	0.586799	0.515038	0.548582	14
1.12	0.580719	0.436721	0.498530	0.051457	0.041698	0.046066	0.592592	0.521248	0.554635	14
1.13	0.582418	0.439259	0.500809	0.051655	0.041724	0.046161	0.595353	0.524153	0.557489	14
1.13	0.583925	0.442097	0.503208	0.052275	0.041882	0.046505	0.598737	0.527984	0.561139	14
1.13	0.586764	0.444859	0.506052	0.052602	0.041947	0.046674	0.602828	0.531610	0.564983	14
1.13	0.599901	0.453968	0.516831	0.052878	0.041478	0.046489	0.617425	0.543929	0.578351	14
1.13	0.610333	0.462182	0.526025	0.053578	0.041563	0.046811	0.629810	0.554351	0.589676	14
1.13	0.616811	0.466811	0.531429	0.053775	0.041514	0.046855	0.637424	0.560497	0.596491	14
1.13	0.618729	0.469648	0.533979	0.053971	0.041718	0.047060	0.641236	0.564179	0.600244	14
1.14	0.611540	0.466886	0.529511	0.053126	0.041601	0.046662	0.636169	0.560785	0.596103	14
1.15	0.600194	0.461808	0.521985	0.053079	0.041927	0.046849	0.626667	0.554295	0.588264	14
1.16	0.586190	0.453222	0.511201	0.052873	0.041984	0.046803	0.612907	0.543194	0.575949	14
1.17	0.562620	0.438737	0.493015	0.052087	0.042047	0.046532	0.590996	0.524354	0.555684	14
1.17	0.545299	0.427835	0.479478	0.051675	0.041797	0.046214	0.573982	0.510984	0.540654	14
1.17	0.540299	0.423953	0.475107	0.051562	0.041851	0.046202	0.568357	0.506465	0.535629	14
1.17	0.531883	0.417905	0.468055	0.051353	0.041813	0.046095	0.559747	0.499669	0.528005	14
1.17	0.526441	0.413276	0.463044	0.051106	0.041769	0.045968	0.553035	0.494072	0.521893	14
1.17	0.525879	0.411932	0.461983	0.051102	0.041771	0.045968	0.551138	0.492817	0.520348	14
1.17	0.511259	0.401777	0.449954	0.050860	0.041554	0.045738	0.535946	0.480367	0.506637	14
1.18	0.502891	0.396102	0.443154	0.050852	0.041461	0.045679	0.527104	0.473366	0.498792	14
1.18	0.497359	0.393638	0.439461	0.051202	0.041468	0.045824	0.522809	0.470029	0.495016	14
1.18	0.501602	0.397446	0.443491	0.051315	0.041513	0.045897	0.528127	0.474891	0.500096	14
1.18	0.508011	0.402449	0.449111	0.051480	0.041363	0.045870	0.535280	0.481874	0.507175	14
1.19	0.506658	0.403420	0.449183	0.050890	0.041493	0.045714	0.536543	0.483027	0.508380	14
1.20	0.504643	0.405734	0.449816	0.051178	0.042085	0.046188	0.538750	0.485890	0.510957	14
1.21	0.509632	0.412828	0.456151	0.050238	0.042061	0.045788	0.547257	0.494992	0.519814	14
1.21	0.519625	0.422086	0.465804	0.049688	0.042152	0.045611	0.560268	0.507758	0.532722	14
1.22	0.528636	0.430747	0.474698	0.050319	0.042316	0.045972	0.571949	0.519789	0.544623	14
1.21	0.542576	0.440081	0.485983	0.050386	0.042044	0.045839	0.586645	0.531615	0.557776	15
1.21	0.553420	0.449414	0.496024	0.051575	0.042424	0.046554	0.599225	0.543386	0.569941	15
1.21	0.561855	0.455088	0.502867	0.051724	0.042587	0.046713	0.606997	0.550805	0.577538	15
1.20	0.569694	0.458971	0.508374	0.051177	0.042717	0.046566	0.612827	0.555900	0.582977	15
1.21	0.566010	0.459046	0.506947	0.051377	0.042866	0.046737	0.611127	0.555101	0.581768	15
1.22	0.566307	0.462331	0.509064	0.051013	0.042928	0.046622	0.614021	0.559154	0.585304	15
1.24	0.554534	0.459344	0.502471	0.051243	0.043277	0.046925	0.605971	0.554524	0.579107	15
1.26	0.541589	0.456507	0.495422	0.051195	0.043648	0.047121	0.596863	0.550322	0.572648	15
1.27	0.526436	0.448294	0.484233	0.050894	0.044075	0.047239	0.584031	0.538718	0.560460	15
1.29	0.505429	0.437915	0.469256	0.050229	0.044592	0.047243	0.566040	0.524363	0.544405	15
1.32	0.491400	0.433062	0.460391	0.049991	0.045068	0.047402	0.555753	0.517371	0.535876	15
1.33	0.484907	0.430598	0.456142	0.049968	0.045355	0.047550	0.550582	0.513513	0.531402	15
1.33	0.479823	0.427910	0.452382	0.049738	0.045617	0.047589	0.545452	0.509608	0.526921	15
1.34	0.483812	0.432913	0.456949	0.049217	0.045741	0.047415	0.550314	0.515856	0.532528	15
1.34	0.483436	0.433659	0.457197	0.048948	0.045689	0.047262	0.549887	0.516767	0.532813	15
1.34	0.477435	0.429702	0.452313	0.048767	0.045742	0.047206	0.543717	0.511263	0.526991	15
1.34	0.478076	0.428209	0.451770	0.048781	0.045834	0.047262	0.542268	0.509041	0.525129	15
1.33	0.477854	0.423729	0.449167	0.048518	0.045847	0.047144	0.537965	0.503332	0.520073	15
1.32	0.480319	0.422758	0.449704	0.048509	0.045997	0.047219	0.537731	0.501742	0.519114	15
1.30	0.488569	0.426043	0.455169	0.048386	0.046098	0.047214	0.543973	0.505815	0.524201	15
1.29	0.499306	0.429926	0.462026	0.047994	0.045815	0.046879	0.551183	0.511021	0.530343	15
1.27	0.517141	0.439259	0.475029	0.048477	0.045951	0.047180	0.565343	0.522615	0.543140	15
1.25	0.533903	0.447995	0.487191	0.048330	0.046175	0.047228	0.579157	0.534237	0.555791	15
1.24	0.542991	0.451729	0.493173	0.048095	0.046378	0.047221	0.584895	0.538644	0.560818	15
1.24	0.554966	0.460614	0.503407	0.048229	0.046952	0.047582	0.596476	0.549401	0.571972	15
1.23	0.569629	0.469424	0.514695	0.048943	0.047003	0.047953	0.610497	0.559973	0.584144	15
1.24	0.572394	0.474054	0.518603	0.049322	0.047241	0.048259	0.614681	0.565616	0.589129	16
1.24	0.577880	0.480624	0.524784	0.049701	0.047217	0.048427	0.621840	0.573379	0.596627	16
1.25	0.583587	0.486373	0.530564	0.050008	0.047318	0.048626	0.628644	0.579953	0.603317	16
1.25	0.583660	0.489659	0.532543	0.050147	0.047495	0.048785	0.631135	0.583867	0.606582	16
1.27	0.574851	0.489136	0.528541	0.050237	0.047772	0.048973	0.626568	0.582110	0.603522	17
1.29	0.567002	0.487792	0.524423	0.050085	0.047679	0.048852	0.621697	0.580315	0.600294	17
1.29	0.563771	0.488464	0.523423	0.050111	0.047637	0.048843	0.620611	0.581115	0.600214	16
1.31	0.554233	0.486821	0.518345	0.050141	0.047915	0.049003	0.615369	0.578977	0.596618	16
1.33	0.549227	0.488165	0.516899	0.050261	0.048039	0.049125	0.612762	0.579832	0.595842	16
1.34	0.544813	0.489733	0.515807	0.050117	0.048109	0.049093	0.611533	0.581360	0.596065	16
1.36	0.542424	0.492123	0.516051	0.049866	0.048251	0.049045	0.611988	0.584261	0.597803	16
1.36	0.542747	0.493915	0.517181	0.049770	0.048316	0.049032	0.613781	0.586204	0.599676	16
1.35	0.547263	0.494960	0.519799	0.049367	0.048297	0.048826	0.616086	0.587385	0.601394	16
1.34	0.554197	0.497424	0.524278	0.049446	0.048404	0.048919	0.620073	0.590137	0.604735	16
1.33	0.559711	0.497275	0.526649	0.049285	0.048524	0.048902	0.622007	0.589557	0.605348	16
1.32	0.558245	0.494139	0.524240	0.048925	0.048938	0.048932	0.617842	0.585252	0.601106	16
1.33	0.551202	0.489509	0.518527	0.048338	0.049142	0.048737	0.611272	0.579413	0.594917	16
1.33	0.538938	0.480550	0.508072	0.047638	0.049556	0.048578	0.597681	0.566072	0.581447	16
1.34	0.524405	0.469275	0.495311	0.046957	0.049352	0.048125	0.582270	0.552125	0.566797	16
1.34	0.510031	0.457478	0.482327	0.046715	0.049169	0.047911	0.565941	0.536710	0.550938	16
1.35	0.495314	0.445905	0.469312	0.046381	0.048984	0.047647	0.550164	0.522169	0.535801	16
1.36	0.482002	0.437915	0.458902	0.046390	0.049160	0.047735	0.537755	0.511449	0.524272	17
1.38	0.458646	0.424401	0.440859	0.045776	0.049095	0.047377	0.517334	0.494174	0.505489	17
1.41	0.433128	0.409617	0.421045	0.045273	0.049195	0.047153	0.495865	0.475012	0.485214	17

Fri Sep  3 08:11:59 2021
42.71	0.009014	0.278986	0.017464	0.011026	0.045116	0.017722	0.008795	0.297500	0.017084	83
37.92	0.012834	0.325693	0.024695	0.015903	0.350093	0.030423	0.012661	0.351010	0.024440	87
33.38	0.013070	0.291944	0.025019	0.015511	0.311608	0.029551	0.012857	0.314658	0.024704	87
28.89	0.013825	0.267304	0.026290	0.015721	0.290995	0.029830	0.013576	0.287794	0.025930	87
24.57	0.015353	0.252445	0.028946	0.016115	0.227648	0.030099	0.015094	0.277005	0.028628	87
20.58	0.016908	0.232883	0.031527	0.016612	0.188918	0.030539	0.016692	0.257412	0.031352	86
17.05	0.018556	0.211752	0.034122	0.016573	0.163827	0.030101	0.018398	0.235944	0.034134	85
13.94	0.020538	0.191593	0.037099	0.017389	0.133960	0.030783	0.020488	0.214975	0.037410	84
11.26	0.022364	0.168521	0.039488	0.017149	0.082355	0.028386	0.022512	0.189974	0.040253	81
9.02	0.025349	0.153065	0.043495	0.017023	0.071809	0.027522	0.025858	0.173666	0.045013	80
7.19	0.028597	0.137684	0.047357	0.015768	0.051555	0.024150	0.029376	0.157358	0.049509	78
5.69	0.032829	0.124916	0.051994	0.017853	0.042973	0.025226	0.034069	0.144583	0.055144	75
4.46	0.038171	0.113940	0.057185	0.017855	0.037597	0.024212	0.039517	0.132534	0.060881	70
3.46	0.045208	0.104682	0.063146	0.018759	0.033689	0.024099	0.047277	0.122251	0.068185	66
2.64	0.052179	0.092063	0.066607	0.021180	0.030620	0.025039	0.054855	0.107696	0.072687	63
2.02	0.059958	0.081236	0.068994	0.020173	0.028930	0.023771	0.062646	0.094596	0.075375	57
1.60	0.071484	0.076309	0.073817	0.015889	0.026582	0.019889	0.073753	0.088956	0.080645	48
1.34	0.088907	0.079892	0.084159	0.017566	0.023788	0.020209	0.091420	0.094461	0.092916	45
1.19	0.111361	0.088628	0.098703	0.021616	0.023237	0.022398	0.114173	0.106436	0.110169	43
1.10	0.142087	0.104234	0.120252	0.016487	0.022152	0.018904	0.144446	0.127383	0.135379	45
1.05	0.180458	0.127007	0.149086	0.016195	0.022227	0.018737	0.182389	0.157767	0.169187	43
1.03	0.223140	0.153364	0.181786	0.021870	0.022953	0.022398	0.224069	0.192339	0.206995	42
1.01	0.259650	0.176286	0.209997	0.021628	0.017057	0.019072	0.260497	0.223192	0.240406	39
1.01	0.289494	0.195251	0.233211	0.020835	0.016758	0.018575	0.289617	0.247151	0.266704	34
1.00	0.310694	0.208691	0.249676	0.020320	0.016113	0.017974	0.310610	0.264128	0.285490	32
1.00	0.326951	0.219294	0.262513	0.020180	0.015794	0.017720	0.326844	0.276252	0.299426	32
1.00	0.347332	0.232808	0.278766	0.014489	0.015238	0.014854	0.347373	0.293137	0.317958	28
1.00	0.363241	0.243336	0.291438	0.014710	0.015678	0.015179	0.363271	0.305558	0.331925	28
1.00	0.381828	0.255731	0.306309	0.015027	0.015878	0.015441	0.381903	0.321327	0.349006	24
1.00	0.392351	0.262749	0.314730	0.015325	0.015698	0.015509	0.392335	0.329787	0.358352	21
1.00	0.398595	0.266930	0.319739	0.014762	0.015715	0.015223	0.398583	0.334836	0.363939	18
1.00	0.395919	0.265139	0.317592	0.015109	0.015880	0.015485	0.395905	0.331768	0.361010	15
1.00	0.390480	0.261555	0.313271	0.015430	0.016035	0.015727	0.390383	0.326357	0.355510	11
1.00	0.373161	0.249981	0.299396	0.014706	0.015887	0.015274	0.372978	0.310986	0.339172	8
1.00	0.365277	0.244755	0.293110	0.014901	0.015970	0.015417	0.365056	0.303334	0.331345	7
1.00	0.352830	0.236467	0.283160	0.014919	0.015924	0.015405	0.352561	0.292251	0.319586	6
1.00	0.339831	0.227806	0.272764	0.015026	0.015824	0.015415	0.339507	0.280927	0.307452	6
1.00	0.338456	0.226910	0.271679	0.015113	0.015920	0.015506	0.338112	0.279626	0.306100	6
1.00	0.346548	0.232360	0.278192	0.015171	0.016052	0.015599	0.346201	0.286264	0.313392	6
1.00	0.360360	0.241917	0.289493	0.015303	0.016519	0.015888	0.359813	0.298444	0.326267	5
1.00	0.380788	0.256029	0.306188	0.015451	0.016854	0.016122	0.380341	0.316735	0.345637	4
1.01	0.403855	0.272232	0.325231	0.015440	0.017083	0.016220	0.403548	0.338482	0.368162	4
1.01	0.423596	0.286045	0.341489	0.015469	0.017381	0.016370	0.423352	0.357449	0.387619	4
1.01	0.451795	0.305458	0.364487	0.015772	0.017972	0.016800	0.451746	0.382885	0.414475	5
1.01	0.484682	0.328380	0.391508	0.021747	0.018511	0.019999	0.485105	0.411168	0.445087	5
1.01	0.519546	0.352274	0.419863	0.023068	0.018858	0.020751	0.520417	0.442519	0.478317	5
1.01	0.542098	0.367281	0.437887	0.022005	0.018867	0.020315	0.543270	0.462537	0.499664	5
1.01	0.558391	0.377361	0.450365	0.022151	0.019116	0.020522	0.559336	0.475098	0.513787	5
1.01	0.562528	0.379527	0.453252	0.022002	0.019376	0.020606	0.563204	0.476548	0.516265	5
1.01	0.565747	0.381319	0.455575	0.021476	0.019535	0.020460	0.566328	0.478398	0.518663	5
1.01	0.565762	0.381244	0.455527	0.026574	0.019873	0.022740	0.566328	0.477534	0.518154	6
1.01	0.569210	0.383185	0.458030	0.022810	0.020057	0.021345	0.569731	0.479328	0.520634	6
1.00	0.580058	0.390054	0.466449	0.022315	0.020023	0.021107	0.580442	0.487649	0.530015	6
1.00	0.585268	0.393340	0.470483	0.024377	0.020399	0.022212	0.585518	0.491731	0.534542	6
1.00	0.587483	0.394609	0.472107	0.024175	0.020511	0.022193	0.587694	0.492642	0.535986	7
1.00	0.579813	0.389457	0.465943	0.023981	0.021021	0.022404	0.579940	0.485929	0.528789	7
1.00	0.570714	0.383260	0.458570	0.024394	0.021097	0.022626	0.570735	0.477413	0.519919	6
1.00	0.559137	0.375569	0.449328	0.022549	0.020995	0.021744	0.559188	0.466618	0.508726	7
1.00	0.544363	0.365564	0.437397	0.023123	0.021115	0.022073	0.544405	0.453193	0.494629	7
1.00	0.527719	0.354663	0.424221	0.024949	0.021467	0.023077	0.527614	0.438406	0.478891	7
1.00	0.511173	0.343314	0.410756	0.019028	0.021276	0.020089	0.510822	0.423242	0.462926	7
1.00	0.491390	0.330247	0.395016	0.018814	0.021159	0.019918	0.491019	0.405601	0.444241	6
1.00	0.480284	0.322855	0.386140	0.018742	0.021351	0.019962	0.479917	0.396560	0.434275	6
1.00	0.472509	0.317629	0.379889	0.018369	0.021258	0.019708	0.472108	0.389624	0.426918	6
1.00	0.472287	0.317479	0.379711	0.018559	0.021288	0.019830	0.471884	0.389457	0.426726	6
1.00	0.471901	0.317255	0.379426	0.018885	0.021249	0.019998	0.471438	0.389150	0.426360	6
1.01	0.473468	0.318450	0.380787	0.018787	0.021668	0.020125	0.472889	0.390665	0.427863	6
1.01	0.478145	0.321810	0.384701	0.019567	0.021953	0.020691	0.477574	0.394695	0.432197	6
1.01	0.482335	0.325170	0.388458	0.019519	0.022186	0.020768	0.481758	0.399409	0.436736	8
1.01	0.486280	0.328157	0.391868	0.019572	0.022173	0.020791	0.485831	0.403397	0.440793	8
1.01	0.481486	0.325245	0.388235	0.025459	0.022314	0.023783	0.480977	0.399399	0.436409	8
1.01	0.481940	0.325767	0.388755	0.025461	0.022372	0.023817	0.481479	0.400087	0.437026	8
1.01	0.488018	0.329948	0.393710	0.023701	0.022390	0.023027	0.487616	0.405266	0.442643	9
1.01	0.495087	0.334802	0.399465	0.023880	0.022658	0.023253	0.494645	0.411644	0.449344	9
1.01	0.505521	0.341820	0.407858	0.031402	0.022988	0.026544	0.504965	0.420914	0.459124	9
1.01	0.509864	0.345404	0.411822	0.030895	0.023438	0.026655	0.509205	0.425460	0.463581	9
1.01	0.509748	0.345554	0.411890	0.028011	0.023462	0.025536	0.509149	0.425646	0.463668	9
1.01	0.506934	0.343911	0.409805	0.028704	0.023616	0.025913	0.506192	0.423322	0.461063	8
1.02	0.498133	0.338610	0.403165	0.029010	0.023927	0.026224	0.497434	0.415596	0.452847	8
1.02	0.481951	0.328978	0.391036	0.029446	0.024990	0.027036	0.480754	0.401454	0.437540	8
1.02	0.462874	0.316509	0.375948	0.029555	0.025344	0.027288	0.461062	0.385044	0.419638	8
1.02	0.450867	0.308669	0.366457	0.025978	0.025563	0.025769	0.448789	0.373934	0.407956	8
1.02	0.436908	0.299634	0.355479	0.025870	0.026012	0.025941	0.434341	0.362252	0.395035	9
1.03	0.422671	0.290376	0.344251	0.025699	0.025995	0.025846	0.419781	0.350435	0.381986	9
1.03	0.420744	0.288957	0.342614	0.025490	0.025964	0.025725	0.417940	0.348287	0.379948	9
1.03	0.436978	0.300530	0.356132	0.027704	0.026537	0.027108	0.434509	0.362079	0.395001	9
1.03	0.466500	0.320765	0.380143	0.027781	0.027048	0.027410	0.464744	0.388373	0.423140	9
1.03	0.491255	0.337639	0.400212	0.030247	0.027454	0.028783	0.490070	0.410742	0.446913	8
1.03	0.514062	0.353468	0.418901	0.035896	0.027591	0.031200	0.513444	0.432034	0.469234	8
1.03	0.534462	0.367655	0.435637	0.036914	0.028144	0.031938	0.534364	0.451131	0.489232	8
1.03	0.558402	0.384081	0.455121	0.025115	0.028106	0.026527	0.559244	0.471994	0.511928	7
1.03	0.590084	0.405212	0.480478	0.026746	0.029028	0.027840	0.591599	0.500147	0.542043	7
1.03	0.618473	0.424475	0.503431	0.039662	0.029608	0.033905	0.620663	0.524700	0.568661	8
1.03	0.644621	0.442470	0.524750	0.040341	0.030008	0.034416	0.647105	0.548101	0.593503	8
1.03	0.656699	0.450907	0.534685	0.041496	0.030086	0.034882	0.659377	0.559221	0.605183	8
1.03	0.665797	0.457104	0.542058	0.042978	0.029913	0.035275	0.668954	0.567868	0.614280	8
1.03	0.676525	0.464571	0.550863	0.042788	0.029863	0.035176	0.679981	0.577798	0.624738	8
1.02	0.684314	0.469051	0.556594	0.043393	0.029587	0.035184	0.687753	0.584808	0.632117	8
1.02	0.688889	0.472187	0.560315	0.044942	0.029130	0.035348	0.692421	0.589140	0.636619	8
1.02	0.691377	0.473531	0.562085	0.045434	0.029092	0.035471	0.694708	0.591056	0.638704	8
1.02	0.694932	0.476070	0.565048	0.046345	0.029316	0.035914	0.698222	0.594338	0.642105	8
1.02	0.696676	0.477264	0.566466	0.046240	0.029204	0.035799	0.699896	0.595649	0.643578	8
1.02	0.698442	0.478683	0.568049	0.046841	0.029350	0.036087	0.701365	0.596820	0.644883	8
1.02	0.697897	0.478310	0.567606	0.046736	0.029518	0.036183	0.700751	0.595574	0.643896	8
1.02	0.697930	0.478384	0.567669	0.046463	0.029873	0.036365	0.700751	0.594050	0.643004	8
1.02	0.694729	0.476294	0.565138	0.045422	0.029763	0.035962	0.697460	0.590740	0.639679	8
1.03	0.686691	0.471142	0.558852	0.043518	0.030123	0.035602	0.689111	0.582604	0.631398	8
1.03	0.669492	0.460091	0.545382	0.041529	0.029966	0.034813	0.671762	0.567306	0.615131	8
1.03	0.651377	0.448518	0.531240	0.041085	0.030637	0.035100	0.653241	0.549939	0.597155	8
1.03	0.617081	0.426193	0.504173	0.028599	0.030707	0.029615	0.618599	0.519138	0.564521	7
1.03	0.574204	0.397222	0.469591	0.027844	0.030690	0.029197	0.574305	0.479559	0.522673	8
1.03	0.544013	0.376540	0.445043	0.027934	0.031205	0.029479	0.542675	0.450727	0.492446	8
1.04	0.515876	0.357874	0.422589	0.027851	0.031320	0.029484	0.513500	0.425298	0.465256	8
1.04	0.499462	0.346823	0.409377	0.027760	0.031437	0.029485	0.496207	0.410357	0.449217	8
1.04	0.490649	0.340850	0.402256	0.027745	0.031613	0.029553	0.486779	0.401757	0.440200	8
1.04	0.486992	0.338236	0.399207	0.027680	0.031552	0.029490	0.482930	0.398568	0.436712	8
1.04	0.492690	0.342194	0.403878	0.039044	0.031689	0.034984	0.488676	0.404175	0.442426	9
1.04	0.512680	0.356231	0.420371	0.039182	0.031787	0.035099	0.509707	0.423681	0.462729	9
1.04	0.542876	0.377212	0.445130	0.028167	0.031982	0.029954	0.541002	0.451601	0.492275	8
1.04	0.562218	0.390652	0.460989	0.028239	0.031984	0.029995	0.561029	0.470642	0.511876	8
1.04	0.581435	0.404092	0.476807	0.028175	0.032005	0.029968	0.580944	0.489284	0.531189	8
1.04	0.608332	0.423057	0.499053	0.028833	0.032381	0.030504	0.609115	0.514378	0.557752	8
1.04	0.630748	0.438363	0.517246	0.029621	0.032583	0.031031	0.632099	0.534460	0.579193	8
1.04	0.640739	0.445307	0.525439	0.029892	0.032806	0.031281	0.642307	0.543929	0.589039	8
1.04	0.649731	0.451654	0.532881	0.034132	0.033032	0.033573	0.651791	0.553007	0.598349	8
1.04	0.654139	0.454864	0.536598	0.036080	0.033038	0.034492	0.656421	0.557730	0.603064	8
1.04	0.657128	0.457776	0.539629	0.042414	0.033575	0.037480	0.659880	0.561375	0.606654	8
1.04	0.656969	0.458598	0.540146	0.031939	0.033919	0.032899	0.660214	0.562146	0.607246	7
1.05	0.654926	0.458150	0.539144	0.032236	0.033976	0.033083	0.658875	0.561812	0.606484	7
1.05	0.646496	0.453894	0.533339	0.031717	0.034246	0.032933	0.651177	0.556294	0.600008	8
1.05	0.638573	0.449190	0.527395	0.032883	0.034621	0.033730	0.643311	0.550480	0.593286	8
1.05	0.635208	0.447771	0.525269	0.032798	0.034669	0.033708	0.640132	0.548081	0.590541	8
1.06	0.627497	0.443366	0.519601	0.032527	0.034924	0.033683	0.632378	0.542540	0.584024	8
1.06	0.618460	0.437766	0.512657	0.037988	0.035232	0.036558	0.623117	0.535288	0.575873	9
1.06	0.609946	0.432241	0.505943	0.036414	0.035202	0.035798	0.614303	0.527887	0.567826	9
1.06	0.602380	0.427014	0.499760	0.035021	0.035151	0.035086	0.606270	0.521230	0.560543	10
1.06	0.595659	0.422161	0.494123	0.034565	0.035029	0.034796	0.599390	0.514759	0.553860	10
1.06	0.591479	0.418801	0.490383	0.035424	0.034984	0.035203	0.594946	0.510417	0.549449	10
1.06	0.587900	0.415740	0.487054	0.036032	0.034687	0.035347	0.590874	0.506568	0.545482	10
1.05	0.588260	0.415292	0.486870	0.035455	0.034591	0.035018	0.590762	0.505852	0.545020	10
1.05	0.586543	0.413948	0.485358	0.035533	0.034400	0.034958	0.588865	0.503974	0.543122	10
1.05	0.581597	0.410588	0.481355	0.035138	0.034304	0.034716	0.583566	0.499269	0.538136	10
1.05	0.577851	0.407900	0.478225	0.035493	0.034321	0.034897	0.579549	0.495569	0.534279	10
1.06	0.569980	0.402897	0.472091	0.034910	0.034210	0.034556	0.571609	0.489284	0.527252	10
1.06	0.564062	0.399388	0.467652	0.033973	0.034525	0.034247	0.565529	0.484635	0.521966	10
1.06	0.567386	0.402673	0.471045	0.034483	0.034598	0.034540	0.569322	0.489061	0.526148	10
1.06	0.565723	0.402972	0.470675	0.034872	0.034733	0.034802	0.567983	0.489209	0.525662	10
1.07	0.572891	0.409617	0.477687	0.035652	0.034945	0.035295	0.576016	0.498070	0.534215	10
1.07	0.583629	0.417905	0.487056	0.036240	0.034798	0.035504	0.587824	0.509134	0.545657	10
1.07	0.605458	0.434033	0.505610	0.036670	0.034835	0.035729	0.611161	0.530081	0.567741	10
1.07	0.614802	0.442246	0.514440	0.033829	0.034958	0.034384	0.621909	0.540931	0.578600	9
1.08	0.617930	0.446203	0.518210	0.034765	0.035499	0.035128	0.625869	0.545933	0.583175	9
1.08	0.620218	0.450310	0.521781	0.034759	0.035819	0.035281	0.629123	0.551010	0.587481	9
1.09	0.627797	0.456656	0.528723	0.034617	0.036038	0.035313	0.637714	0.558736	0.595618	9
1.09	0.626615	0.456358	0.528103	0.034148	0.035995	0.035047	0.636933	0.558001	0.594860	9
1.09	0.627294	0.456806	0.528644	0.045284	0.036041	0.040137	0.637807	0.558122	0.595310	10
1.09	0.626886	0.456134	0.528049	0.048109	0.035859	0.041090	0.637194	0.556886	0.594339	10
1.08	0.626801	0.454715	0.527067	0.047936	0.035867	0.041032	0.636710	0.554807	0.592943	11
1.08	0.642162	0.463078	0.538111	0.048370	0.035778	0.041132	0.652014	0.564467	0.605090	11
1.07	0.652753	0.468230	0.545304	0.048611	0.035851	0.041267	0.662222	0.571031	0.613255	12
1.07	0.658743	0.471739	0.549774	0.048345	0.036077	0.041320	0.668173	0.574266	0.617671	12
1.07	0.668097	0.476742	0.556427	0.048894	0.036320	0.041679	0.677284	0.580077	0.624923	12
1.06	0.677457	0.481296	0.562773	0.049614	0.036555	0.042095	0.685838	0.584391	0.631064	12
1.06	0.681631	0.482939	0.565335	0.045261	0.036687	0.040525	0.689557	0.585637	0.633363	12
1.06	0.682883	0.483163	0.565919	0.045040	0.036735	0.040466	0.690505	0.585507	0.633686	12
1.06	0.682231	0.482192	0.565029	0.046583	0.036833	0.041138	0.689520	0.583555	0.632127	12
1.06	0.680939	0.480923	0.563714	0.047083	0.036879	0.041361	0.688125	0.581686	0.630444	12
1.05	0.681024	0.480475	0.563436	0.046823	0.036946	0.041303	0.687828	0.579705	0.629155	12
1.05	0.672381	0.474427	0.556319	0.048284	0.037188	0.042016	0.678586	0.571626	0.620531	13
1.05	0.670657	0.472710	0.554548	0.048283	0.037232	0.042044	0.676410	0.569450	0.618339	13
1.05	0.673560	0.474203	0.556568	0.047728	0.036945	0.041650	0.679237	0.571105	0.620495	13
1.05	0.673980	0.474800	0.557123	0.048609	0.037035	0.042040	0.679665	0.571477	0.620893	13
1.05	0.678568	0.478235	0.561055	0.048998	0.037436	0.042444	0.684555	0.575382	0.625239	13
1.05	0.674431	0.475622	0.557842	0.049030	0.037233	0.042325	0.680483	0.573067	0.622173	13
1.05	0.676583	0.477190	0.559657	0.048413	0.036904	0.041882	0.682844	0.575899	0.624829	13
1.06	0.675613	0.477414	0.559478	0.048138	0.036874	0.041760	0.682342	0.576717	0.625099	13
1.06	0.675325	0.477563	0.559482	0.047909	0.036850	0.041658	0.682268	0.577210	0.625357	13
1.06	0.670739	0.475472	0.556473	0.047715	0.036984	0.041670	0.678047	0.574941	0.622252	13
1.06	0.665232	0.473158	0.552991	0.048483	0.037406	0.042230	0.672859	0.572989	0.618921	13
1.07	0.658552	0.470619	0.548946	0.048416	0.037354	0.042172	0.667076	0.570720	0.615148	13
1.07	0.658930	0.472710	0.550498	0.049605	0.037203	0.042518	0.668284	0.575016	0.618152	13
1.08	0.658648	0.474278	0.551461	0.050105	0.037459	0.042868	0.668805	0.578103	0.620155	13
1.08	0.657493	0.476294	0.552414	0.050264	0.038052	0.043314	0.669623	0.580855	0.622088	13
1.09	0.655541	0.476592	0.551924	0.049969	0.038207	0.043304	0.668452	0.581375	0.621880	13
1.09	0.660043	0.481147	0.556573	0.039683	0.038286	0.038972	0.674160	0.587307	0.627744	12
1.09	0.669049	0.489211	0.565169	0.039724	0.038403	0.039053	0.684518	0.598055	0.638372	11
1.09	0.677676	0.496379	0.573029	0.040161	0.038456	0.039290	0.694280	0.607696	0.648109	11
1.10	0.679220	0.499589	0.575718	0.040293	0.038630	0.039444	0.696976	0.611499	0.651446	11
1.10	0.680823	0.501531	0.577583	0.039934	0.038385	0.039144	0.699543	0.614214	0.654107	11
1.10	0.680627	0.502352	0.578057	0.040488	0.038939	0.039698	0.699840	0.615144	0.654764	11
1.10	0.681088	0.503099	0.578717	0.040638	0.039207	0.039910	0.700435	0.615869	0.655436	10
1.10	0.680234	0.502875	0.578260	0.040337	0.039216	0.039769	0.699673	0.615553	0.654923	10
1.10	0.680615	0.502800	0.578348	0.040084	0.039187	0.039630	0.699933	0.615609	0.655068	10
1.10	0.683566	0.504368	0.580451	0.040496	0.039231	0.039853	0.702908	0.617691	0.657550	11
1.10	0.685966	0.505115	0.581810	0.040385	0.039070	0.039716	0.704935	0.618578	0.658939	11
1.10	0.691846	0.508101	0.585906	0.040594	0.038630	0.039588	0.710830	0.622641	0.663819	11
1.10	0.696723	0.511163	0.589689	0.051939	0.038538	0.044246	0.716036	0.626652	0.668369	12
1.09	0.699194	0.511984	0.591121	0.052509	0.038314	0.044302	0.718509	0.627948	0.670183	12
1.09	0.703238	0.514000	0.593909	0.052960	0.038134	0.044340	0.722266	0.630524	0.673284	12
1.09	0.703117	0.513701	0.593666	0.053088	0.038079	0.044348	0.722042	0.630412	0.673123	12
1.09	0.700888	0.512805	0.592273	0.053060	0.038070	0.044333	0.719941	0.629209	0.671524	12
1.10	0.698920	0.512357	0.591271	0.052823	0.038265	0.044381	0.718323	0.628722	0.670542	12
1.10	0.697149	0.511163	0.589842	0.053492	0.038260	0.044611	0.716297	0.626825	0.668581	12
1.10	0.692480	0.508773	0.586580	0.052582	0.038720	0.044599	0.711852	0.622976	0.664455	12
1.10	0.686910	0.505040	0.582100	0.053355	0.038984	0.045051	0.705697	0.617844	0.658855	12
1.10	0.673267	0.497573	0.572238	0.052401	0.038929	0.044671	0.692551	0.608927	0.648053	12
1.11	0.659082	0.488763	0.561286	0.052665	0.039406	0.045081	0.677303	0.596934	0.634584	13
1.11	0.642435	0.478384	0.548404	0.053024	0.039760	0.045444	0.659359	0.581543	0.618011	13
1.11	0.632592	0.471291	0.540157	0.052669	0.039866	0.045382	0.648537	0.571194	0.607413	13
1.11	0.621434	0.461958	0.529958	0.052018	0.039917	0.045171	0.635799	0.557908	0.594312	13
1.11	0.613899	0.455760	0.523140	0.051905	0.040271	0.045354	0.627171	0.547439	0.584599	15
1.11	0.603884	0.448145	0.514487	0.051122	0.040349	0.045101	0.616033	0.535985	0.573228	15
1.11	0.591422	0.438587	0.503666	0.049753	0.040244	0.044496	0.602495	0.522745	0.559794	14
1.11	0.577336	0.429478	0.492550	0.048934	0.040294	0.044196	0.587750	0.509171	0.545646	14
1.11	0.560084	0.417606	0.478464	0.048149	0.040278	0.043863	0.569508	0.493477	0.528773	14
1.12	0.535896	0.400732	0.458561	0.047749	0.040108	0.043596	0.543494	0.471721	0.505070	14
1.12	0.519901	0.390129	0.445762	0.047125	0.040041	0.043295	0.526777	0.458872	0.490485	14
1.13	0.503909	0.380199	0.433399	0.046756	0.039438	0.042786	0.511752	0.446915	0.477141	14
1.14	0.490870	0.373329	0.424106	0.047153	0.039184	0.042801	0.499582	0.438705	0.467169	14
1.14	0.485038	0.371537	0.420768	0.047625	0.039489	0.043177	0.495082	0.436483	0.463939	14
1.15	0.486295	0.373553	0.422533	0.047816	0.039433	0.043222	0.497545	0.439849	0.466922	14
1.15	0.483696	0.372135	0.420644	0.048054	0.039349	0.043268	0.495286	0.438585	0.465214	14
1.15	0.477154	0.368028	0.415546	0.047865	0.039564	0.043320	0.488471	0.433415	0.459299	14
1.15	0.483316	0.373105	0.421119	0.037089	0.039899	0.038443	0.495044	0.440305	0.466073	13
1.15	0.492123	0.380199	0.428981	0.037014	0.040046	0.038470	0.504946	0.450179	0.475992	13
1.16	0.495374	0.383783	0.432496	0.036958	0.040476	0.038637	0.508582	0.454995	0.480298	13
1.16	0.498701	0.387068	0.435850	0.036763	0.040558	0.038567	0.512291	0.458993	0.484180	12
1.16	0.505103	0.391697	0.441230	0.036932	0.041505	0.039085	0.518335	0.464887	0.490158	12
1.16	0.507118	0.393638	0.443230	0.047701	0.041725	0.044514	0.520241	0.466607	0.491966	13
1.16	0.510436	0.396252	0.446154	0.047808	0.042030	0.044733	0.524136	0.468653	0.494844	13
1.16	0.515362	0.399537	0.450118	0.048142	0.042109	0.044924	0.528655	0.472093	0.498775	13
1.16	0.521647	0.404838	0.455879	0.048491	0.042580	0.045344	0.534419	0.477959	0.504615	13
1.16	0.531479	0.412230	0.464320	0.046830	0.042849	0.044751	0.544572	0.486132	0.513695	13
1.15	0.551131	0.425745	0.480391	0.046212	0.043103	0.044603	0.565473	0.502570	0.532169	13
1.15	0.570998	0.438662	0.496157	0.046481	0.043398	0.044887	0.586039	0.519649	0.550851	13
1.14	0.584657	0.447846	0.507188	0.047342	0.043581	0.045384	0.600655	0.531764	0.564114	13
1.14	0.598165	0.457478	0.518446	0.047293	0.043477	0.045305	0.615177	0.544855	0.577884	13
1.14	0.611773	0.467931	0.530270	0.046333	0.043208	0.044716	0.630797	0.558271	0.592322	13
1.14	0.622960	0.476070	0.539699	0.047227	0.043214	0.045132	0.643274	0.569763	0.604291	13
1.14	0.631527	0.481296	0.546271	0.047393	0.043251	0.045227	0.652274	0.577164	0.612424	13
1.14	0.634457	0.483387	0.548714	0.050629	0.043689	0.046903	0.655640	0.580213	0.615625	13

Fri Sep  3 09:34:07 2021
45.63	0.009861	0.326087	0.019143	0.014775	0.066356	0.024168	0.009676	0.327500	0.018797	81
41.73	0.008882	0.248040	0.017149	0.016697	0.308297	0.031678	0.008868	0.215049	0.017034	89
37.82	0.008712	0.220488	0.016762	0.017157	0.284986	0.032366	0.008677	0.192951	0.016607	88
33.91	0.008502	0.192937	0.016287	0.016936	0.248367	0.031710	0.008452	0.171182	0.016109	88
29.88	0.008416	0.168297	0.016030	0.016525	0.218144	0.030723	0.008402	0.152698	0.015928	87
25.94	0.008362	0.145150	0.015813	0.016457	0.195798	0.030361	0.008336	0.134856	0.015702	86
22.04	0.008560	0.126260	0.016033	0.016397	0.162855	0.029794	0.008536	0.119915	0.015937	85
18.25	0.008771	0.107146	0.016215	0.015730	0.131777	0.028105	0.008677	0.103661	0.016013	84
14.78	0.009428	0.093258	0.017125	0.013806	0.116089	0.024677	0.009272	0.091878	0.016843	82
11.67	0.010711	0.083626	0.018990	0.014384	0.107292	0.025367	0.010493	0.084533	0.018669	81
9.03	0.012300	0.074293	0.021105	0.014825	0.085855	0.025284	0.011897	0.077243	0.020618	80
6.86	0.014127	0.064810	0.023197	0.014392	0.070136	0.023883	0.013577	0.070140	0.022751	77
5.12	0.016536	0.056671	0.025601	0.014431	0.051706	0.022565	0.015649	0.063558	0.025115	75
3.79	0.020796	0.052789	0.029838	0.014177	0.036410	0.020408	0.019709	0.061577	0.029861	72
2.80	0.027043	0.050698	0.035272	0.013656	0.027998	0.018358	0.026848	0.060573	0.037205	68
2.12	0.035846	0.050922	0.042074	0.014514	0.022837	0.017748	0.037548	0.061754	0.046701	64
1.67	0.048815	0.054431	0.051470	0.015462	0.018223	0.016729	0.050376	0.066895	0.057472	59
1.38	0.066624	0.061599	0.064013	0.015782	0.017657	0.016667	0.068336	0.076221	0.072064	55
1.20	0.089829	0.072277	0.080103	0.016467	0.018495	0.017422	0.091208	0.088999	0.090090	55
1.10	0.114840	0.084820	0.097574	0.017442	0.019255	0.018304	0.114777	0.104920	0.109628	55
1.06	0.141695	0.100127	0.117338	0.015726	0.020128	0.017657	0.140476	0.123543	0.131466	53
1.03	0.179365	0.123572	0.146331	0.016433	0.020919	0.018407	0.178363	0.152486	0.164413	53
1.01	0.211981	0.143732	0.171309	0.017705	0.014732	0.016082	0.211332	0.176989	0.192642	54
1.01	0.244265	0.164564	0.196645	0.018111	0.015702	0.016821	0.243836	0.202561	0.221290	52
1.00	0.273202	0.183529	0.219562	0.018211	0.016992	0.017581	0.273290	0.224791	0.246679	50
1.00	0.298998	0.200478	0.240021	0.017797	0.018166	0.017979	0.299063	0.245837	0.269850	48
1.00	0.328021	0.219742	0.263179	0.024539	0.019132	0.021501	0.328127	0.269783	0.296108	47
1.00	0.343071	0.229747	0.275199	0.023461	0.014025	0.017556	0.343189	0.282474	0.309886	42
1.00	0.352108	0.235720	0.282392	0.021588	0.014625	0.017437	0.352170	0.289224	0.317608	40
1.00	0.346386	0.231838	0.277765	0.023019	0.014822	0.018032	0.346368	0.282921	0.311446	36
1.00	0.340957	0.228179	0.273394	0.026810	0.015003	0.019239	0.340957	0.277928	0.306233	33
1.00	0.344081	0.230270	0.275899	0.030503	0.015306	0.020384	0.344081	0.280187	0.308864	31
1.00	0.347540	0.232584	0.278672	0.029337	0.015456	0.020245	0.347540	0.282167	0.311460	30
1.00	0.352449	0.235869	0.282609	0.026483	0.015687	0.019703	0.352449	0.285784	0.315635	22
1.00	0.361932	0.242216	0.290213	0.026628	0.015914	0.019922	0.361932	0.293826	0.324343	17
1.00	0.373159	0.249757	0.299235	0.026763	0.016063	0.020076	0.373145	0.303505	0.334742	13
1.00	0.384650	0.257448	0.308449	0.026930	0.016258	0.020275	0.384637	0.313426	0.345399	11
1.00	0.391901	0.262301	0.314264	0.027405	0.016458	0.020565	0.391889	0.319599	0.352072	9
1.00	0.400335	0.267976	0.321048	0.027964	0.016606	0.020837	0.400312	0.326888	0.359894	8
1.00	0.411043	0.275144	0.329636	0.015472	0.016649	0.016039	0.411023	0.336149	0.369834	7
1.00	0.414901	0.277757	0.332752	0.015405	0.016762	0.016055	0.414872	0.339477	0.373407	6
1.00	0.416639	0.278952	0.334168	0.015330	0.016923	0.016087	0.416602	0.340742	0.374872	6
1.00	0.410748	0.275069	0.329488	0.015409	0.017114	0.016217	0.410744	0.335234	0.369167	5
1.00	0.405574	0.271634	0.325359	0.015544	0.017249	0.016352	0.405556	0.330120	0.363971	5
1.00	0.409005	0.274024	0.328177	0.015717	0.017324	0.016481	0.408959	0.333467	0.367375	5
1.00	0.420572	0.282088	0.337683	0.016016	0.017502	0.016726	0.420507	0.343983	0.378415	5
1.00	0.419039	0.281341	0.336654	0.016177	0.017517	0.016820	0.418889	0.343518	0.377478	5
1.00	0.425303	0.285896	0.341936	0.016278	0.017608	0.016917	0.425081	0.349189	0.383416	6
1.00	0.426921	0.287016	0.343260	0.016361	0.017708	0.017008	0.426699	0.350398	0.384802	6
1.00	0.434710	0.292317	0.349569	0.016423	0.017824	0.017095	0.434509	0.356925	0.391914	6
1.00	0.443704	0.298365	0.356802	0.016608	0.017957	0.017256	0.443601	0.364604	0.400242	6
1.00	0.455918	0.306578	0.366624	0.016727	0.018076	0.017376	0.455818	0.375232	0.411618	6
1.01	0.455514	0.306578	0.366493	0.016824	0.018081	0.017430	0.455484	0.375194	0.411459	6
1.01	0.439233	0.295752	0.353487	0.024423	0.017935	0.020682	0.439139	0.361406	0.396499	7
1.01	0.428666	0.288957	0.345212	0.024599	0.017892	0.020716	0.428484	0.352006	0.386498	7
1.01	0.424718	0.286866	0.342440	0.022861	0.017852	0.020049	0.424579	0.349589	0.383452	7
1.01	0.400022	0.270664	0.322868	0.023064	0.017682	0.020018	0.399531	0.328484	0.360541	7
1.01	0.389390	0.264168	0.314783	0.023137	0.017527	0.019945	0.388542	0.320544	0.351282	7
1.02	0.381005	0.259389	0.308649	0.023264	0.017455	0.019945	0.379784	0.314454	0.344045	8
1.02	0.370403	0.252669	0.300413	0.023315	0.017433	0.019949	0.368850	0.305203	0.334021	8
1.02	0.371625	0.253864	0.301659	0.023401	0.017475	0.020009	0.370133	0.306672	0.335427	8
1.02	0.372939	0.254984	0.302882	0.023433	0.017530	0.020056	0.371360	0.308094	0.336782	8
1.02	0.373892	0.255133	0.303302	0.024129	0.017628	0.020372	0.372308	0.307685	0.336926	8
1.02	0.384177	0.261779	0.311381	0.036678	0.017880	0.024040	0.382908	0.315495	0.345948	9
1.02	0.404691	0.275666	0.327945	0.036911	0.018111	0.024299	0.404050	0.333681	0.365509	9
1.02	0.423913	0.288285	0.343185	0.035833	0.018820	0.024679	0.423630	0.350603	0.383672	9
1.02	0.446484	0.303367	0.361268	0.036208	0.018843	0.024787	0.446447	0.370927	0.405198	9
1.01	0.468083	0.317554	0.378398	0.036095	0.019065	0.024952	0.468537	0.389103	0.425142	9
1.01	0.482226	0.326141	0.389114	0.041722	0.019369	0.026456	0.482707	0.399926	0.437434	9
1.01	0.494741	0.333682	0.398555	0.045543	0.019790	0.027591	0.494924	0.409855	0.448390	9
1.01	0.508644	0.342716	0.409511	0.044196	0.020190	0.027718	0.508702	0.421208	0.460839	9
1.01	0.513756	0.345778	0.413353	0.042068	0.020623	0.027677	0.513667	0.424499	0.464846	9
1.01	0.511757	0.344508	0.411799	0.040268	0.020790	0.027422	0.511771	0.422407	0.462815	9
1.01	0.522511	0.351826	0.420508	0.039413	0.021175	0.027549	0.522426	0.431202	0.472451	9
1.01	0.526398	0.354364	0.423580	0.038797	0.021333	0.027528	0.526498	0.433471	0.475477	9
1.01	0.538197	0.362428	0.433161	0.030994	0.021564	0.025433	0.538324	0.443596	0.486391	9
1.01	0.546371	0.368177	0.439914	0.031595	0.021879	0.025854	0.546469	0.450225	0.493700	9
1.01	0.551694	0.372135	0.444464	0.030008	0.022126	0.025471	0.551824	0.455069	0.498798	11
1.01	0.563924	0.380721	0.454558	0.029995	0.022212	0.025524	0.564153	0.466598	0.510759	11
1.01	0.588872	0.398268	0.475168	0.030309	0.022561	0.025867	0.589702	0.489265	0.534809	11
1.01	0.603859	0.408945	0.487646	0.030085	0.022907	0.026010	0.605266	0.502843	0.549321	10
1.01	0.616333	0.418129	0.498243	0.030530	0.023368	0.026473	0.617985	0.513777	0.561084	10
1.01	0.633333	0.429851	0.512120	0.030921	0.023718	0.026845	0.635167	0.528229	0.576783	10
1.02	0.643077	0.436945	0.520340	0.032713	0.023808	0.027559	0.645375	0.537173	0.586324	10
1.02	0.654559	0.445382	0.530081	0.033929	0.024145	0.028213	0.657202	0.547921	0.597607	10
1.02	0.664366	0.452848	0.538584	0.034630	0.024526	0.028715	0.667132	0.557172	0.607214	10
1.02	0.670965	0.458448	0.544713	0.037525	0.024975	0.029990	0.673937	0.563563	0.613828	10
1.02	0.676262	0.463078	0.549725	0.040125	0.025504	0.031186	0.679293	0.569532	0.619589	10
1.03	0.678128	0.465318	0.551920	0.041004	0.025663	0.031569	0.681412	0.572870	0.622445	9
1.03	0.673578	0.463302	0.548994	0.042496	0.025713	0.032040	0.677229	0.570871	0.619518	9
1.03	0.654029	0.450833	0.533746	0.042360	0.025628	0.031935	0.657481	0.555233	0.602046	8
1.03	0.638309	0.440902	0.521551	0.043280	0.025636	0.032200	0.641805	0.543598	0.588633	8
1.04	0.623626	0.432017	0.510432	0.042623	0.025663	0.032037	0.626966	0.533153	0.576267	9
1.04	0.609190	0.423654	0.499758	0.042406	0.025888	0.032150	0.612518	0.522656	0.564030	8
1.04	0.585280	0.407900	0.480750	0.041651	0.025877	0.031922	0.588196	0.502183	0.541797	8
1.04	0.566385	0.395281	0.465611	0.040030	0.025776	0.031359	0.568615	0.485819	0.523967	8
1.04	0.548204	0.382961	0.450921	0.039548	0.025648	0.031116	0.549704	0.470730	0.507161	8
1.04	0.532449	0.371836	0.437879	0.038295	0.025441	0.030572	0.533136	0.456505	0.491853	8
1.04	0.509464	0.355708	0.418924	0.038285	0.025375	0.030520	0.509037	0.435474	0.469391	8
1.04	0.484952	0.338087	0.398416	0.040314	0.025002	0.030863	0.483488	0.411979	0.444878	9
1.04	0.473115	0.329799	0.388666	0.040488	0.024752	0.030722	0.471215	0.401222	0.433411	9
1.04	0.459239	0.320093	0.377244	0.040545	0.024537	0.030572	0.456934	0.388047	0.419683	9
1.04	0.451464	0.314269	0.370576	0.040869	0.024428	0.030578	0.448845	0.380182	0.411670	9
1.04	0.437440	0.304114	0.358791	0.040890	0.024267	0.030458	0.434397	0.366793	0.397743	9
1.04	0.415885	0.288136	0.340420	0.041261	0.024079	0.030410	0.412362	0.345721	0.376113	9
1.03	0.398101	0.275517	0.325655	0.041290	0.023857	0.030241	0.394176	0.328902	0.358593	9
1.03	0.384125	0.265586	0.314042	0.041371	0.023775	0.030197	0.379839	0.315226	0.344529	9
1.03	0.378562	0.261853	0.309573	0.041364	0.023738	0.030165	0.374205	0.309991	0.339085	9
1.03	0.385554	0.266632	0.315250	0.041600	0.024077	0.030501	0.381680	0.315951	0.345719	9
1.03	0.402721	0.278504	0.329287	0.041980	0.024387	0.030851	0.399699	0.330920	0.362072	9
1.03	0.426130	0.294184	0.348072	0.041763	0.024781	0.031105	0.423742	0.350788	0.383829	9
1.03	0.444685	0.307026	0.363251	0.041840	0.025249	0.031493	0.442932	0.366483	0.401097	9
1.03	0.457910	0.315986	0.373934	0.041086	0.025293	0.031310	0.456767	0.377407	0.413312	9
1.03	0.458302	0.316359	0.374326	0.040607	0.025406	0.031256	0.457269	0.377175	0.413378	10
1.03	0.464274	0.320690	0.379350	0.040471	0.025922	0.031602	0.463572	0.382372	0.419075	11
1.03	0.472240	0.326439	0.386032	0.040344	0.026077	0.031678	0.472108	0.389856	0.427058	11
1.03	0.482688	0.334130	0.394899	0.040068	0.026158	0.031652	0.483376	0.399944	0.437720	11
1.03	0.496815	0.343538	0.406198	0.039997	0.026213	0.031670	0.497545	0.412542	0.451074	11
1.03	0.504263	0.348839	0.412393	0.040070	0.026320	0.031771	0.505467	0.419395	0.458426	11
1.03	0.508683	0.352124	0.416167	0.040172	0.026476	0.031917	0.510097	0.423746	0.462929	10
1.04	0.513572	0.356007	0.420514	0.040157	0.026674	0.032055	0.515006	0.428274	0.467652	10
1.04	0.517594	0.359143	0.424050	0.040131	0.026779	0.032123	0.519357	0.432206	0.471791	10
1.04	0.514430	0.358023	0.422207	0.040307	0.027162	0.032454	0.516512	0.430663	0.469697	11
1.04	0.512903	0.357650	0.421432	0.040348	0.027153	0.032461	0.515229	0.429817	0.468663	11
1.04	0.506194	0.353916	0.416575	0.040485	0.028095	0.033170	0.508033	0.424899	0.462762	11
1.05	0.485948	0.340850	0.400667	0.040199	0.027949	0.032973	0.487616	0.407447	0.443941	11
1.05	0.470594	0.330994	0.388638	0.040123	0.028285	0.033180	0.471661	0.394877	0.429867	11
1.05	0.464014	0.327335	0.383871	0.040083	0.028568	0.033360	0.465227	0.389987	0.424297	11
1.06	0.459562	0.324573	0.380448	0.039840	0.028723	0.033380	0.460597	0.386398	0.420247	11
1.05	0.463035	0.326887	0.383228	0.039725	0.028889	0.033451	0.463442	0.388936	0.422933	11
1.05	0.471814	0.333084	0.390494	0.039787	0.029609	0.033951	0.471940	0.396932	0.431198	10
1.06	0.474841	0.335399	0.393121	0.028641	0.030413	0.029500	0.474785	0.399684	0.434010	8
1.06	0.484205	0.342194	0.400997	0.028669	0.030989	0.029784	0.484157	0.408368	0.443045	8
1.06	0.498205	0.352348	0.412771	0.028751	0.031263	0.029954	0.498438	0.421942	0.457011	9
1.06	0.509709	0.360636	0.422406	0.028731	0.031510	0.030056	0.510153	0.432997	0.468419	9
1.06	0.523955	0.371537	0.434775	0.028870	0.031763	0.030248	0.525271	0.446627	0.482767	9
1.06	0.530413	0.376988	0.440730	0.029023	0.031687	0.030297	0.532411	0.453665	0.489894	9
1.06	0.533172	0.379228	0.443213	0.028942	0.031400	0.030121	0.535535	0.456380	0.492799	9
1.06	0.534060	0.380497	0.444386	0.028936	0.031426	0.030130	0.536985	0.457998	0.494356	9
1.07	0.533939	0.381767	0.445209	0.029211	0.031562	0.030341	0.537487	0.459476	0.495430	9
1.07	0.533666	0.382887	0.445874	0.029383	0.031404	0.030359	0.537897	0.460880	0.496419	10
1.08	0.532691	0.383857	0.446190	0.029432	0.030898	0.030147	0.538585	0.462126	0.497434	10
1.08	0.536985	0.388636	0.450923	0.040872	0.030493	0.034928	0.544368	0.468522	0.503605	11
1.09	0.541363	0.394310	0.456281	0.040972	0.030164	0.034747	0.550876	0.476026	0.510723	12
1.09	0.547838	0.401030	0.463077	0.041002	0.029935	0.034606	0.558983	0.484542	0.519107	12
1.10	0.552958	0.406182	0.468340	0.041122	0.029925	0.034641	0.566310	0.490809	0.525863	12
1.10	0.560785	0.411932	0.474969	0.041124	0.030010	0.034699	0.575272	0.497400	0.533510	12
1.10	0.567845	0.417457	0.481174	0.041238	0.030099	0.034799	0.583733	0.503955	0.540918	12
1.10	0.575159	0.424251	0.488312	0.041407	0.030268	0.034972	0.592622	0.511895	0.549308	12
1.10	0.585795	0.432315	0.497487	0.041799	0.030659	0.035373	0.604652	0.521899	0.560237	12
1.10	0.598723	0.441051	0.507932	0.041883	0.030583	0.035352	0.617818	0.534739	0.573284	12
1.10	0.610135	0.448593	0.517040	0.041949	0.030600	0.035387	0.628752	0.544232	0.583447	12
1.10	0.624351	0.457926	0.528343	0.042189	0.030627	0.035490	0.642661	0.556765	0.596637	12
1.09	0.631853	0.462107	0.533811	0.042281	0.030733	0.035594	0.649485	0.563106	0.603219	12
1.09	0.634721	0.464347	0.536329	0.042310	0.030506	0.035451	0.652572	0.566239	0.606348	12
1.09	0.641960	0.469499	0.542349	0.042578	0.030299	0.035404	0.660233	0.573221	0.613658	12
1.09	0.642864	0.470544	0.543370	0.042695	0.029933	0.035193	0.662120	0.575099	0.615550	12
1.10	0.640611	0.469947	0.542166	0.042915	0.029902	0.035246	0.660986	0.574728	0.614846	12
1.10	0.637518	0.468678	0.540213	0.042792	0.029387	0.034845	0.658866	0.573761	0.613375	12
1.10	0.636391	0.466662	0.538468	0.042621	0.028899	0.034444	0.657583	0.571185	0.611347	12
1.09	0.629702	0.460016	0.531648	0.042590	0.028669	0.034270	0.650573	0.562018	0.603062	12
1.09	0.622083	0.453894	0.524843	0.042310	0.028366	0.033963	0.642912	0.553641	0.594946	12
1.09	0.612543	0.447025	0.516856	0.041961	0.028314	0.033812	0.634209	0.544223	0.585780	12
1.09	0.608321	0.443217	0.512807	0.041642	0.028092	0.033551	0.629746	0.539369	0.581065	12
1.08	0.614751	0.445606	0.516688	0.041822	0.028138	0.033642	0.634563	0.541749	0.584494	12
1.08	0.611191	0.442843	0.513573	0.041665	0.028142	0.033593	0.630713	0.538123	0.580751	12
1.08	0.604424	0.438662	0.508372	0.041613	0.028247	0.033652	0.624187	0.532247	0.574562	12
1.08	0.601501	0.436721	0.506035	0.041729	0.028377	0.033782	0.621583	0.528937	0.571530	12
1.09	0.601274	0.436870	0.506054	0.041716	0.028413	0.033802	0.621583	0.528993	0.571563	12
1.08	0.601424	0.435227	0.505003	0.041592	0.028439	0.033780	0.619984	0.526334	0.569334	12
1.08	0.601448	0.434257	0.504358	0.041432	0.028685	0.033900	0.618496	0.524410	0.567580	12
1.08	0.597763	0.430971	0.500846	0.041394	0.029015	0.034116	0.613848	0.519863	0.562960	12
1.08	0.591008	0.425969	0.495097	0.041192	0.029399	0.034310	0.606326	0.512462	0.555457	12
1.08	0.581448	0.420294	0.487908	0.035495	0.029955	0.032490	0.597159	0.504271	0.546798	12
1.08	0.579750	0.419846	0.487008	0.033959	0.030759	0.032280	0.595708	0.503407	0.545682	12
1.08	0.577149	0.418652	0.485286	0.036188	0.031678	0.033783	0.593105	0.501514	0.543477	12
1.09	0.570638	0.415590	0.480926	0.037401	0.032398	0.034720	0.587006	0.497218	0.538394	12
1.09	0.563631	0.411708	0.475837	0.037224	0.032416	0.034654	0.580572	0.492467	0.532903	12
1.10	0.557532	0.409542	0.472214	0.037703	0.033197	0.035307	0.575431	0.489204	0.528825	12
1.10	0.544306	0.402225	0.462602	0.041760	0.033759	0.037335	0.563176	0.480036	0.518293	12
1.11	0.537151	0.397820	0.457104	0.041720	0.034481	0.037756	0.555608	0.474932	0.512112	12
1.11	0.531171	0.393788	0.452277	0.039524	0.035191	0.037232	0.548682	0.470097	0.506359	12
1.11	0.526655	0.390204	0.448276	0.040407	0.035455	0.037770	0.543159	0.465477	0.501326	12
1.11	0.526146	0.390652	0.448387	0.041668	0.035670	0.038436	0.542899	0.465644	0.501312	12

Fri Sep  3 10:38:15 2021
42.44	0.009426	0.289855	0.018259	0.012613	0.085943	0.021997	0.009215	0.255833	0.017789	87
37.30	0.012904	0.322109	0.024813	0.015896	0.308237	0.030233	0.012940	0.301411	0.024815	88
32.72	0.013787	0.301874	0.026369	0.015438	0.273039	0.029223	0.013839	0.288917	0.026413	88
28.32	0.014737	0.279325	0.027997	0.015478	0.239479	0.029077	0.014812	0.270997	0.028088	88
24.18	0.015783	0.255432	0.029728	0.016164	0.196548	0.029872	0.015914	0.251781	0.029937	87
20.42	0.017316	0.236616	0.032270	0.015829	0.168142	0.028934	0.017484	0.237482	0.032570	86
17.04	0.019529	0.222728	0.035909	0.015059	0.133918	0.027074	0.019682	0.230496	0.036268	84
14.04	0.021934	0.206152	0.039649	0.015256	0.106142	0.026677	0.022196	0.217916	0.040288	83
11.50	0.024557	0.188979	0.043466	0.015741	0.091558	0.026863	0.025131	0.203836	0.044745	83
9.33	0.027813	0.173747	0.047951	0.016352	0.079356	0.027116	0.028742	0.190048	0.049932	80
7.53	0.032300	0.162697	0.053899	0.016346	0.051550	0.024821	0.033622	0.182024	0.056760	77
6.01	0.038297	0.154036	0.061342	0.017820	0.045780	0.025654	0.040872	0.175776	0.066322	73
4.76	0.046604	0.148585	0.070954	0.021523	0.039278	0.027809	0.051726	0.173164	0.079657	70
3.71	0.058090	0.144404	0.082851	0.027683	0.029390	0.028511	0.067570	0.171360	0.096922	64
2.85	0.074489	0.142014	0.097721	0.028538	0.011059	0.015941	0.088190	0.170737	0.116306	62
2.17	0.095693	0.139177	0.113410	0.031150	0.009066	0.014045	0.109864	0.167632	0.132735	60
1.69	0.125932	0.142462	0.133688	0.033217	0.008262	0.013233	0.138141	0.172866	0.153565	55
1.38	0.159522	0.147540	0.153297	0.033785	0.008332	0.013367	0.167961	0.179774	0.173667	48
1.20	0.197602	0.158740	0.176052	0.037867	0.008497	0.013879	0.203866	0.195199	0.199438	46
1.10	0.237710	0.175465	0.201899	0.038515	0.007229	0.012174	0.241772	0.217671	0.229089	42
1.05	0.270736	0.191070	0.224032	0.027258	0.007766	0.012089	0.273179	0.237688	0.254201	42
1.03	0.303244	0.208691	0.247236	0.038350	0.008688	0.014167	0.304121	0.260951	0.280887	41
1.02	0.333114	0.226462	0.269624	0.027179	0.009479	0.014056	0.333910	0.284408	0.307177	41
1.01	0.363084	0.245427	0.292881	0.027233	0.010391	0.015042	0.363625	0.308762	0.333955	41
1.01	0.390225	0.262899	0.314151	0.026850	0.011293	0.015899	0.390662	0.331624	0.358730	38
1.00	0.413176	0.277682	0.332143	0.026750	0.012135	0.016696	0.413496	0.350762	0.379555	38
1.00	0.429335	0.288061	0.344788	0.030027	0.012991	0.018136	0.429581	0.364216	0.394207	35
1.00	0.436671	0.292690	0.350469	0.020068	0.013413	0.016079	0.436796	0.370575	0.400970	32
1.00	0.439924	0.294706	0.352962	0.019550	0.013984	0.016305	0.439975	0.372342	0.403343	28
1.00	0.445535	0.298365	0.357392	0.018237	0.014243	0.015994	0.445554	0.376935	0.408382	24
1.00	0.437841	0.293213	0.351221	0.017356	0.014570	0.015841	0.437856	0.370510	0.401378	22
1.00	0.425003	0.284552	0.340877	0.016549	0.014759	0.015603	0.424969	0.358600	0.388974	19
1.00	0.410505	0.274845	0.329249	0.016264	0.014871	0.015536	0.410465	0.344942	0.374862	18
1.00	0.404037	0.270514	0.324061	0.016573	0.014998	0.015747	0.403994	0.338077	0.368108	17
1.00	0.385834	0.258269	0.309419	0.016523	0.015084	0.015771	0.385808	0.320585	0.350185	14
1.00	0.372114	0.249085	0.298417	0.016412	0.015173	0.015768	0.372085	0.307326	0.336620	12
1.00	0.359286	0.240499	0.288130	0.016380	0.015258	0.015799	0.359255	0.295965	0.324553	10
1.00	0.356681	0.238781	0.286059	0.016885	0.015278	0.016042	0.356633	0.292980	0.321688	10
1.00	0.338836	0.226835	0.271747	0.016350	0.015109	0.015705	0.338782	0.277515	0.305103	9
1.00	0.328426	0.219891	0.263417	0.016215	0.014968	0.015567	0.328350	0.268162	0.295219	7
1.00	0.332887	0.222952	0.267048	0.016535	0.015017	0.015739	0.332757	0.272160	0.299423	7
1.00	0.336120	0.225118	0.269642	0.017008	0.015147	0.016024	0.335992	0.274884	0.302382	7
1.00	0.343548	0.230195	0.275674	0.017357	0.015249	0.016235	0.343356	0.281996	0.309666	7
1.00	0.358877	0.240573	0.288051	0.017647	0.015474	0.016490	0.358641	0.295692	0.324138	7
1.00	0.360539	0.241768	0.289443	0.017862	0.015490	0.016592	0.360259	0.297551	0.325916	7
1.00	0.379326	0.254536	0.304647	0.018330	0.015745	0.016939	0.379003	0.314900	0.343990	7
1.00	0.397467	0.267154	0.319536	0.018526	0.015860	0.017090	0.397133	0.332379	0.361882	7
1.01	0.419809	0.282610	0.337811	0.019104	0.016098	0.017473	0.419447	0.353531	0.383678	6
1.01	0.422340	0.284850	0.340230	0.019248	0.016058	0.017509	0.421845	0.357436	0.386979	6
1.01	0.425304	0.287389	0.343002	0.019476	0.016079	0.017616	0.424746	0.361360	0.390497	6
1.01	0.438920	0.297245	0.354450	0.019748	0.016192	0.017794	0.438358	0.374542	0.403945	6
1.01	0.451851	0.306205	0.365036	0.019997	0.016417	0.018031	0.451411	0.386368	0.416365	6
1.01	0.468747	0.317479	0.378561	0.020402	0.016940	0.018511	0.468537	0.401021	0.432158	6
1.01	0.484223	0.327709	0.390880	0.020736	0.017281	0.018852	0.484269	0.413628	0.446170	6
1.01	0.490278	0.331367	0.395456	0.020435	0.017524	0.018868	0.490349	0.416576	0.450462	6
1.01	0.501935	0.338908	0.404618	0.020276	0.018023	0.019084	0.502176	0.424385	0.460015	6
1.01	0.508523	0.343015	0.409685	0.020050	0.018429	0.019206	0.508758	0.428011	0.464905	6
1.01	0.506872	0.341447	0.408030	0.019754	0.018818	0.019275	0.507085	0.424172	0.461937	6
1.01	0.489076	0.329277	0.393574	0.019585	0.019026	0.019302	0.489066	0.406004	0.443681	6
1.01	0.458935	0.308743	0.369147	0.019254	0.018993	0.019123	0.458719	0.377247	0.414013	6
1.00	0.430048	0.288957	0.345659	0.018525	0.018606	0.018566	0.429767	0.350712	0.386236	6
1.00	0.418390	0.280968	0.336177	0.018494	0.018499	0.018496	0.418108	0.340420	0.375285	6
1.00	0.400845	0.269096	0.322016	0.018596	0.018478	0.018537	0.400536	0.325271	0.359001	6
1.00	0.383485	0.257299	0.307967	0.018587	0.018303	0.018444	0.383186	0.309865	0.342647	6
1.00	0.371145	0.248936	0.297998	0.018546	0.018281	0.018413	0.370858	0.298630	0.330848	7
1.00	0.353347	0.236840	0.283594	0.018415	0.018243	0.018329	0.353118	0.281931	0.313535	7
1.00	0.349671	0.234376	0.280644	0.018402	0.018304	0.018353	0.349492	0.277993	0.309669	7
1.00	0.353243	0.236691	0.283453	0.018273	0.018409	0.018341	0.353063	0.280392	0.312559	7
1.00	0.356737	0.239005	0.286238	0.018185	0.018593	0.018387	0.356577	0.282924	0.315509	7
1.00	0.366615	0.245651	0.294183	0.018206	0.018759	0.018478	0.366451	0.291329	0.324600	7
1.00	0.379441	0.254387	0.304577	0.029522	0.018950	0.023083	0.379114	0.302970	0.336792	8
1.00	0.391672	0.262675	0.314458	0.024027	0.019036	0.021243	0.391331	0.314573	0.348779	8
1.00	0.396350	0.265960	0.318320	0.023127	0.019035	0.020882	0.395961	0.319593	0.353702	8
1.00	0.394061	0.264541	0.316565	0.022541	0.018857	0.020535	0.393618	0.318223	0.351928	8
1.00	0.385154	0.258792	0.309575	0.026381	0.018484	0.021738	0.384581	0.310934	0.343858	9
1.01	0.380773	0.256104	0.306236	0.024719	0.018408	0.021102	0.380062	0.307754	0.340108	9
1.01	0.392901	0.264467	0.316137	0.024930	0.018471	0.021220	0.392168	0.319595	0.352182	9
1.01	0.411106	0.276936	0.330939	0.024106	0.018675	0.021045	0.410409	0.337037	0.370122	9
1.01	0.436352	0.294333	0.351541	0.026070	0.019008	0.021986	0.435568	0.361090	0.394848	9
1.01	0.461862	0.311954	0.372387	0.026163	0.019330	0.022233	0.461230	0.384975	0.419667	9
1.01	0.488282	0.329799	0.393690	0.026710	0.019672	0.022657	0.487783	0.407953	0.444311	9
1.01	0.510939	0.345255	0.412066	0.027353	0.020024	0.023122	0.510655	0.427984	0.465679	9
1.01	0.524041	0.353991	0.422549	0.026156	0.020218	0.022806	0.523932	0.439181	0.477828	9
1.01	0.528631	0.357052	0.426222	0.037431	0.020469	0.026465	0.528450	0.442194	0.481490	10
1.01	0.526368	0.354738	0.423837	0.037269	0.020688	0.026607	0.525996	0.437638	0.477766	10
1.01	0.525061	0.353543	0.422560	0.029742	0.020938	0.024575	0.524657	0.434337	0.475244	10
1.01	0.531004	0.357426	0.427258	0.037742	0.021335	0.027260	0.530514	0.438038	0.479861	11
1.01	0.532453	0.358322	0.428367	0.033967	0.021592	0.026401	0.531965	0.437090	0.479883	11
1.01	0.532024	0.357874	0.427908	0.032678	0.021778	0.026137	0.531574	0.435583	0.478815	11
1.00	0.527596	0.354738	0.424234	0.032403	0.021900	0.026136	0.527111	0.429624	0.473401	11
1.00	0.523651	0.352124	0.421090	0.032668	0.021927	0.026241	0.523151	0.425114	0.469065	11
1.00	0.518222	0.348242	0.416559	0.033502	0.021940	0.026515	0.517684	0.418755	0.462994	11
1.00	0.515825	0.346823	0.414769	0.033229	0.022126	0.026564	0.515341	0.416338	0.460579	11
1.01	0.508544	0.342194	0.409105	0.032253	0.022217	0.026311	0.508312	0.409904	0.453834	11
1.01	0.500555	0.336818	0.402678	0.032780	0.022238	0.026499	0.500335	0.402875	0.446347	11
1.01	0.492953	0.331666	0.396536	0.033914	0.022126	0.026780	0.492692	0.396553	0.439425	11
1.01	0.496562	0.334354	0.399625	0.039365	0.022238	0.028421	0.496374	0.400699	0.443435	11
1.01	0.499501	0.336594	0.402177	0.039123	0.022375	0.028469	0.499442	0.403842	0.446583	11
1.01	0.502769	0.338983	0.404941	0.035826	0.022648	0.027752	0.502622	0.407960	0.450371	11
1.01	0.513657	0.346823	0.414067	0.035458	0.022855	0.027794	0.513779	0.418932	0.461533	11
1.01	0.526281	0.355858	0.424607	0.033817	0.023057	0.027419	0.526554	0.431465	0.474290	11
1.01	0.530923	0.359591	0.428775	0.032872	0.023171	0.027182	0.531240	0.436950	0.479504	11
1.01	0.528487	0.358770	0.427396	0.034200	0.023679	0.027984	0.528841	0.435728	0.477790	11
1.02	0.512171	0.348764	0.414960	0.034143	0.024886	0.028789	0.512012	0.422145	0.462756	11
1.02	0.496941	0.339655	0.403513	0.030624	0.025968	0.028105	0.496188	0.411081	0.449643	10
1.03	0.475900	0.326589	0.387354	0.031165	0.025980	0.028337	0.474544	0.393908	0.430482	9
1.03	0.457561	0.315165	0.373243	0.031483	0.027081	0.029116	0.455391	0.378372	0.413324	9
1.03	0.446875	0.308071	0.364713	0.031397	0.027022	0.029046	0.444457	0.368173	0.402734	9
1.03	0.440230	0.303293	0.359151	0.031424	0.026852	0.028959	0.437595	0.361999	0.396224	9
1.03	0.441757	0.304114	0.360235	0.031722	0.027005	0.029174	0.438878	0.363041	0.397373	9
1.03	0.445626	0.306578	0.363250	0.031752	0.027522	0.029486	0.442858	0.366351	0.400987	9
1.03	0.461513	0.317405	0.376128	0.032183	0.028407	0.030177	0.459035	0.380938	0.416356	9
1.03	0.473267	0.325170	0.385484	0.032248	0.028552	0.030288	0.471141	0.391398	0.427583	9
1.03	0.484727	0.332935	0.394741	0.032368	0.028926	0.030551	0.482855	0.401904	0.438676	9
1.03	0.494568	0.339879	0.402885	0.032555	0.029914	0.031178	0.492934	0.411406	0.448495	9
1.03	0.498315	0.342343	0.405860	0.033604	0.029968	0.031682	0.496876	0.414493	0.451961	9
1.03	0.503311	0.346151	0.410193	0.033170	0.030324	0.031683	0.502176	0.419272	0.456994	9
1.03	0.509336	0.350332	0.415129	0.034048	0.030394	0.032117	0.508535	0.424525	0.462748	9
1.03	0.506675	0.348540	0.412988	0.034056	0.030733	0.032309	0.505746	0.420564	0.459238	9
1.03	0.499783	0.343911	0.407448	0.034055	0.031021	0.032467	0.498643	0.413015	0.451807	9
1.03	0.497342	0.342268	0.405484	0.033996	0.030956	0.032405	0.496188	0.409258	0.448550	9
1.03	0.503418	0.346375	0.410386	0.033966	0.030994	0.032412	0.502380	0.412931	0.453285	9
1.03	0.516773	0.355410	0.421164	0.033374	0.031418	0.032366	0.515880	0.422777	0.464711	9
1.03	0.526447	0.361905	0.428938	0.033291	0.031758	0.032507	0.525698	0.429229	0.472591	9
1.03	0.542730	0.373180	0.442262	0.033545	0.031919	0.032712	0.542266	0.443650	0.488026	9
1.03	0.560769	0.385500	0.456903	0.034103	0.032367	0.033213	0.560675	0.459381	0.504999	9
1.03	0.581198	0.399761	0.473700	0.034484	0.032861	0.033653	0.581650	0.476907	0.524097	10
1.03	0.601301	0.413948	0.490337	0.035077	0.033261	0.034145	0.602402	0.495850	0.543957	10
1.03	0.623294	0.429553	0.508597	0.036303	0.033926	0.035074	0.624828	0.514612	0.564389	10
1.03	0.637455	0.439931	0.520587	0.048310	0.034689	0.040382	0.639053	0.528019	0.578254	12
1.03	0.654361	0.452624	0.535111	0.048838	0.035202	0.040914	0.656514	0.544243	0.595130	12
1.04	0.669648	0.464048	0.548205	0.049367	0.035923	0.041585	0.672412	0.558003	0.609889	12
1.04	0.676746	0.469574	0.554439	0.050784	0.035549	0.041822	0.680111	0.564437	0.616898	12
1.04	0.684686	0.475696	0.561371	0.054900	0.035892	0.043406	0.688590	0.571730	0.624742	11
1.04	0.685938	0.477488	0.563039	0.056644	0.035953	0.043987	0.690338	0.574389	0.627049	11
1.04	0.682125	0.475547	0.560405	0.057001	0.036513	0.044513	0.686545	0.572507	0.624362	11
1.04	0.673332	0.470171	0.553704	0.045289	0.036102	0.040177	0.677954	0.565869	0.616861	11
1.05	0.666667	0.466363	0.548809	0.045159	0.036422	0.040323	0.671371	0.560727	0.611081	11
1.05	0.656513	0.460240	0.541129	0.044795	0.036526	0.040240	0.661442	0.552443	0.602049	11
1.05	0.652798	0.458075	0.538370	0.039056	0.036431	0.037698	0.657704	0.550361	0.599263	11
1.05	0.654751	0.459494	0.540014	0.039187	0.036489	0.037790	0.659824	0.552183	0.601223	11
1.05	0.658583	0.462331	0.543277	0.039277	0.036599	0.037891	0.663784	0.556218	0.605259	11
1.05	0.666454	0.467558	0.549563	0.039552	0.036749	0.038099	0.671594	0.564149	0.613200	9
1.05	0.668974	0.469126	0.551503	0.039556	0.036576	0.038007	0.674160	0.567291	0.616126	9
1.05	0.668726	0.468752	0.551161	0.039633	0.036595	0.038053	0.673807	0.567942	0.616362	10
1.05	0.666276	0.466736	0.548935	0.039431	0.036350	0.037828	0.671055	0.566678	0.614465	10
1.05	0.669225	0.468752	0.551330	0.039487	0.036145	0.037742	0.674179	0.570852	0.618228	11
1.05	0.670077	0.469499	0.552136	0.039723	0.035963	0.037750	0.675016	0.573266	0.619994	11
1.05	0.671107	0.470171	0.552950	0.039629	0.035838	0.037638	0.676020	0.575888	0.621949	11
1.05	0.672993	0.471291	0.554365	0.040019	0.035846	0.037818	0.677749	0.578305	0.624091	11
1.05	0.671643	0.470246	0.553184	0.039448	0.035581	0.037415	0.676224	0.578547	0.623584	11
1.05	0.672392	0.470619	0.553696	0.039545	0.035387	0.037351	0.676950	0.580128	0.624810	11
1.05	0.676800	0.473755	0.557361	0.039798	0.035791	0.037688	0.681412	0.583977	0.628943	11
1.05	0.685205	0.479280	0.564035	0.051492	0.036121	0.042458	0.690003	0.591052	0.636706	12
1.04	0.688808	0.481595	0.566859	0.045276	0.036244	0.040260	0.693574	0.593628	0.639720	12
1.04	0.687026	0.480400	0.565428	0.045367	0.036304	0.040333	0.691677	0.592177	0.638071	12
1.04	0.688469	0.480998	0.566330	0.043691	0.036012	0.039482	0.693072	0.592335	0.638756	13
1.04	0.691634	0.483312	0.569005	0.043044	0.036057	0.039242	0.696493	0.594929	0.641717	13
1.04	0.693919	0.484805	0.570813	0.045629	0.036318	0.040444	0.698724	0.596156	0.643378	13
1.04	0.698268	0.487792	0.574355	0.045291	0.036330	0.040318	0.703243	0.599764	0.647394	12
1.04	0.704895	0.492421	0.579806	0.046205	0.036613	0.040854	0.710105	0.604636	0.653140	12
1.04	0.711429	0.496827	0.585070	0.046786	0.036404	0.040947	0.716966	0.609294	0.658759	12
1.04	0.713812	0.498544	0.587066	0.057866	0.036619	0.044853	0.719588	0.610568	0.660610	14
1.04	0.714988	0.499365	0.588034	0.057501	0.036611	0.044737	0.720759	0.611163	0.661452	14
1.04	0.715080	0.499589	0.588220	0.057709	0.036822	0.044958	0.720983	0.611042	0.661475	14
1.04	0.715613	0.500336	0.588918	0.057743	0.037043	0.045133	0.721764	0.611618	0.662142	14
1.05	0.714514	0.499888	0.588235	0.057675	0.037282	0.045288	0.720704	0.611060	0.661369	14
1.05	0.713524	0.499888	0.587900	0.057525	0.037532	0.045426	0.720146	0.611135	0.661177	14
1.05	0.712263	0.499589	0.587265	0.046259	0.037794	0.041600	0.718974	0.610781	0.660476	13
1.05	0.702947	0.493317	0.579765	0.047121	0.037618	0.041837	0.709379	0.604171	0.652562	13
1.05	0.692226	0.486000	0.571065	0.047968	0.037361	0.042006	0.698111	0.596054	0.643058	13
1.05	0.678602	0.476891	0.560140	0.049220	0.037393	0.042499	0.683886	0.586232	0.631305	13
1.05	0.663057	0.466363	0.547583	0.053659	0.037073	0.043850	0.667652	0.573751	0.617150	14
1.05	0.647683	0.455984	0.535185	0.052308	0.036646	0.043098	0.651921	0.561572	0.603383	14
1.05	0.632064	0.445979	0.522961	0.051893	0.036733	0.043017	0.636264	0.548843	0.589329	14
1.06	0.614361	0.434406	0.508945	0.052473	0.036402	0.042984	0.617911	0.533047	0.572350	14
1.06	0.588148	0.416486	0.487651	0.052035	0.035932	0.042510	0.590669	0.509989	0.547372	14
1.06	0.572165	0.405809	0.474838	0.051968	0.035842	0.042424	0.574027	0.495467	0.531861	14
1.06	0.567343	0.402897	0.471184	0.049871	0.035831	0.041701	0.569378	0.490208	0.526835	14
1.06	0.573350	0.407377	0.476319	0.050894	0.036232	0.042329	0.575607	0.494726	0.532111	14
1.06	0.584666	0.415068	0.485481	0.045935	0.036507	0.040682	0.587917	0.502633	0.541940	15
1.06	0.593010	0.420593	0.492137	0.044216	0.037149	0.040376	0.596545	0.507007	0.548143	15
1.06	0.609866	0.432913	0.506375	0.045650	0.037897	0.041413	0.614619	0.519818	0.563258	14
1.06	0.615546	0.438139	0.511908	0.045497	0.038712	0.041831	0.621276	0.524551	0.568831	14
1.07	0.612957	0.437990	0.510909	0.045973	0.038939	0.042164	0.619482	0.522691	0.566986	13
1.07	0.603976	0.433286	0.504587	0.045034	0.038995	0.041798	0.610975	0.515049	0.558926	13
1.08	0.591530	0.426566	0.495683	0.045593	0.039233	0.042175	0.599083	0.504440	0.547703	12
1.09	0.574087	0.416860	0.483000	0.045617	0.039538	0.042361	0.582069	0.489276	0.531654	12
1.10	0.549405	0.403121	0.465030	0.046013	0.039053	0.042249	0.558286	0.469798	0.510234	12
1.10	0.533374	0.393788	0.453073	0.045533	0.038821	0.041910	0.542462	0.455759	0.495345	12
1.11	0.520680	0.386321	0.443549	0.045178	0.038789	0.041740	0.529547	0.444639	0.483393	12
1.11	0.509491	0.378780	0.434518	0.045765	0.038808	0.042001	0.517702	0.433873	0.472095	12
1.11	0.507325	0.377511	0.432895	0.046620	0.039141	0.042554	0.515322	0.431111	0.469470	12
1.11	0.509379	0.379153	0.434723	0.047593	0.039356	0.043084	0.517535	0.433436	0.471767	12
1.11	0.510540	0.379751	0.435538	0.047073	0.039456	0.042929	0.518242	0.433054	0.471834	12
1.11	0.506006	0.377436	0.432365	0.048678	0.039704	0.043735	0.513760	0.429060	0.467606	12
1.11	0.504258	0.375793	0.430649	0.047572	0.039711	0.043288	0.511640	0.426760	0.465361	12
1.11	0.509265	0.377585	0.433649	0.045467	0.039585	0.042323	0.515787	0.429493	0.468701	12
1.10	0.511383	0.377361	0.434267	0.044528	0.039243	0.041719	0.517312	0.430451	0.469901	12
1.10	0.530999	0.389457	0.449345	0.044297	0.039408	0.041710	0.537859	0.448051	0.488865	12
1.09	0.551340	0.402524	0.465323	0.046376	0.039426	0.042619	0.558881	0.467628	0.509198	12
1.09	0.570360	0.415814	0.480978	0.039801	0.039371	0.039585	0.579094	0.487339	0.529269	12
1.09	0.583034	0.423878	0.490878	0.040201	0.039448	0.039821	0.591831	0.499351	0.541672	12
1.09	0.593737	0.431793	0.499978	0.040910	0.040025	0.040462	0.603249	0.510731	0.553148	12
1.09	0.607400	0.441275	0.511179	0.041076	0.040035	0.040549	0.617604	0.524110	0.567029	11
1.09	0.618073	0.448891	0.520069	0.041241	0.039880	0.040549	0.629300	0.535156	0.578422	11
1.09	0.631514	0.458747	0.531442	0.041476	0.039924	0.040685	0.643972	0.548907	0.592651	11
1.09	0.645639	0.469200	0.543458	0.041760	0.039698	0.040703	0.659219	0.563411	0.607561	11
1.09	0.655961	0.477339	0.552574	0.042358	0.039908	0.041096	0.670609	0.574586	0.618895	13
1.09	0.658889	0.480699	0.555863	0.042764	0.039913	0.041289	0.674988	0.579332	0.623512	14
1.09	0.658494	0.481296	0.556121	0.042973	0.039806	0.041329	0.675471	0.580940	0.624650	15
