
Thu Jul 29 11:37:16 2021
17.89	0.045289	0.500000	0.083056	0.021678	0.250321	0.039901	0.045555	0.557500	0.084228	32

Thu Jul 29 11:39:18 2021
17.89	0.045289	0.500000	0.083056	0.021678	0.250321	0.039901	0.045555	0.557500	0.084228	32
1.00	0.220909	0.132389	0.165559	0.026409	0.020269	0.022935	0.220909	0.142684	0.173381	8
1.00	0.295409	0.177036	0.221393	0.023084	0.023703	0.023389	0.295409	0.254960	0.273698	4
1.00	0.232084	0.139086	0.173934	0.015575	0.021280	0.017986	0.232084	0.232043	0.232063	2
1.00	0.232003	0.139037	0.173873	0.004936	0.021277	0.008013	0.232003	0.232003	0.232003	1
1.00	0.232003	0.139037	0.173873	0.004936	0.021277	0.008013	0.232003	0.232003	0.232003	1
1.00	0.232003	0.139037	0.173873	0.004936	0.021277	0.008013	0.232003	0.232003	0.232003	1
1.00	0.232003	0.139037	0.173873	0.004936	0.021277	0.008013	0.232003	0.232003	0.232003	1
1.00	0.232003	0.139037	0.173873	0.004936	0.021277	0.008013	0.232003	0.232003	0.232003	1
1.00	0.232003	0.139037	0.173873	0.004936	0.021277	0.008013	0.232003	0.232003	0.232003	1
1.00	0.232003	0.139037	0.173873	0.004936	0.021277	0.008013	0.232003	0.232003	0.232003	1
1.00	0.232003	0.139037	0.173873	0.004936	0.021277	0.008013	0.232003	0.232003	0.232003	1
1.00	0.232003	0.139037	0.173873	0.004936	0.021277	0.008013	0.232003	0.232003	0.232003	1
1.00	0.232003	0.139037	0.173873	0.004936	0.021277	0.008013	0.232003	0.232003	0.232003	1
1.00	0.232003	0.139037	0.173873	0.004936	0.021277	0.008013	0.232003	0.232003	0.232003	1
1.00	0.232003	0.139037	0.173873	0.004936	0.021277	0.008013	0.232003	0.232003	0.232003	1
1.00	0.232003	0.139037	0.173873	0.004936	0.021277	0.008013	0.232003	0.232003	0.232003	1
1.00	0.232003	0.139037	0.173873	0.004936	0.021277	0.008013	0.232003	0.232003	0.232003	1
1.00	0.232003	0.139037	0.173873	0.004936	0.021277	0.008013	0.232003	0.232003	0.232003	1
1.00	0.232003	0.139037	0.173873	0.004936	0.021277	0.008013	0.232003	0.232003	0.232003	1
1.00	0.232003	0.139037	0.173873	0.004936	0.021277	0.008013	0.232003	0.232003	0.232003	1
1.00	0.232003	0.139037	0.173873	0.004936	0.021277	0.008013	0.232003	0.232003	0.232003	1
1.00	0.232003	0.139037	0.173873	0.004936	0.021277	0.008013	0.232003	0.232003	0.232003	1
1.00	0.232003	0.139037	0.173873	0.004936	0.021277	0.008013	0.232003	0.232003	0.232003	1
1.00	0.232003	0.139037	0.173873	0.004936	0.021277	0.008013	0.232003	0.232003	0.232003	1
1.00	0.232003	0.139037	0.173873	0.004936	0.021277	0.008013	0.232003	0.232003	0.232003	1
1.00	0.232003	0.139037	0.173873	0.004936	0.021277	0.008013	0.232003	0.232003	0.232003	1
1.00	0.232003	0.139037	0.173873	0.004936	0.021277	0.008013	0.232003	0.232003	0.232003	1
1.00	0.289254	0.173348	0.216780	0.017808	0.023963	0.020432	0.289254	0.260831	0.274308	2
1.00	0.355494	0.213045	0.266424	0.038827	0.028409	0.032810	0.355494	0.294437	0.322098	3
1.00	0.293303	0.175774	0.219815	0.039203	0.028297	0.032869	0.293303	0.262977	0.277313	3
1.00	0.437606	0.262254	0.327962	0.041042	0.038888	0.039936	0.437606	0.336181	0.380246	3
1.01	0.631697	0.383383	0.477168	0.043712	0.050926	0.047044	0.633371	0.437323	0.517398	4
1.00	0.500040	0.299670	0.374753	0.042175	0.042351	0.042263	0.500040	0.368127	0.424062	3
1.03	0.575208	0.355576	0.439479	0.063268	0.050735	0.056312	0.577537	0.414366	0.482530	5
1.07	0.579278	0.370911	0.452249	0.065458	0.055929	0.060320	0.582557	0.427808	0.493332	5
1.07	0.596015	0.381831	0.465466	0.065952	0.057780	0.061596	0.601709	0.436716	0.506104	5
1.16	0.648095	0.451616	0.532304	0.089241	0.072618	0.080076	0.647367	0.496194	0.561788	6
1.29	0.720085	0.556052	0.627526	0.089734	0.081822	0.085596	0.701028	0.575877	0.632319	6
1.03	0.588328	0.362030	0.448236	0.063652	0.051148	0.056719	0.580209	0.419265	0.486778	5
1.21	0.687575	0.497913	0.577573	0.086061	0.072426	0.078657	0.651632	0.531177	0.585271	6
1.36	0.686580	0.558866	0.616175	0.106593	0.082440	0.092974	0.650781	0.581140	0.613992	7
1.53	0.680482	0.622294	0.650089	0.126864	0.095593	0.109030	0.657827	0.634464	0.645934	9
1.44	0.670030	0.580025	0.621788	0.131028	0.095162	0.110252	0.647934	0.597660	0.621782	9
1.46	0.683910	0.599243	0.638783	0.131370	0.102825	0.115358	0.664224	0.617095	0.639792	9
1.42	0.678718	0.576677	0.623550	0.142938	0.097849	0.116172	0.659109	0.602316	0.629434	10
1.58	0.687858	0.652140	0.669523	0.133802	0.135083	0.134439	0.674980	0.654425	0.664544	10
1.61	0.699169	0.673348	0.686015	0.152515	0.115028	0.131145	0.690231	0.676856	0.683478	10
1.59	0.718683	0.686596	0.702273	0.148390	0.131622	0.139504	0.709950	0.694024	0.701896	10
1.69	0.707353	0.715180	0.711245	0.149214	0.141637	0.145327	0.705023	0.719127	0.712005	10
1.66	0.690199	0.687955	0.689075	0.142880	0.147594	0.145199	0.685400	0.689449	0.687418	10
1.72	0.703588	0.724109	0.713701	0.147077	0.140042	0.143473	0.706333	0.720990	0.713586	10
1.62	0.702224	0.683345	0.692656	0.168283	0.147464	0.157187	0.694159	0.696615	0.695385	11
1.70	0.697447	0.710715	0.704019	0.169129	0.149524	0.158724	0.694240	0.719208	0.706503	11
1.72	0.725340	0.748326	0.736654	0.178549	0.155295	0.166112	0.727873	0.746417	0.737028	12
1.59	0.746068	0.709065	0.727096	0.179847	0.150231	0.163710	0.736713	0.714511	0.725442	12
1.65	0.719682	0.711929	0.715784	0.174660	0.151170	0.162068	0.715847	0.720463	0.718148	12
1.78	0.718682	0.768417	0.742718	0.157806	0.157682	0.157744	0.726813	0.757835	0.742000	11
1.66	0.723367	0.720664	0.722013	0.187573	0.158450	0.171786	0.716617	0.722407	0.719500	12
1.55	0.709677	0.658740	0.683261	0.167509	0.146923	0.156542	0.687627	0.673941	0.680715	11
1.67	0.716566	0.716636	0.716601	0.178259	0.156844	0.166868	0.712203	0.721111	0.716630	12
1.79	0.702129	0.753955	0.727120	0.171920	0.155529	0.163314	0.715267	0.756660	0.735382	11
1.71	0.695364	0.711832	0.703501	0.169320	0.165387	0.167330	0.696224	0.725929	0.710766	13
1.71	0.713534	0.730224	0.721782	0.170801	0.168352	0.169568	0.715227	0.739696	0.727255	11
1.73	0.720530	0.747210	0.733627	0.176872	0.179642	0.178247	0.726611	0.751073	0.738639	13
1.72	0.725533	0.746870	0.736047	0.177209	0.181726	0.179439	0.726806	0.750628	0.738525	13
1.66	0.735731	0.732554	0.734139	0.174949	0.178434	0.176674	0.729992	0.740303	0.735111	13
1.77	0.735271	0.779482	0.756731	0.177111	0.184420	0.180692	0.742881	0.773423	0.757844	13
1.73	0.728208	0.755702	0.741700	0.175795	0.184631	0.180105	0.734351	0.754960	0.744513	13
1.79	0.725642	0.777443	0.750650	0.181075	0.182360	0.181715	0.733811	0.762207	0.747740	13
1.65	0.724692	0.718432	0.721548	0.183227	0.177071	0.180097	0.717427	0.728602	0.722971	13
1.74	0.698598	0.727652	0.712829	0.193080	0.205707	0.199194	0.697695	0.732205	0.714533	14
1.81	0.728074	0.790013	0.757780	0.207498	0.191721	0.199298	0.738103	0.779456	0.758216	14
1.70	0.707994	0.721634	0.714749	0.193851	0.186573	0.190143	0.703525	0.726415	0.714787	14
1.73	0.710589	0.736970	0.723539	0.171398	0.179378	0.175297	0.706724	0.740829	0.723375	13
1.75	0.735312	0.769533	0.752033	0.173971	0.178664	0.176286	0.735269	0.761560	0.748183	13
1.71	0.744460	0.761332	0.752801	0.189925	0.186272	0.188081	0.742894	0.755000	0.748898	13
1.73	0.736495	0.764195	0.750089	0.191166	0.194091	0.192618	0.737064	0.760143	0.748425	13
1.76	0.740401	0.780501	0.759923	0.200247	0.192026	0.196050	0.745418	0.772856	0.758889	15
1.73	0.739610	0.767786	0.753435	0.196605	0.191155	0.193842	0.740060	0.763989	0.751834	15
1.65	0.733527	0.724449	0.728960	0.187933	0.179168	0.183446	0.723230	0.735687	0.729405	14
1.74	0.715778	0.748326	0.731690	0.202029	0.196663	0.199310	0.716212	0.750263	0.732842	15
1.83	0.720470	0.789139	0.753243	0.193729	0.204959	0.199186	0.729135	0.774192	0.750988	16
1.69	0.729083	0.737504	0.733269	0.195961	0.192670	0.194302	0.725484	0.744392	0.734816	14
1.65	0.726575	0.716879	0.721694	0.195576	0.189147	0.192308	0.713094	0.726172	0.719574	16
1.72	0.742097	0.764389	0.753078	0.212126	0.194990	0.203197	0.742368	0.768726	0.755317	15
1.77	0.734259	0.779870	0.756378	0.200622	0.202178	0.201397	0.742152	0.778120	0.759710	16
1.74	0.720842	0.753130	0.736632	0.192447	0.201870	0.197046	0.723365	0.753259	0.738010	17
1.73	0.721060	0.746045	0.733340	0.175654	0.191678	0.183317	0.719451	0.752490	0.735600	13
1.81	0.713118	0.775066	0.742803	0.163045	0.200124	0.179691	0.721631	0.767431	0.743826	14
1.79	0.704778	0.758032	0.730436	0.175453	0.196915	0.185565	0.711886	0.754636	0.732638	13
1.83	0.692564	0.757935	0.723776	0.172497	0.197804	0.184286	0.702605	0.754191	0.727484	14
1.75	0.696953	0.730370	0.713270	0.193366	0.199120	0.196201	0.698441	0.737266	0.717329	14
1.73	0.718622	0.743279	0.730743	0.209429	0.193980	0.201409	0.718142	0.748198	0.732862	14
1.76	0.741305	0.779870	0.760098	0.225679	0.211356	0.218283	0.745936	0.773666	0.759548	17
1.72	0.735405	0.756818	0.745958	0.223461	0.205304	0.213998	0.735815	0.753462	0.744534	18
1.70	0.743577	0.755702	0.749591	0.190071	0.188375	0.189219	0.741598	0.756134	0.748796	13
1.72	0.751318	0.774726	0.762842	0.204112	0.200578	0.202329	0.754366	0.772978	0.763558	16
1.62	0.768904	0.746627	0.757602	0.208891	0.200744	0.204737	0.757106	0.755405	0.756255	17
1.67	0.738668	0.738668	0.738668	0.225931	0.210104	0.217730	0.732826	0.747550	0.740115	18
1.74	0.738440	0.769582	0.753689	0.248156	0.224511	0.235742	0.741342	0.769576	0.755195	19
1.75	0.741289	0.779530	0.759929	0.252525	0.228313	0.239809	0.746039	0.777593	0.761489	19
1.71	0.729555	0.745948	0.737661	0.246964	0.231540	0.239003	0.727765	0.751437	0.739412	19
1.62	0.769327	0.747113	0.758057	0.225967	0.200112	0.212255	0.755878	0.755041	0.755459	17
1.74	0.744443	0.776958	0.760353	0.223214	0.207011	0.214807	0.747672	0.774800	0.760994	16
1.74	0.723371	0.754052	0.738393	0.233394	0.224176	0.228692	0.723156	0.753786	0.738153	18
1.71	0.742934	0.762836	0.752754	0.234899	0.213813	0.223860	0.741241	0.761357	0.751164	19
1.73	0.728083	0.753276	0.740465	0.223907	0.193508	0.207601	0.730262	0.757268	0.743520	15
1.74	0.702449	0.732311	0.717069	0.237674	0.216035	0.226338	0.704133	0.732408	0.717992	17
1.77	0.703509	0.748132	0.725135	0.242103	0.212932	0.226582	0.708458	0.750871	0.729048	18
1.85	0.714923	0.792779	0.751841	0.257708	0.214904	0.234368	0.727097	0.783383	0.754191	18
1.81	0.729049	0.789479	0.758062	0.258841	0.209852	0.231786	0.737752	0.777431	0.757072	18
1.74	0.729306	0.761089	0.744859	0.242257	0.216332	0.228562	0.731652	0.755081	0.743182	19
1.78	0.728050	0.776667	0.751573	0.238138	0.229288	0.233629	0.732603	0.769981	0.750827	19
1.82	0.709186	0.773270	0.739843	0.246569	0.240701	0.243600	0.711934	0.760709	0.735514	20
1.82	0.706631	0.770552	0.737209	0.239761	0.210334	0.224086	0.712352	0.759373	0.735111	18
1.69	0.752404	0.763176	0.757752	0.245021	0.208164	0.225094	0.747780	0.756984	0.752354	19
1.69	0.758253	0.770213	0.764186	0.246781	0.230742	0.238492	0.754130	0.765163	0.759606	19
1.78	0.741477	0.789479	0.764725	0.269790	0.240162	0.254116	0.746781	0.781764	0.763872	21
1.72	0.734049	0.757061	0.745377	0.250307	0.238035	0.244017	0.731868	0.757065	0.744253	19
1.71	0.739137	0.758614	0.748749	0.248335	0.235025	0.241496	0.736416	0.758604	0.747345	19
1.75	0.738961	0.773998	0.756074	0.264767	0.248965	0.256623	0.740276	0.767997	0.753882	20
1.73	0.755659	0.785693	0.770384	0.248048	0.232966	0.240270	0.758030	0.781318	0.769498	18
1.74	0.754040	0.788071	0.770680	0.266145	0.239752	0.252260	0.757781	0.785975	0.771620	19
1.81	0.719757	0.781617	0.749413	0.261804	0.248354	0.254902	0.728453	0.771560	0.749387	19
1.80	0.742223	0.798991	0.769562	0.245857	0.237128	0.241414	0.751033	0.794113	0.771972	18
1.72	0.756521	0.781229	0.768676	0.264715	0.236482	0.249803	0.755864	0.780185	0.767832	19
1.68	0.765944	0.769921	0.767928	0.263423	0.234777	0.248277	0.758570	0.771318	0.764891	19
1.73	0.749004	0.775793	0.762164	0.243934	0.227722	0.235549	0.749933	0.775326	0.762418	19
1.82	0.740141	0.807920	0.772547	0.250295	0.233183	0.241436	0.754177	0.797514	0.775240	20
1.83	0.733793	0.805833	0.768128	0.245766	0.253765	0.249701	0.746106	0.800308	0.772257	20
1.80	0.731639	0.789479	0.759459	0.244301	0.252830	0.248493	0.740917	0.788444	0.763942	20
1.79	0.731196	0.783607	0.756495	0.267846	0.250631	0.258952	0.739034	0.784760	0.761211	21
1.82	0.732635	0.797486	0.763686	0.268869	0.259307	0.264002	0.744311	0.796056	0.769315	21
1.83	0.725539	0.797438	0.759791	0.267879	0.282367	0.274932	0.737448	0.792291	0.763887	22
1.81	0.736538	0.798554	0.766293	0.271438	0.244998	0.257541	0.747166	0.791805	0.768838	20
1.79	0.733016	0.785451	0.758328	0.273204	0.240426	0.255769	0.742314	0.782169	0.761720	20
1.76	0.729433	0.770213	0.749268	0.268868	0.248814	0.258452	0.733224	0.769455	0.750903	22
1.79	0.740235	0.794623	0.766465	0.267846	0.239413	0.252833	0.747287	0.788566	0.767372	20
1.81	0.733628	0.796467	0.763757	0.267272	0.251060	0.258912	0.741632	0.790469	0.765272	20
1.79	0.719337	0.771038	0.744291	0.262701	0.255132	0.258861	0.724208	0.773140	0.747874	21
1.81	0.725903	0.785791	0.754661	0.241265	0.237561	0.239398	0.735153	0.787594	0.760470	20
1.78	0.737998	0.786276	0.761372	0.244419	0.244503	0.244461	0.746889	0.787797	0.766798	20
1.76	0.740441	0.781908	0.760610	0.265776	0.259889	0.262799	0.747692	0.781197	0.764077	21
1.73	0.739926	0.765457	0.752475	0.263459	0.261524	0.262488	0.740802	0.769253	0.754759	22

Thu Jul 29 13:16:44 2021
26.54	0.026752	0.438272	0.050426	0.020916	0.259237	0.038710	0.027092	0.405000	0.050787	40
1.00	0.314276	0.188343	0.235533	0.025263	0.025529	0.025395	0.314276	0.165317	0.216664	9
1.00	0.444247	0.266233	0.332939	0.017453	0.024710	0.020457	0.444247	0.273018	0.338194	2
1.00	0.232003	0.139037	0.173873	0.004936	0.021277	0.008013	0.232003	0.232003	0.232003	1
1.00	0.232003	0.139037	0.173873	0.004936	0.021277	0.008013	0.232003	0.232003	0.232003	1
1.00	0.232003	0.139037	0.173873	0.004936	0.021277	0.008013	0.232003	0.232003	0.232003	1
1.00	0.232003	0.139037	0.173873	0.004936	0.021277	0.008013	0.232003	0.232003	0.232003	1
1.00	0.232003	0.139037	0.173873	0.004936	0.021277	0.008013	0.232003	0.232003	0.232003	1
1.00	0.232003	0.139037	0.173873	0.004936	0.021277	0.008013	0.232003	0.232003	0.232003	1
1.00	0.232003	0.139037	0.173873	0.004936	0.021277	0.008013	0.232003	0.232003	0.232003	1
1.00	0.232003	0.139037	0.173873	0.004937	0.021277	0.008014	0.232003	0.232003	0.232003	2
1.00	0.232003	0.139037	0.173873	0.004936	0.021277	0.008013	0.232003	0.232003	0.232003	1
1.00	0.232003	0.139037	0.173873	0.004936	0.021277	0.008013	0.232003	0.232003	0.232003	1
1.00	0.232003	0.139037	0.173873	0.004936	0.021277	0.008013	0.232003	0.232003	0.232003	1
1.00	0.232003	0.139037	0.173873	0.004936	0.021277	0.008013	0.232003	0.232003	0.232003	1
1.00	0.232003	0.139037	0.173873	0.004936	0.021277	0.008013	0.232003	0.232003	0.232003	1
1.00	0.232003	0.139037	0.173873	0.004936	0.021277	0.008013	0.232003	0.232003	0.232003	1
1.00	0.232003	0.139037	0.173873	0.004936	0.021277	0.008013	0.232003	0.232003	0.232003	1
1.00	0.233622	0.140008	0.175087	0.018675	0.021353	0.019925	0.233622	0.232812	0.233217	2
1.00	0.232003	0.139037	0.173873	0.004936	0.021277	0.008013	0.232003	0.232003	0.232003	1
1.00	0.232003	0.139037	0.173873	0.004936	0.021277	0.008013	0.232003	0.232003	0.232003	1
1.00	0.232003	0.139037	0.173873	0.004936	0.021277	0.008013	0.232003	0.232003	0.232003	1
1.00	0.232003	0.139037	0.173873	0.004936	0.021277	0.008013	0.232003	0.232003	0.232003	1
1.00	0.374281	0.224304	0.280504	0.019951	0.027849	0.023247	0.374281	0.302859	0.334803	2
1.00	0.295651	0.177181	0.221575	0.019286	0.024247	0.021484	0.295651	0.263989	0.278925	2
1.00	0.257349	0.154227	0.192869	0.020013	0.022467	0.021169	0.257349	0.244838	0.250937	2
1.00	0.238724	0.143065	0.178911	0.022123	0.021594	0.021855	0.238724	0.235444	0.237073	2
1.00	0.245283	0.146996	0.183826	0.020959	0.021904	0.021421	0.245283	0.238764	0.241980	2
1.00	0.346344	0.207561	0.259566	0.020264	0.026594	0.023001	0.346344	0.289092	0.315139	2
1.00	0.306341	0.183587	0.229586	0.020312	0.024744	0.022310	0.306341	0.269253	0.286602	2
1.00	0.426593	0.255654	0.319709	0.020800	0.030183	0.024628	0.426593	0.328245	0.371012	2
1.00	0.530974	0.318208	0.397937	0.022140	0.033524	0.026668	0.530974	0.367641	0.434464	2
1.00	0.492105	0.294914	0.368806	0.021570	0.032902	0.026058	0.492105	0.359543	0.415507	2
1.00	0.444408	0.266330	0.333060	0.040663	0.031795	0.035686	0.444408	0.338732	0.384440	3
1.00	0.415904	0.249248	0.311698	0.040488	0.030076	0.034514	0.415904	0.325168	0.364981	3
1.03	0.581981	0.358633	0.443791	0.064995	0.037995	0.047956	0.571990	0.408009	0.476280	4
1.00	0.543624	0.326264	0.407788	0.063952	0.038078	0.047734	0.542959	0.390679	0.454401	5
1.00	0.391287	0.234495	0.293248	0.041833	0.032651	0.036676	0.391287	0.312616	0.347555	3
1.05	0.627195	0.393526	0.483614	0.064981	0.049154	0.055970	0.615151	0.447526	0.518118	5
1.19	0.653068	0.463797	0.542395	0.067113	0.064271	0.065661	0.643925	0.504575	0.565796	5
1.14	0.541441	0.369019	0.438903	0.087933	0.058538	0.070286	0.542972	0.427201	0.478179	6
1.19	0.607491	0.432932	0.505568	0.086295	0.061688	0.071945	0.593395	0.480808	0.531201	6
1.39	0.677627	0.563088	0.615071	0.122997	0.082375	0.098669	0.655330	0.583772	0.617485	8
1.18	0.604349	0.426235	0.499900	0.083627	0.059500	0.069530	0.580897	0.475383	0.522870	6
1.36	0.667816	0.545375	0.600417	0.135388	0.093295	0.110467	0.641455	0.574621	0.606202	9
1.38	0.642056	0.530477	0.580957	0.135581	0.090202	0.108331	0.608781	0.561989	0.584450	9
1.37	0.658343	0.539940	0.593292	0.106662	0.074354	0.087625	0.630118	0.570492	0.598824	8
1.59	0.676948	0.643308	0.659699	0.135451	0.093102	0.110353	0.659892	0.642279	0.650966	9
1.42	0.632968	0.537805	0.581519	0.136341	0.106197	0.119395	0.597714	0.573447	0.585329	9
1.57	0.680857	0.640347	0.659981	0.123809	0.107878	0.115296	0.659932	0.656774	0.658349	9
1.66	0.705091	0.701737	0.703410	0.131102	0.130088	0.130593	0.696777	0.697587	0.697182	9
1.48	0.726934	0.644278	0.683115	0.132248	0.109899	0.120042	0.705685	0.662685	0.683509	9
1.47	0.687871	0.607687	0.645298	0.129067	0.124313	0.126646	0.655951	0.637056	0.646365	9
1.60	0.706563	0.678686	0.692344	0.124457	0.148440	0.135394	0.694807	0.691028	0.692912	9
1.60	0.718283	0.690187	0.703955	0.157965	0.125111	0.139631	0.710746	0.703012	0.706858	10
1.73	0.700294	0.727992	0.713874	0.169530	0.152214	0.160406	0.702108	0.728278	0.714953	11
1.72	0.691616	0.712996	0.702143	0.155280	0.143085	0.148934	0.688733	0.721273	0.704628	10
1.60	0.710200	0.680870	0.695226	0.152336	0.132191	0.141551	0.698329	0.697587	0.697958	10
1.64	0.714123	0.701786	0.707901	0.170346	0.151846	0.160565	0.705820	0.713904	0.709839	11
1.68	0.722555	0.725711	0.724130	0.165450	0.158987	0.162154	0.718263	0.729735	0.723954	11
1.68	0.709896	0.712996	0.711443	0.176788	0.164206	0.170265	0.707385	0.720099	0.713685	12
1.76	0.725832	0.764438	0.744635	0.156842	0.160158	0.158483	0.731584	0.749737	0.740549	11
1.58	0.724455	0.685043	0.704198	0.152007	0.142019	0.146843	0.711704	0.702891	0.707270	10
1.77	0.708649	0.753082	0.730190	0.146087	0.160050	0.152750	0.717534	0.753907	0.735271	10
1.83	0.707887	0.778414	0.741477	0.165880	0.167314	0.166594	0.719222	0.760993	0.739518	11
1.67	0.707225	0.709696	0.708458	0.148185	0.159371	0.153575	0.697587	0.719006	0.708134	10
1.70	0.695268	0.709405	0.702265	0.140043	0.169301	0.153289	0.688706	0.715240	0.701722	10
1.76	0.710987	0.751529	0.730696	0.141996	0.170254	0.154846	0.714039	0.753219	0.733106	10
1.80	0.715323	0.770067	0.741686	0.142429	0.168273	0.154276	0.723581	0.768281	0.745261	10
1.68	0.722276	0.728234	0.725243	0.144715	0.161732	0.152751	0.715065	0.737671	0.726192	10
1.72	0.720672	0.744735	0.732506	0.164942	0.166361	0.165649	0.719532	0.746700	0.732864	11
1.65	0.738984	0.732457	0.735706	0.152162	0.162151	0.156998	0.730073	0.736051	0.733050	12
1.73	0.720113	0.745414	0.732545	0.163382	0.169633	0.166449	0.717008	0.737752	0.727232	12
1.78	0.716463	0.764098	0.739514	0.188255	0.175931	0.181884	0.719653	0.749858	0.734445	13
1.68	0.726910	0.733330	0.730106	0.179153	0.168746	0.173794	0.721840	0.739493	0.730560	12
1.76	0.716680	0.755217	0.735444	0.177633	0.175623	0.176622	0.721786	0.758240	0.739564	12
1.69	0.677621	0.685480	0.681528	0.183052	0.179253	0.181133	0.670122	0.700259	0.684859	13
1.73	0.695230	0.719354	0.707086	0.181857	0.176280	0.179025	0.691568	0.728318	0.709467	13
1.76	0.716863	0.754052	0.734987	0.184660	0.178754	0.181659	0.717521	0.749818	0.733314	13
1.72	0.730818	0.752985	0.741736	0.228427	0.185940	0.205005	0.728966	0.752612	0.740600	16
1.69	0.740561	0.749151	0.744831	0.187588	0.188821	0.188203	0.732731	0.744473	0.738556	14
1.69	0.726694	0.736533	0.731580	0.184632	0.185834	0.185231	0.713526	0.722974	0.718219	14
1.73	0.746264	0.775454	0.760579	0.206869	0.187271	0.196583	0.746093	0.758078	0.752037	15
1.66	0.738749	0.735271	0.737006	0.209765	0.190875	0.199875	0.730464	0.737793	0.734110	15
1.60	0.755965	0.724158	0.739720	0.185868	0.185754	0.185811	0.737212	0.736578	0.736895	14
1.71	0.745170	0.763758	0.754350	0.220183	0.203907	0.211733	0.741828	0.762329	0.751939	16
1.79	0.736252	0.790741	0.762524	0.231928	0.196531	0.212768	0.743475	0.776541	0.759648	16
1.71	0.744770	0.763710	0.754121	0.221289	0.195649	0.207681	0.743542	0.767188	0.755180	16
1.68	0.731010	0.735126	0.733062	0.229156	0.209539	0.218909	0.723216	0.743744	0.733337	16
1.71	0.747891	0.765748	0.756714	0.234977	0.206739	0.219956	0.746417	0.764920	0.755555	15
1.77	0.749243	0.793021	0.770511	0.251029	0.214351	0.231244	0.756296	0.785246	0.770499	17
1.75	0.728470	0.764777	0.746182	0.247645	0.216847	0.231225	0.730424	0.768929	0.749182	16
1.70	0.739280	0.752985	0.746069	0.247932	0.210747	0.227832	0.734041	0.757875	0.745767	17
1.68	0.754709	0.758371	0.756536	0.229034	0.199979	0.213523	0.747078	0.760588	0.753772	17
1.68	0.747311	0.751771	0.749534	0.246763	0.205234	0.224090	0.738224	0.756337	0.747171	18
1.74	0.740538	0.773852	0.756829	0.225785	0.231598	0.228655	0.740775	0.767390	0.753848	20
1.76	0.726616	0.766039	0.745807	0.220913	0.244806	0.232246	0.728055	0.760143	0.743753	18
1.76	0.724578	0.766282	0.744846	0.237654	0.232338	0.234966	0.728062	0.764961	0.746055	17
1.74	0.696053	0.724934	0.710200	0.240581	0.224562	0.232296	0.695724	0.733663	0.714190	17
1.72	0.717380	0.737746	0.727421	0.232004	0.227645	0.229804	0.715348	0.747874	0.731250	17
1.72	0.732108	0.756090	0.743906	0.230386	0.230437	0.230411	0.732300	0.757227	0.744555	19
1.71	0.700560	0.716199	0.708293	0.236979	0.217379	0.226756	0.695401	0.720382	0.707671	17
1.71	0.709311	0.727555	0.718317	0.217395	0.212001	0.214664	0.704592	0.737145	0.720501	17
1.79	0.711283	0.763613	0.736519	0.220277	0.214668	0.217436	0.716124	0.766135	0.740286	16
1.80	0.723999	0.782393	0.752064	0.231195	0.225931	0.228533	0.732684	0.781521	0.756315	18
1.78	0.729038	0.776376	0.751962	0.222529	0.220389	0.221454	0.737253	0.769698	0.753126	15
1.75	0.735072	0.768854	0.751583	0.215905	0.219120	0.217501	0.738400	0.765973	0.751934	15
1.73	0.739624	0.767980	0.753536	0.224548	0.229125	0.226814	0.737118	0.770224	0.753307	18
1.64	0.755858	0.742065	0.748898	0.219941	0.217409	0.218668	0.739493	0.753421	0.746392	19
1.76	0.744974	0.785791	0.764838	0.223697	0.238634	0.230924	0.749933	0.785043	0.767086	19
1.80	0.693747	0.750073	0.720811	0.230942	0.237474	0.234162	0.699000	0.747753	0.722555	19
1.80	0.701384	0.754926	0.727171	0.229397	0.236083	0.232692	0.704639	0.754353	0.728649	18
1.77	0.730991	0.773561	0.751674	0.233166	0.240485	0.236769	0.732893	0.773949	0.752862	19

Thu Jul 29 13:48:18 2021
23.57	0.037768	0.549383	0.070677	0.027603	0.326306	0.050900	0.037834	0.470000	0.070031	38
1.00	0.014090	0.008444	0.010560	0.006197	0.016552	0.009017	0.014090	0.007612	0.009884	12
1.00	0.207952	0.124624	0.155849	0.011714	0.018890	0.014460	0.207952	0.196777	0.202210	7
1.00	0.232003	0.139037	0.173873	0.004936	0.021277	0.008013	0.232003	0.232003	0.232003	1
1.00	0.232003	0.139037	0.173873	0.004936	0.021277	0.008013	0.232003	0.232003	0.232003	1
1.00	0.232003	0.139037	0.173873	0.004936	0.021277	0.008013	0.232003	0.232003	0.232003	1
1.00	0.232003	0.139037	0.173873	0.004936	0.021277	0.008013	0.232003	0.232003	0.232003	1
1.00	0.232003	0.139037	0.173873	0.004936	0.021277	0.008013	0.232003	0.232003	0.232003	1
1.00	0.232003	0.139037	0.173873	0.004937	0.021277	0.008014	0.232003	0.232003	0.232003	2
1.00	0.232003	0.139037	0.173873	0.004936	0.021277	0.008013	0.232003	0.232003	0.232003	1
1.00	0.232003	0.139037	0.173873	0.004936	0.021277	0.008013	0.232003	0.232003	0.232003	1
1.00	0.232003	0.139037	0.173873	0.004936	0.021277	0.008013	0.232003	0.232003	0.232003	1
1.00	0.232003	0.139037	0.173873	0.004936	0.021277	0.008013	0.232003	0.232003	0.232003	1
1.00	0.232003	0.139037	0.173873	0.004936	0.021277	0.008013	0.232003	0.232003	0.232003	1
1.00	0.232003	0.139037	0.173873	0.004936	0.021277	0.008013	0.232003	0.232003	0.232003	1
1.00	0.232003	0.139037	0.173873	0.004936	0.021277	0.008013	0.232003	0.232003	0.232003	1
1.00	0.232003	0.139037	0.173873	0.004936	0.021277	0.008013	0.232003	0.232003	0.232003	1
1.00	0.232003	0.139037	0.173873	0.004936	0.021277	0.008013	0.232003	0.232003	0.232003	1
1.00	0.331768	0.198826	0.248642	0.019979	0.025917	0.022564	0.331768	0.281764	0.304728	2
1.00	0.451454	0.270552	0.338340	0.027833	0.021366	0.024174	0.451454	0.238400	0.312027	2
1.00	0.232003	0.139037	0.173873	0.004936	0.021277	0.008013	0.232003	0.232003	0.232003	1
1.00	0.232003	0.139037	0.173873	0.004936	0.021277	0.008013	0.232003	0.232003	0.232003	1
1.00	0.232003	0.139037	0.173873	0.004936	0.021277	0.008013	0.232003	0.232003	0.232003	1
1.00	0.232003	0.139037	0.173873	0.004936	0.021277	0.008013	0.232003	0.232003	0.232003	1
1.00	0.232165	0.139134	0.173995	0.015576	0.021284	0.017988	0.232165	0.232084	0.232124	2
1.00	0.232003	0.139037	0.173873	0.004936	0.021277	0.008013	0.232003	0.232003	0.232003	1
1.00	0.232084	0.139086	0.173934	0.015575	0.021280	0.017986	0.232084	0.232043	0.232063	2
1.00	0.232974	0.139620	0.174602	0.019128	0.021322	0.020166	0.232974	0.232488	0.232731	2
1.00	0.413637	0.247889	0.309998	0.020784	0.029690	0.024451	0.413637	0.322496	0.362424	2
1.00	0.489351	0.293264	0.366743	0.021464	0.032801	0.025948	0.489351	0.357559	0.413201	2
1.00	0.395417	0.236970	0.296344	0.020690	0.028869	0.024104	0.395417	0.313507	0.349730	2
1.00	0.232327	0.139231	0.174116	0.021960	0.021292	0.021621	0.232327	0.232165	0.232245	2
1.00	0.232003	0.139037	0.173873	0.004936	0.021277	0.008013	0.232003	0.232003	0.232003	1
1.00	0.249737	0.149665	0.187164	0.020852	0.022114	0.021465	0.249737	0.240951	0.245265	2
1.00	0.473237	0.283607	0.354665	0.039580	0.034354	0.036782	0.473237	0.352255	0.403881	3
1.00	0.402948	0.241483	0.301988	0.039522	0.031331	0.034953	0.402948	0.317718	0.355293	3
1.00	0.500688	0.300058	0.375239	0.041859	0.034492	0.037820	0.500688	0.367074	0.423595	3
1.00	0.452135	0.271377	0.339176	0.059477	0.032361	0.041915	0.451494	0.343226	0.389985	4
1.08	0.588522	0.380229	0.461983	0.060285	0.044562	0.051244	0.565795	0.435987	0.492481	4
1.05	0.668445	0.419538	0.515519	0.083584	0.052625	0.064586	0.655883	0.469633	0.547348	5
1.02	0.685368	0.417354	0.518791	0.085912	0.054392	0.066611	0.680905	0.468216	0.554878	5
1.09	0.708981	0.462390	0.559730	0.085537	0.058917	0.069774	0.686574	0.504697	0.581751	5
1.34	0.731344	0.586431	0.650920	0.085576	0.091430	0.088406	0.703039	0.602316	0.648792	6
1.15	0.654036	0.450645	0.533617	0.087294	0.072181	0.079021	0.636138	0.494251	0.556289	6
1.35	0.689042	0.556925	0.615979	0.130670	0.089886	0.106507	0.664993	0.577132	0.617955	8
1.43	0.687638	0.590362	0.635298	0.128059	0.107856	0.117093	0.661794	0.602802	0.630922	8
1.45	0.710591	0.617344	0.660694	0.128025	0.105379	0.115603	0.681540	0.624990	0.652041	8
1.29	0.743307	0.575318	0.648612	0.127565	0.075260	0.094669	0.709963	0.594785	0.647290	8
1.51	0.738554	0.670096	0.702661	0.124394	0.111684	0.117697	0.720841	0.667949	0.693388	9
1.34	0.700506	0.563913	0.624832	0.129832	0.110598	0.119446	0.678624	0.598429	0.636009	9
1.45	0.709241	0.616034	0.659360	0.128307	0.123193	0.125698	0.696602	0.641671	0.668009	9
1.52	0.739121	0.675095	0.705659	0.131591	0.117871	0.124354	0.727360	0.693255	0.709898	9
1.60	0.755210	0.726293	0.740470	0.134688	0.130131	0.132371	0.748455	0.731922	0.740096	9
1.56	0.738513	0.691886	0.714440	0.169871	0.144127	0.155944	0.722096	0.704551	0.713216	11
1.65	0.756529	0.749296	0.752895	0.179655	0.139756	0.157214	0.751491	0.748968	0.750227	11
1.64	0.746940	0.734543	0.740690	0.187754	0.156173	0.170513	0.741949	0.737671	0.739804	12
1.48	0.749535	0.665583	0.705069	0.185950	0.138842	0.158979	0.731166	0.685116	0.707392	13
1.58	0.740145	0.701640	0.720379	0.180891	0.160646	0.170169	0.724256	0.699368	0.711594	13
1.64	0.760808	0.745560	0.753107	0.192748	0.155530	0.172150	0.757902	0.741841	0.749786	12
1.58	0.753807	0.713530	0.733116	0.196849	0.153321	0.172380	0.736267	0.726253	0.731226	13
1.67	0.742782	0.742890	0.742836	0.183328	0.162257	0.172150	0.739021	0.747307	0.743141	13
1.76	0.728984	0.768466	0.748205	0.192153	0.157109	0.172873	0.735984	0.764515	0.749978	13
1.66	0.721564	0.718237	0.719897	0.188844	0.161491	0.174100	0.712514	0.726739	0.719556	13
1.64	0.752142	0.737067	0.744528	0.175844	0.155208	0.164883	0.741693	0.745121	0.743403	12
1.71	0.736740	0.757013	0.746739	0.184180	0.181784	0.182974	0.735674	0.750223	0.742877	13
1.68	0.753132	0.758468	0.755791	0.177821	0.159799	0.168329	0.752220	0.758321	0.755258	12
1.74	0.738295	0.769824	0.753730	0.184296	0.183394	0.183844	0.743110	0.764232	0.753523	13
1.76	0.733441	0.771668	0.752069	0.180350	0.193853	0.186858	0.741572	0.765447	0.753320	13
1.71	0.736276	0.754392	0.745224	0.191556	0.181547	0.186418	0.737523	0.757389	0.747324	13
1.71	0.729361	0.749005	0.739052	0.191675	0.176096	0.183556	0.729128	0.747429	0.738165	13
1.66	0.712178	0.709793	0.710984	0.165850	0.176225	0.170880	0.703377	0.716333	0.709796	12
1.69	0.729105	0.739154	0.734095	0.189091	0.181825	0.185387	0.725646	0.741922	0.733694	13
1.62	0.747243	0.726682	0.736819	0.189662	0.181420	0.185449	0.735741	0.735080	0.735410	13
1.70	0.760730	0.776716	0.768640	0.192306	0.180850	0.186402	0.760439	0.768321	0.764360	13
1.69	0.729626	0.738620	0.734095	0.183565	0.188344	0.185924	0.723162	0.732893	0.727995	13
1.69	0.723977	0.731777	0.727856	0.164174	0.188806	0.175630	0.720679	0.734432	0.727491	12
1.74	0.734741	0.768223	0.751109	0.188861	0.188251	0.188556	0.738521	0.763463	0.750785	13
1.69	0.751645	0.759342	0.755474	0.190976	0.185365	0.188129	0.751208	0.761519	0.756328	13
1.68	0.761921	0.766913	0.764409	0.185992	0.181517	0.183727	0.760466	0.768726	0.764574	13
1.68	0.740826	0.746579	0.743691	0.209162	0.185137	0.196417	0.737253	0.752409	0.744754	14
1.71	0.721498	0.738620	0.729959	0.210087	0.193073	0.201221	0.721260	0.743947	0.732428	14
1.76	0.713327	0.753276	0.732757	0.209560	0.194361	0.201675	0.720463	0.754717	0.737192	14
1.79	0.732155	0.785985	0.758115	0.199461	0.209953	0.204573	0.741288	0.780549	0.760412	14
1.73	0.752359	0.781568	0.766686	0.203263	0.187245	0.194925	0.755581	0.778565	0.766901	14
1.67	0.748983	0.750510	0.749745	0.199206	0.188594	0.193755	0.744541	0.753664	0.749075	14
1.73	0.739444	0.766573	0.752764	0.220445	0.196955	0.208039	0.742233	0.766297	0.754073	16
1.76	0.744851	0.784577	0.764198	0.223072	0.193474	0.207222	0.751451	0.782533	0.766677	16
1.69	0.743566	0.751577	0.747550	0.199604	0.188311	0.193793	0.740154	0.757430	0.748692	14
1.78	0.733163	0.781908	0.756752	0.215028	0.216266	0.215645	0.740768	0.781278	0.760484	15
1.80	0.732657	0.792391	0.761354	0.214561	0.215340	0.214950	0.742280	0.787959	0.764438	16
1.77	0.732819	0.779336	0.755362	0.214971	0.209560	0.212231	0.739250	0.774557	0.756492	17
1.77	0.737330	0.780161	0.758141	0.229743	0.200045	0.213868	0.741072	0.778322	0.759241	17
1.74	0.746695	0.778366	0.762201	0.214405	0.200748	0.207352	0.746059	0.777958	0.761675	18
1.75	0.740919	0.778996	0.759481	0.192240	0.200776	0.196415	0.746828	0.776581	0.761414	15
1.78	0.721954	0.769533	0.744985	0.189652	0.200139	0.194754	0.726341	0.770143	0.747601	15
1.82	0.723244	0.788071	0.754267	0.191455	0.192502	0.191977	0.733433	0.784436	0.758078	15
1.81	0.713883	0.774823	0.743106	0.209999	0.206945	0.208461	0.720582	0.771156	0.745011	17
1.82	0.719847	0.785208	0.751108	0.212258	0.220445	0.216274	0.728448	0.777755	0.752294	18
1.76	0.739940	0.782636	0.760690	0.215712	0.205454	0.210458	0.744964	0.777350	0.760813	17
1.73	0.740245	0.767835	0.753788	0.211257	0.228982	0.219763	0.739601	0.771844	0.755379	19
1.82	0.731749	0.797729	0.763316	0.217718	0.230748	0.224044	0.742535	0.793141	0.767004	19
1.77	0.740265	0.783267	0.761159	0.217441	0.208337	0.212791	0.746120	0.779294	0.762346	17
1.75	0.735886	0.772348	0.753676	0.236307	0.209012	0.221823	0.740411	0.769576	0.754712	18
1.72	0.738424	0.763079	0.750549	0.211859	0.205573	0.208669	0.740171	0.766337	0.753027	16
1.74	0.745227	0.776618	0.760599	0.212409	0.215449	0.213918	0.747442	0.779010	0.762900	16
1.75	0.733007	0.770892	0.751472	0.212662	0.223046	0.217730	0.736288	0.774881	0.755091	17
1.77	0.754135	0.798748	0.775801	0.240103	0.224422	0.231998	0.762016	0.796583	0.778916	18
1.68	0.776773	0.783558	0.780151	0.235460	0.219158	0.227017	0.775771	0.780751	0.778253	18
1.67	0.780681	0.782879	0.781779	0.239372	0.205841	0.221343	0.777296	0.779132	0.778213	18
1.77	0.744389	0.790304	0.766660	0.214904	0.230048	0.222218	0.752544	0.786137	0.768974	18
1.74	0.707826	0.736921	0.722081	0.231631	0.228026	0.229815	0.708897	0.743987	0.726018	19
1.79	0.746036	0.799185	0.771696	0.261098	0.230015	0.244573	0.752960	0.796907	0.774310	20
1.81	0.742265	0.803358	0.771604	0.256277	0.244990	0.250506	0.750066	0.798729	0.773633	20
1.82	0.732386	0.798069	0.763818	0.248059	0.251663	0.249848	0.741943	0.792453	0.766366	20
1.75	0.723152	0.758808	0.740551	0.254931	0.231717	0.242770	0.725038	0.765770	0.744848	20
1.80	0.724214	0.779288	0.750742	0.250277	0.242873	0.246519	0.731038	0.779658	0.754565	20
1.78	0.743841	0.792682	0.767485	0.254075	0.245662	0.249798	0.749352	0.790226	0.769246	20
1.79	0.734683	0.787344	0.760102	0.236362	0.235382	0.235871	0.742658	0.786987	0.764180	18
1.79	0.735357	0.787780	0.760666	0.237112	0.236161	0.236636	0.744129	0.787959	0.765417	18
1.79	0.742896	0.795496	0.768297	0.261707	0.230310	0.245006	0.750837	0.792655	0.771180	20
1.81	0.741691	0.802485	0.770891	0.237409	0.236996	0.237202	0.751100	0.797716	0.773707	19
1.83	0.729014	0.797826	0.761869	0.256070	0.257019	0.256544	0.737071	0.792331	0.763703	20
1.82	0.717884	0.782927	0.748996	0.229832	0.256875	0.242602	0.723789	0.776055	0.749011	19
1.83	0.716383	0.783898	0.748621	0.240244	0.235898	0.238051	0.723148	0.784760	0.752695	19
1.83	0.718909	0.788023	0.751881	0.231366	0.255784	0.242963	0.726504	0.786501	0.755313	19
1.77	0.753264	0.797971	0.774974	0.251819	0.256413	0.254095	0.757625	0.794032	0.775402	21
1.71	0.769877	0.787586	0.778631	0.236612	0.232753	0.234667	0.766209	0.784315	0.775156	18
1.77	0.736030	0.780501	0.757614	0.234887	0.247660	0.241104	0.735869	0.774638	0.754756	19
1.84	0.718030	0.792391	0.753380	0.249654	0.270122	0.259485	0.722716	0.781359	0.750894	22
1.82	0.723073	0.788411	0.754330	0.233128	0.233659	0.233393	0.731455	0.778120	0.754066	19
1.84	0.726386	0.802388	0.762498	0.270453	0.251977	0.260888	0.739859	0.787432	0.762905	21
1.82	0.731651	0.796273	0.762595	0.246071	0.273723	0.259161	0.740269	0.787554	0.763180	21
1.82	0.727934	0.796079	0.760483	0.246046	0.267191	0.256183	0.736545	0.789821	0.762253	21
1.82	0.719326	0.785548	0.750980	0.247796	0.259067	0.253306	0.725040	0.780266	0.751640	21
1.82	0.695137	0.757546	0.725001	0.242932	0.271048	0.256221	0.701703	0.752935	0.726417	22
1.73	0.731043	0.757013	0.743801	0.253102	0.272163	0.262287	0.728210	0.758280	0.742941	23
1.73	0.764929	0.791323	0.777902	0.253651	0.252386	0.253017	0.764151	0.789214	0.776480	21
1.77	0.731243	0.775211	0.752585	0.248589	0.262908	0.255548	0.733345	0.774192	0.753215	21
1.78	0.719301	0.768660	0.743161	0.249132	0.258792	0.253870	0.721327	0.767147	0.743532	22
1.80	0.728162	0.787246	0.756553	0.267603	0.257492	0.262450	0.737211	0.784598	0.760167	21
1.80	0.720501	0.776376	0.747395	0.260962	0.260249	0.260605	0.725842	0.779739	0.751826	21
1.81	0.730095	0.792099	0.759834	0.269811	0.273132	0.271462	0.737713	0.789740	0.762841	21
1.77	0.736507	0.780113	0.757683	0.248569	0.262479	0.255335	0.740404	0.779010	0.759217	20
1.73	0.753986	0.782636	0.768044	0.258342	0.248916	0.253541	0.756818	0.778039	0.767282	20
1.79	0.743896	0.798408	0.770189	0.254902	0.255064	0.254983	0.752798	0.793344	0.772539	20
1.81	0.734418	0.797680	0.764743	0.274225	0.270846	0.272525	0.744002	0.795409	0.768847	22
1.79	0.737295	0.790644	0.763038	0.285028	0.285180	0.285104	0.741497	0.785529	0.762878	24
1.84	0.729025	0.802048	0.763795	0.280248	0.282570	0.281404	0.734412	0.783829	0.758316	23
1.89	0.716003	0.812288	0.761112	0.287506	0.273954	0.280566	0.730163	0.787108	0.757567	22
1.73	0.750035	0.777298	0.763423	0.267509	0.273487	0.270465	0.748569	0.774921	0.761517	22
1.71	0.741227	0.758565	0.749796	0.269857	0.262240	0.265994	0.738400	0.767754	0.752791	21
1.79	0.750748	0.804232	0.776570	0.264467	0.258727	0.261566	0.758692	0.801522	0.779519	21
1.82	0.745758	0.812676	0.777780	0.265720	0.272036	0.268841	0.755115	0.800834	0.777303	22
1.86	0.738013	0.820926	0.777265	0.259336	0.286996	0.272466	0.751876	0.808001	0.778929	22
1.77	0.720660	0.763467	0.741446	0.252429	0.281067	0.265979	0.720882	0.765811	0.742667	22
1.77	0.737699	0.782879	0.759618	0.264343	0.268062	0.266189	0.742145	0.782047	0.761574	22
1.79	0.729916	0.784432	0.756193	0.262330	0.278294	0.270076	0.733771	0.778079	0.755276	22
1.76	0.756173	0.798117	0.776579	0.259315	0.277506	0.268102	0.756863	0.794315	0.775137	22
1.76	0.758910	0.798796	0.778343	0.261203	0.270928	0.265977	0.759900	0.794437	0.776785	22
1.85	0.725828	0.804766	0.763261	0.262235	0.268810	0.265482	0.738629	0.793344	0.765009	22
1.86	0.730310	0.813598	0.769708	0.254753	0.277219	0.265512	0.744561	0.802818	0.772593	22

Thu Jul 29 14:32:00 2021
22.32	0.027560	0.379630	0.051389	0.018566	0.241540	0.034481	0.027594	0.437500	0.051914	32
1.00	0.232003	0.139037	0.173873	0.004940	0.021277	0.008019	0.232003	0.232003	0.232003	2
1.00	0.232003	0.139037	0.173873	0.004936	0.021277	0.008013	0.232003	0.232003	0.232003	1
1.00	0.232003	0.139037	0.173873	0.004936	0.021277	0.008013	0.232003	0.232003	0.232003	1
1.00	0.232003	0.139037	0.173873	0.004936	0.021277	0.008013	0.232003	0.232003	0.232003	1
1.00	0.232003	0.139037	0.173873	0.004936	0.021277	0.008013	0.232003	0.232003	0.232003	1
1.00	0.232003	0.139037	0.173873	0.004936	0.021277	0.008013	0.232003	0.232003	0.232003	1
1.00	0.232003	0.139037	0.173873	0.004936	0.021277	0.008013	0.232003	0.232003	0.232003	1
1.00	0.232003	0.139037	0.173873	0.004936	0.021277	0.008013	0.232003	0.232003	0.232003	1
1.00	0.232003	0.139037	0.173873	0.004936	0.021277	0.008013	0.232003	0.232003	0.232003	1
1.00	0.232003	0.139037	0.173873	0.004936	0.021277	0.008013	0.232003	0.232003	0.232003	1
1.00	0.232003	0.139037	0.173873	0.004936	0.021277	0.008013	0.232003	0.232003	0.232003	1
1.00	0.232003	0.139037	0.173873	0.004936	0.021277	0.008013	0.232003	0.232003	0.232003	1
1.00	0.232003	0.139037	0.173873	0.004936	0.021277	0.008013	0.232003	0.232003	0.232003	1
1.00	0.239372	0.143453	0.179396	0.020233	0.021625	0.020906	0.239372	0.235728	0.237536	2
1.00	0.232003	0.139037	0.173873	0.004936	0.021277	0.008013	0.232003	0.232003	0.232003	1
1.00	0.232003	0.139037	0.173873	0.004936	0.021277	0.008013	0.232003	0.232003	0.232003	1
1.00	0.232003	0.139037	0.173873	0.004936	0.021277	0.008013	0.232003	0.232003	0.232003	1
1.00	0.232003	0.139037	0.173873	0.004936	0.021277	0.008013	0.232003	0.232003	0.232003	1
1.00	0.232003	0.139037	0.173873	0.004936	0.021277	0.008013	0.232003	0.232003	0.232003	1
1.00	0.232003	0.139037	0.173873	0.004936	0.021277	0.008013	0.232003	0.232003	0.232003	1
1.00	0.232003	0.139037	0.173873	0.004936	0.021277	0.008013	0.232003	0.232003	0.232003	1
1.00	0.232003	0.139037	0.173873	0.004936	0.021277	0.008013	0.232003	0.232003	0.232003	1
1.00	0.232003	0.139037	0.173873	0.004936	0.021277	0.008013	0.232003	0.232003	0.232003	1
1.00	0.233055	0.139668	0.174662	0.022230	0.021326	0.021769	0.233055	0.232529	0.232792	2
1.00	0.232003	0.139037	0.173873	0.004936	0.021277	0.008013	0.232003	0.232003	0.232003	1
1.00	0.232003	0.139037	0.173873	0.004936	0.021277	0.008013	0.232003	0.232003	0.232003	1
1.00	0.232003	0.139037	0.173873	0.004936	0.021277	0.008013	0.232003	0.232003	0.232003	1
1.00	0.232003	0.139037	0.173873	0.004936	0.021277	0.008013	0.232003	0.232003	0.232003	1
1.00	0.232812	0.139522	0.174480	0.020139	0.021315	0.020710	0.232812	0.232448	0.232630	2
1.00	0.435663	0.261089	0.326506	0.021413	0.030611	0.025199	0.435663	0.332618	0.377230	2
1.00	0.289173	0.173299	0.216720	0.032478	0.023953	0.027572	0.289173	0.260628	0.274160	3
1.00	0.232003	0.139037	0.173873	0.004936	0.021277	0.008013	0.232003	0.232003	0.232003	1
1.00	0.232488	0.139328	0.174238	0.023176	0.021300	0.022198	0.232488	0.232286	0.232387	2
1.00	0.474208	0.284189	0.355394	0.043251	0.032566	0.037156	0.474208	0.353510	0.405059	3
1.00	0.414689	0.248520	0.310787	0.042830	0.030906	0.035904	0.414689	0.323832	0.363672	3
1.00	0.514050	0.308066	0.385253	0.042714	0.039173	0.040867	0.514050	0.375051	0.433685	3
1.00	0.705173	0.422741	0.528596	0.065059	0.053215	0.058544	0.705077	0.469917	0.563965	4
1.01	0.643242	0.387800	0.483878	0.065810	0.048376	0.055762	0.641186	0.443680	0.524454	4
1.00	0.630370	0.379550	0.473813	0.067091	0.050683	0.057744	0.630820	0.436311	0.515839	5
1.10	0.607929	0.399641	0.482256	0.088517	0.057952	0.070045	0.617850	0.452061	0.522111	6
1.05	0.713624	0.448656	0.550937	0.087789	0.057082	0.069181	0.706899	0.490728	0.579304	6
1.11	0.700746	0.464670	0.558798	0.108707	0.061915	0.078895	0.677450	0.506195	0.579434	7
1.13	0.600071	0.407697	0.485523	0.129663	0.068179	0.089367	0.590223	0.457891	0.515703	8
1.44	0.707634	0.611375	0.655992	0.127876	0.109122	0.117757	0.687815	0.625557	0.655210	8
1.56	0.697355	0.649908	0.672796	0.128656	0.105131	0.115710	0.672646	0.638513	0.655135	8
1.26	0.645128	0.486460	0.554670	0.129253	0.082761	0.100909	0.616312	0.525346	0.567205	8
1.52	0.739989	0.674415	0.705682	0.140524	0.123144	0.131261	0.714160	0.677059	0.695115	9
1.49	0.735654	0.656362	0.693750	0.139985	0.119900	0.129167	0.704430	0.668273	0.685875	9
1.56	0.720727	0.675677	0.697475	0.134649	0.123890	0.129046	0.699611	0.686533	0.693011	9
1.66	0.719428	0.717752	0.718589	0.154695	0.139337	0.146615	0.714727	0.718398	0.716558	10
1.65	0.726519	0.718868	0.722673	0.159824	0.138275	0.148271	0.718182	0.720180	0.719180	10
1.56	0.674450	0.630787	0.651888	0.151863	0.146301	0.149030	0.659163	0.650336	0.654720	10
1.64	0.732984	0.719111	0.725981	0.177986	0.147234	0.161156	0.724256	0.725200	0.724728	11
1.65	0.738064	0.731437	0.734736	0.164636	0.152170	0.158158	0.732907	0.733784	0.733345	11
1.67	0.728955	0.728283	0.728619	0.167273	0.157036	0.161993	0.726725	0.731476	0.729093	11
1.71	0.710130	0.727361	0.718642	0.171501	0.158912	0.164967	0.710530	0.731598	0.720910	11
1.69	0.719524	0.728429	0.723949	0.168421	0.160967	0.164610	0.711947	0.732367	0.722013	11
1.70	0.707106	0.721004	0.713987	0.160386	0.153331	0.156779	0.702378	0.714349	0.708313	11
1.70	0.721399	0.736873	0.729054	0.156538	0.150307	0.153359	0.719707	0.736011	0.727768	10
1.73	0.698642	0.726342	0.712223	0.158239	0.163099	0.160632	0.699233	0.718763	0.708864	11
1.61	0.730201	0.705183	0.717474	0.156499	0.141195	0.148454	0.713607	0.718560	0.716075	10
1.71	0.728930	0.745026	0.736890	0.189806	0.155249	0.170797	0.726024	0.747955	0.736826	13
1.72	0.705749	0.726779	0.716110	0.182331	0.168588	0.175190	0.707385	0.731031	0.719014	13
1.73	0.719559	0.747355	0.733194	0.178093	0.155238	0.165882	0.718682	0.752247	0.735081	11
1.74	0.728814	0.761671	0.744880	0.165447	0.167320	0.166378	0.730505	0.760669	0.745282	11
1.74	0.727692	0.758663	0.742854	0.165701	0.164388	0.165042	0.728318	0.757430	0.742589	11
1.71	0.725507	0.744977	0.735113	0.178871	0.169394	0.174004	0.722474	0.749615	0.735795	12
1.71	0.730700	0.749636	0.740047	0.182872	0.179409	0.181124	0.731895	0.751964	0.741794	12
1.69	0.709225	0.717073	0.713127	0.193603	0.172692	0.182550	0.706198	0.730059	0.717930	13
1.74	0.727898	0.760361	0.743775	0.190677	0.176181	0.183143	0.731746	0.761884	0.746511	12
1.76	0.722232	0.762399	0.741773	0.200930	0.185613	0.192968	0.724971	0.755000	0.739681	13
1.70	0.735347	0.750121	0.742661	0.191234	0.174268	0.182357	0.733123	0.755567	0.744176	12
1.74	0.731970	0.762448	0.746898	0.184106	0.183217	0.183660	0.734189	0.760466	0.747097	13
1.75	0.734876	0.772251	0.753100	0.185502	0.182917	0.184200	0.738589	0.767957	0.752987	12
1.69	0.733567	0.741435	0.737480	0.184719	0.186150	0.185432	0.734189	0.746579	0.740332	13
1.73	0.731242	0.760021	0.745354	0.206605	0.189561	0.197717	0.734405	0.751194	0.742705	14
1.73	0.730134	0.758905	0.744241	0.206483	0.194072	0.200085	0.731989	0.748725	0.740262	14
1.68	0.737376	0.740561	0.738965	0.205474	0.187182	0.195902	0.731503	0.746943	0.739143	14
1.78	0.734820	0.785208	0.759179	0.202688	0.197152	0.199881	0.742395	0.779942	0.760705	15
1.77	0.713365	0.757643	0.734838	0.183414	0.198816	0.190804	0.715348	0.742611	0.728724	13
1.64	0.748964	0.736970	0.742919	0.181194	0.178601	0.179888	0.736416	0.735809	0.736112	13
1.64	0.760574	0.748762	0.754622	0.202591	0.189190	0.195661	0.750101	0.747065	0.748580	15
1.69	0.740473	0.749636	0.745026	0.227670	0.197428	0.211474	0.733055	0.741113	0.737062	15
1.66	0.758115	0.752596	0.755346	0.216194	0.190635	0.202612	0.749642	0.749049	0.749345	14
1.67	0.748086	0.749248	0.748667	0.203249	0.199105	0.201156	0.743704	0.747996	0.745844	14
1.76	0.723676	0.765117	0.743820	0.218368	0.212822	0.215560	0.729789	0.758563	0.743898	16
1.78	0.717386	0.766718	0.741232	0.219720	0.206217	0.212755	0.723216	0.761884	0.742047	17
1.77	0.724837	0.766767	0.745213	0.203931	0.194911	0.199319	0.729870	0.763544	0.746327	15
1.76	0.714391	0.752839	0.733111	0.197017	0.205477	0.201158	0.717359	0.749008	0.732842	15
1.71	0.730211	0.746724	0.738375	0.197346	0.193297	0.195301	0.727751	0.745000	0.736274	14
1.71	0.735918	0.752596	0.744164	0.214734	0.200007	0.207109	0.733717	0.749980	0.741759	17
1.78	0.728647	0.776667	0.751891	0.218765	0.203446	0.210827	0.736342	0.768767	0.752205	16
1.79	0.695859	0.746918	0.720485	0.233427	0.220553	0.226807	0.701096	0.733784	0.717068	17
1.78	0.702306	0.747840	0.724358	0.231185	0.210185	0.220186	0.704551	0.733946	0.718948	17
1.68	0.752871	0.757110	0.754984	0.223449	0.179868	0.199304	0.749507	0.754838	0.752164	15
1.61	0.774955	0.747501	0.760980	0.203133	0.189856	0.196270	0.763638	0.755486	0.759540	15
1.77	0.722520	0.765893	0.743575	0.232144	0.235168	0.233646	0.730274	0.767592	0.748468	19
