
Thu Jul 29 21:02:57 2021
16.61	0.053265	0.546296	0.097066	0.026821	0.281038	0.048969	0.053209	0.590000	0.097614	28
1.00	0.360353	0.215957	0.270065	0.043458	0.027169	0.033435	0.360353	0.250628	0.295638	9
1.00	0.232165	0.139134	0.173995	0.019122	0.021284	0.020145	0.232165	0.232084	0.232124	3
1.00	0.232003	0.139037	0.173873	0.004936	0.021277	0.008013	0.232003	0.232003	0.232003	1
1.00	0.232003	0.139037	0.173873	0.004936	0.021277	0.008013	0.232003	0.232003	0.232003	1
1.00	0.232003	0.139037	0.173873	0.004936	0.021277	0.008013	0.232003	0.232003	0.232003	1
1.00	0.232003	0.139037	0.173873	0.004936	0.021277	0.008013	0.232003	0.232003	0.232003	1
1.00	0.232003	0.139037	0.173873	0.004936	0.021277	0.008013	0.232003	0.232003	0.232003	1
1.00	0.232003	0.139037	0.173873	0.004936	0.021277	0.008013	0.232003	0.232003	0.232003	1
1.00	0.232003	0.139037	0.173873	0.004936	0.021277	0.008013	0.232003	0.232003	0.232003	1
1.00	0.232003	0.139037	0.173873	0.004936	0.021277	0.008013	0.232003	0.232003	0.232003	1
1.00	0.232003	0.139037	0.173873	0.004936	0.021277	0.008013	0.232003	0.232003	0.232003	1
1.00	0.503037	0.301466	0.376999	0.021099	0.032241	0.025506	0.503037	0.354320	0.415780	2
1.00	0.232003	0.139037	0.173873	0.004936	0.021277	0.008013	0.232003	0.232003	0.232003	1
1.00	0.232003	0.139037	0.173873	0.004936	0.021277	0.008013	0.232003	0.232003	0.232003	1
1.00	0.232003	0.139037	0.173873	0.004936	0.021277	0.008013	0.232003	0.232003	0.232003	1
1.00	0.232003	0.139037	0.173873	0.004936	0.021277	0.008013	0.232003	0.232003	0.232003	1
1.00	0.232003	0.139037	0.173873	0.004936	0.021277	0.008013	0.232003	0.232003	0.232003	1
1.00	0.232003	0.139037	0.173873	0.004936	0.021277	0.008013	0.232003	0.232003	0.232003	1
1.00	0.237347	0.142240	0.177879	0.013265	0.021529	0.016416	0.237347	0.234715	0.236024	2
1.00	0.232003	0.139037	0.173873	0.004936	0.021277	0.008013	0.232003	0.232003	0.232003	1
1.00	0.232003	0.139037	0.173873	0.004936	0.021277	0.008013	0.232003	0.232003	0.232003	1
1.00	0.232003	0.139037	0.173873	0.004936	0.021277	0.008013	0.232003	0.232003	0.232003	1
1.00	0.232003	0.139037	0.173873	0.004936	0.021277	0.008013	0.232003	0.232003	0.232003	1
1.00	0.390720	0.234155	0.292824	0.019264	0.028607	0.023024	0.390720	0.311240	0.346480	2
1.00	0.530164	0.317723	0.397330	0.022258	0.033220	0.026656	0.530164	0.364807	0.432210	2
1.00	0.251518	0.150733	0.188499	0.015400	0.022195	0.018184	0.251518	0.241841	0.246585	2
1.00	0.292655	0.175386	0.219329	0.017218	0.024120	0.020093	0.292655	0.262531	0.276776	2
1.00	0.232003	0.139037	0.173873	0.004936	0.021277	0.008013	0.232003	0.232003	0.232003	1
1.00	0.236375	0.141658	0.177151	0.014559	0.021483	0.017356	0.236375	0.234189	0.235277	2
1.00	0.533485	0.319713	0.399818	0.022467	0.034345	0.027164	0.533485	0.376751	0.441624	2
1.00	0.513807	0.307920	0.385071	0.062668	0.036270	0.045947	0.513807	0.373431	0.432514	4
1.00	0.408373	0.244735	0.306054	0.058931	0.037484	0.045822	0.408373	0.320755	0.359299	4
1.00	0.553243	0.331554	0.414626	0.058060	0.048413	0.052800	0.553243	0.391489	0.458519	4
1.00	0.407968	0.244492	0.305750	0.060776	0.039181	0.047645	0.407968	0.321038	0.359320	4
1.00	0.579433	0.347277	0.434276	0.064682	0.048333	0.055325	0.579440	0.409021	0.479540	5
1.14	0.625106	0.427740	0.507924	0.105370	0.076813	0.088853	0.624720	0.474249	0.539183	7
1.03	0.663256	0.408910	0.505914	0.086046	0.056219	0.068006	0.655100	0.459835	0.540368	6
1.05	0.660194	0.415801	0.510243	0.082981	0.055351	0.066406	0.644870	0.464977	0.540344	6
1.13	0.619246	0.419101	0.499884	0.085522	0.065786	0.074367	0.610616	0.468823	0.530407	6
1.09	0.624590	0.406775	0.492682	0.084388	0.056025	0.067342	0.603463	0.458863	0.521322	6
1.22	0.686005	0.500971	0.579065	0.114051	0.076166	0.091335	0.666883	0.536967	0.594914	8
1.48	0.680408	0.601524	0.638539	0.140940	0.091837	0.111209	0.652387	0.616892	0.634143	9
1.33	0.638774	0.508638	0.566326	0.125758	0.077365	0.095797	0.610940	0.544295	0.575695	9
1.34	0.700995	0.560905	0.623174	0.110197	0.082652	0.094458	0.681175	0.590655	0.632694	8
1.73	0.628730	0.653353	0.640805	0.132642	0.120702	0.126391	0.620833	0.674022	0.646335	9
1.56	0.668172	0.624721	0.645716	0.150156	0.131025	0.139939	0.648730	0.651429	0.650077	10
1.60	0.714026	0.685334	0.699386	0.173801	0.142067	0.156340	0.708465	0.695158	0.701748	12
1.59	0.692084	0.658934	0.675103	0.152878	0.144622	0.148635	0.677761	0.676614	0.677187	11
1.63	0.657743	0.643890	0.650743	0.152540	0.131568	0.141280	0.634815	0.663616	0.648896	11
1.62	0.703390	0.681646	0.692347	0.153016	0.156446	0.154712	0.684900	0.684347	0.684623	12
1.54	0.735006	0.678006	0.705357	0.197073	0.139272	0.163206	0.719033	0.687181	0.702746	12
1.66	0.698688	0.694992	0.696835	0.191548	0.153924	0.170687	0.684388	0.691352	0.687852	12
1.64	0.735411	0.724740	0.730037	0.186600	0.143166	0.162023	0.726064	0.732084	0.729061	12
1.59	0.720411	0.687373	0.703504	0.177974	0.166420	0.172003	0.706663	0.693578	0.700060	12
1.61	0.744292	0.716587	0.730177	0.195702	0.153954	0.172336	0.730990	0.719734	0.725319	12
1.67	0.738077	0.740512	0.739293	0.189797	0.152290	0.168987	0.731152	0.732367	0.731759	13
1.68	0.720672	0.726827	0.723736	0.189696	0.155845	0.171112	0.714214	0.722771	0.718467	13
1.63	0.652921	0.636222	0.644464	0.167514	0.163385	0.165423	0.637582	0.641509	0.639540	13
1.67	0.688890	0.689993	0.689441	0.201438	0.144701	0.168419	0.681823	0.705928	0.693666	13
1.69	0.724400	0.734349	0.729341	0.180371	0.161253	0.170277	0.722663	0.733541	0.728061	13
1.72	0.726635	0.748957	0.737627	0.179830	0.167558	0.173477	0.725254	0.744676	0.734837	13
1.65	0.719829	0.712948	0.716372	0.188612	0.168808	0.178161	0.707615	0.719532	0.713524	13
1.69	0.728534	0.736630	0.732560	0.167185	0.167322	0.167253	0.721084	0.734189	0.727578	13
1.69	0.725767	0.735805	0.730752	0.191151	0.162955	0.175930	0.716468	0.725848	0.721128	13
1.69	0.725877	0.734155	0.729993	0.178103	0.171727	0.174857	0.715996	0.730181	0.723019	13
1.64	0.723485	0.710424	0.716895	0.180427	0.174466	0.177397	0.710003	0.717791	0.713876	13
1.67	0.730676	0.733087	0.731880	0.182388	0.177996	0.180165	0.723932	0.739291	0.731531	13
1.74	0.732957	0.763370	0.747855	0.183182	0.186767	0.184957	0.735053	0.760304	0.747465	14
1.72	0.729249	0.752111	0.740504	0.172928	0.177148	0.175013	0.727252	0.750223	0.738559	12
1.71	0.735513	0.754538	0.744904	0.167526	0.185426	0.176022	0.732650	0.751842	0.742122	12
1.72	0.726132	0.747064	0.736449	0.179725	0.188783	0.184143	0.723588	0.746862	0.735041	14
1.72	0.724112	0.744880	0.734349	0.174921	0.190517	0.182386	0.720106	0.747915	0.733747	13
1.74	0.720838	0.749733	0.735002	0.175171	0.189882	0.182230	0.718432	0.750425	0.734080	13
1.65	0.721070	0.711832	0.716421	0.172726	0.186831	0.179502	0.707912	0.722569	0.715165	13
1.62	0.722892	0.701106	0.711833	0.167071	0.181996	0.174214	0.706791	0.715321	0.711031	13
1.77	0.728659	0.772154	0.749776	0.171412	0.191337	0.180827	0.732819	0.768848	0.750401	13
1.82	0.706866	0.771426	0.737736	0.172391	0.199601	0.185001	0.714604	0.759454	0.736347	13
1.74	0.691749	0.720955	0.706050	0.164431	0.191850	0.177085	0.685757	0.715524	0.700324	13
1.64	0.723480	0.710279	0.716819	0.170196	0.175045	0.172586	0.709072	0.719734	0.714364	13
1.72	0.704967	0.727992	0.716295	0.192314	0.188503	0.190390	0.702648	0.725241	0.713766	14
1.73	0.697523	0.724401	0.710708	0.212611	0.196885	0.204446	0.696352	0.725565	0.710658	15
1.71	0.710265	0.729982	0.719989	0.213780	0.193065	0.202895	0.704106	0.741760	0.722443	14
1.77	0.705076	0.748908	0.726331	0.206152	0.220814	0.213231	0.703950	0.747915	0.725267	17
1.80	0.727240	0.783849	0.754484	0.195678	0.203990	0.199747	0.734472	0.779577	0.756353	14
1.76	0.728797	0.767738	0.747761	0.197767	0.199943	0.198849	0.729425	0.769617	0.748982	14
1.74	0.727900	0.758032	0.742660	0.195450	0.214515	0.204539	0.727738	0.756134	0.741664	16
1.68	0.731820	0.735514	0.733663	0.204715	0.199344	0.201994	0.725497	0.741882	0.733598	14
1.68	0.752343	0.759682	0.755994	0.203096	0.203200	0.203148	0.744811	0.761195	0.752914	16
1.71	0.749634	0.769970	0.759666	0.202209	0.205478	0.203831	0.745040	0.772451	0.758498	15
1.83	0.724998	0.797195	0.759384	0.220709	0.230739	0.225613	0.735377	0.784638	0.759209	17
1.74	0.711607	0.740270	0.725655	0.201948	0.203579	0.202761	0.707891	0.742125	0.724604	15
1.70	0.712820	0.728040	0.720350	0.209641	0.195526	0.202338	0.705583	0.736740	0.720825	15
1.80	0.720063	0.777686	0.747766	0.226672	0.218835	0.222685	0.724816	0.774759	0.748956	17
1.86	0.713081	0.796030	0.752276	0.224357	0.231709	0.227973	0.726746	0.784355	0.754452	16
1.73	0.733411	0.761671	0.747274	0.227516	0.210094	0.218458	0.732860	0.765811	0.748973	16
1.77	0.744939	0.791177	0.767362	0.231054	0.220975	0.225902	0.750445	0.783181	0.766464	17
1.77	0.735546	0.779773	0.757014	0.218726	0.231097	0.224742	0.739291	0.776824	0.757593	18
1.73	0.721808	0.747064	0.734219	0.230454	0.212722	0.221233	0.718250	0.753016	0.735222	16
1.70	0.732087	0.744735	0.738356	0.208377	0.210861	0.209611	0.724836	0.746943	0.735723	15
1.71	0.765177	0.782927	0.773951	0.210637	0.213807	0.212210	0.763044	0.777917	0.770409	15
1.71	0.751879	0.772057	0.761834	0.248633	0.235391	0.241831	0.749096	0.773261	0.760987	18
1.71	0.744449	0.761429	0.752843	0.252074	0.238304	0.244996	0.739648	0.765649	0.752424	18
1.74	0.742681	0.773173	0.757620	0.247472	0.234378	0.240747	0.741497	0.776176	0.758441	19
1.83	0.733827	0.803698	0.767175	0.255715	0.242594	0.248982	0.745155	0.797150	0.770276	19
1.77	0.734090	0.778657	0.755717	0.254134	0.242780	0.248327	0.739048	0.777958	0.758004	19
1.68	0.750832	0.755460	0.753139	0.261452	0.229639	0.244515	0.742516	0.761641	0.751957	18
1.68	0.750939	0.756770	0.753843	0.264519	0.215468	0.237487	0.746363	0.762896	0.754539	17
1.74	0.736546	0.768466	0.752167	0.251075	0.221686	0.235467	0.737509	0.771560	0.754151	16
1.81	0.728861	0.789770	0.758094	0.265085	0.243692	0.253939	0.737597	0.784557	0.760353	21
1.83	0.726879	0.797923	0.760746	0.262502	0.252184	0.257240	0.737091	0.786339	0.760919	21
1.81	0.728497	0.790401	0.758187	0.226134	0.241868	0.233736	0.736409	0.784234	0.759569	17
1.80	0.706267	0.760798	0.732519	0.243747	0.237988	0.240833	0.709282	0.765487	0.736313	18
1.76	0.721907	0.760410	0.740658	0.234638	0.248355	0.241302	0.722515	0.764030	0.742692	19
1.75	0.745969	0.783655	0.764348	0.260624	0.250295	0.255355	0.747982	0.779253	0.763298	19
1.72	0.744116	0.768708	0.756212	0.260769	0.237091	0.248367	0.742327	0.772735	0.757226	19
1.81	0.706819	0.767155	0.735752	0.273690	0.252810	0.262836	0.712078	0.765609	0.737874	22
1.77	0.730564	0.775696	0.752454	0.278911	0.242068	0.259187	0.733271	0.779010	0.755449	21
1.72	0.742260	0.765602	0.753751	0.237515	0.239486	0.238496	0.740505	0.771520	0.755695	18
1.79	0.725919	0.780452	0.752198	0.239069	0.248119	0.243510	0.732528	0.774881	0.753109	19
1.80	0.721027	0.775648	0.747341	0.240784	0.239908	0.240345	0.727515	0.766013	0.746268	18
1.72	0.748706	0.771960	0.760155	0.241426	0.231507	0.236362	0.746646	0.771196	0.758723	18
1.80	0.738557	0.795545	0.765992	0.283649	0.243739	0.262184	0.744460	0.789011	0.766088	20
1.80	0.733187	0.792536	0.761707	0.263901	0.234215	0.248173	0.740465	0.789011	0.763968	19
1.85	0.730574	0.811269	0.768810	0.260643	0.233500	0.246326	0.743684	0.796583	0.769225	19
1.78	0.733072	0.780743	0.756157	0.266681	0.231355	0.247765	0.735823	0.778646	0.756629	19
1.81	0.718251	0.777298	0.746609	0.285038	0.249197	0.265915	0.720332	0.779294	0.748654	21
1.89	0.715666	0.808988	0.759471	0.284193	0.262239	0.272775	0.725767	0.787594	0.755418	21
1.83	0.733097	0.802970	0.766444	0.288932	0.256415	0.271704	0.739992	0.786946	0.762748	21
1.78	0.728053	0.777589	0.752006	0.288043	0.253180	0.269489	0.730282	0.774314	0.751653	21
1.77	0.705107	0.749830	0.726781	0.265230	0.252056	0.258475	0.707696	0.750790	0.728606	20
1.79	0.744661	0.800349	0.771501	0.304817	0.259714	0.280463	0.751080	0.796299	0.773029	22
1.77	0.747084	0.792730	0.769231	0.275028	0.245016	0.259156	0.752510	0.792777	0.772119	20
1.80	0.737634	0.797486	0.766393	0.269462	0.250910	0.259855	0.745634	0.792655	0.768426	20
1.82	0.730277	0.796904	0.762137	0.294623	0.265754	0.279445	0.739628	0.791117	0.764506	22
1.83	0.733289	0.804426	0.767212	0.294948	0.261705	0.277334	0.743748	0.798486	0.770146	22
1.75	0.739852	0.773998	0.756540	0.300548	0.259166	0.278327	0.737988	0.778444	0.757676	22
1.77	0.741663	0.786761	0.763546	0.313770	0.249501	0.277969	0.745823	0.790104	0.767325	23
1.86	0.726725	0.808405	0.765392	0.290458	0.283240	0.286803	0.740187	0.804316	0.770920	24

Thu Jul 29 21:46:50 2021
21.54	0.036908	0.490741	0.068653	0.022121	0.302759	0.041229	0.037374	0.537500	0.069888	33
1.00	0.230234	0.138067	0.172618	0.005748	0.021267	0.009049	0.230383	0.230140	0.230261	4
1.00	0.232003	0.139037	0.173873	0.004936	0.021277	0.008013	0.232003	0.232003	0.232003	1
1.00	0.232003	0.139037	0.173873	0.004936	0.021277	0.008013	0.232003	0.232003	0.232003	1
1.00	0.232003	0.139037	0.173873	0.004936	0.021277	0.008013	0.232003	0.232003	0.232003	1
1.00	0.232003	0.139037	0.173873	0.004936	0.021277	0.008013	0.232003	0.232003	0.232003	1
1.00	0.232003	0.139037	0.173873	0.004936	0.021277	0.008013	0.232003	0.232003	0.232003	1
1.00	0.232003	0.139037	0.173873	0.004936	0.021277	0.008013	0.232003	0.232003	0.232003	1
1.00	0.232003	0.139037	0.173873	0.004936	0.021277	0.008013	0.232003	0.232003	0.232003	1
1.00	0.232003	0.139037	0.173873	0.004936	0.021277	0.008013	0.232003	0.232003	0.232003	1
1.00	0.232003	0.139037	0.173873	0.004936	0.021277	0.008013	0.232003	0.232003	0.232003	1
1.00	0.232003	0.139037	0.173873	0.004936	0.021277	0.008013	0.232003	0.232003	0.232003	1
1.00	0.232003	0.139037	0.173873	0.004936	0.021277	0.008013	0.232003	0.232003	0.232003	1
1.00	0.232003	0.139037	0.173873	0.004936	0.021277	0.008013	0.232003	0.232003	0.232003	1
1.00	0.308851	0.185092	0.231467	0.019480	0.024881	0.021852	0.308851	0.271075	0.288732	2
1.00	0.232003	0.139037	0.173873	0.004936	0.021277	0.008013	0.232003	0.232003	0.232003	1
1.00	0.232003	0.139037	0.173873	0.004936	0.021277	0.008013	0.232003	0.232003	0.232003	1
1.00	0.232003	0.139037	0.173873	0.004936	0.021277	0.008013	0.232003	0.232003	0.232003	1
1.00	0.232003	0.139037	0.173873	0.004936	0.021277	0.008013	0.232003	0.232003	0.232003	1
1.00	0.232003	0.139037	0.173873	0.004936	0.021277	0.008013	0.232003	0.232003	0.232003	1
1.00	0.232003	0.139037	0.173873	0.004936	0.021277	0.008013	0.232003	0.232003	0.232003	1
1.00	0.235971	0.141415	0.176847	0.017840	0.021464	0.019485	0.235971	0.234027	0.234995	2
1.00	0.233298	0.139814	0.174844	0.017555	0.021338	0.019263	0.233298	0.232650	0.232974	2
1.00	0.232003	0.139037	0.173873	0.004937	0.021277	0.008014	0.232003	0.232003	0.232003	2
1.00	0.232084	0.139086	0.173934	0.015575	0.021280	0.017986	0.232084	0.232043	0.232063	2
1.00	0.232003	0.139037	0.173873	0.004936	0.021277	0.008013	0.232003	0.232003	0.232003	1
1.00	0.232003	0.139037	0.173873	0.004936	0.021277	0.008013	0.232003	0.232003	0.232003	1
1.00	0.232084	0.139086	0.173934	0.015575	0.021280	0.017986	0.232084	0.232043	0.232063	2
1.00	0.269738	0.161652	0.202154	0.018477	0.023052	0.020512	0.269738	0.251032	0.260049	2
1.00	0.409183	0.245220	0.306661	0.020029	0.029501	0.023859	0.409183	0.321281	0.359943	2
1.00	0.247307	0.148209	0.185344	0.017481	0.021999	0.019481	0.247307	0.239736	0.243463	2
1.00	0.444975	0.266670	0.333485	0.020459	0.031134	0.024692	0.444975	0.339785	0.385330	2
1.00	0.500850	0.300155	0.375360	0.040829	0.035167	0.037787	0.500850	0.367601	0.424003	3
1.00	0.587902	0.352325	0.440601	0.041491	0.048022	0.044518	0.587902	0.409547	0.482779	3
1.00	0.502956	0.301417	0.376938	0.043269	0.042017	0.042634	0.502956	0.369423	0.425969	3
1.03	0.606687	0.373386	0.462269	0.063607	0.047309	0.054261	0.604111	0.429954	0.502367	4
1.00	0.594239	0.357420	0.446364	0.066571	0.049322	0.056663	0.594097	0.416916	0.489981	5
1.14	0.641702	0.437009	0.519934	0.064713	0.060022	0.062279	0.638567	0.482266	0.549518	5
1.15	0.714537	0.492090	0.582809	0.067092	0.060683	0.063727	0.692742	0.526966	0.598588	5
1.13	0.666714	0.450937	0.537996	0.067226	0.057533	0.062003	0.649972	0.495263	0.562167	5
1.22	0.559699	0.410851	0.473861	0.105811	0.076053	0.088498	0.553743	0.458823	0.501833	7
1.29	0.649272	0.501747	0.566055	0.107253	0.077436	0.089937	0.630699	0.532675	0.577557	7
1.37	0.705676	0.577356	0.635099	0.086597	0.078760	0.082493	0.676020	0.593773	0.632233	6
1.20	0.643064	0.463215	0.538520	0.108711	0.065580	0.081809	0.613464	0.506073	0.554618	7
1.36	0.713519	0.580656	0.640267	0.121971	0.086896	0.101488	0.679353	0.599239	0.636786	8
1.28	0.696277	0.533679	0.604231	0.125043	0.084436	0.100804	0.665573	0.561867	0.609339	8
1.47	0.716203	0.629380	0.669990	0.125091	0.091270	0.105537	0.697560	0.639161	0.667085	8
1.42	0.731381	0.622877	0.672782	0.134078	0.118230	0.125656	0.708344	0.642805	0.673985	9
1.53	0.732269	0.669902	0.699698	0.146989	0.127235	0.136400	0.710624	0.683618	0.696860	10
1.58	0.710214	0.673542	0.691392	0.130853	0.121805	0.126167	0.687573	0.684266	0.685915	9
1.67	0.693352	0.693924	0.693638	0.159067	0.147614	0.153127	0.687971	0.702769	0.695291	11
1.59	0.712348	0.680578	0.696101	0.170321	0.134182	0.150107	0.699787	0.697060	0.698421	11
1.62	0.723945	0.703533	0.713593	0.172095	0.134744	0.151146	0.713877	0.710543	0.712206	11
1.62	0.734769	0.715229	0.724867	0.162143	0.146174	0.153745	0.722029	0.714147	0.718066	11
1.69	0.726959	0.736873	0.731882	0.159214	0.145833	0.152230	0.723230	0.732124	0.727650	11
1.58	0.740386	0.700718	0.720006	0.161254	0.134497	0.146665	0.732246	0.707061	0.719433	11
1.61	0.747125	0.718917	0.732750	0.160771	0.145750	0.152893	0.732219	0.713904	0.722945	11
1.54	0.748959	0.689314	0.717899	0.168831	0.133101	0.148852	0.727508	0.694429	0.710584	11
1.58	0.736977	0.698923	0.717445	0.149278	0.131841	0.140019	0.727778	0.705604	0.716519	10
1.88	0.690958	0.778074	0.731933	0.197254	0.178525	0.187423	0.705911	0.759009	0.731498	14
1.67	0.714763	0.716636	0.715698	0.192774	0.157141	0.173143	0.707291	0.721637	0.714392	13
1.57	0.728009	0.685189	0.705950	0.150484	0.143907	0.147122	0.710570	0.696210	0.703317	11
1.68	0.739822	0.746967	0.743377	0.170481	0.155978	0.162907	0.735228	0.736942	0.736084	12
1.67	0.744229	0.744735	0.744482	0.168022	0.165573	0.166789	0.736389	0.741679	0.739025	13
1.65	0.713460	0.706639	0.710033	0.178133	0.171812	0.174915	0.702972	0.712527	0.707717	13
1.72	0.734003	0.758760	0.746176	0.178669	0.175887	0.177267	0.736267	0.751883	0.743993	13
1.66	0.702578	0.701009	0.701793	0.180000	0.167915	0.173747	0.694618	0.711637	0.703024	13
1.76	0.715380	0.752596	0.733516	0.201784	0.176124	0.188083	0.717292	0.756539	0.736393	14
1.71	0.712913	0.731146	0.721915	0.170328	0.172933	0.171621	0.708613	0.736618	0.722345	13
1.77	0.724154	0.769242	0.746017	0.171861	0.171328	0.171594	0.728925	0.761114	0.744672	12
1.80	0.716576	0.772251	0.743372	0.180589	0.172722	0.176568	0.724755	0.762693	0.743240	13
1.77	0.717039	0.760118	0.737951	0.183745	0.181139	0.182433	0.721489	0.752774	0.736799	13
1.72	0.733051	0.756139	0.744416	0.186861	0.181105	0.183938	0.733825	0.756013	0.744753	13
1.70	0.763228	0.777007	0.770056	0.182793	0.182145	0.182469	0.761357	0.771763	0.766525	13
1.67	0.765671	0.767640	0.766655	0.177596	0.177824	0.177710	0.758267	0.765406	0.761820	15
1.69	0.719161	0.730224	0.724650	0.179614	0.186168	0.182832	0.713459	0.734230	0.723695	14
1.69	0.750300	0.757838	0.754050	0.185272	0.180224	0.182713	0.746376	0.757875	0.752082	14
1.75	0.734837	0.771426	0.752687	0.228958	0.188168	0.206568	0.736308	0.763787	0.749796	18
1.78	0.721177	0.769824	0.744707	0.230258	0.203492	0.216049	0.725066	0.764110	0.744076	17
1.65	0.738881	0.732068	0.735459	0.192676	0.175416	0.183642	0.728871	0.740262	0.734523	13
1.71	0.724333	0.740221	0.732191	0.222977	0.201676	0.211792	0.720963	0.742044	0.731351	16
1.70	0.742747	0.756624	0.749621	0.204021	0.183277	0.193094	0.742854	0.750385	0.746600	14
1.70	0.748522	0.762108	0.755254	0.197151	0.190701	0.193873	0.747132	0.758037	0.752545	14
1.81	0.713318	0.771960	0.741481	0.220067	0.215690	0.217856	0.718236	0.763341	0.740102	17
1.82	0.724827	0.792293	0.757060	0.207308	0.205346	0.206322	0.737367	0.781926	0.758993	15
1.72	0.717099	0.738571	0.727677	0.207381	0.185097	0.195606	0.713917	0.749737	0.731389	15
1.75	0.729936	0.764049	0.746603	0.206570	0.219873	0.213014	0.733784	0.769738	0.751331	15
1.76	0.740810	0.783413	0.761516	0.216342	0.208837	0.212523	0.748536	0.782938	0.765350	16
1.72	0.721925	0.746239	0.733881	0.206089	0.209683	0.207871	0.720504	0.754191	0.736962	15
1.74	0.716437	0.745608	0.730732	0.239223	0.206755	0.221807	0.716104	0.751437	0.733345	16
1.75	0.737071	0.773949	0.755060	0.226285	0.221520	0.223877	0.738967	0.773301	0.755744	16
1.75	0.742295	0.778463	0.759949	0.201329	0.220067	0.210281	0.744068	0.775690	0.759550	15
1.75	0.745338	0.779773	0.762167	0.202101	0.230281	0.215273	0.745566	0.779091	0.761960	16
1.71	0.773563	0.794623	0.783951	0.211144	0.212700	0.211919	0.775488	0.786541	0.780976	15
1.69	0.753865	0.764438	0.759114	0.240181	0.217216	0.228122	0.752065	0.769212	0.760542	16
1.71	0.743055	0.761914	0.752366	0.222077	0.204173	0.212749	0.742935	0.767916	0.755219	15
1.73	0.746348	0.773513	0.759687	0.221852	0.207421	0.214394	0.747200	0.772856	0.759811	15
1.73	0.744777	0.771523	0.757914	0.221441	0.209302	0.215201	0.746079	0.762086	0.753998	15
1.67	0.772094	0.774192	0.773141	0.247177	0.208980	0.226480	0.768942	0.771601	0.770269	16
1.65	0.765175	0.758565	0.761856	0.230927	0.215068	0.222716	0.755338	0.762936	0.759118	17
1.82	0.717564	0.781568	0.748200	0.242551	0.257290	0.249703	0.723520	0.774719	0.748245	20
1.79	0.735984	0.791274	0.762629	0.234314	0.216983	0.225316	0.746314	0.781480	0.763493	18
1.80	0.715422	0.772396	0.742818	0.226263	0.244038	0.234815	0.720367	0.766094	0.742528	18
1.79	0.737434	0.788896	0.762298	0.231279	0.237374	0.234287	0.743198	0.784476	0.763279	19
1.82	0.721012	0.788508	0.753251	0.224032	0.255841	0.238882	0.726819	0.778929	0.751972	19
1.72	0.743446	0.766573	0.754832	0.236116	0.217859	0.226621	0.741072	0.768726	0.754646	18
1.75	0.734149	0.771523	0.752372	0.237642	0.222554	0.229851	0.735728	0.772694	0.753758	17
1.79	0.740306	0.792148	0.765350	0.231201	0.236221	0.233684	0.746903	0.791684	0.768641	19
1.75	0.739351	0.776667	0.757550	0.224342	0.241218	0.232474	0.741288	0.780266	0.760278	19
1.74	0.726761	0.758080	0.742090	0.233335	0.221778	0.227410	0.729654	0.765042	0.746929	17
1.77	0.713198	0.754732	0.733377	0.254119	0.224944	0.238643	0.718493	0.757673	0.737563	20
1.83	0.727196	0.795448	0.759792	0.244987	0.241608	0.243286	0.737631	0.787837	0.761908	20
1.81	0.733038	0.795399	0.762947	0.246147	0.248898	0.247515	0.741720	0.789619	0.764920	21
1.69	0.751055	0.759876	0.755440	0.256806	0.227331	0.241171	0.747254	0.765325	0.756181	19
1.70	0.734698	0.749102	0.741830	0.251371	0.240575	0.245855	0.734203	0.757916	0.745871	19
1.81	0.746381	0.810783	0.777250	0.264398	0.246764	0.255277	0.756121	0.794396	0.774786	19
1.76	0.743892	0.784577	0.763693	0.259160	0.241821	0.250190	0.745593	0.770224	0.757709	20
1.70	0.752707	0.765893	0.759243	0.236429	0.230229	0.233288	0.747847	0.762288	0.754999	19
1.78	0.737857	0.788848	0.762501	0.229871	0.237344	0.233548	0.743265	0.787270	0.764635	19
1.86	0.726637	0.812045	0.766971	0.248939	0.272151	0.260028	0.741038	0.802616	0.770599	21
1.79	0.731219	0.786470	0.757839	0.244999	0.267150	0.255596	0.737914	0.783464	0.760007	20
1.74	0.743535	0.774386	0.758647	0.223664	0.248298	0.235338	0.743394	0.775326	0.759024	19
1.78	0.745998	0.796030	0.770202	0.248626	0.258053	0.253252	0.750506	0.790185	0.769835	21
1.74	0.749533	0.779724	0.764331	0.249349	0.261322	0.255195	0.749447	0.777067	0.763007	21
1.82	0.733001	0.798311	0.764263	0.254764	0.253976	0.254369	0.742078	0.789781	0.765186	21
1.75	0.736481	0.770649	0.753178	0.256712	0.240330	0.248251	0.736045	0.767673	0.751527	21
1.72	0.763396	0.786810	0.774926	0.259952	0.228156	0.243018	0.761735	0.781156	0.771324	20
1.81	0.717108	0.778463	0.746527	0.244150	0.262757	0.253112	0.719782	0.770184	0.744130	21
1.83	0.725594	0.797146	0.759689	0.272428	0.259687	0.265905	0.733454	0.789781	0.760576	21
1.72	0.756503	0.777686	0.766948	0.278798	0.246021	0.261386	0.753664	0.777634	0.765462	22
1.71	0.739450	0.755993	0.747630	0.273634	0.238098	0.254632	0.735249	0.761965	0.748368	21
1.78	0.726256	0.775211	0.749936	0.272989	0.243213	0.257243	0.729371	0.775366	0.751666	22
1.81	0.727114	0.786713	0.755740	0.271621	0.256680	0.263939	0.729809	0.773423	0.750983	22
1.75	0.732154	0.768999	0.750124	0.263856	0.266377	0.265111	0.726928	0.760993	0.743570	22
1.77	0.749017	0.794671	0.771169	0.268690	0.259953	0.264249	0.750040	0.779496	0.764485	22
1.73	0.728722	0.756236	0.742224	0.252825	0.236773	0.244536	0.729837	0.757754	0.743533	19
1.78	0.722914	0.769048	0.745268	0.253323	0.249219	0.251254	0.727569	0.762450	0.744601	20
1.76	0.697998	0.734446	0.715759	0.248299	0.254712	0.251465	0.692371	0.723783	0.707729	20
1.78	0.759431	0.807969	0.782948	0.256994	0.256773	0.256884	0.766074	0.798000	0.781711	20
1.86	0.726801	0.809230	0.765804	0.264141	0.277926	0.270858	0.736618	0.794761	0.764586	21
1.85	0.719347	0.797195	0.756273	0.265696	0.275342	0.270433	0.729641	0.789295	0.758296	21
1.80	0.731478	0.789624	0.759440	0.274024	0.266840	0.270384	0.740208	0.789578	0.764097	21
1.82	0.736109	0.802339	0.767798	0.273904	0.267996	0.270918	0.746027	0.798121	0.771195	21
1.74	0.766919	0.801271	0.783719	0.285553	0.251603	0.267505	0.771345	0.795166	0.783074	20
1.77	0.734091	0.780404	0.756539	0.278780	0.257591	0.267767	0.740276	0.776055	0.757743	20
1.86	0.729726	0.813549	0.769361	0.277952	0.271685	0.274783	0.746969	0.800105	0.772624	20
1.79	0.749097	0.804863	0.775979	0.287687	0.258180	0.272136	0.757261	0.793748	0.775076	22
1.68	0.766583	0.773949	0.770249	0.284903	0.239209	0.260064	0.760797	0.777067	0.768846	22
1.71	0.761488	0.781666	0.771445	0.276502	0.262351	0.269241	0.758138	0.784031	0.770867	22
1.78	0.731500	0.779530	0.754752	0.265323	0.281367	0.273109	0.735215	0.777958	0.755982	22
1.81	0.754377	0.817529	0.784685	0.275322	0.280482	0.277878	0.763915	0.809256	0.785932	22
1.75	0.754297	0.790061	0.771765	0.277197	0.276053	0.276624	0.755324	0.788728	0.771665	22
1.68	0.761762	0.766864	0.764305	0.272549	0.274313	0.273428	0.752693	0.771075	0.761773	22
1.73	0.752357	0.778463	0.765187	0.268807	0.280071	0.274324	0.749892	0.780104	0.764700	22
1.80	0.746081	0.803795	0.773863	0.270606	0.279165	0.274819	0.751896	0.801603	0.775955	22
1.85	0.728409	0.805930	0.765211	0.266921	0.284393	0.275380	0.737505	0.791764	0.763672	22
1.81	0.711883	0.770164	0.739877	0.263699	0.280580	0.271878	0.714376	0.766135	0.739351	22
1.73	0.718453	0.743521	0.730772	0.268263	0.267618	0.267940	0.714451	0.752004	0.732747	23
1.77	0.750730	0.798457	0.773858	0.275100	0.263302	0.269072	0.759277	0.794720	0.776595	22
1.79	0.748915	0.803649	0.775317	0.276272	0.264981	0.270509	0.757955	0.798891	0.777884	22

Thu Jul 29 22:37:07 2021
22.74	0.046184	0.648148	0.086225	0.036288	0.331678	0.065419	0.046007	0.687500	0.086243	33
1.00	0.231841	0.138940	0.173752	0.006162	0.021255	0.009554	0.231841	0.231800	0.231820	4
1.00	0.232003	0.139037	0.173873	0.004936	0.021277	0.008013	0.232003	0.232003	0.232003	1
1.00	0.232003	0.139037	0.173873	0.004936	0.021277	0.008013	0.232003	0.232003	0.232003	1
1.00	0.232003	0.139037	0.173873	0.004936	0.021277	0.008013	0.232003	0.232003	0.232003	1
1.00	0.232003	0.139037	0.173873	0.004936	0.021277	0.008013	0.232003	0.232003	0.232003	1
1.00	0.232003	0.139037	0.173873	0.004936	0.021277	0.008013	0.232003	0.232003	0.232003	1
1.00	0.232569	0.139377	0.174298	0.008499	0.021303	0.012151	0.232569	0.232286	0.232428	2
1.00	0.232084	0.139086	0.173934	0.015575	0.021280	0.017986	0.232084	0.232043	0.232063	2
1.00	0.232003	0.139037	0.173873	0.004936	0.021277	0.008013	0.232003	0.232003	0.232003	1
1.00	0.232003	0.139037	0.173873	0.004936	0.021277	0.008013	0.232003	0.232003	0.232003	1
1.00	0.232003	0.139037	0.173873	0.004936	0.021277	0.008013	0.232003	0.232003	0.232003	1
1.00	0.232003	0.139037	0.173873	0.004936	0.021277	0.008013	0.232003	0.232003	0.232003	1
1.00	0.232003	0.139037	0.173873	0.004936	0.021277	0.008013	0.232003	0.232003	0.232003	1
1.00	0.232003	0.139037	0.173873	0.004936	0.021277	0.008013	0.232003	0.232003	0.232003	1
1.00	0.232327	0.139231	0.174116	0.010262	0.021292	0.013849	0.232327	0.232165	0.232245	2
1.00	0.232003	0.139037	0.173873	0.004936	0.021277	0.008013	0.232003	0.232003	0.232003	1
1.00	0.232003	0.139037	0.173873	0.004936	0.021277	0.008013	0.232003	0.232003	0.232003	1
1.00	0.232003	0.139037	0.173873	0.004936	0.021277	0.008013	0.232003	0.232003	0.232003	1
1.00	0.232003	0.139037	0.173873	0.004936	0.021277	0.008013	0.232003	0.232003	0.232003	1
1.00	0.232003	0.139037	0.173873	0.004936	0.021277	0.008013	0.232003	0.232003	0.232003	1
1.00	0.232003	0.139037	0.173873	0.004936	0.021277	0.008013	0.232003	0.232003	0.232003	1
1.00	0.232165	0.139134	0.173995	0.019122	0.021284	0.020145	0.232165	0.232084	0.232124	2
1.00	0.233946	0.140202	0.175330	0.014969	0.021368	0.017605	0.233946	0.232974	0.233459	2
1.00	0.439955	0.263661	0.329722	0.020475	0.030857	0.024616	0.439955	0.335776	0.380870	2
1.00	0.244149	0.146317	0.182977	0.016489	0.021850	0.018795	0.244149	0.238157	0.241116	2
1.00	0.233703	0.140056	0.175148	0.015850	0.021357	0.018196	0.233703	0.232853	0.233277	2
1.00	0.325047	0.194798	0.243605	0.018868	0.025635	0.021737	0.325047	0.278929	0.300227	2
1.00	0.232165	0.139134	0.173995	0.019122	0.021284	0.020145	0.232165	0.232084	0.232124	2
1.00	0.251032	0.150442	0.188135	0.016953	0.022172	0.019214	0.251032	0.241599	0.246225	2
1.00	0.481335	0.288460	0.360734	0.021309	0.032685	0.025799	0.481335	0.356304	0.409488	2
1.00	0.498745	0.298894	0.373782	0.021666	0.033428	0.026291	0.498745	0.365212	0.421659	2
1.00	0.384808	0.230612	0.288393	0.039082	0.028590	0.033023	0.384808	0.308932	0.342721	3
1.00	0.557697	0.334223	0.417964	0.041725	0.039242	0.040446	0.557697	0.395903	0.463074	3
1.00	0.460604	0.276036	0.345198	0.040844	0.035568	0.038024	0.460604	0.347720	0.396280	3
1.01	0.527021	0.318985	0.397424	0.060308	0.038942	0.047325	0.523727	0.384120	0.443189	4
1.15	0.658288	0.455013	0.538093	0.062291	0.053359	0.057480	0.630064	0.497287	0.555857	4
1.01	0.649713	0.394885	0.491216	0.065316	0.051289	0.057459	0.645315	0.448498	0.529199	5
1.08	0.683953	0.440988	0.536233	0.065762	0.056247	0.060634	0.665034	0.487570	0.562640	5
1.09	0.597582	0.388576	0.470931	0.086654	0.053655	0.066274	0.585931	0.443113	0.504611	6
1.22	0.663696	0.484228	0.559933	0.086683	0.070463	0.077736	0.631698	0.523322	0.572425	6
1.27	0.721932	0.550471	0.624649	0.087065	0.067692	0.076166	0.680433	0.578063	0.625084	6
1.32	0.732956	0.578084	0.646373	0.105603	0.070623	0.084641	0.695198	0.597822	0.642843	7
1.47	0.689353	0.606086	0.645043	0.107293	0.088945	0.097261	0.650593	0.622803	0.636395	7
1.50	0.695512	0.627196	0.659590	0.134407	0.101980	0.115969	0.659865	0.638675	0.649097	10
1.43	0.719835	0.616956	0.664437	0.144458	0.103717	0.120744	0.696156	0.628431	0.660562	10
1.55	0.745098	0.693390	0.718315	0.156294	0.111560	0.130192	0.731557	0.694834	0.712723	10
1.61	0.713223	0.688440	0.700612	0.154252	0.133539	0.143150	0.696770	0.697222	0.696996	10
1.69	0.714943	0.724207	0.719545	0.146815	0.135075	0.140701	0.708060	0.722083	0.715003	10
1.64	0.721509	0.709114	0.715258	0.146529	0.135356	0.140721	0.710449	0.710381	0.710415	10
1.53	0.717927	0.658837	0.687114	0.158545	0.131554	0.143794	0.696278	0.672686	0.684279	11
1.74	0.689957	0.719790	0.704558	0.138990	0.122944	0.130475	0.699733	0.705685	0.702696	10
1.69	0.656323	0.664127	0.660202	0.149039	0.122559	0.134508	0.650862	0.674832	0.662630	10
1.70	0.707834	0.722605	0.715143	0.189969	0.153067	0.169533	0.706130	0.725119	0.715499	12
1.69	0.692440	0.701009	0.696699	0.199032	0.141303	0.165271	0.686925	0.711434	0.698965	12
1.56	0.717618	0.671892	0.694002	0.171585	0.134313	0.150678	0.699247	0.685359	0.692233	11
1.72	0.725816	0.749345	0.737393	0.168022	0.145814	0.156132	0.724647	0.731517	0.728066	11
1.69	0.722023	0.731098	0.726532	0.181837	0.152815	0.166067	0.715564	0.727022	0.721248	12
1.74	0.724011	0.757110	0.740191	0.181928	0.151155	0.165120	0.729621	0.748927	0.739148	12
1.76	0.714661	0.753470	0.733552	0.180889	0.168753	0.174610	0.716293	0.739696	0.727806	12
1.64	0.729862	0.718917	0.724348	0.172726	0.149304	0.160163	0.720220	0.720301	0.720261	11
1.68	0.705587	0.709114	0.707346	0.187756	0.163234	0.174638	0.694631	0.708195	0.701348	12
1.73	0.710478	0.734786	0.722428	0.197861	0.160390	0.177166	0.708573	0.736578	0.722304	12
1.75	0.731369	0.764874	0.747746	0.199488	0.160309	0.177765	0.737118	0.767754	0.752124	12
1.78	0.725761	0.773027	0.748649	0.174461	0.181875	0.178090	0.735033	0.770994	0.752584	12
1.72	0.741888	0.763418	0.752499	0.193935	0.175447	0.184228	0.743974	0.766337	0.754990	12
1.75	0.735924	0.770067	0.752609	0.181337	0.179156	0.180240	0.739770	0.768564	0.753892	12
1.78	0.733569	0.784335	0.758103	0.185069	0.182363	0.183706	0.742597	0.779253	0.760484	12
1.67	0.710685	0.712996	0.711839	0.170100	0.174458	0.172251	0.703566	0.725160	0.714200	11
1.77	0.731101	0.777686	0.753674	0.189889	0.181965	0.185842	0.738346	0.773463	0.755497	12
1.71	0.745325	0.765942	0.755493	0.197353	0.173488	0.184653	0.743947	0.761884	0.752808	14
1.67	0.745936	0.746045	0.745991	0.183253	0.168083	0.175340	0.739223	0.750587	0.744862	12
1.76	0.726770	0.765990	0.745865	0.181924	0.186511	0.184189	0.731625	0.768929	0.749813	13
1.77	0.728690	0.773318	0.750341	0.183883	0.191173	0.187457	0.735660	0.772330	0.753549	13
1.73	0.734433	0.760701	0.747336	0.186556	0.180059	0.183250	0.736983	0.764799	0.750633	13
1.75	0.734167	0.771863	0.752543	0.178620	0.183953	0.181247	0.740168	0.771641	0.755577	13
1.79	0.720976	0.775454	0.747223	0.184312	0.193114	0.188610	0.731368	0.772168	0.751215	13
1.79	0.722909	0.777638	0.749275	0.190125	0.189839	0.189982	0.732353	0.778363	0.754657	13
1.70	0.720688	0.734398	0.727478	0.190249	0.185342	0.187763	0.715780	0.744230	0.729728	13
1.74	0.710164	0.739493	0.724532	0.174050	0.193937	0.183456	0.703849	0.724755	0.714149	13
1.74	0.729473	0.759245	0.744061	0.181092	0.184750	0.182903	0.726280	0.745688	0.735856	13
1.76	0.724526	0.762254	0.742911	0.189752	0.183414	0.186529	0.726834	0.761276	0.743656	13
1.81	0.709628	0.771135	0.739104	0.203998	0.195146	0.199474	0.714876	0.757308	0.735480	15
1.81	0.702992	0.761671	0.731156	0.214213	0.193586	0.203378	0.700792	0.737671	0.718759	17
1.75	0.733438	0.768854	0.750729	0.181703	0.180794	0.181248	0.736322	0.763382	0.749607	13
1.74	0.738878	0.771329	0.754755	0.190041	0.183192	0.186554	0.741706	0.770224	0.755696	13
1.76	0.715280	0.753082	0.733694	0.199021	0.200123	0.199570	0.720956	0.746619	0.733563	15
1.71	0.744450	0.763273	0.753744	0.191944	0.179400	0.185460	0.744392	0.764920	0.754517	13
1.75	0.733226	0.770552	0.751426	0.203200	0.192628	0.197773	0.737631	0.762450	0.749835	14
1.75	0.722856	0.758954	0.740465	0.218727	0.205206	0.211751	0.724364	0.747307	0.735657	15
1.71	0.733872	0.753567	0.743589	0.220527	0.199729	0.209613	0.733406	0.750628	0.741917	15
1.77	0.733965	0.778560	0.755605	0.232798	0.203502	0.217166	0.738751	0.769941	0.754023	15
1.70	0.731936	0.745754	0.738780	0.199796	0.200463	0.200129	0.730302	0.750142	0.740089	14
1.69	0.727669	0.738086	0.732840	0.198870	0.203357	0.201089	0.725470	0.743582	0.734415	15
1.71	0.732406	0.749005	0.740613	0.202818	0.199165	0.200975	0.730950	0.746579	0.738682	15
1.74	0.730429	0.760701	0.745257	0.219518	0.208556	0.213896	0.731436	0.757308	0.744147	17
1.77	0.728470	0.772979	0.750065	0.203193	0.208346	0.205737	0.734040	0.767795	0.750538	16
1.76	0.736706	0.776570	0.756113	0.196421	0.211224	0.203554	0.741207	0.772006	0.756293	16
1.75	0.736037	0.773221	0.754171	0.199529	0.212253	0.205695	0.738778	0.766783	0.752520	16
1.77	0.717513	0.759924	0.738110	0.196789	0.208806	0.202619	0.716347	0.745728	0.730743	15
1.74	0.719737	0.748762	0.733963	0.195647	0.199944	0.197772	0.718236	0.742975	0.730396	14
1.77	0.717715	0.760313	0.738400	0.234980	0.210417	0.222021	0.721813	0.757956	0.739443	17
1.76	0.712860	0.752160	0.731983	0.245220	0.227557	0.236059	0.715712	0.749615	0.732272	20
1.75	0.750695	0.785888	0.767888	0.234659	0.214314	0.224025	0.754299	0.782857	0.768312	17
1.79	0.740830	0.794866	0.766897	0.221406	0.223421	0.222409	0.747240	0.792574	0.769240	18
1.76	0.729611	0.771038	0.749752	0.220131	0.228960	0.224459	0.731955	0.769293	0.750160	19
1.73	0.755606	0.781714	0.768438	0.226647	0.223541	0.225083	0.756795	0.780913	0.768665	17
1.74	0.747778	0.779821	0.763464	0.221964	0.232632	0.227173	0.750155	0.781359	0.765439	18
1.72	0.736234	0.757886	0.746903	0.246413	0.224012	0.234679	0.736456	0.762815	0.749404	18
1.72	0.748801	0.772639	0.760533	0.261882	0.214209	0.235658	0.751232	0.776257	0.763540	18
1.70	0.740000	0.755945	0.747887	0.244839	0.236883	0.240795	0.736160	0.755365	0.745639	19
1.75	0.741620	0.777395	0.759086	0.254806	0.225034	0.238997	0.740627	0.765568	0.752891	19
1.73	0.745247	0.774289	0.759491	0.252204	0.220688	0.235396	0.743002	0.763908	0.753310	19
1.78	0.743337	0.791857	0.766830	0.259800	0.237459	0.248128	0.747213	0.776865	0.761750	21
1.70	0.747825	0.763467	0.755565	0.246991	0.224646	0.235289	0.746355	0.763949	0.755049	20
1.70	0.733814	0.745851	0.739783	0.244542	0.236136	0.240266	0.731267	0.752531	0.741746	20
1.67	0.747334	0.748277	0.747805	0.229104	0.224055	0.226552	0.745243	0.754717	0.749950	18
1.80	0.748843	0.808551	0.777552	0.254105	0.228513	0.240631	0.761843	0.801077	0.780968	19
1.81	0.733309	0.794235	0.762557	0.244707	0.255563	0.250017	0.742078	0.793303	0.766836	21
1.71	0.728954	0.745899	0.737329	0.226959	0.240138	0.233363	0.728750	0.756377	0.742307	20
1.66	0.778902	0.773610	0.776247	0.245384	0.226089	0.235342	0.773261	0.776014	0.774635	20
1.77	0.758324	0.804620	0.780787	0.262447	0.237782	0.249507	0.765818	0.795449	0.780352	20
1.76	0.756168	0.797195	0.776140	0.238734	0.223340	0.230781	0.762720	0.791036	0.776620	19
1.74	0.756683	0.789916	0.772942	0.261857	0.237473	0.249070	0.760332	0.789902	0.774835	21
1.74	0.765156	0.796273	0.780404	0.263520	0.250463	0.256826	0.768396	0.792858	0.780435	20
1.68	0.765456	0.772105	0.768766	0.260588	0.240890	0.250352	0.762437	0.775407	0.768867	20
1.75	0.746328	0.784141	0.764767	0.264978	0.262808	0.263888	0.749730	0.784396	0.766671	22
1.74	0.736101	0.768466	0.751935	0.250969	0.249320	0.250142	0.738899	0.773868	0.755980	20
1.81	0.742008	0.805348	0.772381	0.247626	0.261890	0.254559	0.751168	0.801441	0.775491	21
1.75	0.762597	0.802048	0.781825	0.255360	0.254732	0.255046	0.767950	0.802049	0.784629	21
1.70	0.757363	0.769970	0.763615	0.260517	0.256929	0.258711	0.755048	0.773828	0.764322	21
1.75	0.759737	0.796127	0.777507	0.261497	0.251033	0.256158	0.762950	0.793384	0.777869	21
1.78	0.748805	0.797971	0.772607	0.262663	0.259608	0.261127	0.755525	0.794072	0.774319	21
1.78	0.748028	0.796273	0.771397	0.260838	0.245828	0.253111	0.756187	0.793506	0.774397	20
1.80	0.746187	0.804814	0.774392	0.262622	0.249472	0.255878	0.756694	0.800713	0.778081	21
1.83	0.737522	0.806707	0.770564	0.260001	0.256753	0.258367	0.750499	0.800024	0.774471	21
1.77	0.747511	0.794235	0.770165	0.259093	0.263934	0.261491	0.753286	0.792453	0.772373	21
1.81	0.745340	0.807192	0.775034	0.271107	0.268754	0.269925	0.754906	0.802089	0.777783	22
1.82	0.735819	0.802630	0.767774	0.256643	0.257892	0.257266	0.747226	0.799012	0.772252	21
1.85	0.707452	0.783704	0.743628	0.253710	0.257382	0.255533	0.717676	0.773828	0.744695	21
1.82	0.738427	0.806658	0.771036	0.281107	0.248370	0.263726	0.748650	0.801117	0.773996	22
1.77	0.744548	0.791954	0.767519	0.282054	0.259192	0.270140	0.749386	0.791724	0.769973	22
1.73	0.742475	0.769679	0.755832	0.281711	0.254752	0.267554	0.741727	0.774962	0.757980	22
1.77	0.748513	0.793701	0.770445	0.280268	0.249029	0.263727	0.753556	0.790347	0.771514	22
1.82	0.741798	0.810880	0.774802	0.277704	0.256418	0.266637	0.751768	0.801563	0.775867	22
1.83	0.707503	0.776618	0.740451	0.261190	0.275254	0.268038	0.715842	0.769010	0.741474	23
1.75	0.748156	0.782830	0.765101	0.267785	0.270780	0.269274	0.748575	0.782654	0.765235	23
1.80	0.752465	0.811220	0.780738	0.272529	0.264440	0.268424	0.762247	0.805652	0.783349	22
1.79	0.706293	0.755993	0.730299	0.261115	0.276492	0.268584	0.710840	0.754555	0.732046	23

Thu Jul 29 23:24:17 2021
18.81	0.041733	0.484568	0.076848	0.020366	0.207933	0.037099	0.042404	0.465000	0.077720	33
1.00	0.186493	0.111764	0.139766	0.015130	0.021825	0.017871	0.186493	0.100049	0.130231	6
1.00	0.259859	0.155731	0.194750	0.012245	0.027399	0.016925	0.259859	0.191433	0.220458	3
1.00	0.232003	0.139037	0.173873	0.004936	0.021277	0.008013	0.232003	0.232003	0.232003	1
1.00	0.232003	0.139037	0.173873	0.004936	0.021277	0.008013	0.232003	0.232003	0.232003	1
1.00	0.232003	0.139037	0.173873	0.004936	0.021277	0.008013	0.232003	0.232003	0.232003	1
1.00	0.232003	0.139037	0.173873	0.004936	0.021277	0.008013	0.232003	0.232003	0.232003	1
1.00	0.232003	0.139037	0.173873	0.004936	0.021277	0.008013	0.232003	0.232003	0.232003	1
1.00	0.232003	0.139037	0.173873	0.004936	0.021277	0.008013	0.232003	0.232003	0.232003	1
1.00	0.232003	0.139037	0.173873	0.004936	0.021277	0.008013	0.232003	0.232003	0.232003	1
1.00	0.232003	0.139037	0.173873	0.004936	0.021277	0.008013	0.232003	0.232003	0.232003	1
1.00	0.232003	0.139037	0.173873	0.004936	0.021277	0.008013	0.232003	0.232003	0.232003	1
1.00	0.232003	0.139037	0.173873	0.004936	0.021277	0.008013	0.232003	0.232003	0.232003	1
1.00	0.232003	0.139037	0.173873	0.004936	0.021277	0.008013	0.232003	0.232003	0.232003	1
1.00	0.232003	0.139037	0.173873	0.004936	0.021277	0.008013	0.232003	0.232003	0.232003	1
1.00	0.232003	0.139037	0.173873	0.004936	0.021277	0.008013	0.232003	0.232003	0.232003	1
1.00	0.232650	0.139425	0.174359	0.017100	0.021307	0.018973	0.232650	0.232327	0.232488	2
1.00	0.232003	0.139037	0.173873	0.004936	0.021277	0.008013	0.232003	0.232003	0.232003	1
1.00	0.232003	0.139037	0.173873	0.004936	0.021277	0.008013	0.232003	0.232003	0.232003	1
1.00	0.232003	0.139037	0.173873	0.004936	0.021277	0.008013	0.232003	0.232003	0.232003	1
1.00	0.232003	0.139037	0.173873	0.004936	0.021277	0.008013	0.232003	0.232003	0.232003	1
1.00	0.232003	0.139037	0.173873	0.004936	0.021277	0.008013	0.232003	0.232003	0.232003	1
1.00	0.282452	0.169271	0.211683	0.017497	0.023645	0.020112	0.282452	0.257511	0.269405	2
1.00	0.547737	0.328254	0.410499	0.024005	0.032400	0.027578	0.547737	0.356831	0.432139	2
1.00	0.235728	0.141270	0.176665	0.013878	0.021453	0.016853	0.235728	0.233865	0.234793	2
1.00	0.232003	0.139037	0.173873	0.004936	0.021277	0.008013	0.232003	0.232003	0.232003	1
1.00	0.232165	0.139134	0.173995	0.012031	0.021284	0.015372	0.232165	0.232084	0.232124	2
1.00	0.492348	0.295060	0.368988	0.021446	0.033180	0.026053	0.492348	0.362418	0.417508	2
1.00	0.266013	0.159420	0.199363	0.016845	0.022872	0.019401	0.266013	0.249049	0.257252	2
1.00	0.232974	0.139620	0.174602	0.012928	0.021322	0.016096	0.232974	0.232488	0.232731	2
1.00	0.548303	0.328594	0.410924	0.040995	0.037308	0.039065	0.548303	0.389870	0.455709	3
1.00	0.591870	0.354703	0.443575	0.042289	0.040571	0.041412	0.591870	0.411491	0.485467	3
1.00	0.259130	0.155295	0.194204	0.034205	0.023041	0.027534	0.259130	0.245647	0.252209	3
1.00	0.297109	0.178055	0.222667	0.035754	0.028329	0.031611	0.297109	0.264839	0.280048	3
1.00	0.555196	0.332913	0.416237	0.040504	0.047833	0.043865	0.555227	0.393878	0.460838	4
1.00	0.505790	0.303116	0.379062	0.041299	0.040740	0.041017	0.505790	0.372378	0.428950	3
1.00	0.638437	0.383044	0.478813	0.045059	0.049979	0.047391	0.638594	0.440805	0.521578	4
1.13	0.584600	0.395710	0.471957	0.063178	0.072026	0.067313	0.582598	0.448862	0.507060	5
1.06	0.665646	0.422013	0.516543	0.089183	0.057633	0.070018	0.673536	0.471901	0.554971	6
1.10	0.724993	0.479763	0.577420	0.067940	0.059053	0.063185	0.708762	0.519151	0.599317	5
1.19	0.710591	0.506649	0.591535	0.086395	0.073242	0.079277	0.691365	0.541623	0.607401	6
1.11	0.582913	0.386732	0.464977	0.083972	0.067812	0.075032	0.577793	0.442586	0.501232	6
1.39	0.698476	0.582888	0.635469	0.086899	0.096175	0.091302	0.686155	0.599765	0.640058	6
1.29	0.665703	0.513928	0.580052	0.086551	0.087624	0.087084	0.657516	0.543769	0.595257	6
1.30	0.677319	0.526643	0.592552	0.127797	0.079870	0.098303	0.654142	0.557616	0.602034	8
1.45	0.731403	0.637484	0.681222	0.143870	0.097836	0.116469	0.704983	0.647704	0.675131	9
1.47	0.720807	0.635980	0.675742	0.145405	0.096670	0.116132	0.695252	0.648676	0.671157	9
1.42	0.727605	0.618461	0.668608	0.144971	0.098773	0.117494	0.707088	0.637663	0.670584	9
1.40	0.737286	0.619140	0.673068	0.135560	0.109518	0.121155	0.721367	0.640254	0.678395	9
1.54	0.723135	0.666214	0.693509	0.130239	0.130452	0.130346	0.713594	0.676856	0.694740	9
1.46	0.736614	0.643599	0.686972	0.136781	0.117821	0.126595	0.721232	0.662361	0.690544	9
1.52	0.716926	0.655100	0.684620	0.141973	0.130623	0.136062	0.699395	0.651267	0.674474	10
1.51	0.767708	0.696399	0.730317	0.181942	0.116520	0.142061	0.764731	0.698113	0.729905	11
1.59	0.746725	0.710958	0.728403	0.181341	0.139548	0.157723	0.735458	0.717669	0.726455	11
1.69	0.730209	0.741726	0.735922	0.151566	0.155298	0.153409	0.730532	0.735282	0.732899	11
1.51	0.767741	0.696205	0.730225	0.173224	0.132299	0.150020	0.748306	0.705806	0.726435	11
1.56	0.740459	0.690187	0.714440	0.172365	0.138889	0.153827	0.725673	0.700947	0.713096	11
1.65	0.742576	0.732990	0.737752	0.169146	0.145975	0.156709	0.738832	0.735323	0.737073	11
1.61	0.710809	0.687421	0.698919	0.176172	0.144811	0.158960	0.699139	0.701919	0.700526	11
1.66	0.703201	0.698389	0.700786	0.179266	0.166130	0.172448	0.698370	0.706049	0.702188	12
1.70	0.729213	0.744395	0.736726	0.152542	0.158885	0.155649	0.728656	0.744676	0.736579	10
1.66	0.722363	0.717315	0.719831	0.155665	0.151725	0.153670	0.714444	0.723743	0.719063	10
1.68	0.741648	0.747695	0.744659	0.191792	0.164725	0.177231	0.740316	0.749737	0.744997	12
1.69	0.752978	0.763904	0.758401	0.193974	0.173709	0.183283	0.752301	0.764070	0.758140	12
1.69	0.734605	0.743910	0.739228	0.171064	0.182093	0.176406	0.731800	0.744149	0.737923	13
1.72	0.728469	0.752402	0.740242	0.172269	0.177003	0.174604	0.726307	0.740667	0.733417	13
1.72	0.734109	0.758905	0.746301	0.192800	0.169386	0.180336	0.732097	0.746619	0.739287	13
1.66	0.729893	0.727555	0.728722	0.174123	0.174089	0.174106	0.721381	0.729816	0.725574	13
1.83	0.707942	0.775211	0.740051	0.175453	0.179313	0.177362	0.714113	0.750020	0.731626	14
1.67	0.744410	0.746433	0.745420	0.202888	0.175361	0.188123	0.734945	0.737185	0.736063	15
1.74	0.734851	0.766233	0.750214	0.212033	0.181196	0.195405	0.735039	0.755446	0.745103	15
1.74	0.727002	0.758614	0.742472	0.208491	0.193375	0.200649	0.728008	0.756822	0.742136	15
1.66	0.738129	0.732505	0.735306	0.196147	0.190225	0.193140	0.728696	0.735161	0.731914	15
1.71	0.751541	0.769193	0.760265	0.210299	0.174170	0.190537	0.748684	0.759535	0.754071	15
1.70	0.730156	0.742842	0.736445	0.202701	0.188547	0.195368	0.722285	0.740303	0.731183	15
1.70	0.725263	0.737018	0.731093	0.184554	0.198778	0.191402	0.718844	0.740141	0.729337	16
1.72	0.750118	0.771814	0.760811	0.192218	0.192432	0.192325	0.746943	0.764515	0.755627	15
1.71	0.728601	0.747695	0.738025	0.187130	0.189692	0.188402	0.714187	0.725970	0.720030	15
1.75	0.736259	0.774240	0.754772	0.215552	0.175833	0.193677	0.738049	0.760466	0.749090	15
1.78	0.733935	0.782054	0.757230	0.193145	0.202888	0.197897	0.738508	0.773909	0.755794	15
1.69	0.733132	0.741386	0.737236	0.213662	0.197800	0.205425	0.729263	0.748968	0.738984	14
1.67	0.733327	0.735854	0.734588	0.216061	0.185634	0.199695	0.725430	0.747429	0.736265	14
1.77	0.734235	0.779773	0.756319	0.202901	0.203294	0.203097	0.738548	0.775974	0.756799	15
1.73	0.741204	0.767786	0.754261	0.191177	0.208024	0.199245	0.740451	0.764556	0.752311	14
1.73	0.739363	0.764874	0.751902	0.208224	0.197367	0.202650	0.735916	0.753502	0.744606	14
1.76	0.734729	0.776910	0.755231	0.188957	0.195844	0.192339	0.733467	0.754879	0.744019	14
1.72	0.718793	0.741920	0.730173	0.202983	0.202111	0.202547	0.710408	0.727022	0.718619	15
1.74	0.740839	0.771183	0.755707	0.210526	0.199138	0.204673	0.740262	0.763625	0.751762	15
1.74	0.741316	0.771571	0.756141	0.199620	0.204178	0.201873	0.740114	0.766459	0.753056	15
1.70	0.732426	0.744298	0.738314	0.192793	0.206396	0.199363	0.727198	0.746336	0.736643	15
1.67	0.738711	0.739105	0.738908	0.193340	0.192618	0.192978	0.735147	0.745081	0.740081	15
1.70	0.751366	0.767592	0.759392	0.213976	0.204245	0.208997	0.751006	0.767147	0.758991	15
1.68	0.747524	0.754489	0.750990	0.199032	0.210339	0.204529	0.744473	0.751842	0.748140	15
1.61	0.753363	0.725614	0.739228	0.198234	0.193158	0.195663	0.744541	0.737064	0.740783	15
1.69	0.739182	0.750267	0.744683	0.198023	0.198610	0.198316	0.737077	0.756499	0.746662	15
1.76	0.690562	0.727895	0.708737	0.216703	0.214143	0.215415	0.694456	0.731071	0.712293	16
1.79	0.715357	0.768368	0.740916	0.214803	0.204104	0.209317	0.720409	0.770629	0.744673	16
1.77	0.744088	0.791032	0.766842	0.221238	0.214968	0.218058	0.749467	0.781845	0.765314	16
1.77	0.739299	0.784577	0.761266	0.220923	0.219608	0.220263	0.740929	0.772613	0.756440	16
1.68	0.744182	0.749490	0.746827	0.198521	0.210131	0.204161	0.738940	0.752976	0.745892	15
1.73	0.737482	0.764826	0.750905	0.190985	0.218906	0.203995	0.734344	0.758240	0.746101	15
1.82	0.735055	0.799621	0.765980	0.240717	0.222308	0.231147	0.741793	0.781318	0.761043	17
1.70	0.750370	0.763370	0.756814	0.258046	0.220587	0.237851	0.744379	0.759130	0.751682	18
1.63	0.758856	0.743279	0.750987	0.240587	0.210420	0.224494	0.747672	0.750466	0.749066	17
1.77	0.733954	0.776910	0.754821	0.255291	0.222039	0.237507	0.737023	0.774800	0.755439	18
1.87	0.711264	0.797971	0.752127	0.258242	0.225732	0.240895	0.721806	0.774759	0.747346	18
1.79	0.727190	0.780161	0.752745	0.220368	0.222485	0.221422	0.729762	0.765609	0.747256	17
1.69	0.735508	0.745074	0.740260	0.239797	0.223184	0.231193	0.729668	0.747226	0.738343	19
1.81	0.732026	0.795545	0.762465	0.244357	0.250136	0.247213	0.737840	0.780994	0.758804	20
1.77	0.746038	0.792633	0.768630	0.254542	0.221027	0.236604	0.752895	0.787230	0.769680	18
1.76	0.738319	0.779918	0.758549	0.250340	0.224005	0.236442	0.742327	0.778525	0.759995	18
1.79	0.728592	0.779967	0.753404	0.251669	0.231171	0.240985	0.733676	0.775528	0.754022	18
1.75	0.720588	0.757061	0.738374	0.242619	0.229683	0.235974	0.721570	0.753705	0.737287	20
1.68	0.754130	0.757643	0.755883	0.224059	0.213923	0.218874	0.747496	0.758159	0.752790	19
1.74	0.742969	0.776861	0.759537	0.253985	0.221824	0.236818	0.743569	0.765042	0.754152	17
1.80	0.727698	0.785014	0.755270	0.249838	0.235705	0.242566	0.732664	0.769738	0.750744	18
1.79	0.724640	0.775842	0.749367	0.255160	0.227955	0.240792	0.727819	0.763706	0.745330	19
1.81	0.721152	0.781277	0.750012	0.247569	0.237994	0.242687	0.727299	0.774354	0.750090	20
1.79	0.742666	0.796079	0.768445	0.246209	0.245664	0.245936	0.747955	0.785529	0.766282	20
1.82	0.741681	0.808017	0.773429	0.244937	0.254948	0.249842	0.748731	0.789133	0.768401	20
1.78	0.736147	0.784626	0.759614	0.250724	0.259245	0.254913	0.737226	0.777269	0.756718	21
1.75	0.738889	0.775357	0.756684	0.246467	0.251803	0.249106	0.738764	0.776176	0.757008	19
1.74	0.752267	0.785014	0.768292	0.261530	0.245870	0.253458	0.755783	0.781723	0.768534	19
1.79	0.713297	0.765602	0.738525	0.248530	0.261921	0.255050	0.713729	0.753907	0.733268	20
1.74	0.754152	0.786761	0.770111	0.263103	0.247550	0.255090	0.756256	0.785894	0.770790	19
1.74	0.742534	0.773416	0.757660	0.259312	0.251272	0.255229	0.742773	0.779658	0.760769	21
1.82	0.744054	0.813744	0.777340	0.259427	0.257133	0.258275	0.756782	0.807150	0.781155	21
1.76	0.754441	0.793507	0.773481	0.260543	0.245597	0.252849	0.758496	0.789254	0.773569	20
1.74	0.731952	0.762642	0.746982	0.250944	0.247868	0.249397	0.732320	0.767350	0.749426	21
1.81	0.723055	0.784286	0.752427	0.245558	0.268224	0.256391	0.731976	0.786096	0.758071	22
1.79	0.733439	0.787683	0.759594	0.261988	0.249873	0.255787	0.741254	0.790874	0.765261	21
1.73	0.739612	0.765311	0.752242	0.263160	0.238609	0.250284	0.742314	0.769698	0.755758	21
1.73	0.733836	0.760118	0.746746	0.260819	0.243768	0.252005	0.735107	0.759940	0.747317	21
1.82	0.730167	0.796855	0.762055	0.258195	0.258653	0.258424	0.738992	0.784031	0.760846	21
1.79	0.739497	0.795302	0.766385	0.258770	0.260124	0.259445	0.745924	0.789376	0.767035	21
1.75	0.742885	0.779045	0.760535	0.266977	0.235658	0.250342	0.746612	0.781845	0.763822	21
1.78	0.729115	0.778899	0.753185	0.262122	0.248375	0.255063	0.737361	0.774800	0.755617	21
1.81	0.747759	0.809667	0.777483	0.267070	0.254838	0.260810	0.759259	0.802049	0.780067	21
1.74	0.760384	0.795108	0.777359	0.270960	0.244178	0.256872	0.765852	0.797514	0.781362	21
1.79	0.751666	0.804814	0.777332	0.268089	0.244927	0.255985	0.761593	0.801401	0.780990	20
1.80	0.739890	0.797341	0.767542	0.260393	0.253041	0.256665	0.748165	0.793101	0.769978	21
1.78	0.746128	0.794866	0.769726	0.261208	0.261219	0.261214	0.750817	0.795611	0.772565	21
1.72	0.769779	0.791857	0.780662	0.249425	0.264525	0.256753	0.768220	0.791967	0.779913	21
1.68	0.756609	0.761089	0.758843	0.247939	0.258890	0.253296	0.751485	0.766013	0.758679	21
1.77	0.752123	0.799573	0.775122	0.258101	0.269714	0.263780	0.758806	0.796947	0.777409	21
1.76	0.766367	0.806124	0.785743	0.267481	0.260216	0.263798	0.773666	0.805976	0.789491	21
1.75	0.757406	0.795302	0.775892	0.246421	0.272432	0.258774	0.762619	0.795044	0.778494	21
1.79	0.745113	0.797292	0.770320	0.250967	0.275195	0.262523	0.751343	0.796016	0.773035	22
1.83	0.737455	0.808066	0.771147	0.257640	0.279471	0.268111	0.747318	0.801158	0.773302	23
1.76	0.750425	0.791760	0.770539	0.269812	0.267903	0.268854	0.753975	0.789619	0.771385	23
1.81	0.730976	0.791566	0.760065	0.259317	0.271080	0.265068	0.738764	0.786744	0.762000	23
1.85	0.720800	0.799330	0.758037	0.290961	0.262483	0.275989	0.731665	0.793101	0.761145	24
1.80	0.735585	0.793701	0.763539	0.275572	0.274187	0.274878	0.739453	0.787189	0.762575	24
1.72	0.750329	0.775163	0.762544	0.273389	0.266492	0.269897	0.745855	0.767026	0.756292	24
1.70	0.745977	0.758177	0.752028	0.248791	0.258100	0.253360	0.741010	0.754717	0.747801	23
1.79	0.739683	0.791517	0.764722	0.248364	0.265859	0.256814	0.742856	0.779861	0.760909	23
1.76	0.739850	0.779093	0.758965	0.256780	0.252647	0.254697	0.740154	0.783221	0.761079	22
1.79	0.742302	0.796661	0.768521	0.256009	0.267186	0.261478	0.747159	0.796502	0.771042	23
1.88	0.723217	0.815733	0.766694	0.269037	0.282381	0.275548	0.739655	0.805571	0.771207	24
1.81	0.736880	0.798602	0.766501	0.251848	0.274865	0.262854	0.745492	0.797757	0.770739	22
1.78	0.743318	0.790935	0.766388	0.249506	0.272970	0.260711	0.749042	0.793465	0.770614	22
1.75	0.765115	0.801466	0.782868	0.249300	0.270884	0.259644	0.766243	0.798040	0.781818	22
1.75	0.751374	0.789333	0.769886	0.263576	0.272553	0.267990	0.752672	0.786056	0.769002	23
