
Thu Jul 29 15:01:17 2021
24.36	0.029756	0.447531	0.055801	0.037620	0.298469	0.066818	0.029567	0.425000	0.055288	46
2.46	0.058992	0.086965	0.070298	0.042551	0.035932	0.038962	0.062642	0.092761	0.074783	41
1.01	0.204511	0.124090	0.154460	0.043631	0.018652	0.026133	0.204861	0.156369	0.177360	28
1.00	0.357645	0.214646	0.268280	0.049255	0.023405	0.031732	0.357640	0.250749	0.294805	9
1.00	0.355790	0.214258	0.267454	0.051130	0.026415	0.034834	0.355292	0.279375	0.312793	5
1.01	0.543455	0.327429	0.408649	0.070547	0.038428	0.049754	0.542999	0.336950	0.415851	6
1.02	0.583320	0.355722	0.441939	0.055883	0.044588	0.049601	0.580168	0.371528	0.452978	6
1.03	0.576971	0.357226	0.441254	0.072113	0.047921	0.057579	0.572502	0.394526	0.467136	6
1.06	0.619881	0.395225	0.482693	0.095185	0.051355	0.066716	0.610009	0.418333	0.496308	7
1.08	0.639572	0.415073	0.503429	0.087165	0.052115	0.065230	0.628283	0.425257	0.507208	7
1.13	0.629241	0.427545	0.509146	0.098787	0.053207	0.069163	0.621346	0.449955	0.521941	7
1.15	0.608954	0.418519	0.496088	0.114226	0.057556	0.076543	0.602505	0.456393	0.519369	8
1.22	0.655695	0.480491	0.554585	0.135696	0.065134	0.088019	0.636259	0.483602	0.549526	9
1.30	0.620332	0.482093	0.542545	0.134920	0.075160	0.096540	0.606567	0.496032	0.545759	9
1.27	0.605966	0.462341	0.524499	0.150525	0.075800	0.100827	0.596620	0.491052	0.538713	10
1.29	0.603887	0.465884	0.525984	0.150003	0.082754	0.106664	0.587848	0.494534	0.537169	10
1.37	0.663148	0.545715	0.598728	0.149360	0.089001	0.111538	0.635787	0.544862	0.586823	10
1.45	0.649292	0.565224	0.604348	0.159797	0.089754	0.114946	0.624018	0.562110	0.591449	11
1.42	0.651407	0.553819	0.598662	0.163840	0.087117	0.113751	0.625510	0.558831	0.590293	11
1.45	0.673537	0.583616	0.625361	0.167400	0.094099	0.120476	0.653865	0.579804	0.614612	12
1.48	0.664368	0.589149	0.624502	0.168110	0.103607	0.128203	0.646449	0.591991	0.618023	13
1.54	0.649189	0.600262	0.623768	0.169176	0.104866	0.129475	0.630293	0.607822	0.618854	12
1.49	0.654543	0.584247	0.617400	0.168738	0.109338	0.132694	0.636475	0.592518	0.613710	12
1.50	0.656417	0.590508	0.621720	0.165841	0.114734	0.135633	0.641700	0.593408	0.616610	13
1.53	0.648904	0.596283	0.621481	0.171016	0.119430	0.140642	0.632880	0.601628	0.616858	14
1.57	0.657099	0.618800	0.637375	0.162830	0.123345	0.140363	0.642373	0.620131	0.631056	14
1.55	0.664892	0.618267	0.640732	0.162327	0.119604	0.137729	0.649197	0.624099	0.636401	13
1.56	0.665591	0.620402	0.642202	0.163756	0.118244	0.137328	0.650722	0.626650	0.638459	12
1.53	0.657378	0.601039	0.627947	0.168286	0.117221	0.138187	0.640369	0.611062	0.625372	13
1.57	0.630427	0.592643	0.610951	0.182573	0.121127	0.145634	0.612059	0.609725	0.610890	13
1.60	0.679307	0.650296	0.664485	0.182496	0.128705	0.150951	0.667587	0.652684	0.660052	15
1.54	0.714316	0.658400	0.685219	0.188328	0.133509	0.156250	0.704278	0.651753	0.676998	15
1.59	0.682525	0.649568	0.665639	0.187946	0.134259	0.156630	0.673675	0.653454	0.663410	16
1.72	0.671735	0.692565	0.681991	0.192267	0.138644	0.161111	0.672357	0.684954	0.678597	15
1.65	0.682868	0.675677	0.679254	0.190770	0.141815	0.162689	0.677079	0.672281	0.674672	16
1.57	0.667062	0.627439	0.646644	0.178378	0.140288	0.157057	0.656920	0.638027	0.647336	15
1.59	0.689917	0.656168	0.672620	0.191447	0.144085	0.164423	0.686174	0.662240	0.673995	15
1.70	0.673577	0.685868	0.679667	0.198445	0.153173	0.172894	0.682344	0.683173	0.682758	16
1.68	0.684523	0.688974	0.686741	0.202169	0.155375	0.175710	0.690084	0.691311	0.690697	15
1.60	0.682622	0.655392	0.668730	0.194066	0.153464	0.171393	0.678958	0.669811	0.674354	15
1.62	0.689805	0.668883	0.679183	0.198330	0.151094	0.171519	0.683456	0.677909	0.680671	17
1.61	0.700252	0.673881	0.686814	0.201730	0.160351	0.178676	0.699572	0.676897	0.688048	18
1.65	0.694521	0.687712	0.691100	0.202120	0.158591	0.177729	0.699378	0.688639	0.693967	18
1.75	0.675465	0.710376	0.692481	0.210702	0.161474	0.182833	0.687762	0.710989	0.699182	17
1.71	0.677026	0.692468	0.684660	0.228470	0.159021	0.187522	0.681248	0.699409	0.690209	17
1.64	0.690704	0.678637	0.684618	0.226163	0.162964	0.189431	0.688284	0.688193	0.688239	19
1.70	0.676135	0.689654	0.682827	0.231520	0.164971	0.192660	0.677407	0.699854	0.688448	19
1.73	0.675263	0.698923	0.686889	0.223042	0.164906	0.189618	0.678580	0.706494	0.692256	19
1.63	0.689119	0.673736	0.681341	0.201383	0.163980	0.180767	0.684487	0.683699	0.684093	17
1.69	0.685572	0.694555	0.690034	0.211542	0.167224	0.186790	0.686845	0.700462	0.693586	19
1.72	0.674469	0.694992	0.684577	0.224267	0.165459	0.190426	0.678723	0.703458	0.690869	19
1.67	0.672794	0.674949	0.673870	0.219425	0.174037	0.194113	0.674854	0.688801	0.681756	19
1.63	0.687357	0.672814	0.680008	0.208022	0.177445	0.191521	0.687367	0.685764	0.686565	19
1.68	0.700352	0.704601	0.702470	0.214103	0.178176	0.194494	0.707396	0.712001	0.709691	18
1.75	0.695696	0.731146	0.712981	0.244609	0.184064	0.210061	0.706482	0.731638	0.718840	20
1.67	0.694349	0.695865	0.695106	0.243341	0.183481	0.209214	0.695248	0.707750	0.701443	21
1.69	0.686897	0.694798	0.690825	0.241966	0.183880	0.208962	0.690912	0.707831	0.699269	21
1.68	0.676439	0.681889	0.679153	0.239606	0.184346	0.208375	0.677867	0.699247	0.688391	21
1.63	0.699169	0.681695	0.690321	0.236877	0.187069	0.209047	0.699170	0.695724	0.697443	21
1.64	0.702910	0.689265	0.696021	0.236681	0.182378	0.206011	0.704427	0.700381	0.702398	22
1.69	0.704461	0.711880	0.708151	0.240565	0.182141	0.207316	0.709839	0.719168	0.714473	22
1.66	0.710722	0.705134	0.707917	0.243443	0.184985	0.210226	0.713657	0.712244	0.712950	22
1.72	0.695540	0.716636	0.705930	0.250915	0.185281	0.213160	0.701027	0.724229	0.712439	23
1.76	0.683796	0.720033	0.701447	0.254705	0.183065	0.213023	0.691526	0.727670	0.709138	22
1.71	0.687627	0.704746	0.696081	0.247160	0.185422	0.211885	0.692981	0.710341	0.701553	22
1.70	0.695319	0.708580	0.701887	0.242142	0.191337	0.213762	0.701516	0.709207	0.705341	22
1.70	0.698067	0.711686	0.704811	0.248682	0.192323	0.216901	0.703338	0.709410	0.706361	22
1.70	0.687687	0.701737	0.694641	0.258139	0.193514	0.221203	0.689613	0.711515	0.700393	21
1.67	0.685849	0.685383	0.685616	0.251454	0.194871	0.219576	0.683750	0.692769	0.688230	21
1.70	0.695426	0.707609	0.701465	0.252380	0.197054	0.221311	0.699538	0.710017	0.704739	23
1.78	0.695886	0.740464	0.717483	0.258049	0.195812	0.222663	0.704918	0.733055	0.718711	22
1.75	0.683725	0.716442	0.699701	0.257041	0.197493	0.223367	0.690154	0.724917	0.707109	22
1.74	0.675348	0.702223	0.688523	0.247202	0.206727	0.225160	0.681718	0.713985	0.697478	21
1.69	0.698290	0.707270	0.702751	0.247187	0.211226	0.227796	0.704778	0.714714	0.709711	21
1.79	0.693752	0.744152	0.718069	0.251500	0.214714	0.231656	0.708037	0.746255	0.726644	22
1.75	0.704458	0.739979	0.721782	0.253084	0.211683	0.230540	0.714016	0.741760	0.727624	22
1.71	0.704199	0.720227	0.712123	0.249376	0.209879	0.227929	0.708203	0.726334	0.717154	23
1.70	0.685464	0.699602	0.692461	0.246579	0.204685	0.223687	0.686064	0.713823	0.699668	23
1.57	0.699449	0.659565	0.678922	0.247973	0.210163	0.227507	0.693693	0.681027	0.687302	24
1.65	0.699695	0.690527	0.695081	0.245205	0.213532	0.228275	0.704031	0.703984	0.704008	23
1.72	0.689938	0.713142	0.701348	0.245165	0.214741	0.228946	0.698565	0.722285	0.710227	22
1.72	0.698758	0.721004	0.709707	0.244709	0.210628	0.226393	0.705313	0.727387	0.716180	22
1.75	0.700871	0.734204	0.717150	0.246860	0.214782	0.229706	0.705620	0.724796	0.715079	22
1.78	0.693160	0.738135	0.714940	0.268075	0.223061	0.243505	0.699698	0.726091	0.712650	23
1.74	0.681137	0.711977	0.696215	0.267283	0.224446	0.243999	0.684455	0.705037	0.694593	23
1.69	0.684756	0.692565	0.688639	0.249798	0.225963	0.237283	0.685865	0.693943	0.689880	22
1.71	0.678380	0.694215	0.686206	0.246244	0.215133	0.229639	0.682212	0.702850	0.692377	22
1.78	0.661438	0.706056	0.683020	0.246602	0.215150	0.229805	0.666459	0.716131	0.690403	22
1.77	0.679147	0.720082	0.699015	0.242748	0.220611	0.231150	0.685567	0.717184	0.701019	23
1.78	0.689201	0.733718	0.710763	0.243078	0.225322	0.233864	0.696279	0.724512	0.710115	23
1.71	0.691776	0.709502	0.700527	0.248110	0.227834	0.237540	0.695593	0.716495	0.705890	22
1.75	0.690461	0.725711	0.707647	0.254011	0.219649	0.235584	0.696977	0.734068	0.715042	22
1.68	0.708901	0.711929	0.710412	0.250588	0.217780	0.233035	0.710740	0.719653	0.715169	22
1.77	0.700352	0.742599	0.720857	0.274792	0.219652	0.244147	0.711493	0.740991	0.725943	23
1.79	0.693187	0.744152	0.717766	0.279129	0.217360	0.244402	0.703357	0.744028	0.723121	24
1.71	0.701448	0.717073	0.709174	0.300770	0.216804	0.251976	0.703833	0.722812	0.713196	25
1.74	0.697882	0.725857	0.711594	0.298034	0.216590	0.250867	0.702531	0.725403	0.713784	26
1.81	0.688038	0.744735	0.715264	0.296496	0.217828	0.251146	0.695885	0.735930	0.715347	25
1.75	0.695395	0.729108	0.711852	0.301138	0.217904	0.252848	0.699676	0.727306	0.713224	24
1.67	0.693992	0.695137	0.694564	0.275203	0.219076	0.243953	0.690492	0.704430	0.697391	25
1.71	0.700346	0.716490	0.708326	0.298230	0.224550	0.256198	0.698650	0.710462	0.704507	26
1.81	0.676560	0.735660	0.704873	0.294777	0.240400	0.264826	0.683313	0.728521	0.705193	26
1.79	0.673846	0.724207	0.698119	0.292728	0.240024	0.263769	0.678392	0.725119	0.700978	26
1.72	0.691204	0.713142	0.702002	0.291003	0.231032	0.257573	0.690955	0.711434	0.701045	25
1.71	0.687711	0.703096	0.695318	0.272534	0.228116	0.248354	0.684520	0.706171	0.695177	24
1.79	0.674327	0.721974	0.697338	0.273166	0.224680	0.246562	0.679712	0.725727	0.701966	24
1.72	0.693036	0.713821	0.703275	0.293545	0.235654	0.261433	0.694862	0.715078	0.704825	25
1.74	0.703168	0.733573	0.718049	0.271388	0.237596	0.253370	0.705779	0.726051	0.715771	24
1.79	0.679298	0.729011	0.703277	0.291080	0.231463	0.257870	0.685134	0.731760	0.707680	25
1.76	0.690543	0.727507	0.708543	0.247809	0.229717	0.238420	0.693325	0.726294	0.709426	23
1.82	0.688920	0.753179	0.719618	0.289971	0.234917	0.259557	0.698737	0.749008	0.723000	26
1.90	0.673576	0.767980	0.717687	0.298605	0.235430	0.263281	0.689651	0.766661	0.726120	27
1.72	0.714770	0.737212	0.725818	0.298900	0.239710	0.266053	0.717397	0.735080	0.726131	26
1.65	0.718793	0.710909	0.714829	0.318671	0.239995	0.273793	0.715055	0.717103	0.716078	27
1.65	0.711960	0.704601	0.708261	0.299893	0.244282	0.269246	0.710095	0.715281	0.712678	26
1.73	0.709584	0.734446	0.721801	0.268292	0.241913	0.254421	0.715085	0.730869	0.722891	25
1.72	0.699497	0.721392	0.710275	0.288573	0.251836	0.268956	0.703297	0.723581	0.713295	26
1.74	0.690389	0.718432	0.704131	0.292104	0.252550	0.270891	0.693122	0.723864	0.708160	26
1.74	0.681170	0.711152	0.695838	0.297386	0.253871	0.273911	0.683633	0.717548	0.700180	26
1.75	0.687587	0.720955	0.703876	0.297084	0.253794	0.273738	0.693423	0.726375	0.709517	26
1.73	0.707110	0.733087	0.719865	0.297813	0.245015	0.268846	0.713043	0.735930	0.724306	26
1.74	0.709955	0.740998	0.725144	0.296979	0.236628	0.263391	0.713884	0.741275	0.727321	26
1.76	0.710428	0.750801	0.730057	0.317005	0.238834	0.272423	0.715228	0.745971	0.730276	27
1.70	0.716390	0.731826	0.724025	0.309133	0.264586	0.285130	0.714587	0.723459	0.718996	28
1.80	0.698761	0.755120	0.725848	0.312082	0.275307	0.292544	0.707185	0.746903	0.726502	28
1.78	0.692570	0.740464	0.715716	0.312807	0.274265	0.292271	0.701679	0.743137	0.721813	28
1.69	0.707993	0.719159	0.713533	0.309389	0.271599	0.289265	0.709257	0.720018	0.714597	30
1.73	0.703281	0.729254	0.716032	0.312100	0.271839	0.290581	0.708558	0.728682	0.718479	31
1.72	0.702969	0.722654	0.712676	0.311736	0.279837	0.294927	0.704087	0.721192	0.712537	30
1.73	0.699700	0.725371	0.712305	0.312449	0.280461	0.295592	0.702155	0.728642	0.715154	30
1.71	0.717412	0.736630	0.726894	0.316713	0.282319	0.298529	0.719281	0.736213	0.727649	27
1.68	0.725035	0.730418	0.727717	0.316074	0.276525	0.294979	0.724324	0.730059	0.727180	27
1.69	0.708509	0.719305	0.713866	0.313937	0.279108	0.295500	0.712349	0.724957	0.718598	27
1.79	0.684778	0.736387	0.709646	0.320843	0.281684	0.299991	0.695576	0.744838	0.719364	26
1.83	0.667358	0.733524	0.698879	0.310843	0.284988	0.297355	0.680201	0.739696	0.708702	26
1.80	0.687337	0.740707	0.713024	0.309235	0.284447	0.296324	0.697699	0.734958	0.715844	27
1.76	0.707810	0.748617	0.727642	0.314584	0.285257	0.299203	0.713796	0.743137	0.728171	27
1.75	0.694310	0.728914	0.711191	0.309932	0.285869	0.297414	0.697773	0.734796	0.715806	27
1.75	0.702907	0.737018	0.719558	0.318434	0.282400	0.299336	0.708418	0.743056	0.725324	27
1.76	0.713324	0.750849	0.731606	0.295188	0.278452	0.286576	0.719026	0.743704	0.731157	26
1.72	0.708979	0.730758	0.719704	0.312721	0.280432	0.295698	0.710928	0.730747	0.720702	27
1.70	0.701697	0.714501	0.708041	0.314418	0.275813	0.293853	0.704116	0.724472	0.714149	26
1.70	0.705762	0.720421	0.713016	0.311498	0.280401	0.295133	0.705871	0.725646	0.715622	26
1.74	0.701997	0.731874	0.716624	0.316493	0.285363	0.300123	0.705266	0.734068	0.719379	29
1.77	0.702183	0.746142	0.723495	0.321281	0.281290	0.299958	0.711152	0.742651	0.726560	29
1.76	0.704520	0.741240	0.722414	0.319594	0.281159	0.299147	0.709522	0.739291	0.724100	29
1.72	0.702199	0.722168	0.712044	0.313336	0.292479	0.302548	0.704340	0.720220	0.712192	30
1.70	0.693953	0.708434	0.701119	0.316527	0.291980	0.303758	0.699159	0.718641	0.708766	31
1.73	0.705904	0.733961	0.719659	0.318944	0.287744	0.302542	0.709887	0.736983	0.723181	31
1.74	0.705264	0.735417	0.720025	0.309619	0.289121	0.299019	0.710885	0.732610	0.721584	32
1.72	0.703197	0.725857	0.714347	0.305710	0.290168	0.297736	0.705332	0.724188	0.714636	32
1.75	0.705227	0.740512	0.722439	0.309562	0.288462	0.298640	0.710500	0.738886	0.724415	32
1.75	0.698763	0.732165	0.715075	0.314837	0.288841	0.301279	0.701077	0.735970	0.718100	30
1.76	0.694750	0.731534	0.712668	0.336896	0.294959	0.314536	0.699919	0.735039	0.717049	31
1.72	0.710707	0.733815	0.722076	0.337614	0.290563	0.312327	0.713141	0.732974	0.722922	33
1.73	0.709779	0.735854	0.722581	0.316541	0.294352	0.305044	0.716178	0.735485	0.725703	32
1.75	0.700933	0.736582	0.718315	0.322615	0.290309	0.305610	0.708549	0.745404	0.726509	31
1.72	0.707271	0.729787	0.718353	0.324287	0.290321	0.306366	0.711070	0.739938	0.725217	31
1.69	0.711426	0.719159	0.715272	0.340722	0.294819	0.316113	0.713824	0.722569	0.718170	29
1.69	0.701034	0.710424	0.705698	0.327087	0.292429	0.308788	0.702249	0.717224	0.709657	31
1.73	0.706108	0.730952	0.718316	0.326447	0.299067	0.312158	0.710075	0.736821	0.723201	32
1.79	0.703357	0.754489	0.728026	0.327959	0.299291	0.312970	0.711632	0.746984	0.728879	30
1.77	0.706141	0.747743	0.726347	0.342614	0.296903	0.318125	0.716464	0.746012	0.730940	32

Thu Jul 29 16:13:12 2021
25.62	0.041179	0.651235	0.077460	0.038423	0.325932	0.068742	0.040909	0.622500	0.076772	47
2.25	0.081788	0.110259	0.093913	0.039010	0.032420	0.035411	0.085168	0.104381	0.093801	39
1.00	0.233590	0.140056	0.175116	0.034669	0.018239	0.023903	0.233582	0.172888	0.198704	30
1.00	0.309368	0.185431	0.231878	0.032751	0.024062	0.027742	0.309337	0.260547	0.282854	12
1.00	0.349434	0.209599	0.262028	0.048148	0.025513	0.033353	0.349421	0.278160	0.309745	5
1.01	0.468179	0.284529	0.353950	0.040081	0.026256	0.031728	0.463722	0.284476	0.352628	4
1.02	0.538780	0.328691	0.408295	0.058163	0.038119	0.046054	0.534132	0.350879	0.423533	5
1.01	0.576699	0.350480	0.435993	0.086678	0.045968	0.060076	0.573123	0.377925	0.455493	6
1.01	0.598196	0.363778	0.452425	0.106755	0.047229	0.065486	0.596809	0.396105	0.476172	8
1.03	0.580816	0.357323	0.442448	0.087392	0.045788	0.060092	0.580330	0.393919	0.469291	8
1.05	0.601825	0.377608	0.464052	0.096861	0.049261	0.065308	0.594934	0.409750	0.485275	8
1.12	0.631495	0.423469	0.506972	0.094952	0.057177	0.071375	0.618498	0.446352	0.518510	8
1.24	0.663170	0.490925	0.564194	0.097487	0.064560	0.077678	0.650788	0.493765	0.561505	9
1.20	0.678289	0.486218	0.566413	0.154325	0.072840	0.098968	0.667105	0.492995	0.566985	11
1.28	0.642328	0.492672	0.557634	0.153371	0.076569	0.102144	0.631968	0.502956	0.560129	11
1.35	0.605659	0.488207	0.540628	0.120057	0.077590	0.094261	0.592599	0.506276	0.546047	9
1.36	0.634497	0.515918	0.569096	0.141529	0.085715	0.106768	0.630294	0.528221	0.574761	10
1.26	0.654614	0.494662	0.563507	0.186229	0.098583	0.128920	0.646746	0.514778	0.573265	12
1.30	0.625380	0.488596	0.548590	0.161951	0.103685	0.126427	0.623046	0.512268	0.562253	11
1.39	0.628767	0.525478	0.572501	0.164896	0.110376	0.132237	0.631819	0.542675	0.583864	11
1.50	0.627537	0.564253	0.594215	0.143693	0.109160	0.124069	0.625953	0.569884	0.596604	10
1.52	0.635718	0.577502	0.605213	0.164012	0.115676	0.135668	0.629953	0.582679	0.605394	11
1.45	0.638515	0.555130	0.593910	0.183547	0.121454	0.146180	0.639733	0.568022	0.601749	14
1.53	0.649881	0.596234	0.621903	0.186660	0.124862	0.149632	0.649182	0.600899	0.624108	14
1.55	0.657554	0.610453	0.633129	0.186538	0.127477	0.151453	0.656771	0.612357	0.633787	14
1.50	0.672323	0.603805	0.636224	0.175176	0.126627	0.146997	0.670822	0.609280	0.638572	14
1.44	0.666366	0.574202	0.616860	0.186102	0.126229	0.150427	0.663171	0.592234	0.625699	14
1.50	0.663098	0.595166	0.627299	0.169223	0.119441	0.140040	0.655677	0.612398	0.633299	13
1.50	0.685991	0.617878	0.650156	0.195572	0.126707	0.153782	0.683364	0.623411	0.652012	14
1.55	0.667520	0.620353	0.643073	0.208059	0.133797	0.162862	0.668892	0.627379	0.647471	15
1.54	0.654761	0.604969	0.628881	0.187835	0.134251	0.156586	0.653025	0.623573	0.637959	15
1.52	0.632690	0.575949	0.602988	0.204349	0.135655	0.163063	0.624697	0.604219	0.614287	16
1.58	0.671263	0.635495	0.652889	0.202394	0.140686	0.165990	0.675774	0.646125	0.660617	14
1.70	0.661308	0.672765	0.666987	0.203605	0.137857	0.164401	0.668509	0.671471	0.669987	15
1.58	0.688324	0.650878	0.669078	0.205096	0.134983	0.162812	0.683208	0.653211	0.667873	15
1.57	0.687542	0.645200	0.665699	0.200922	0.143837	0.167654	0.683327	0.649081	0.665764	16
1.62	0.676645	0.654906	0.665598	0.197537	0.147254	0.168729	0.675874	0.652280	0.663867	15
1.67	0.655316	0.654712	0.655014	0.197551	0.142965	0.165883	0.662167	0.667544	0.664845	15
1.68	0.664143	0.668301	0.666215	0.192440	0.149164	0.168060	0.674320	0.675196	0.674758	16
1.58	0.674929	0.638212	0.656057	0.193049	0.148158	0.167650	0.678642	0.651227	0.664652	16
1.63	0.682168	0.666311	0.674146	0.214111	0.155615	0.180236	0.683987	0.668030	0.675914	16
1.66	0.685127	0.679608	0.682356	0.222908	0.159620	0.186029	0.682629	0.682808	0.682719	18
1.57	0.684213	0.644667	0.663851	0.224236	0.154330	0.182828	0.680059	0.655195	0.667395	18
1.53	0.672441	0.617878	0.644006	0.220113	0.154148	0.181317	0.674044	0.633533	0.653161	18
1.58	0.682432	0.646996	0.664242	0.222897	0.153759	0.181983	0.683796	0.653575	0.668344	18
1.70	0.678952	0.691934	0.685382	0.222942	0.152295	0.180968	0.680854	0.683051	0.681951	18
1.60	0.702246	0.673687	0.687670	0.229401	0.147908	0.179854	0.692681	0.669123	0.680698	19
1.59	0.691674	0.660390	0.675670	0.230011	0.153782	0.184326	0.683773	0.664507	0.674003	19
1.67	0.665049	0.664952	0.665000	0.236644	0.168405	0.196776	0.667062	0.672281	0.669661	20
1.76	0.664630	0.701980	0.682794	0.223296	0.179542	0.199043	0.675256	0.686412	0.680788	20
1.68	0.667214	0.670290	0.668749	0.227826	0.174961	0.197925	0.671170	0.675318	0.673238	20
1.68	0.676619	0.682956	0.679773	0.237253	0.169837	0.197963	0.681426	0.688477	0.684933	19
1.65	0.695539	0.687033	0.691260	0.241965	0.169331	0.199235	0.695985	0.684468	0.690179	19
1.64	0.690144	0.679996	0.685033	0.243755	0.177735	0.205574	0.688119	0.680622	0.684350	20
1.65	0.682026	0.673784	0.677880	0.240696	0.178064	0.204696	0.675160	0.678921	0.677035	20
1.64	0.690065	0.678880	0.684427	0.244306	0.178147	0.206046	0.684508	0.681594	0.683047	21
1.66	0.690242	0.688634	0.689437	0.233998	0.180234	0.203627	0.690549	0.682363	0.686431	20
1.75	0.677873	0.710376	0.693744	0.231522	0.187007	0.206897	0.685332	0.702567	0.693843	20
1.81	0.675020	0.733330	0.702968	0.224285	0.178310	0.198673	0.683808	0.719653	0.701273	21
1.68	0.706821	0.709599	0.708207	0.234953	0.177553	0.202260	0.699132	0.698559	0.698845	21
1.61	0.708856	0.686014	0.697248	0.239592	0.179764	0.205410	0.697650	0.679164	0.688283	21
1.65	0.684874	0.677861	0.681349	0.233152	0.183542	0.205394	0.679939	0.679043	0.679491	21
1.69	0.685526	0.695040	0.690250	0.248745	0.184715	0.212001	0.688443	0.697789	0.693085	22
1.66	0.703031	0.700233	0.701629	0.242285	0.182910	0.208452	0.706413	0.698640	0.702505	22
1.68	0.693960	0.697564	0.695757	0.239194	0.182071	0.206760	0.696680	0.698518	0.697598	21
1.64	0.682934	0.672328	0.677590	0.232771	0.180813	0.203528	0.682858	0.681675	0.682266	21
1.62	0.704340	0.681986	0.692983	0.235602	0.178370	0.203030	0.703231	0.691109	0.697117	22
1.69	0.684734	0.694604	0.689633	0.237068	0.178304	0.203529	0.685923	0.702850	0.694284	22
1.65	0.690989	0.682908	0.686925	0.248168	0.183286	0.210848	0.690724	0.693578	0.692148	21
1.60	0.706970	0.677327	0.691831	0.250417	0.185174	0.212909	0.704666	0.684347	0.694358	23
1.69	0.702858	0.713773	0.708273	0.252240	0.185377	0.213700	0.702382	0.712730	0.707518	22
1.74	0.686070	0.716102	0.700765	0.254044	0.189045	0.216777	0.688577	0.714997	0.701538	23
1.69	0.681248	0.690042	0.685616	0.237548	0.191267	0.211910	0.680812	0.692566	0.686639	23
1.70	0.695107	0.710084	0.702516	0.231388	0.198305	0.213573	0.697248	0.703174	0.700199	23

Thu Jul 29 16:47:44 2021
20.72	0.047056	0.601852	0.087287	0.032322	0.316722	0.058658	0.047479	0.560000	0.087536	42
3.23	0.147680	0.285548	0.194677	0.032347	0.043641	0.037155	0.172045	0.269010	0.209868	37
1.05	0.393269	0.248374	0.304462	0.050100	0.031338	0.038558	0.397387	0.249939	0.306870	11
1.00	0.501334	0.300932	0.376103	0.042767	0.034191	0.038001	0.501174	0.336181	0.402422	6
1.00	0.508458	0.304863	0.381178	0.069942	0.035285	0.046906	0.508219	0.343793	0.410140	5
1.00	0.557033	0.335339	0.418648	0.052737	0.038332	0.044395	0.555713	0.366710	0.441848	5
1.02	0.577593	0.354023	0.438982	0.073832	0.044269	0.055350	0.572044	0.386226	0.461119	6
1.03	0.560771	0.347277	0.428927	0.075562	0.044931	0.056353	0.555484	0.386752	0.456010	6
1.04	0.593563	0.370523	0.456243	0.056311	0.046311	0.050824	0.587807	0.400721	0.476560	5
1.09	0.632720	0.412161	0.499162	0.058755	0.050263	0.054178	0.630051	0.431047	0.511888	5
1.09	0.607562	0.396923	0.480157	0.056518	0.050392	0.053280	0.599549	0.421492	0.494995	6
1.15	0.662819	0.457051	0.541031	0.094554	0.056267	0.070550	0.653886	0.468419	0.545827	8
1.28	0.645979	0.497040	0.561806	0.109318	0.060453	0.077853	0.637393	0.505183	0.563639	9
1.31	0.604313	0.474571	0.531641	0.122948	0.060977	0.081522	0.590898	0.489918	0.535691	10
1.21	0.615034	0.445113	0.516456	0.124527	0.056826	0.078039	0.602883	0.467082	0.526365	10
1.24	0.617730	0.458216	0.526149	0.132628	0.062428	0.084896	0.609793	0.474694	0.533829	10
1.38	0.624203	0.517665	0.565964	0.133059	0.084158	0.103104	0.614915	0.522633	0.565031	10
1.51	0.631269	0.571775	0.600051	0.132462	0.100313	0.114168	0.619277	0.571828	0.594607	10
1.45	0.653887	0.568621	0.608280	0.133706	0.096299	0.111960	0.637411	0.570451	0.602075	10
1.37	0.640623	0.524847	0.576985	0.134303	0.099993	0.114636	0.627601	0.550976	0.586798	10
1.41	0.656581	0.553916	0.600895	0.133619	0.106325	0.118420	0.646550	0.572799	0.607445	10
1.46	0.684870	0.599486	0.639340	0.154776	0.111651	0.129723	0.677715	0.597498	0.635083	11
1.50	0.668833	0.599340	0.632182	0.139213	0.104251	0.119221	0.656304	0.598834	0.626253	10
1.43	0.641304	0.549743	0.592004	0.161712	0.109789	0.130786	0.622249	0.571544	0.595820	11
1.50	0.664542	0.596914	0.628915	0.159639	0.111392	0.131221	0.643130	0.602802	0.622313	11
1.47	0.685293	0.602883	0.641452	0.160231	0.120819	0.137762	0.669958	0.606851	0.636845	12
1.50	0.676531	0.607978	0.640425	0.184991	0.119905	0.145501	0.666401	0.616001	0.640211	13
1.46	0.687950	0.602349	0.642310	0.171777	0.115342	0.138013	0.677732	0.613693	0.644125	13
1.45	0.684658	0.594050	0.636144	0.179745	0.118771	0.143031	0.675712	0.611628	0.642075	13
1.54	0.666051	0.612880	0.638360	0.176363	0.131026	0.150351	0.653598	0.626731	0.639883	14
1.60	0.652544	0.624867	0.638405	0.173082	0.128561	0.147536	0.641851	0.638432	0.640137	14
1.54	0.664038	0.613025	0.637513	0.180863	0.126891	0.149144	0.652347	0.628755	0.640334	13
1.56	0.685322	0.642386	0.663160	0.178485	0.133263	0.152594	0.678688	0.647056	0.662495	13
1.64	0.681419	0.670242	0.675784	0.172702	0.134147	0.151003	0.681341	0.666046	0.673607	13
1.73	0.659476	0.682423	0.670753	0.173225	0.134727	0.151570	0.662993	0.676492	0.669675	13
1.54	0.698442	0.646074	0.671238	0.176964	0.138173	0.155181	0.690987	0.646328	0.667912	14
1.58	0.696062	0.659614	0.677348	0.173703	0.142384	0.156492	0.689995	0.650579	0.669708	15
1.67	0.672327	0.672523	0.672425	0.176911	0.141816	0.157431	0.671220	0.669690	0.670454	13
1.68	0.674348	0.677424	0.675882	0.173277	0.137161	0.153118	0.668644	0.670662	0.669651	13
1.56	0.682734	0.637872	0.659541	0.174673	0.141473	0.156330	0.673287	0.643655	0.658138	16
1.58	0.686806	0.648743	0.667232	0.180764	0.145037	0.160942	0.679036	0.651470	0.664967	15
1.66	0.682706	0.680287	0.681494	0.190336	0.149539	0.167489	0.676978	0.668151	0.672536	15
1.61	0.676129	0.653062	0.664396	0.191222	0.157178	0.172536	0.679340	0.658798	0.668911	18
1.54	0.679108	0.625158	0.651017	0.189771	0.154529	0.170346	0.678969	0.642805	0.660392	18
1.61	0.683009	0.657818	0.670177	0.192390	0.150572	0.168931	0.684350	0.667665	0.675905	19
1.69	0.678198	0.685965	0.682059	0.180114	0.153326	0.165644	0.679774	0.690177	0.684936	16
1.65	0.684472	0.675337	0.679874	0.196112	0.159970	0.176207	0.684262	0.674832	0.679514	18
1.59	0.699070	0.667281	0.682806	0.182105	0.160879	0.170835	0.694587	0.667665	0.680860	19
1.65	0.692466	0.685577	0.689004	0.208818	0.158621	0.180291	0.689720	0.689408	0.689564	20
1.70	0.686733	0.700864	0.693727	0.230158	0.164351	0.191766	0.690153	0.705604	0.697793	19
1.65	0.708182	0.699796	0.703964	0.235397	0.168530	0.196429	0.708562	0.700543	0.704530	19
1.64	0.713132	0.702854	0.707956	0.223830	0.173731	0.195624	0.712284	0.700138	0.706159	20
1.63	0.693802	0.679559	0.686607	0.221498	0.174700	0.195335	0.693462	0.690663	0.692060	18
1.71	0.671721	0.687955	0.679741	0.222259	0.168227	0.191505	0.673809	0.700381	0.686838	18
1.69	0.686957	0.694458	0.690687	0.230833	0.168035	0.194490	0.690115	0.701798	0.695907	19
1.64	0.691769	0.681161	0.686424	0.239251	0.178148	0.204227	0.692535	0.691554	0.692044	19
1.67	0.684908	0.686936	0.685921	0.234615	0.187065	0.208159	0.690018	0.694712	0.692357	19
1.71	0.680017	0.695428	0.687636	0.238567	0.184241	0.207914	0.683503	0.703215	0.693219	19
1.69	0.682930	0.692177	0.687523	0.236060	0.181534	0.205237	0.685176	0.698923	0.691981	21
1.65	0.704387	0.698098	0.701228	0.235953	0.187856	0.209176	0.704617	0.691068	0.697777	21
1.66	0.698981	0.695623	0.697298	0.256804	0.185988	0.215733	0.697390	0.696777	0.697083	22
1.64	0.683281	0.670581	0.676872	0.226813	0.175063	0.197606	0.676164	0.679974	0.678064	22
1.65	0.681691	0.674512	0.678083	0.227049	0.175564	0.198015	0.676674	0.682970	0.679808	19
1.60	0.696311	0.666845	0.681259	0.225334	0.186961	0.204361	0.690380	0.676209	0.683221	19
1.62	0.712763	0.691352	0.701894	0.217783	0.191093	0.203567	0.708970	0.692647	0.700713	20
1.69	0.702117	0.709648	0.705862	0.228696	0.189137	0.207044	0.703226	0.712932	0.708046	20
1.61	0.713748	0.689848	0.701594	0.224441	0.189646	0.205582	0.709924	0.698761	0.704298	21
1.67	0.697432	0.698583	0.698007	0.244979	0.194832	0.217047	0.698702	0.702243	0.700468	22
1.68	0.701706	0.704601	0.703150	0.247503	0.195317	0.218335	0.703817	0.702567	0.703191	23
1.66	0.698647	0.694409	0.696522	0.252066	0.189326	0.216237	0.699605	0.702850	0.701224	23
1.66	0.699932	0.696399	0.698161	0.233198	0.194162	0.211897	0.702902	0.700138	0.701517	22
1.69	0.696967	0.705862	0.701386	0.254570	0.202317	0.225456	0.703155	0.702041	0.702598	22
1.66	0.703899	0.698195	0.701035	0.253068	0.209224	0.229067	0.706337	0.697951	0.702119	23
1.61	0.717096	0.693536	0.705119	0.254336	0.203935	0.226364	0.714421	0.699125	0.706690	23
1.60	0.708329	0.680967	0.694379	0.260643	0.197813	0.224922	0.703718	0.691918	0.697768	24
1.66	0.677845	0.674852	0.676345	0.260649	0.204928	0.229454	0.678522	0.687748	0.683104	23
1.68	0.684444	0.689459	0.686942	0.259374	0.211245	0.232848	0.692209	0.697627	0.694907	23
1.75	0.685042	0.719451	0.701825	0.263481	0.208603	0.232852	0.691287	0.722245	0.706427	23
1.66	0.697389	0.692177	0.694773	0.269645	0.208308	0.235041	0.695340	0.702850	0.699075	23
1.64	0.702645	0.690915	0.696731	0.258433	0.208348	0.230704	0.698201	0.701514	0.699854	23
1.67	0.696981	0.698098	0.697539	0.255354	0.212717	0.232093	0.696630	0.697141	0.696886	23
1.66	0.693854	0.688634	0.691234	0.249352	0.209715	0.227823	0.695338	0.697911	0.696622	23
1.64	0.675097	0.664515	0.669765	0.245123	0.213763	0.228371	0.673762	0.684995	0.679332	23
1.68	0.702734	0.706008	0.704367	0.243325	0.214954	0.228261	0.704683	0.706494	0.705588	23
1.80	0.682595	0.738280	0.709347	0.251630	0.216579	0.232793	0.689845	0.722771	0.705924	23
1.77	0.669031	0.709454	0.688650	0.251801	0.216639	0.232900	0.674553	0.710057	0.691850	23
1.77	0.665612	0.704212	0.684368	0.256768	0.223313	0.238875	0.670227	0.707750	0.688477	25
1.75	0.678865	0.712996	0.695512	0.223843	0.224889	0.224365	0.684288	0.703498	0.693760	24
1.77	0.680246	0.719596	0.699368	0.227140	0.221900	0.224489	0.686145	0.710057	0.697896	23
1.77	0.676083	0.718965	0.696865	0.230754	0.221303	0.225930	0.683235	0.718844	0.700587	23
1.71	0.688526	0.706202	0.697252	0.232491	0.216314	0.224111	0.691874	0.709126	0.700394	23
1.73	0.681452	0.706784	0.693887	0.236317	0.210732	0.222792	0.687378	0.710584	0.698788	22
1.74	0.679245	0.707561	0.693114	0.242884	0.207270	0.223668	0.688095	0.715564	0.701561	22
1.70	0.700897	0.713142	0.706966	0.261858	0.216792	0.237204	0.705230	0.718641	0.711872	23
1.65	0.695454	0.687421	0.691414	0.257012	0.224254	0.239518	0.694986	0.698680	0.696828	26
1.70	0.696033	0.710084	0.702988	0.254292	0.222815	0.237515	0.700466	0.717224	0.708746	24
1.71	0.694898	0.713142	0.703902	0.251258	0.225018	0.237415	0.698799	0.720180	0.709328	25
1.73	0.684393	0.708240	0.696113	0.250244	0.227523	0.238343	0.691024	0.717062	0.703802	25
1.67	0.683484	0.682423	0.682953	0.245956	0.229516	0.237452	0.686562	0.695927	0.691212	26

Thu Jul 29 17:33:15 2021
19.88	0.029434	0.361111	0.054431	0.026097	0.271761	0.047621	0.028840	0.430000	0.054054	43
1.90	0.138511	0.157333	0.147323	0.047633	0.037645	0.042054	0.150706	0.237104	0.184281	34
1.00	0.241499	0.144764	0.181018	0.042291	0.022288	0.029192	0.241477	0.233460	0.237401	18
1.00	0.291198	0.174512	0.218237	0.033520	0.023656	0.027738	0.291198	0.253381	0.270976	6
1.00	0.431128	0.258371	0.323107	0.038791	0.028877	0.033107	0.431128	0.311523	0.361694	5
1.00	0.362430	0.217412	0.271787	0.046288	0.027660	0.034628	0.362297	0.293546	0.324318	5
1.00	0.460462	0.276376	0.345424	0.055188	0.039009	0.045709	0.460199	0.340473	0.391385	5
1.01	0.583799	0.354994	0.441514	0.078431	0.045799	0.057829	0.581599	0.390558	0.467308	6
1.07	0.570225	0.364505	0.444727	0.080169	0.048107	0.060131	0.561449	0.400599	0.467577	6
1.06	0.590384	0.374842	0.458547	0.126598	0.052646	0.074366	0.584420	0.412179	0.483415	8
1.04	0.631665	0.392653	0.484274	0.170036	0.052030	0.079679	0.629889	0.422139	0.505502	11
1.07	0.609780	0.390323	0.475973	0.151391	0.055221	0.080924	0.611912	0.427605	0.503420	11
1.17	0.627273	0.438659	0.516278	0.155841	0.065303	0.092038	0.615030	0.464451	0.529238	10
1.18	0.640101	0.453315	0.530754	0.155349	0.068034	0.094627	0.620550	0.474370	0.537702	11
1.19	0.607446	0.434728	0.506775	0.163601	0.080311	0.107735	0.593489	0.467892	0.523260	11
1.38	0.614062	0.507765	0.555877	0.158747	0.096178	0.119784	0.601108	0.519759	0.557481	11
1.52	0.633287	0.575755	0.603152	0.154637	0.105165	0.125191	0.619192	0.572152	0.594743	11
1.42	0.634763	0.540716	0.583978	0.156453	0.099334	0.121516	0.613336	0.553648	0.581966	11
1.37	0.653660	0.537368	0.589836	0.166434	0.099265	0.124359	0.629430	0.551705	0.588010	11
1.37	0.654969	0.538921	0.591305	0.176850	0.114580	0.139062	0.642144	0.554134	0.594901	12
1.39	0.666822	0.556828	0.606881	0.181625	0.118041	0.143087	0.655863	0.570127	0.609997	12
1.45	0.666296	0.580802	0.620618	0.179706	0.110000	0.136467	0.648123	0.589562	0.617457	12
1.46	0.679591	0.592886	0.633284	0.181049	0.112692	0.138917	0.659001	0.597012	0.626477	12
1.48	0.682219	0.603853	0.640649	0.183470	0.127658	0.150558	0.666302	0.604178	0.633722	12
1.57	0.674024	0.634281	0.653549	0.199021	0.138253	0.163163	0.661221	0.622642	0.641352	14
1.64	0.644899	0.634039	0.639422	0.183355	0.131556	0.153195	0.637528	0.633047	0.635280	13
1.52	0.651697	0.593662	0.621327	0.181458	0.129785	0.151333	0.640551	0.604502	0.622005	13
1.44	0.684276	0.590896	0.634167	0.179461	0.124272	0.146853	0.673894	0.601425	0.635601	13
1.48	0.692523	0.613074	0.650381	0.173378	0.124547	0.144961	0.683794	0.614827	0.647479	13
1.51	0.697080	0.630302	0.662011	0.173398	0.129579	0.148320	0.687303	0.629484	0.657124	14
1.50	0.692084	0.623265	0.655874	0.172235	0.128804	0.147386	0.680797	0.629079	0.653917	13
1.51	0.705385	0.640105	0.671161	0.193416	0.137430	0.160686	0.693900	0.640254	0.665998	14
1.52	0.702601	0.641124	0.670456	0.193228	0.141092	0.163095	0.689790	0.644465	0.666358	14
1.54	0.699511	0.644958	0.671127	0.193030	0.148006	0.167546	0.689918	0.646409	0.667455	14
1.61	0.690727	0.667330	0.678827	0.195386	0.150931	0.170305	0.683464	0.666046	0.674643	14
1.57	0.705326	0.662574	0.683282	0.195817	0.153905	0.172349	0.697824	0.662361	0.679631	14
1.50	0.708212	0.638649	0.671634	0.191844	0.153177	0.170344	0.701636	0.647623	0.673548	15
1.58	0.676723	0.642240	0.659031	0.193672	0.156996	0.173416	0.671887	0.657503	0.664617	14
1.78	0.648105	0.691352	0.669030	0.197873	0.155106	0.173899	0.649186	0.697668	0.672554	14
1.72	0.673142	0.694506	0.683657	0.199309	0.158244	0.176418	0.674079	0.688153	0.681043	14
1.63	0.691735	0.675823	0.683686	0.191390	0.154804	0.171164	0.687644	0.672443	0.679959	15
1.58	0.679587	0.642386	0.660463	0.192546	0.154461	0.171414	0.670582	0.654061	0.662219	15
1.68	0.680316	0.686159	0.683225	0.191332	0.165028	0.177209	0.680422	0.689246	0.684806	16
1.66	0.683402	0.679753	0.681573	0.189570	0.170168	0.179346	0.681658	0.676694	0.679167	15
1.71	0.685324	0.701155	0.693149	0.190734	0.164320	0.176544	0.686262	0.691594	0.688918	18
1.64	0.709114	0.695865	0.702427	0.192157	0.164967	0.177527	0.705143	0.690623	0.697808	17
1.59	0.705523	0.672037	0.688373	0.217425	0.166210	0.188399	0.697537	0.676897	0.687062	17
1.56	0.699990	0.655828	0.677190	0.228697	0.166065	0.192412	0.691397	0.663738	0.677285	17
1.65	0.687239	0.678201	0.682690	0.231868	0.167055	0.194196	0.684495	0.682727	0.683610	18
1.68	0.688666	0.693245	0.690948	0.227420	0.174065	0.197197	0.690141	0.691230	0.690685	18
1.66	0.705537	0.699990	0.702753	0.224186	0.181765	0.200759	0.701487	0.688436	0.694901	18
1.69	0.700158	0.708143	0.704128	0.215715	0.180375	0.196468	0.699089	0.701150	0.700118	17
1.73	0.674220	0.700330	0.687027	0.215595	0.176454	0.194071	0.677720	0.703053	0.690154	17
1.67	0.679137	0.680093	0.679615	0.208299	0.180426	0.193363	0.683322	0.679691	0.681502	18
1.67	0.687742	0.688877	0.688309	0.216611	0.189651	0.202237	0.689374	0.691513	0.690442	19
1.71	0.689212	0.707173	0.698077	0.219799	0.182011	0.199128	0.692107	0.711637	0.701736	19
1.74	0.692963	0.722120	0.707241	0.210658	0.178154	0.193047	0.695793	0.718763	0.707091	20
1.70	0.700664	0.712123	0.706347	0.211584	0.183029	0.196273	0.700536	0.700219	0.700377	19
1.64	0.683572	0.669805	0.676618	0.218880	0.186766	0.201552	0.679124	0.673415	0.676257	19
1.66	0.681419	0.676987	0.679196	0.222477	0.181640	0.199996	0.677653	0.681715	0.679678	20
1.61	0.703358	0.680045	0.691505	0.218894	0.176500	0.195424	0.699941	0.676452	0.687996	20
1.65	0.704569	0.696739	0.700632	0.214918	0.176505	0.193827	0.702458	0.692404	0.697395	19
1.73	0.686899	0.713967	0.700171	0.235587	0.183426	0.206260	0.691159	0.716779	0.703736	21
1.68	0.695476	0.699796	0.697629	0.236871	0.188502	0.209937	0.698861	0.700907	0.699882	21
1.74	0.691801	0.723090	0.707099	0.231881	0.194446	0.211520	0.697842	0.713094	0.705386	21
1.70	0.699094	0.711443	0.705215	0.218995	0.194047	0.205767	0.704214	0.714754	0.709445	20
1.63	0.708892	0.693342	0.701030	0.242456	0.201181	0.219899	0.707871	0.701595	0.704719	21
1.65	0.714854	0.706008	0.710404	0.242460	0.202805	0.220866	0.714255	0.709976	0.712109	22
1.69	0.698624	0.707270	0.702920	0.258524	0.206258	0.229452	0.701933	0.717103	0.709437	23
1.66	0.692808	0.687664	0.690226	0.271584	0.204799	0.233510	0.691176	0.699409	0.695268	24
1.62	0.688791	0.669805	0.679165	0.268984	0.205094	0.232734	0.683888	0.682322	0.683104	24
1.76	0.683582	0.722362	0.702437	0.255885	0.209973	0.230667	0.691140	0.716090	0.703394	23
1.71	0.696024	0.715277	0.705519	0.251308	0.210134	0.228884	0.699329	0.715078	0.707116	23
1.69	0.694285	0.702708	0.698471	0.252077	0.208926	0.228482	0.693805	0.708681	0.701164	23
1.77	0.688153	0.728429	0.707718	0.255576	0.203589	0.226640	0.693816	0.728763	0.710860	23
1.67	0.700102	0.698777	0.699439	0.254558	0.199652	0.223786	0.699946	0.708033	0.703966	23
1.61	0.712144	0.686984	0.699338	0.247364	0.197964	0.219924	0.711884	0.697951	0.704849	23
1.66	0.712080	0.707415	0.709740	0.249713	0.204093	0.224610	0.714641	0.715159	0.714900	23
1.64	0.729018	0.714937	0.721909	0.252296	0.204804	0.226083	0.727761	0.716374	0.722022	22
1.71	0.711298	0.727798	0.719453	0.249834	0.207873	0.226930	0.716831	0.728116	0.722429	23
1.75	0.703488	0.739882	0.721226	0.255658	0.210791	0.231067	0.712409	0.737145	0.724566	23
1.74	0.706261	0.735223	0.720451	0.257921	0.214551	0.234246	0.713608	0.734756	0.724028	24
1.67	0.689734	0.691206	0.690469	0.253679	0.212105	0.231037	0.688202	0.700988	0.694536	24
1.70	0.692012	0.706687	0.699272	0.251662	0.210358	0.229164	0.694695	0.713418	0.703932	24
1.71	0.701083	0.716393	0.708655	0.255330	0.215836	0.233928	0.702853	0.720747	0.711687	23
1.65	0.722472	0.716442	0.719444	0.257133	0.214641	0.233974	0.719131	0.718601	0.718866	22
1.63	0.728671	0.710424	0.719432	0.261276	0.223402	0.240859	0.722647	0.709491	0.716008	22
1.67	0.703856	0.704164	0.704010	0.259408	0.219831	0.237986	0.700088	0.712649	0.706312	23
1.61	0.710431	0.683539	0.696725	0.259847	0.223653	0.240396	0.700175	0.695360	0.697759	22
1.61	0.720211	0.695186	0.707477	0.255980	0.219915	0.236581	0.711634	0.701352	0.706456	22
1.70	0.715815	0.730127	0.722900	0.263370	0.230070	0.245596	0.714926	0.724107	0.719487	22
