
Thu Mar 10 06:35:15 2022
45.10	0.018849	0.615942	0.036579	0.015867	0.084561	0.026720	0.019290	0.581250	0.037341	89
38.89	0.023252	0.605167	0.044783	0.018835	0.366326	0.035828	0.023452	0.614937	0.045180	89
33.46	0.026805	0.600164	0.051317	0.019743	0.329274	0.037252	0.027121	0.619545	0.051967	89
28.46	0.030899	0.588442	0.058716	0.020387	0.284356	0.038046	0.031403	0.617040	0.059764	89
23.89	0.036102	0.577093	0.067953	0.021358	0.263606	0.039515	0.036925	0.612950	0.069655	89
19.79	0.042958	0.569029	0.079886	0.022866	0.245604	0.041836	0.044318	0.612063	0.082652	89
16.25	0.051565	0.560890	0.094447	0.023729	0.208579	0.042611	0.053796	0.611665	0.098894	89
13.23	0.062320	0.551930	0.111994	0.025593	0.192305	0.045174	0.065817	0.609591	0.118806	89
10.64	0.076215	0.542597	0.133656	0.027194	0.161980	0.046569	0.081686	0.605264	0.143946	89
8.46	0.094178	0.533413	0.160091	0.030527	0.135068	0.049799	0.103100	0.602267	0.176061	89
6.70	0.116283	0.521690	0.190177	0.032352	0.113660	0.050368	0.130120	0.594792	0.213527	89
5.29	0.143959	0.509893	0.224527	0.035785	0.100291	0.052748	0.163889	0.586876	0.256226	89
4.15	0.178770	0.496827	0.262931	0.040212	0.087341	0.055070	0.207432	0.577950	0.305292	88
3.30	0.218302	0.481446	0.300396	0.047721	0.076161	0.058676	0.255011	0.566867	0.351773	87
2.64	0.262875	0.464198	0.335664	0.060956	0.059770	0.060357	0.313391	0.553092	0.400087	86
2.15	0.315073	0.453072	0.371677	0.067721	0.048162	0.056291	0.374050	0.545193	0.443690	84
1.80	0.369300	0.445681	0.403911	0.074216	0.043613	0.054940	0.435226	0.541818	0.482708	78
1.55	0.428109	0.444411	0.436108	0.085010	0.036909	0.051470	0.491129	0.544356	0.516375	69
1.38	0.484615	0.446875	0.464981	0.072702	0.034190	0.046508	0.540782	0.550831	0.545760	61
1.25	0.535260	0.446577	0.486913	0.054100	0.031333	0.039683	0.579542	0.553671	0.566311	53
1.16	0.580729	0.449563	0.506797	0.049604	0.029519	0.037012	0.613772	0.560737	0.586057	47
1.10	0.618204	0.453371	0.523110	0.050175	0.017196	0.025613	0.640871	0.567007	0.601681	41
1.05	0.649862	0.456208	0.536082	0.052694	0.016714	0.025379	0.661824	0.572455	0.613904	34
1.02	0.669394	0.458224	0.544036	0.052572	0.016011	0.024547	0.675912	0.576565	0.622298	28
1.01	0.675295	0.457776	0.545657	0.048699	0.015339	0.023329	0.679304	0.578127	0.624645	24
1.01	0.677730	0.457403	0.546184	0.037485	0.014827	0.021249	0.680580	0.578889	0.625629	20
1.01	0.678128	0.456507	0.545674	0.037591	0.014299	0.020718	0.680178	0.579317	0.625709	18
1.00	0.677742	0.455387	0.544748	0.037112	0.013812	0.020132	0.679051	0.579363	0.625259	16
1.00	0.678277	0.455088	0.544707	0.037376	0.013570	0.019911	0.679116	0.580284	0.625822	13
1.00	0.675206	0.452624	0.541952	0.038329	0.013177	0.019611	0.675689	0.578796	0.623501	12
1.00	0.674097	0.451579	0.540845	0.038263	0.012941	0.019341	0.674365	0.578387	0.622699	10
1.00	0.671127	0.449339	0.538283	0.038489	0.012593	0.018977	0.671315	0.576658	0.620397	10
1.00	0.669529	0.448219	0.536965	0.035638	0.012396	0.018394	0.669698	0.576063	0.619361	10
1.00	0.668898	0.447697	0.536387	0.035768	0.012321	0.018328	0.668972	0.575719	0.618852	8
1.00	0.668005	0.447099	0.535671	0.035488	0.012217	0.018177	0.668080	0.575403	0.618288	8
1.00	0.667782	0.446950	0.535492	0.033399	0.012185	0.017856	0.667857	0.575375	0.618176	8
1.00	0.666778	0.446278	0.534687	0.031826	0.012088	0.017521	0.666853	0.574910	0.617477	8
1.00	0.666406	0.445979	0.534353	0.032192	0.012040	0.017526	0.666406	0.574631	0.617125	5
1.00	0.665514	0.445382	0.533638	0.030195	0.011957	0.017131	0.665514	0.574147	0.616464	4
1.00	0.665848	0.445606	0.533906	0.026374	0.011990	0.016486	0.665848	0.574371	0.616736	4
1.00	0.666853	0.446278	0.534711	0.026310	0.012084	0.016561	0.666853	0.574966	0.617510	4
1.00	0.669977	0.448369	0.537216	0.026817	0.012370	0.016930	0.669977	0.576937	0.619986	4
1.00	0.675332	0.451953	0.541510	0.027094	0.012894	0.017473	0.675332	0.580721	0.624463	4
1.00	0.679906	0.455014	0.545178	0.027251	0.013313	0.017887	0.679906	0.584142	0.628397	4
1.00	0.689613	0.461510	0.552961	0.027230	0.014199	0.018665	0.689613	0.591385	0.636733	3
1.00	0.696865	0.466363	0.558776	0.027215	0.014868	0.019230	0.696865	0.596666	0.642885	3
1.00	0.709026	0.474502	0.568527	0.027153	0.016017	0.020148	0.709026	0.605675	0.653288	3
1.00	0.716724	0.479654	0.574700	0.026884	0.016781	0.020664	0.716724	0.610975	0.659638	3
1.00	0.716947	0.479803	0.574879	0.026809	0.016836	0.020683	0.716947	0.611142	0.659830	3
1.00	0.717952	0.480475	0.575684	0.026705	0.016964	0.020748	0.717952	0.611700	0.660581	3
1.00	0.719179	0.481296	0.576668	0.026559	0.017150	0.020842	0.719179	0.612239	0.661414	3
1.00	0.721522	0.482864	0.578547	0.026287	0.017462	0.020984	0.721522	0.614229	0.663566	3
1.00	0.719402	0.481446	0.576847	0.026396	0.017194	0.020824	0.719402	0.612760	0.661812	3
1.00	0.719290	0.481371	0.576758	0.026324	0.017199	0.020805	0.719290	0.612909	0.661852	3
1.00	0.721633	0.482939	0.578637	0.025862	0.017862	0.021130	0.721633	0.614313	0.663662	3
1.00	0.718175	0.480624	0.575863	0.025425	0.018104	0.021149	0.718175	0.612174	0.660951	3
1.00	0.716390	0.479430	0.574432	0.025316	0.018068	0.021087	0.716390	0.610956	0.659486	3
1.00	0.714493	0.478160	0.572911	0.025180	0.018127	0.021079	0.714493	0.609846	0.658035	3
1.00	0.714493	0.478160	0.572911	0.025178	0.018080	0.021047	0.714493	0.610092	0.658178	3
1.00	0.712596	0.476891	0.571390	0.025083	0.018050	0.020993	0.712596	0.609046	0.656765	3
1.00	0.715943	0.479131	0.574074	0.014236	0.017652	0.015761	0.715943	0.610993	0.659318	2
1.00	0.717840	0.480400	0.575595	0.014689	0.017339	0.015905	0.717840	0.612918	0.661243	2
1.00	0.713377	0.477414	0.572016	0.014959	0.016548	0.015713	0.713377	0.609394	0.657299	2
1.00	0.710811	0.475696	0.569959	0.015107	0.016214	0.015641	0.710811	0.607823	0.655295	2
1.00	0.706906	0.473083	0.566828	0.015236	0.015802	0.015514	0.706906	0.605071	0.652036	2
1.00	0.703336	0.470694	0.563965	0.015249	0.015468	0.015358	0.703336	0.602784	0.649189	2
1.00	0.697869	0.467035	0.559581	0.015638	0.014884	0.015252	0.697869	0.599083	0.644714	2
1.00	0.697534	0.466811	0.559313	0.015602	0.014854	0.015219	0.697534	0.598860	0.644442	2
1.00	0.698427	0.467408	0.560029	0.015431	0.014942	0.015182	0.698427	0.599418	0.645146	2
1.00	0.701551	0.469499	0.562534	0.015284	0.015236	0.015260	0.701551	0.601538	0.647706	2
1.00	0.703336	0.470694	0.563965	0.015121	0.015468	0.015292	0.703336	0.602821	0.649211	2
1.00	0.698873	0.467707	0.560386	0.015411	0.014982	0.015193	0.698873	0.599678	0.645487	2
1.00	0.694857	0.465019	0.557166	0.015581	0.014608	0.015079	0.694857	0.597075	0.642265	2
1.00	0.682919	0.457030	0.547593	0.015343	0.013495	0.014360	0.682919	0.588670	0.632302	2
1.00	0.673212	0.450534	0.539810	0.027028	0.012609	0.017196	0.673212	0.580730	0.623561	3
1.00	0.670646	0.448817	0.537753	0.027525	0.012394	0.017092	0.670646	0.578489	0.621168	3
1.00	0.667410	0.446651	0.535158	0.027483	0.012113	0.016815	0.667410	0.575830	0.618247	3
1.00	0.662725	0.443515	0.531401	0.028498	0.011687	0.016576	0.662725	0.572669	0.614414	3
1.00	0.661051	0.442395	0.530059	0.028283	0.011538	0.016390	0.661051	0.571758	0.613171	3
1.00	0.661163	0.442470	0.530149	0.027642	0.011551	0.016293	0.661163	0.571814	0.613251	3
1.00	0.661051	0.442395	0.530059	0.026143	0.011542	0.016014	0.661051	0.571758	0.613171	3
1.00	0.661163	0.442470	0.530149	0.026144	0.011553	0.016025	0.661163	0.571814	0.613251	3
1.00	0.660493	0.442022	0.529612	0.024266	0.011488	0.015594	0.660493	0.571479	0.612770	3
1.00	0.660047	0.441723	0.529254	0.024263	0.011444	0.015553	0.660047	0.571256	0.612450	3
1.00	0.659043	0.441051	0.528449	0.024255	0.011345	0.015459	0.659043	0.570754	0.611729	3
1.00	0.658708	0.440827	0.528180	0.024253	0.011312	0.015428	0.658708	0.570586	0.611489	3
1.00	0.658262	0.440529	0.527822	0.029867	0.011268	0.016363	0.658262	0.570363	0.611168	3
1.00	0.658150	0.440454	0.527733	0.029866	0.011257	0.016351	0.658150	0.570308	0.611088	3
1.00	0.658262	0.440529	0.527822	0.029867	0.011268	0.016363	0.658262	0.570363	0.611168	3
1.00	0.658373	0.440603	0.527912	0.024250	0.011279	0.015397	0.658373	0.570419	0.611248	3
1.00	0.659043	0.441051	0.528449	0.024255	0.011345	0.015459	0.659043	0.570754	0.611729	3
1.00	0.660716	0.442171	0.529791	0.027077	0.011508	0.016152	0.660716	0.571591	0.612930	3
1.00	0.661386	0.442619	0.530327	0.027082	0.011574	0.016217	0.661386	0.571925	0.613411	3
1.00	0.662613	0.443441	0.531312	0.038889	0.011691	0.017978	0.662613	0.572511	0.614276	4
1.00	0.664844	0.444934	0.533101	0.040029	0.011906	0.018353	0.664844	0.573571	0.615844	4
1.00	0.668080	0.447099	0.535695	0.040709	0.012211	0.018786	0.668080	0.575189	0.618164	4
1.00	0.673101	0.450459	0.539721	0.039303	0.012677	0.019171	0.673101	0.578015	0.621945	4
1.00	0.683588	0.457478	0.548130	0.038744	0.013666	0.020205	0.683588	0.585007	0.630467	4
1.00	0.695972	0.465766	0.558060	0.038408	0.014830	0.021398	0.695972	0.594090	0.641008	4
1.00	0.712038	0.476518	0.570943	0.038213	0.016330	0.022882	0.712038	0.605517	0.654472	4
1.00	0.716390	0.479430	0.574432	0.038145	0.016699	0.023229	0.716390	0.608511	0.658058	4
1.00	0.718398	0.480774	0.576042	0.038165	0.016888	0.023415	0.718398	0.609924	0.659732	4
1.00	0.724311	0.484731	0.580784	0.037932	0.017478	0.023930	0.724311	0.614015	0.664618	4
1.00	0.732790	0.490405	0.587583	0.037363	0.018443	0.024696	0.732790	0.620179	0.671798	4
1.00	0.732902	0.490480	0.587672	0.037136	0.018554	0.024745	0.732902	0.620988	0.672320	4
1.00	0.729890	0.488464	0.585257	0.037058	0.018372	0.024565	0.729890	0.619603	0.670240	4
1.00	0.726766	0.486373	0.582752	0.037216	0.017985	0.024251	0.726766	0.618004	0.667986	4
1.00	0.722972	0.483835	0.579710	0.026143	0.017503	0.020968	0.722972	0.615689	0.665031	3
1.00	0.719737	0.481670	0.577116	0.026322	0.017111	0.020740	0.719737	0.613420	0.662339	3
1.00	0.715274	0.478683	0.573537	0.026755	0.016546	0.020447	0.715274	0.610203	0.658574	3
1.00	0.706237	0.472635	0.566291	0.027071	0.015659	0.019841	0.706237	0.603992	0.651125	3
1.00	0.700881	0.469051	0.561997	0.027222	0.015148	0.019464	0.700881	0.600627	0.646893	3
1.00	0.701439	0.469424	0.562444	0.027201	0.015200	0.019502	0.701439	0.600961	0.647324	3
1.00	0.699096	0.467856	0.560565	0.027356	0.014983	0.019361	0.699096	0.599474	0.645464	3
1.00	0.693183	0.463899	0.555824	0.027361	0.014431	0.018895	0.693183	0.595532	0.640658	3
1.00	0.688386	0.460688	0.551977	0.027402	0.013995	0.018527	0.688386	0.591999	0.636564	3
1.00	0.689724	0.461584	0.553051	0.027445	0.014120	0.018646	0.689724	0.592947	0.637685	3
1.00	0.695972	0.465766	0.558060	0.027416	0.014689	0.019129	0.695972	0.597121	0.642769	3
1.00	0.701551	0.469499	0.562534	0.027371	0.015208	0.019553	0.701551	0.600952	0.647367	3
1.00	0.708468	0.474128	0.568080	0.038483	0.015860	0.022463	0.708468	0.605071	0.652700	4
1.00	0.716278	0.479355	0.574342	0.038216	0.016630	0.023175	0.716278	0.609980	0.658869	4
1.00	0.721299	0.482715	0.578368	0.037774	0.017148	0.023588	0.721299	0.613634	0.663125	4
1.00	0.726096	0.485925	0.582215	0.037185	0.017822	0.024095	0.726096	0.616972	0.667101	4
1.00	0.731005	0.489211	0.586151	0.036993	0.018529	0.024691	0.731005	0.620374	0.671161	4
1.00	0.731005	0.489211	0.586151	0.036496	0.019193	0.025157	0.731005	0.619832	0.670844	4
1.00	0.728997	0.487867	0.584541	0.036173	0.019840	0.025625	0.728997	0.617935	0.668887	4
1.00	0.722526	0.483536	0.579352	0.035802	0.020329	0.025932	0.722526	0.612501	0.662980	4
1.00	0.707576	0.473531	0.567364	0.035377	0.020538	0.025988	0.707576	0.600257	0.649513	4
1.00	0.690952	0.462406	0.554035	0.035417	0.021188	0.026514	0.690952	0.585451	0.633842	4
1.00	0.667634	0.446801	0.535337	0.035314	0.021702	0.026884	0.667634	0.564718	0.611878	4
1.00	0.657927	0.440305	0.527554	0.035298	0.022517	0.027495	0.657927	0.554905	0.602041	4
1.00	0.645989	0.432315	0.517982	0.035177	0.023089	0.027879	0.645989	0.542084	0.589493	4
1.00	0.645208	0.431793	0.517356	0.034930	0.023554	0.028135	0.645208	0.540001	0.587935	4
1.00	0.689724	0.461584	0.553051	0.034984	0.024317	0.028691	0.689724	0.577331	0.628543	4
1.00	0.745621	0.498992	0.597871	0.035144	0.025069	0.029264	0.745621	0.622468	0.678502	4
1.00	0.774294	0.518181	0.620862	0.035738	0.025229	0.029578	0.774294	0.644020	0.703174	4
1.00	0.784447	0.524976	0.629003	0.036116	0.024915	0.029487	0.784447	0.651731	0.711957	4
1.00	0.787460	0.526992	0.631419	0.036467	0.024495	0.029305	0.787460	0.653628	0.714329	4
1.00	0.789022	0.528037	0.632671	0.036714	0.024369	0.029294	0.789022	0.653520	0.714907	4
1.00	0.785786	0.525872	0.630077	0.036800	0.023909	0.028986	0.785786	0.651121	0.712143	4
1.00	0.785451	0.525648	0.629809	0.036756	0.023920	0.028980	0.785451	0.650387	0.711567	4
1.00	0.788241	0.527514	0.632045	0.036441	0.024223	0.029102	0.788241	0.651475	0.713361	4
1.00	0.790472	0.529008	0.633834	0.036332	0.024448	0.029228	0.790472	0.652386	0.714821	4
1.00	0.793261	0.530874	0.636071	0.036281	0.024755	0.029430	0.793261	0.654069	0.716972	4
1.00	0.798840	0.534608	0.640544	0.036211	0.025313	0.029797	0.798840	0.657574	0.721356	4
1.00	0.799621	0.535130	0.641170	0.036196	0.025407	0.029857	0.799621	0.658057	0.721965	4
1.00	0.798170	0.534160	0.640007	0.036312	0.025208	0.029758	0.798170	0.657443	0.721004	4
1.00	0.795827	0.532592	0.638128	0.036518	0.024898	0.029609	0.795827	0.655742	0.719025	4
1.00	0.795046	0.532069	0.637502	0.036615	0.024803	0.029573	0.795046	0.655138	0.718343	4
1.00	0.795827	0.532592	0.638128	0.036766	0.024828	0.029640	0.795827	0.655491	0.718874	4
1.00	0.798059	0.534085	0.639918	0.036978	0.024984	0.029820	0.798059	0.656532	0.720411	4
1.00	0.798728	0.534533	0.640454	0.037207	0.024964	0.029880	0.798728	0.655826	0.720257	4
1.00	0.798393	0.534309	0.640186	0.037405	0.024844	0.029857	0.798393	0.655612	0.719992	4
1.00	0.797612	0.533786	0.639560	0.037562	0.024741	0.029832	0.797612	0.655091	0.719361	4
1.00	0.798728	0.534533	0.640454	0.037434	0.024852	0.029872	0.798728	0.655835	0.720263	4
1.00	0.804530	0.538416	0.645106	0.037339	0.025395	0.030230	0.804530	0.660186	0.725246	4
1.00	0.809104	0.541477	0.648774	0.037214	0.025868	0.030521	0.809104	0.662724	0.728635	4
1.00	0.813567	0.544464	0.652353	0.037156	0.026285	0.030789	0.813567	0.664621	0.731590	4
1.00	0.820707	0.549242	0.658078	0.037099	0.026926	0.031204	0.820707	0.668284	0.736694	4
1.00	0.826286	0.552975	0.662551	0.037296	0.027368	0.031570	0.826286	0.671129	0.740669	4
1.00	0.829856	0.555365	0.665414	0.037276	0.027739	0.031808	0.829856	0.673379	0.743474	4
1.00	0.832868	0.557381	0.667830	0.037259	0.028100	0.032038	0.832868	0.674755	0.745521	4
1.00	0.835435	0.559098	0.669887	0.037210	0.028430	0.032233	0.835435	0.676661	0.747712	4
1.00	0.835100	0.558874	0.669619	0.037172	0.028418	0.032211	0.835100	0.676420	0.747431	4
1.00	0.832757	0.557306	0.667740	0.037155	0.028188	0.032056	0.832757	0.675285	0.745799	4
1.00	0.832087	0.556858	0.667203	0.037136	0.028212	0.032064	0.832087	0.675360	0.745576	4
1.00	0.835769	0.559322	0.670156	0.037238	0.028501	0.032289	0.835769	0.677349	0.748266	4
1.00	0.837554	0.560517	0.671587	0.037037	0.028849	0.032435	0.837554	0.678121	0.749452	4
1.00	0.835881	0.559397	0.670245	0.036755	0.028987	0.032412	0.835881	0.677340	0.748305	4
1.00	0.834542	0.558501	0.669172	0.036607	0.029244	0.032514	0.834542	0.676955	0.747534	4
1.00	0.832645	0.557231	0.667651	0.036417	0.029385	0.032525	0.832645	0.675566	0.745926	4
1.00	0.832645	0.557231	0.667651	0.036435	0.029353	0.032513	0.832645	0.675826	0.746085	4
1.00	0.833538	0.557829	0.668366	0.036564	0.029098	0.032406	0.833538	0.676500	0.746853	4
1.00	0.833203	0.557605	0.668098	0.036658	0.028801	0.032258	0.833203	0.676332	0.746617	4
1.00	0.832422	0.557082	0.667472	0.036746	0.028597	0.032163	0.832422	0.675765	0.745958	4
1.00	0.829075	0.554842	0.664788	0.036684	0.028301	0.031952	0.829075	0.674240	0.743684	4
1.00	0.829856	0.555365	0.665414	0.036725	0.028288	0.031959	0.829856	0.674668	0.744258	4
1.00	0.828517	0.554469	0.664341	0.036645	0.028215	0.031882	0.828517	0.673831	0.743211	4
1.00	0.823943	0.551407	0.660673	0.036584	0.027814	0.031602	0.823943	0.671247	0.739798	4
1.00	0.821600	0.549839	0.658794	0.036664	0.027540	0.031454	0.821600	0.670196	0.738215	4
1.00	0.818253	0.547599	0.656110	0.036565	0.027249	0.031227	0.818253	0.668336	0.735735	4
1.00	0.817695	0.547226	0.655663	0.036523	0.027226	0.031196	0.817695	0.668141	0.735392	4
1.00	0.816021	0.546106	0.654321	0.036410	0.027157	0.031110	0.816021	0.667174	0.734129	4
1.00	0.817472	0.547077	0.655484	0.036306	0.027351	0.031199	0.817472	0.668085	0.735267	4
1.00	0.817137	0.546853	0.655216	0.036255	0.027416	0.031222	0.817137	0.668160	0.735177	4
1.00	0.814459	0.545061	0.653069	0.036065	0.027278	0.031062	0.814459	0.667007	0.733395	4
1.00	0.812340	0.543642	0.651369	0.035894	0.027171	0.030929	0.812340	0.666124	0.732001	4
1.00	0.811893	0.543344	0.651011	0.035746	0.027341	0.030983	0.811893	0.666254	0.731899	4
1.00	0.809662	0.541850	0.649222	0.035510	0.027613	0.031067	0.809662	0.665324	0.730431	4
1.00	0.805088	0.538789	0.645554	0.035336	0.027827	0.031135	0.805088	0.662141	0.726651	4
1.00	0.800513	0.535728	0.641886	0.035040	0.028255	0.031284	0.800513	0.658394	0.722531	4
1.00	0.795381	0.532293	0.637771	0.034798	0.028539	0.031359	0.795381	0.653922	0.717748	4
1.00	0.788129	0.527440	0.631956	0.034685	0.028619	0.031361	0.788129	0.648163	0.711326	4
1.00	0.774320	0.518256	0.620924	0.034485	0.028444	0.031175	0.774350	0.637759	0.699448	4
1.00	0.766313	0.512955	0.614545	0.034490	0.028590	0.031264	0.766373	0.630628	0.691905	4
1.00	0.757836	0.507280	0.607747	0.034444	0.028708	0.031315	0.757894	0.622753	0.683709	4
1.00	0.757501	0.507056	0.607478	0.034448	0.028896	0.031429	0.757559	0.621507	0.682822	4
1.00	0.756413	0.506384	0.606646	0.034408	0.029003	0.031475	0.756499	0.620075	0.681527	4
1.00	0.760540	0.509147	0.609956	0.034451	0.029070	0.031533	0.760627	0.623404	0.685213	4
1.00	0.754740	0.505264	0.605304	0.034309	0.028969	0.031413	0.754825	0.619123	0.680273	4
1.00	0.748940	0.501381	0.600653	0.034362	0.028809	0.031341	0.749024	0.614391	0.675060	4
1.00	0.743447	0.497648	0.596207	0.034459	0.028726	0.031333	0.743501	0.609751	0.670016	4
1.00	0.733965	0.491301	0.588604	0.034532	0.028504	0.031229	0.734018	0.601923	0.661439	4
1.00	0.732850	0.490555	0.587709	0.034598	0.028461	0.031231	0.732902	0.600928	0.660386	4
1.00	0.729088	0.488091	0.584731	0.034549	0.028410	0.031180	0.729164	0.598176	0.657207	4
1.00	0.737899	0.493989	0.591798	0.034706	0.028584	0.031349	0.737978	0.604619	0.664675	4
1.00	0.753040	0.504069	0.603900	0.034889	0.028937	0.031636	0.753096	0.616418	0.677936	4
1.00	0.759732	0.508549	0.609267	0.034954	0.028974	0.031684	0.759790	0.622130	0.684104	4
1.00	0.771556	0.516464	0.618749	0.034987	0.029339	0.031915	0.771617	0.631148	0.694350	4
1.00	0.781930	0.523408	0.627069	0.035173	0.029536	0.032109	0.781993	0.638949	0.703271	4
1.00	0.787619	0.527216	0.631631	0.035248	0.029497	0.032117	0.787683	0.643681	0.708438	4
1.00	0.799888	0.535429	0.641471	0.035413	0.029669	0.032288	0.799955	0.652570	0.718785	4
1.00	0.810931	0.542821	0.650326	0.035565	0.029804	0.032431	0.811001	0.660919	0.728308	4
1.00	0.821417	0.549839	0.658735	0.035770	0.029982	0.032621	0.821488	0.668268	0.736999	4
1.00	0.829336	0.555141	0.665086	0.035949	0.030299	0.032883	0.829410	0.673186	0.743177	4
1.00	0.837256	0.560442	0.671438	0.036233	0.030438	0.033084	0.837331	0.678340	0.749497	4
1.00	0.844043	0.564922	0.676835	0.036565	0.030438	0.033221	0.844081	0.682413	0.754686	4
1.00	0.849191	0.568431	0.681009	0.048088	0.030478	0.037309	0.849213	0.684685	0.758126	5
1.00	0.852794	0.570970	0.683989	0.059616	0.030497	0.040352	0.852784	0.686628	0.760739	6
1.00	0.853958	0.571941	0.685060	0.059782	0.030563	0.040448	0.853899	0.686526	0.761120	6
1.00	0.857318	0.574255	0.687802	0.060133	0.030730	0.040674	0.857246	0.688385	0.763592	6
1.00	0.858337	0.575002	0.688665	0.060276	0.030747	0.040722	0.858251	0.688869	0.764288	6
1.00	0.859737	0.576196	0.689973	0.058421	0.031007	0.040512	0.859645	0.689743	0.765378	6
1.00	0.860102	0.576570	0.690358	0.058346	0.031204	0.040661	0.859980	0.689762	0.765523	6
1.00	0.861931	0.577989	0.691964	0.058384	0.031532	0.040949	0.861765	0.690412	0.766630	6
1.00	0.863712	0.579183	0.693394	0.058297	0.031744	0.041105	0.863550	0.691063	0.767738	6
1.00	0.864411	0.579780	0.694047	0.058205	0.031966	0.041268	0.864275	0.691054	0.768019	6
1.00	0.865524	0.580527	0.694941	0.058059	0.032251	0.041467	0.865391	0.691277	0.768597	6
1.00	0.867401	0.581722	0.696402	0.057936	0.032531	0.041666	0.867288	0.691807	0.769672	6
1.00	0.868708	0.582468	0.697358	0.057747	0.032759	0.041803	0.868627	0.692662	0.770729	6
1.00	0.869042	0.582692	0.697627	0.057514	0.033052	0.041980	0.868961	0.692662	0.770860	6
1.00	0.867483	0.581647	0.696375	0.057227	0.033203	0.042024	0.867455	0.691761	0.769709	6
1.00	0.864907	0.579855	0.694261	0.056967	0.033200	0.041951	0.864889	0.690598	0.767979	6
1.00	0.862173	0.577765	0.691881	0.056773	0.033093	0.041813	0.862211	0.689083	0.765986	6
1.00	0.858941	0.575599	0.689288	0.056487	0.033074	0.041721	0.858976	0.686889	0.763354	6
1.00	0.854071	0.572463	0.685472	0.056256	0.033089	0.041669	0.854067	0.683662	0.759423	6
1.00	0.849777	0.569775	0.682162	0.056041	0.033167	0.041671	0.849715	0.680715	0.755884	6
1.00	0.846376	0.567685	0.679567	0.057820	0.033192	0.042173	0.846313	0.678818	0.753368	6
1.00	0.842585	0.565519	0.676794	0.057737	0.033286	0.042228	0.842519	0.676522	0.750451	6
1.00	0.837579	0.562159	0.672773	0.057567	0.033240	0.042145	0.837331	0.673324	0.746424	6
1.00	0.829979	0.557306	0.666845	0.057244	0.033421	0.042203	0.829689	0.667680	0.739920	6
1.00	0.822536	0.552677	0.661129	0.057039	0.033532	0.042235	0.822158	0.662455	0.733717	7
1.00	0.822321	0.552901	0.661220	0.057012	0.033803	0.042442	0.821935	0.662260	0.733508	7
1.01	0.821884	0.552975	0.661132	0.056997	0.034021	0.042609	0.821488	0.662009	0.733176	7
1.01	0.826680	0.556634	0.665298	0.057014	0.034628	0.043087	0.826118	0.664909	0.736799	7
1.01	0.834202	0.562010	0.671574	0.057159	0.035098	0.043491	0.833538	0.670469	0.743163	7
1.01	0.840682	0.566565	0.676926	0.057299	0.035425	0.043782	0.839897	0.674635	0.748249	7
1.01	0.849784	0.572762	0.684300	0.057634	0.035724	0.044108	0.848990	0.681245	0.755924	7
1.01	0.853410	0.575525	0.687447	0.057587	0.035875	0.044209	0.852728	0.683793	0.758973	7
1.01	0.858771	0.579332	0.691903	0.057886	0.036073	0.044448	0.858195	0.687921	0.763682	7
1.01	0.861520	0.581572	0.694392	0.058054	0.036390	0.044737	0.860928	0.689696	0.765858	7
1.01	0.863541	0.583066	0.696113	0.056349	0.036504	0.044306	0.862992	0.691240	0.767626	7
1.01	0.864470	0.583887	0.697001	0.056431	0.036706	0.044480	0.863773	0.691547	0.768124	7
1.01	0.864701	0.584559	0.697554	0.056278	0.036757	0.044470	0.864108	0.692049	0.768566	7
1.01	0.866357	0.585679	0.698891	0.056477	0.036677	0.044473	0.865726	0.693657	0.770198	7
1.01	0.866269	0.586202	0.699234	0.056421	0.036837	0.044572	0.865819	0.694475	0.770739	8
1.01	0.866012	0.586351	0.699256	0.056323	0.037015	0.044672	0.865596	0.694699	0.770788	8
1.01	0.865410	0.586202	0.698954	0.056070	0.037031	0.044604	0.865149	0.694559	0.770525	8
1.01	0.863611	0.585306	0.697730	0.055924	0.037047	0.044569	0.863476	0.693964	0.769495	8
1.01	0.864523	0.586052	0.698558	0.056346	0.037247	0.044848	0.864424	0.695108	0.770575	8
1.01	0.859866	0.582767	0.694704	0.055926	0.037164	0.044654	0.859627	0.691621	0.766526	8
1.01	0.855837	0.580228	0.691585	0.056041	0.037156	0.044685	0.855554	0.688227	0.762823	8
1.01	0.853667	0.578884	0.689922	0.055926	0.037195	0.044677	0.853435	0.686907	0.761169	8
1.01	0.850066	0.576570	0.687102	0.055787	0.037149	0.044599	0.849976	0.684285	0.758184	8
1.01	0.847221	0.574703	0.684847	0.055635	0.037110	0.044522	0.847131	0.681924	0.755602	8
1.01	0.844953	0.573733	0.683417	0.055290	0.037207	0.044481	0.845178	0.680325	0.753844	8
1.01	0.846492	0.574778	0.684662	0.055313	0.037335	0.044580	0.846740	0.681199	0.755002	8
1.01	0.853546	0.579631	0.690413	0.055687	0.037496	0.044816	0.853881	0.686721	0.761232	8
1.02	0.857457	0.582543	0.693758	0.055958	0.037665	0.045025	0.857897	0.689650	0.764628	8
1.02	0.860974	0.584932	0.696603	0.056314	0.037726	0.045183	0.861300	0.692281	0.767597	8
1.02	0.866484	0.588740	0.701107	0.056838	0.037742	0.045363	0.866934	0.696697	0.772549	8
1.02	0.868175	0.590084	0.702614	0.057027	0.037787	0.045455	0.868720	0.698148	0.774149	8
1.02	0.869150	0.590682	0.703356	0.057162	0.037732	0.045458	0.869612	0.698464	0.774698	8
1.02	0.871786	0.592474	0.705490	0.057482	0.037660	0.045506	0.872234	0.699933	0.776642	8
1.02	0.871953	0.592847	0.705809	0.057679	0.037619	0.045537	0.872346	0.699645	0.776509	8
1.02	0.873091	0.593295	0.706500	0.057838	0.037588	0.045564	0.873182	0.699580	0.776800	8
1.02	0.872679	0.593146	0.706259	0.058067	0.037521	0.045586	0.872680	0.699013	0.776251	8
1.02	0.872584	0.593146	0.706227	0.058251	0.037437	0.045580	0.872513	0.699087	0.776231	8

Thu Mar 10 07:59:39 2022
46.99	0.017133	0.583333	0.033289	0.019723	0.088598	0.032264	0.016789	0.530833	0.032548	89
41.61	0.016089	0.448070	0.031062	0.019673	0.362000	0.037318	0.015972	0.443929	0.030835	89
35.43	0.017287	0.409916	0.033174	0.020117	0.329817	0.037921	0.017121	0.408753	0.032865	89
29.61	0.018967	0.375793	0.036111	0.020300	0.282456	0.037878	0.018802	0.379332	0.035827	89
24.31	0.020906	0.340103	0.039392	0.020589	0.256296	0.038115	0.020701	0.345476	0.039061	89
19.70	0.023702	0.312477	0.044062	0.021104	0.220281	0.038518	0.023514	0.318472	0.043795	89
15.65	0.027329	0.286269	0.049895	0.022024	0.189768	0.039468	0.027319	0.292157	0.049966	89
12.22	0.032194	0.263197	0.057370	0.022754	0.169205	0.040113	0.032648	0.268491	0.058217	89
9.35	0.038569	0.241245	0.066506	0.024011	0.140897	0.041030	0.039664	0.246433	0.068331	89
7.05	0.046836	0.220862	0.077283	0.026016	0.094953	0.040841	0.049259	0.225152	0.080834	89
5.26	0.056861	0.200254	0.088572	0.027182	0.074563	0.039840	0.061182	0.204414	0.094177	89
3.91	0.069772	0.182633	0.100970	0.029042	0.068367	0.040766	0.076226	0.185652	0.108077	89
2.94	0.085751	0.168596	0.113682	0.029380	0.058618	0.039142	0.095256	0.171860	0.122573	89
2.25	0.104128	0.156873	0.125171	0.031800	0.050501	0.039026	0.114029	0.160183	0.133222	88
1.78	0.122647	0.146420	0.133483	0.033109	0.043008	0.037415	0.130985	0.149859	0.139788	87
1.51	0.138907	0.139924	0.139414	0.034589	0.037811	0.036128	0.144319	0.144444	0.144381	85
1.32	0.151184	0.133055	0.141541	0.031018	0.030067	0.030535	0.153890	0.138531	0.145807	84
1.20	0.161152	0.129471	0.143585	0.030912	0.019098	0.023610	0.161454	0.136318	0.147825	80
1.13	0.164032	0.123945	0.141198	0.032123	0.017236	0.022435	0.163590	0.131907	0.146050	75
1.08	0.163253	0.117823	0.136866	0.034903	0.015995	0.021937	0.163034	0.126338	0.142359	71
1.05	0.164859	0.115732	0.135995	0.034992	0.015539	0.021521	0.165302	0.124949	0.142320	62
1.03	0.160738	0.110655	0.131075	0.045220	0.014776	0.022274	0.161137	0.120226	0.137707	57
1.02	0.158269	0.107892	0.128313	0.031929	0.013134	0.018612	0.157929	0.117567	0.134791	46
1.01	0.157343	0.106474	0.127004	0.031616	0.012960	0.018384	0.156885	0.115930	0.133334	35
1.01	0.154502	0.104159	0.124431	0.025195	0.012679	0.016869	0.154059	0.113253	0.130541	30
1.00	0.154376	0.103786	0.124124	0.024769	0.012584	0.016689	0.153743	0.112881	0.130181	24
1.00	0.153444	0.102964	0.123235	0.024641	0.012459	0.016550	0.152888	0.111895	0.129218	17
1.00	0.150796	0.101098	0.121044	0.024381	0.012293	0.016345	0.150377	0.109794	0.126920	14
1.00	0.146344	0.098036	0.117416	0.024161	0.012069	0.016097	0.146138	0.107061	0.123584	13
1.00	0.146488	0.098111	0.117516	0.024404	0.011997	0.016086	0.146305	0.107284	0.123792	11
1.00	0.144163	0.096543	0.115643	0.024411	0.011893	0.015994	0.144018	0.105852	0.122020	10
1.00	0.142714	0.095572	0.114480	0.024407	0.011813	0.015920	0.142568	0.104857	0.120839	9
1.00	0.144530	0.096767	0.115921	0.024789	0.011798	0.015987	0.144408	0.106558	0.122629	9
1.00	0.149487	0.100052	0.119873	0.024760	0.011863	0.016041	0.149448	0.110463	0.127032	8
1.00	0.154618	0.103487	0.123988	0.024168	0.011924	0.015969	0.154580	0.115279	0.132068	6
1.00	0.162427	0.108714	0.130250	0.024161	0.012040	0.016071	0.162390	0.122532	0.139673	5
1.00	0.183512	0.122825	0.147157	0.024227	0.012367	0.016375	0.183477	0.141619	0.159853	5
1.00	0.197233	0.132009	0.158161	0.024438	0.012568	0.016600	0.197200	0.155045	0.173600	5
1.00	0.198795	0.133055	0.159413	0.022984	0.012603	0.016280	0.198762	0.156542	0.175143	5
1.00	0.212540	0.142238	0.170424	0.023076	0.012829	0.016491	0.212540	0.169316	0.188482	5
1.00	0.235189	0.157396	0.188585	0.023186	0.013203	0.016826	0.235189	0.190366	0.210417	5
1.00	0.274239	0.183529	0.219896	0.023719	0.013755	0.017412	0.274239	0.226031	0.247812	5
1.00	0.319871	0.214067	0.256486	0.023678	0.014371	0.017886	0.319871	0.268171	0.291748	5
1.00	0.324222	0.216979	0.259975	0.023694	0.014409	0.017920	0.324222	0.272141	0.295907	4
1.00	0.362267	0.242440	0.290481	0.023669	0.014896	0.018284	0.362267	0.307351	0.332557	3
1.00	0.347205	0.232360	0.278404	0.023680	0.014652	0.018103	0.347205	0.293488	0.318095	3
1.00	0.278924	0.186665	0.223654	0.023774	0.013697	0.017380	0.278924	0.231219	0.252841	3
1.00	0.213768	0.143060	0.171408	0.023788	0.012727	0.016582	0.213768	0.170832	0.189903	3
1.00	0.179739	0.120287	0.144122	0.012571	0.012136	0.012350	0.179739	0.140011	0.157407	2
1.00	0.154524	0.103412	0.123904	0.012694	0.011722	0.012189	0.154524	0.117232	0.133319	2
1.00	0.152851	0.102292	0.122562	0.012691	0.011693	0.012172	0.152851	0.115651	0.131674	2
1.00	0.142586	0.095423	0.114332	0.012676	0.011518	0.012069	0.142586	0.106912	0.122199	2
1.00	0.153185	0.102516	0.122831	0.012692	0.011699	0.012175	0.153185	0.115958	0.131997	2
1.00	0.161665	0.108191	0.129630	0.012705	0.011844	0.012259	0.161665	0.123973	0.140332	2
1.00	0.188888	0.126409	0.151458	0.012647	0.012293	0.012468	0.188888	0.148471	0.166259	2
1.00	0.200602	0.134249	0.160852	0.012682	0.012493	0.012587	0.200602	0.159080	0.177444	2
1.00	0.256164	0.171433	0.205403	0.012600	0.013337	0.012958	0.256164	0.209913	0.230744	2
1.00	0.379672	0.254088	0.304437	0.023671	0.015062	0.018410	0.379672	0.322109	0.348530	3
1.00	0.551043	0.368775	0.441850	0.023628	0.017081	0.019828	0.551043	0.472788	0.508925	3
1.00	0.637064	0.426342	0.510825	0.023700	0.017660	0.020239	0.637064	0.546945	0.588575	3
1.00	0.688051	0.460464	0.551709	0.023856	0.017229	0.020008	0.688051	0.590052	0.635294	3
1.00	0.704340	0.471366	0.564770	0.024298	0.016369	0.019560	0.704340	0.604714	0.650736	3
1.00	0.697534	0.466811	0.559313	0.024668	0.015127	0.018754	0.697534	0.599489	0.644806	3
1.00	0.684592	0.458150	0.548935	0.024681	0.013668	0.017593	0.684592	0.589237	0.633346	3
1.00	0.672208	0.449862	0.539005	0.023833	0.012548	0.016441	0.672208	0.580795	0.623167	3
1.00	0.665737	0.445531	0.533816	0.022890	0.011938	0.015692	0.665737	0.576128	0.617699	3
1.00	0.663059	0.443739	0.531669	0.022366	0.011699	0.015362	0.663059	0.574082	0.615371	3
1.00	0.663505	0.444038	0.532027	0.022337	0.011738	0.015389	0.663505	0.574361	0.615724	3
1.00	0.665960	0.445681	0.533995	0.023097	0.011965	0.015764	0.665960	0.576128	0.617796	3
1.00	0.669865	0.448294	0.537126	0.023822	0.012321	0.016242	0.669865	0.578675	0.620940	3
1.00	0.677117	0.453147	0.542942	0.024633	0.012993	0.017012	0.677117	0.583584	0.626881	3
1.00	0.686600	0.459494	0.550546	0.025067	0.013878	0.017865	0.686600	0.590418	0.634887	3
1.00	0.696195	0.465915	0.558239	0.024924	0.014937	0.018680	0.696195	0.598172	0.643472	3
1.00	0.696976	0.466438	0.558866	0.024823	0.015057	0.018745	0.696976	0.598804	0.644171	3
1.00	0.696084	0.465840	0.558150	0.024915	0.014946	0.018684	0.696084	0.598154	0.643414	3
1.00	0.693295	0.463974	0.555913	0.024991	0.014629	0.018455	0.693295	0.595866	0.640899	3
1.00	0.699208	0.467931	0.560655	0.024654	0.015484	0.019022	0.699208	0.601255	0.646542	3
1.00	0.700770	0.468976	0.561907	0.024315	0.016244	0.019477	0.700770	0.601488	0.647344	3
1.00	0.689724	0.461584	0.553051	0.023850	0.017000	0.019851	0.689724	0.590675	0.636368	3
1.00	0.653576	0.437393	0.524065	0.023568	0.017446	0.020050	0.653576	0.559543	0.602915	3
1.00	0.623117	0.417009	0.499642	0.023511	0.017383	0.019988	0.623117	0.533808	0.575015	3
1.00	0.572576	0.383185	0.459116	0.023550	0.017212	0.019889	0.572576	0.489291	0.527668	3
1.00	0.503961	0.337266	0.404097	0.023523	0.016519	0.019408	0.503961	0.429415	0.463711	3
1.00	0.425192	0.284552	0.340938	0.023603	0.015620	0.018799	0.425192	0.360768	0.390340	3
1.00	0.340957	0.228179	0.273394	0.023724	0.014592	0.018069	0.340957	0.285998	0.311069	3
1.00	0.238982	0.159934	0.191626	0.023787	0.013098	0.016894	0.238982	0.195292	0.214939	3
1.00	0.218788	0.146420	0.175434	0.023810	0.012779	0.016631	0.218788	0.176777	0.195552	3
1.00	0.176503	0.118121	0.141528	0.023763	0.012121	0.016053	0.176503	0.139509	0.155841	3
1.00	0.147161	0.098484	0.118000	0.023857	0.011652	0.015657	0.147161	0.113029	0.127856	3
1.00	0.131764	0.088180	0.105654	0.023897	0.011406	0.015442	0.131764	0.099530	0.113401	3
1.00	0.128640	0.086090	0.103149	0.023892	0.011353	0.015392	0.128640	0.096601	0.110342	3
1.00	0.127301	0.085194	0.102076	0.023890	0.011321	0.015362	0.127301	0.095262	0.108975	3
1.00	0.127301	0.085194	0.102076	0.023890	0.011330	0.015370	0.127301	0.095262	0.108975	3
1.00	0.127524	0.085343	0.102254	0.023891	0.011352	0.015391	0.127524	0.095429	0.109167	3
1.00	0.127190	0.085119	0.101986	0.012654	0.011346	0.011964	0.127190	0.095095	0.108825	2
1.00	0.127636	0.085418	0.102344	0.012655	0.011390	0.011989	0.127636	0.095429	0.109208	2
1.00	0.127859	0.085567	0.102523	0.012655	0.011412	0.012002	0.127859	0.095541	0.109362	2
1.00	0.128752	0.086164	0.103239	0.012207	0.011500	0.011843	0.128752	0.096182	0.110109	2
1.00	0.130537	0.087359	0.104670	0.012385	0.011677	0.012020	0.130537	0.097131	0.111383	2
1.00	0.133995	0.089674	0.107443	0.012356	0.012018	0.012185	0.133995	0.099613	0.114274	2
1.00	0.137789	0.092212	0.110485	0.012460	0.012393	0.012426	0.137789	0.102291	0.117415	2
1.00	0.146826	0.098260	0.117731	0.023681	0.013276	0.017014	0.146826	0.108204	0.124591	3
1.00	0.158875	0.106324	0.127393	0.023591	0.014365	0.017857	0.158875	0.115596	0.133823	3
1.00	0.169475	0.113417	0.135892	0.023310	0.015258	0.018443	0.169475	0.122308	0.142079	3
1.00	0.183644	0.122900	0.147254	0.023144	0.016175	0.019042	0.183644	0.132154	0.153702	3
1.00	0.203838	0.136415	0.163446	0.022655	0.017016	0.019435	0.203838	0.148462	0.171798	3
1.00	0.227937	0.152542	0.182770	0.022743	0.017421	0.019729	0.227937	0.170367	0.194992	3
1.00	0.277028	0.185395	0.222133	0.022864	0.017959	0.020117	0.277028	0.214441	0.241749	3
1.00	0.302243	0.202270	0.242351	0.023241	0.017665	0.020073	0.302243	0.239148	0.267019	3
1.00	0.314515	0.210483	0.252192	0.023299	0.017223	0.019805	0.314515	0.253178	0.280533	3
1.00	0.353007	0.236243	0.283056	0.023525	0.017225	0.019888	0.353007	0.289206	0.317937	3
1.00	0.377441	0.252595	0.302648	0.023498	0.016945	0.019690	0.377441	0.312143	0.341700	3
1.00	0.405668	0.271485	0.325282	0.023456	0.016702	0.019511	0.405668	0.338361	0.368970	3
1.00	0.433337	0.290002	0.347468	0.023441	0.016603	0.019438	0.433337	0.364441	0.395914	3
1.00	0.436238	0.291944	0.349794	0.034610	0.016111	0.021987	0.436238	0.368151	0.399313	4
1.00	0.424300	0.283954	0.340222	0.034835	0.015735	0.021678	0.424300	0.358165	0.388438	4
1.00	0.400201	0.267826	0.320898	0.023600	0.015331	0.018587	0.400201	0.336939	0.365855	3
1.00	0.303693	0.203240	0.243514	0.023709	0.014076	0.017664	0.303693	0.252694	0.275856	3
1.00	0.210755	0.141044	0.168993	0.023707	0.012624	0.016475	0.210755	0.169739	0.188036	3
1.00	0.150508	0.100724	0.120683	0.023768	0.011683	0.015665	0.150508	0.116358	0.131248	3
1.00	0.132099	0.088404	0.105922	0.023897	0.011384	0.015422	0.132099	0.099734	0.113657	3
1.00	0.127524	0.085343	0.102254	0.023891	0.011297	0.015340	0.127524	0.095485	0.109203	3
1.00	0.126632	0.084746	0.101539	0.023889	0.011282	0.015326	0.126632	0.094593	0.108292	3
1.00	0.126632	0.084746	0.101539	0.012653	0.011291	0.011933	0.126632	0.094593	0.108292	2
1.00	0.126632	0.084746	0.101539	0.012653	0.011291	0.011933	0.126632	0.094593	0.108292	2
1.00	0.126632	0.084746	0.101539	0.012653	0.011291	0.011933	0.126632	0.094593	0.108292	2
1.00	0.126632	0.084746	0.101539	0.012653	0.011291	0.011933	0.126632	0.094593	0.108292	2
1.00	0.126966	0.084970	0.101807	0.023890	0.011297	0.015340	0.126966	0.094927	0.108634	3
1.00	0.127190	0.085119	0.101986	0.023890	0.011301	0.015343	0.127190	0.095150	0.108862	3
1.00	0.127636	0.085418	0.102344	0.023891	0.011317	0.015359	0.127636	0.095541	0.109281	3
1.00	0.128528	0.086015	0.103060	0.023892	0.011369	0.015407	0.128528	0.096266	0.110082	3
1.00	0.129198	0.086463	0.103596	0.023893	0.011390	0.015426	0.129198	0.096880	0.110729	3
1.00	0.131429	0.087956	0.105386	0.023896	0.011428	0.015461	0.131429	0.098916	0.112878	3
1.00	0.136673	0.091466	0.109590	0.023904	0.011526	0.015553	0.136673	0.103751	0.117958	3
1.00	0.151735	0.101546	0.121668	0.035007	0.011783	0.017631	0.151735	0.117390	0.132371	4
1.00	0.196586	0.131561	0.157631	0.035026	0.012496	0.018420	0.196586	0.157453	0.174857	4
1.00	0.260515	0.174345	0.208892	0.034946	0.013598	0.019578	0.260515	0.213809	0.234862	4
1.00	0.342519	0.229224	0.274647	0.034936	0.014771	0.020763	0.342519	0.286184	0.311828	4
1.00	0.439027	0.293810	0.352031	0.034850	0.015991	0.021923	0.439027	0.371036	0.402178	4
1.00	0.518799	0.347196	0.415996	0.034580	0.016985	0.022781	0.518799	0.440219	0.476290	4
1.00	0.569452	0.381095	0.456611	0.034631	0.017553	0.023297	0.569452	0.483964	0.523239	4
1.00	0.602365	0.403121	0.483002	0.034700	0.018029	0.023729	0.602365	0.511689	0.553337	4
1.00	0.608502	0.407228	0.487923	0.032849	0.018190	0.023414	0.608502	0.516654	0.558829	4
1.00	0.612183	0.409692	0.490875	0.033449	0.018447	0.023780	0.612183	0.519387	0.561980	4
1.00	0.598572	0.400582	0.479961	0.032810	0.018537	0.023690	0.598572	0.506482	0.548690	4
1.00	0.597345	0.399761	0.478977	0.033764	0.018972	0.024293	0.597345	0.504084	0.546766	4
1.00	0.589646	0.394609	0.472804	0.033892	0.019191	0.024506	0.589646	0.496171	0.538885	4
1.00	0.601696	0.402673	0.482466	0.034106	0.019651	0.024935	0.601696	0.505757	0.549571	4
1.00	0.602588	0.403270	0.483181	0.034032	0.019872	0.025092	0.602588	0.505859	0.550003	4
1.00	0.604150	0.404316	0.484434	0.033831	0.020087	0.025207	0.604150	0.506919	0.551280	4
1.00	0.610956	0.408870	0.489891	0.033642	0.020172	0.025221	0.610956	0.512888	0.557643	4
1.00	0.606940	0.406182	0.486670	0.033192	0.020122	0.025055	0.606940	0.509560	0.554003	4
1.00	0.602700	0.403345	0.483271	0.033798	0.020075	0.025189	0.602700	0.505757	0.549989	4
1.00	0.577485	0.386471	0.463052	0.033447	0.019910	0.024961	0.577485	0.484382	0.526852	4
1.00	0.555618	0.371836	0.445518	0.034642	0.019745	0.025153	0.555618	0.464932	0.506245	4
1.00	0.539775	0.361233	0.432814	0.034678	0.019437	0.024911	0.539775	0.451692	0.491821	4
1.00	0.520361	0.348242	0.417248	0.034653	0.019119	0.024642	0.520361	0.436277	0.474624	4
1.00	0.529287	0.354215	0.424405	0.023409	0.019099	0.021036	0.529287	0.444012	0.482914	3
1.00	0.532746	0.356530	0.427178	0.023399	0.018930	0.020928	0.532746	0.446597	0.485882	3
1.00	0.542229	0.362876	0.434783	0.023462	0.018812	0.020881	0.542229	0.455374	0.495021	3
1.00	0.547585	0.366460	0.439077	0.023472	0.018649	0.020784	0.547585	0.460748	0.500427	3
1.00	0.553609	0.370492	0.443908	0.023488	0.018693	0.020818	0.553609	0.466252	0.506189	3
1.00	0.564543	0.377809	0.452675	0.023495	0.018840	0.020912	0.564543	0.475419	0.516162	3
1.00	0.584626	0.391249	0.468778	0.023470	0.018966	0.020979	0.584626	0.493019	0.534929	3
1.00	0.595894	0.398790	0.477814	0.023437	0.019086	0.021039	0.595894	0.502456	0.545201	3
1.00	0.598349	0.400433	0.479782	0.023462	0.019184	0.021108	0.598349	0.504390	0.547367	3
1.00	0.597791	0.400060	0.479334	0.023386	0.019292	0.021143	0.597791	0.503544	0.546635	3
1.00	0.606159	0.405660	0.486044	0.023344	0.019714	0.021376	0.606159	0.510043	0.553963	3
1.00	0.613299	0.410438	0.491770	0.023530	0.020518	0.021921	0.613299	0.514497	0.559570	3
1.00	0.619882	0.414844	0.497048	0.023578	0.021185	0.022317	0.619882	0.518281	0.564546	3
1.00	0.619101	0.414321	0.496422	0.034746	0.021665	0.026689	0.619101	0.516468	0.563146	4
1.00	0.604039	0.404241	0.484344	0.034664	0.021840	0.026797	0.604039	0.502810	0.548795	4
1.00	0.588865	0.394086	0.472177	0.034576	0.022006	0.026895	0.588865	0.488873	0.534230	4
1.00	0.579940	0.388113	0.465021	0.034529	0.022274	0.027080	0.579940	0.479975	0.525243	4
1.00	0.572911	0.383409	0.459385	0.034402	0.022490	0.027199	0.572911	0.473216	0.518313	4
1.00	0.554390	0.371015	0.444534	0.034435	0.022504	0.027220	0.554390	0.456685	0.500817	4
1.00	0.526275	0.352199	0.421990	0.034346	0.022155	0.026935	0.526275	0.433014	0.475111	4
1.00	0.476849	0.319122	0.382358	0.034286	0.021469	0.026404	0.476849	0.390264	0.429233	4
1.00	0.446614	0.298887	0.358114	0.034259	0.021114	0.026127	0.446614	0.363887	0.401028	4
1.00	0.426643	0.285522	0.342101	0.034195	0.020921	0.025959	0.426643	0.345957	0.382087	4
1.00	0.428763	0.286941	0.343800	0.034103	0.021180	0.026131	0.428763	0.346999	0.383572	4
1.00	0.457994	0.306503	0.367239	0.034049	0.021787	0.026571	0.457994	0.371799	0.410420	4
1.00	0.498271	0.333458	0.399535	0.033943	0.022392	0.026983	0.498271	0.406627	0.447808	4
1.00	0.539328	0.360935	0.432457	0.033832	0.023051	0.027420	0.539328	0.441651	0.485627	4
1.00	0.567332	0.379676	0.454911	0.033684	0.023567	0.027731	0.567332	0.465332	0.511294	4
1.00	0.588084	0.393564	0.471551	0.033513	0.023960	0.027942	0.588084	0.482634	0.530167	4
1.00	0.612630	0.409990	0.491233	0.033380	0.024270	0.028105	0.612630	0.503014	0.552437	4
1.00	0.629030	0.420966	0.504384	0.033351	0.024465	0.028226	0.629030	0.516765	0.567398	4
1.00	0.648890	0.434257	0.520308	0.033204	0.024648	0.028293	0.648890	0.533780	0.585733	4
1.00	0.648667	0.434107	0.520129	0.033258	0.024616	0.028292	0.648667	0.533696	0.585592	4
1.00	0.646324	0.432539	0.518250	0.033405	0.024546	0.028299	0.646324	0.531762	0.583473	4
1.00	0.652460	0.436646	0.523171	0.033302	0.024615	0.028307	0.652460	0.537471	0.589409	4
1.00	0.660270	0.441873	0.529433	0.033267	0.024750	0.028383	0.660270	0.544072	0.596565	4
1.00	0.656700	0.439483	0.526570	0.033249	0.024640	0.028304	0.656700	0.541097	0.593320	4
1.00	0.660382	0.441947	0.529522	0.033268	0.024688	0.028343	0.660382	0.544704	0.596991	4
1.00	0.659489	0.441350	0.528807	0.033369	0.024615	0.028331	0.659489	0.544118	0.596274	4
1.00	0.660605	0.442097	0.529701	0.033558	0.024513	0.028331	0.660605	0.545355	0.597473	4
1.00	0.657369	0.439931	0.527107	0.033634	0.024357	0.028253	0.657369	0.543096	0.594793	4
1.00	0.650826	0.435601	0.521895	0.033779	0.024209	0.028204	0.650842	0.537629	0.588843	4
1.00	0.637327	0.426566	0.511070	0.033816	0.024094	0.028139	0.637342	0.525988	0.576336	4
1.00	0.620078	0.415068	0.497272	0.033896	0.023969	0.028081	0.620105	0.510871	0.560213	4
1.00	0.586392	0.392518	0.470257	0.034118	0.023748	0.028004	0.586411	0.481760	0.528959	4
1.00	0.547178	0.366311	0.438839	0.033702	0.023159	0.027453	0.547231	0.448308	0.492855	4
1.00	0.499331	0.334279	0.400465	0.033611	0.022452	0.026921	0.499368	0.408189	0.449198	4
1.00	0.460183	0.308071	0.369068	0.034327	0.021698	0.026589	0.460207	0.374737	0.413097	4
1.00	0.427297	0.286120	0.342740	0.034342	0.021043	0.026096	0.427405	0.345920	0.382370	4
1.00	0.400312	0.268050	0.321095	0.034344	0.020516	0.025687	0.400405	0.322928	0.357517	4
1.00	0.394426	0.264168	0.316416	0.034389	0.020373	0.025588	0.394492	0.318098	0.352200	4
1.00	0.376366	0.252072	0.301927	0.034398	0.020081	0.025359	0.376418	0.302581	0.335485	4
1.00	0.375348	0.251475	0.301171	0.034432	0.020063	0.025353	0.375339	0.301967	0.334679	4
1.00	0.384264	0.257448	0.308325	0.034431	0.020158	0.025429	0.384265	0.309861	0.343075	4
1.00	0.412125	0.276114	0.330680	0.034472	0.020596	0.025785	0.412157	0.333629	0.368759	4
1.00	0.424671	0.284552	0.340770	0.034025	0.020804	0.025821	0.424709	0.344349	0.380331	4
1.00	0.451872	0.302845	0.362645	0.034166	0.021342	0.026273	0.451913	0.368322	0.405858	4
1.00	0.480223	0.321810	0.385372	0.034188	0.021855	0.026664	0.480308	0.392439	0.431950	4
1.00	0.513923	0.344508	0.412498	0.034309	0.022565	0.027225	0.514058	0.421038	0.462921	4
1.00	0.556323	0.372807	0.446441	0.034178	0.023480	0.027837	0.556436	0.455049	0.500661	4
1.00	0.592824	0.397222	0.475701	0.034209	0.024433	0.028506	0.592975	0.483713	0.532800	4
1.00	0.627257	0.420294	0.503331	0.034103	0.025221	0.028997	0.627450	0.511010	0.563275	4
1.00	0.654519	0.438513	0.525172	0.034057	0.025879	0.029410	0.654729	0.532534	0.587343	4
1.00	0.671609	0.449862	0.538812	0.033737	0.026385	0.029611	0.671799	0.545504	0.602100	4
1.00	0.688071	0.460838	0.551983	0.033683	0.027011	0.029980	0.688218	0.557860	0.616221	4
1.00	0.711116	0.476219	0.570432	0.033655	0.027666	0.030368	0.711257	0.575395	0.636153	4
1.00	0.732969	0.490853	0.587962	0.033774	0.028207	0.030741	0.733125	0.591452	0.654712	4
1.00	0.747575	0.500635	0.599678	0.033688	0.028776	0.031039	0.747741	0.601763	0.666856	4
1.00	0.754181	0.505115	0.605017	0.033527	0.029121	0.031169	0.754379	0.605956	0.672070	4
1.00	0.757998	0.507728	0.608120	0.033346	0.029532	0.031323	0.758228	0.607444	0.674512	4
1.00	0.761342	0.509968	0.610803	0.033254	0.029869	0.031471	0.761575	0.608866	0.676712	4
1.00	0.763211	0.511163	0.612261	0.032955	0.030076	0.031450	0.763416	0.609610	0.677898	4
1.00	0.764994	0.512357	0.613692	0.032749	0.030413	0.031537	0.765201	0.609539	0.678558	4
1.00	0.763099	0.511088	0.612172	0.032522	0.030648	0.031557	0.763305	0.606676	0.676036	4
1.00	0.759920	0.509072	0.609703	0.032217	0.030800	0.031493	0.760181	0.603031	0.672548	4
1.00	0.763598	0.511536	0.612654	0.032118	0.031085	0.031593	0.763863	0.604677	0.675012	4
1.00	0.768279	0.514672	0.616410	0.032025	0.031395	0.031707	0.768548	0.606583	0.678027	4
1.00	0.767774	0.514448	0.616086	0.031782	0.031492	0.031636	0.768102	0.605541	0.677203	4
1.00	0.765263	0.512880	0.614154	0.031696	0.031612	0.031654	0.765648	0.603059	0.674696	4
1.00	0.758659	0.508624	0.608975	0.031487	0.031615	0.031551	0.759121	0.597685	0.668799	4
1.00	0.754202	0.505861	0.605560	0.031318	0.031683	0.031500	0.754770	0.593910	0.664747	4
1.00	0.751836	0.504443	0.603780	0.031232	0.031660	0.031445	0.752371	0.592144	0.662710	4
1.00	0.748887	0.502576	0.601492	0.031217	0.031612	0.031413	0.749470	0.590042	0.660269	4
1.00	0.747107	0.501381	0.600063	0.031300	0.031475	0.031387	0.747741	0.589354	0.659167	4
1.00	0.744548	0.499664	0.598007	0.031500	0.031259	0.031379	0.745268	0.588787	0.657850	4
1.00	0.737709	0.495184	0.592593	0.031648	0.030985	0.031313	0.738499	0.584287	0.652404	4
1.00	0.730590	0.490405	0.586874	0.031873	0.030638	0.031243	0.731359	0.579834	0.646841	4
1.00	0.727182	0.488389	0.584331	0.032186	0.030357	0.031244	0.728160	0.578733	0.644904	4
1.00	0.722673	0.485253	0.580631	0.032440	0.029898	0.031117	0.723605	0.577227	0.642180	4
1.00	0.720863	0.483984	0.579138	0.032452	0.029692	0.031011	0.721764	0.576678	0.641115	4
1.00	0.724119	0.486224	0.581792	0.032630	0.029666	0.031078	0.725055	0.580332	0.644671	4
1.00	0.728233	0.488987	0.585098	0.032736	0.029681	0.031134	0.729183	0.583921	0.648517	4
1.00	0.736462	0.494512	0.591709	0.032797	0.029867	0.031264	0.737439	0.590262	0.655693	4
1.00	0.728930	0.489509	0.585697	0.032692	0.029735	0.031144	0.729908	0.584330	0.649056	4
1.00	0.727849	0.488837	0.584867	0.032559	0.029843	0.031142	0.728848	0.582489	0.647501	4
1.00	0.727687	0.488837	0.584815	0.032562	0.029927	0.031189	0.728718	0.582368	0.647375	4
1.00	0.728546	0.489360	0.585466	0.043854	0.030128	0.035718	0.729518	0.583010	0.648087	5
1.00	0.725656	0.487419	0.583144	0.043858	0.030000	0.035629	0.726617	0.581169	0.645805	5
1.00	0.724192	0.486597	0.582083	0.038164	0.030251	0.033750	0.725166	0.579830	0.644405	5
1.00	0.715698	0.480998	0.575333	0.039854	0.030450	0.034523	0.716576	0.573247	0.636948	5
1.01	0.705040	0.474203	0.567028	0.039425	0.030902	0.034647	0.705865	0.565326	0.627827	5
1.01	0.699323	0.470619	0.562617	0.038309	0.030809	0.034152	0.700277	0.561123	0.623025	6
1.01	0.702541	0.472784	0.565206	0.038711	0.031064	0.034469	0.703457	0.563690	0.625865	6
1.01	0.702217	0.472934	0.565208	0.038718	0.031886	0.034972	0.703066	0.564136	0.625985	6
1.01	0.699967	0.471888	0.563732	0.037976	0.032332	0.034928	0.700891	0.562685	0.624230	6
1.01	0.696648	0.470171	0.561430	0.037798	0.033232	0.035368	0.697544	0.560175	0.621358	6
1.01	0.698685	0.471963	0.563369	0.038398	0.034304	0.036236	0.699533	0.561356	0.622873	6
1.01	0.703139	0.475024	0.566998	0.038273	0.034719	0.036409	0.703996	0.564406	0.626520	6
1.01	0.702419	0.474800	0.566604	0.038109	0.035262	0.036631	0.703271	0.563346	0.625579	6
1.01	0.706636	0.477862	0.570156	0.038216	0.035839	0.036989	0.707492	0.566879	0.629428	6
1.01	0.707966	0.479131	0.571492	0.038041	0.036514	0.037262	0.708794	0.568366	0.630860	6
1.01	0.706887	0.478982	0.571034	0.037992	0.037091	0.037536	0.707789	0.568589	0.630599	6
1.01	0.711846	0.482342	0.575040	0.038112	0.037189	0.037645	0.712810	0.572569	0.635039	6
1.01	0.713876	0.483611	0.576605	0.038397	0.037186	0.037782	0.714818	0.574224	0.636854	6
1.01	0.718933	0.486821	0.580536	0.038326	0.036829	0.037562	0.719950	0.578593	0.641578	6
1.01	0.727895	0.492347	0.587386	0.038564	0.036217	0.037354	0.728988	0.584646	0.648887	6
1.01	0.736249	0.497723	0.593932	0.038617	0.035775	0.037142	0.737467	0.590411	0.655796	6
1.01	0.748369	0.505413	0.603352	0.038943	0.035571	0.037181	0.749572	0.598927	0.665835	6
1.01	0.757559	0.510715	0.610115	0.038860	0.033760	0.036131	0.758833	0.606625	0.674246	6
1.01	0.770117	0.518778	0.619942	0.039750	0.033751	0.036506	0.771328	0.615062	0.684388	6
1.01	0.777235	0.523109	0.625340	0.039867	0.032987	0.036102	0.778469	0.620296	0.690440	6
1.01	0.782845	0.526768	0.629770	0.040114	0.032809	0.036096	0.784103	0.624759	0.695420	6
1.00	0.789941	0.531248	0.635268	0.041207	0.032617	0.036412	0.791132	0.630533	0.701761	6
1.01	0.795982	0.535429	0.640211	0.040089	0.032685	0.036010	0.797268	0.635721	0.707389	6
1.01	0.796939	0.536549	0.641321	0.040879	0.033935	0.037085	0.798161	0.637311	0.708724	6
1.01	0.800554	0.539162	0.644358	0.040153	0.033908	0.036767	0.801899	0.640593	0.712227	6
1.01	0.803522	0.541701	0.647132	0.039423	0.034286	0.036675	0.805078	0.644228	0.715727	6
1.01	0.805531	0.543717	0.649222	0.040078	0.035822	0.037831	0.807100	0.646534	0.717949	7
1.01	0.804023	0.543120	0.648307	0.040022	0.036246	0.038041	0.805742	0.645874	0.717005	7
1.01	0.798235	0.540282	0.644403	0.039580	0.037552	0.038539	0.800052	0.642062	0.712403	7
1.01	0.796145	0.539760	0.643350	0.039221	0.038786	0.039002	0.798155	0.640230	0.710523	7
1.02	0.793581	0.539088	0.642035	0.039069	0.040002	0.039530	0.795980	0.638882	0.708831	7
1.02	0.793285	0.539834	0.642467	0.038514	0.040556	0.039509	0.796203	0.639031	0.709011	7
1.02	0.792748	0.540357	0.642660	0.049338	0.040681	0.044593	0.796277	0.639059	0.709058	8
1.02	0.791899	0.540133	0.642223	0.049181	0.040777	0.044587	0.795626	0.638612	0.708525	8
1.02	0.788554	0.539088	0.640383	0.048638	0.040925	0.044449	0.793284	0.636279	0.706159	8
1.02	0.783386	0.536549	0.636887	0.048179	0.041143	0.044384	0.788821	0.632523	0.702078	8
1.02	0.782339	0.536474	0.636488	0.047906	0.041427	0.044432	0.788133	0.631890	0.701416	8
1.02	0.786803	0.539536	0.640120	0.047925	0.041541	0.044505	0.792763	0.635628	0.705552	8
1.03	0.789531	0.541701	0.642547	0.047837	0.041715	0.044567	0.795720	0.637748	0.708029	8
1.03	0.787463	0.540282	0.640864	0.047644	0.041693	0.044470	0.793600	0.635647	0.705895	8
1.03	0.788581	0.541402	0.642022	0.047580	0.041799	0.044502	0.794883	0.636567	0.706970	8
1.03	0.784791	0.539386	0.639349	0.049015	0.041992	0.045233	0.791303	0.633666	0.703765	8
1.03	0.780033	0.536698	0.635881	0.048487	0.042098	0.045067	0.786794	0.629854	0.699631	8
1.03	0.774995	0.533637	0.632058	0.048052	0.042127	0.044895	0.781885	0.625726	0.695143	8
1.03	0.772767	0.532218	0.630322	0.047822	0.042268	0.044874	0.779709	0.623253	0.692757	8
1.03	0.769039	0.530053	0.627564	0.047558	0.042453	0.044861	0.776083	0.619664	0.689109	8
1.03	0.763687	0.526992	0.623636	0.047019	0.042695	0.044753	0.771007	0.614495	0.683911	8
1.03	0.755184	0.522138	0.617402	0.046630	0.042900	0.044688	0.762862	0.607243	0.676215	8
1.03	0.749406	0.518256	0.612757	0.046379	0.043001	0.044626	0.756949	0.601079	0.670069	8
1.03	0.748649	0.517285	0.611825	0.046326	0.043111	0.044661	0.755852	0.599526	0.668674	8
1.03	0.745219	0.514970	0.609060	0.046136	0.043202	0.044621	0.752282	0.596086	0.665137	8
1.03	0.740681	0.511835	0.605351	0.045938	0.043178	0.044515	0.747707	0.591902	0.660744	8
1.03	0.738877	0.510864	0.604070	0.045894	0.043150	0.044480	0.745922	0.590972	0.659468	8
1.03	0.738581	0.510715	0.603867	0.045883	0.043125	0.044461	0.745662	0.590823	0.659273	8
1.03	0.736501	0.509221	0.602128	0.045834	0.043088	0.044418	0.743468	0.588927	0.657235	8
1.03	0.731160	0.505637	0.597837	0.045770	0.042944	0.044312	0.738056	0.585375	0.652909	8
1.03	0.724466	0.501008	0.592364	0.045529	0.042709	0.044074	0.731214	0.580196	0.647010	8
1.03	0.720609	0.498395	0.589248	0.045394	0.042573	0.043938	0.727309	0.577454	0.643775	8
1.03	0.719650	0.497947	0.588614	0.045389	0.042466	0.043879	0.726453	0.577621	0.643544	8
1.03	0.725996	0.501904	0.593502	0.045625	0.042387	0.043947	0.732757	0.583813	0.649860	8
1.03	0.734681	0.507579	0.600371	0.045841	0.042365	0.044034	0.741422	0.591502	0.658031	8
1.03	0.742811	0.513029	0.606898	0.046020	0.042352	0.044110	0.749641	0.599349	0.666123	8
1.03	0.747539	0.516016	0.610566	0.046592	0.042382	0.044388	0.754401	0.603542	0.670592	8
1.03	0.752976	0.519600	0.614888	0.046842	0.042316	0.044465	0.759868	0.608953	0.676092	8
1.03	0.762044	0.525573	0.622095	0.047186	0.042307	0.044614	0.769073	0.616875	0.684617	8
1.03	0.767998	0.529680	0.626955	0.047369	0.042252	0.044664	0.775209	0.622584	0.690564	8
1.03	0.764961	0.527813	0.624636	0.047206	0.042230	0.044579	0.772253	0.620334	0.688007	8
1.03	0.759369	0.524976	0.620784	0.047336	0.042569	0.044826	0.767204	0.616373	0.683567	8
1.04	0.751184	0.520944	0.615229	0.047042	0.042565	0.044692	0.759909	0.611166	0.677469	8
1.04	0.741828	0.516837	0.609224	0.046693	0.042613	0.044560	0.751740	0.605829	0.670944	8
1.05	0.732729	0.513179	0.603610	0.047679	0.043208	0.045333	0.743614	0.600465	0.664417	8
1.05	0.725372	0.510192	0.599044	0.047340	0.043309	0.045235	0.737497	0.596672	0.659652	8
1.05	0.721282	0.509147	0.596927	0.047747	0.043670	0.045618	0.734252	0.595240	0.657478	8
1.06	0.716242	0.507728	0.594224	0.047531	0.043806	0.045593	0.730574	0.593204	0.654761	8
