
Wed Mar  9 19:08:13 2022
44.56	0.024240	0.782609	0.047023	0.013785	0.069593	0.023011	0.024363	0.845000	0.047360	70
34.66	0.029935	0.694318	0.057396	0.015574	0.332685	0.029755	0.029954	0.764880	0.057649	75
25.75	0.036934	0.636452	0.069817	0.015241	0.230765	0.028593	0.036949	0.722355	0.070303	68
19.81	0.044211	0.586127	0.082220	0.015440	0.183287	0.028481	0.044446	0.685665	0.083481	57
15.39	0.052806	0.543717	0.096262	0.018295	0.159716	0.032829	0.053075	0.650874	0.098147	53
11.19	0.066459	0.497648	0.117259	0.014292	0.131824	0.025789	0.066935	0.607395	0.120582	43
7.24	0.091186	0.441798	0.151171	0.014540	0.092249	0.025121	0.092496	0.546536	0.158215	31
4.33	0.125203	0.363025	0.186191	0.016757	0.063692	0.026533	0.128199	0.459294	0.200448	24
2.34	0.184512	0.288733	0.225146	0.010928	0.031855	0.016273	0.193667	0.370698	0.254417	20
1.31	0.286650	0.251549	0.267955	0.010147	0.021969	0.013882	0.303152	0.325782	0.314060	15
1.05	0.417738	0.293661	0.344879	0.010370	0.022210	0.014138	0.422543	0.382190	0.401355	12
1.01	0.512254	0.346450	0.413345	0.010848	0.012152	0.011463	0.512830	0.450967	0.479913	10
1.00	0.572763	0.384679	0.460247	0.009958	0.011438	0.010647	0.573078	0.500383	0.534269	10
1.00	0.605706	0.405809	0.486006	0.009680	0.010557	0.010099	0.605824	0.527539	0.563978	9
1.00	0.626548	0.419398	0.502460	0.009614	0.010879	0.010208	0.626576	0.544814	0.582841	9
1.00	0.637621	0.426715	0.511272	0.009626	0.011090	0.010306	0.637621	0.554111	0.592940	6
1.00	0.642754	0.430150	0.515387	0.009562	0.011202	0.010317	0.642754	0.558277	0.597544	6
1.00	0.650006	0.435003	0.521202	0.009745	0.011294	0.010462	0.650006	0.563595	0.603724	6
1.00	0.653911	0.437617	0.524333	0.009966	0.011336	0.010607	0.653911	0.566765	0.607227	4
1.00	0.654803	0.438214	0.525049	0.009894	0.011311	0.010555	0.654803	0.567397	0.607975	2
1.00	0.654580	0.438065	0.524870	0.009825	0.011307	0.010514	0.654580	0.567174	0.607751	2
1.00	0.654134	0.437766	0.524512	0.009923	0.011332	0.010581	0.654134	0.566821	0.607355	2
1.00	0.654915	0.438289	0.525139	0.009265	0.011257	0.010164	0.654915	0.567593	0.608135	2
1.00	0.656477	0.439334	0.526391	0.010057	0.011284	0.010635	0.656477	0.569155	0.609705	2
1.00	0.657481	0.440006	0.527196	0.010391	0.011260	0.010808	0.657481	0.570084	0.610671	2
1.00	0.657592	0.440081	0.527286	0.007392	0.011230	0.008916	0.657592	0.570047	0.610698	2
1.00	0.657927	0.440305	0.527554	0.007392	0.011236	0.008918	0.657927	0.570196	0.610928	1
1.00	0.657927	0.440305	0.527554	0.007392	0.011236	0.008918	0.657927	0.570196	0.610928	1
1.00	0.657927	0.440305	0.527554	0.007392	0.011236	0.008918	0.657927	0.570196	0.610928	1
1.00	0.657927	0.440305	0.527554	0.007392	0.011236	0.008918	0.657927	0.570196	0.610928	1
1.00	0.657927	0.440305	0.527554	0.007392	0.011236	0.008918	0.657927	0.570196	0.610928	1
1.00	0.657927	0.440305	0.527554	0.007392	0.011236	0.008918	0.657927	0.570196	0.610928	1
1.00	0.657927	0.440305	0.527554	0.007392	0.011236	0.008918	0.657927	0.570196	0.610928	1
1.00	0.657927	0.440305	0.527554	0.007392	0.011236	0.008918	0.657927	0.570196	0.610928	1
1.00	0.657927	0.440305	0.527554	0.007392	0.011236	0.008918	0.657927	0.570196	0.610928	1
1.00	0.657927	0.440305	0.527554	0.007392	0.011236	0.008918	0.657927	0.570196	0.610928	1
1.00	0.657927	0.440305	0.527554	0.007392	0.011236	0.008918	0.657927	0.570196	0.610928	1
1.00	0.657927	0.440305	0.527554	0.007392	0.011236	0.008918	0.657927	0.570196	0.610928	1
1.00	0.657927	0.440305	0.527554	0.007392	0.011236	0.008918	0.657927	0.570196	0.610928	1
1.00	0.657927	0.440305	0.527554	0.007392	0.011236	0.008918	0.657927	0.570196	0.610928	1
1.00	0.657927	0.440305	0.527554	0.007392	0.011236	0.008918	0.657927	0.570196	0.610928	1
1.00	0.657927	0.440305	0.527554	0.007392	0.011236	0.008918	0.657927	0.570196	0.610928	1
1.00	0.657927	0.440305	0.527554	0.007392	0.011236	0.008918	0.657927	0.570196	0.610928	1
1.00	0.657927	0.440305	0.527554	0.007392	0.011236	0.008918	0.657927	0.570196	0.610928	1
1.00	0.657927	0.440305	0.527554	0.007392	0.011236	0.008918	0.657927	0.570196	0.610928	1
1.00	0.657927	0.440305	0.527554	0.007392	0.011236	0.008918	0.657927	0.570196	0.610928	1
1.00	0.657927	0.440305	0.527554	0.007392	0.011236	0.008918	0.657927	0.570196	0.610928	1
1.00	0.657927	0.440305	0.527554	0.007392	0.011236	0.008918	0.657927	0.570196	0.610928	1
1.00	0.657927	0.440305	0.527554	0.007392	0.011236	0.008918	0.657927	0.570196	0.610928	1
1.00	0.657927	0.440305	0.527554	0.007392	0.011236	0.008918	0.657927	0.570196	0.610928	1
1.00	0.657927	0.440305	0.527554	0.007392	0.011236	0.008918	0.657927	0.570196	0.610928	1
1.00	0.657927	0.440305	0.527554	0.007392	0.011236	0.008918	0.657927	0.570196	0.610928	1
1.00	0.657927	0.440305	0.527554	0.007392	0.011236	0.008918	0.657927	0.570196	0.610928	1
1.00	0.657927	0.440305	0.527554	0.007392	0.011236	0.008918	0.657927	0.570196	0.610928	1
1.00	0.657927	0.440305	0.527554	0.007392	0.011236	0.008918	0.657927	0.570196	0.610928	1
1.00	0.657927	0.440305	0.527554	0.007392	0.011236	0.008918	0.657927	0.570196	0.610928	1
1.00	0.657927	0.440305	0.527554	0.007392	0.011236	0.008918	0.657927	0.570196	0.610928	1
1.00	0.657927	0.440305	0.527554	0.007392	0.011236	0.008918	0.657927	0.570196	0.610928	1
1.00	0.657927	0.440305	0.527554	0.007392	0.011236	0.008918	0.657927	0.570196	0.610928	1
1.00	0.657927	0.440305	0.527554	0.007392	0.011236	0.008918	0.657927	0.570196	0.610928	1
1.00	0.657927	0.440305	0.527554	0.007392	0.011236	0.008918	0.657927	0.570196	0.610928	1
1.00	0.657927	0.440305	0.527554	0.007392	0.011236	0.008918	0.657927	0.570196	0.610928	1
1.00	0.657927	0.440305	0.527554	0.007392	0.011236	0.008918	0.657927	0.570196	0.610928	1
1.00	0.657927	0.440305	0.527554	0.007392	0.011236	0.008918	0.657927	0.570196	0.610928	1
1.00	0.657927	0.440305	0.527554	0.007392	0.011236	0.008918	0.657927	0.570196	0.610928	1
1.00	0.642084	0.429702	0.514851	0.010093	0.011737	0.010853	0.642084	0.553972	0.594782	2
1.00	0.312619	0.209214	0.250671	0.009661	0.012951	0.011066	0.312619	0.255766	0.281349	2
1.00	0.128417	0.085940	0.102970	0.012145	0.011276	0.011694	0.128417	0.096043	0.109895	2
1.00	0.126074	0.084372	0.101091	0.001417	0.011236	0.002516	0.126074	0.094202	0.107832	1
1.00	0.126074	0.084372	0.101091	0.001417	0.011236	0.002516	0.126074	0.094202	0.107832	1
1.00	0.126074	0.084372	0.101091	0.001417	0.011236	0.002516	0.126074	0.094202	0.107832	1
1.00	0.126074	0.084372	0.101091	0.001417	0.011236	0.002516	0.126074	0.094202	0.107832	1
1.00	0.126074	0.084372	0.101091	0.001417	0.011236	0.002516	0.126074	0.094202	0.107832	1

Wed Mar  9 19:30:24 2022
45.12	0.007091	0.231884	0.013762	0.004363	0.070225	0.008215	0.007339	0.151667	0.014001	77
35.42	0.011781	0.279250	0.022608	0.017224	0.299151	0.032572	0.011730	0.207341	0.022203	80
26.44	0.012789	0.226312	0.024209	0.013888	0.214256	0.026084	0.012641	0.170707	0.023538	70
19.86	0.011874	0.157844	0.022087	0.013400	0.155185	0.024670	0.011761	0.119145	0.021409	59
14.87	0.008990	0.089450	0.016339	0.014516	0.099111	0.025323	0.008822	0.069508	0.015656	51
10.56	0.005749	0.040618	0.010072	0.005959	0.066323	0.010936	0.005565	0.033365	0.009539	41
6.57	0.002700	0.011872	0.004400	0.003033	0.031215	0.005528	0.002635	0.010352	0.004200	33
3.98	0.001150	0.003061	0.001672	0.001982	0.017111	0.003552	0.001129	0.002746	0.001600	24
2.56	0.000567	0.000971	0.000716	0.001232	0.011291	0.002221	0.000552	0.000664	0.000603	18
1.76	0.000444	0.000523	0.000480	0.002504	0.007045	0.003695	0.000483	0.000283	0.000357	11
1.15	0.000484	0.000373	0.000422	0.000009	0.007022	0.000017	0.000558	0.000171	0.000262	7
1.00	0.000668	0.000448	0.000536	0.002818	0.007033	0.004024	0.000669	0.000283	0.000397	7
1.00	0.000669	0.000448	0.000537	0.001882	0.007033	0.002969	0.000669	0.000283	0.000397	8
1.00	0.001004	0.000672	0.000805	0.020140	0.007055	0.010450	0.001004	0.000543	0.000705	10
1.00	0.001562	0.001045	0.001252	0.013439	0.007097	0.009289	0.001562	0.000822	0.001077	11
1.00	0.003793	0.002539	0.003042	0.012441	0.007248	0.009159	0.003793	0.002142	0.002738	10
1.00	0.009037	0.006048	0.007246	0.011917	0.007595	0.009278	0.009037	0.005954	0.007179	11
1.00	0.022760	0.015232	0.018250	0.012060	0.008716	0.010119	0.022760	0.015689	0.018574	9
1.00	0.050764	0.033973	0.040705	0.011776	0.009545	0.010544	0.050764	0.036357	0.042369	9
1.00	0.088586	0.059285	0.071032	0.013021	0.009430	0.010938	0.088586	0.065640	0.075406	9
1.00	0.127301	0.085194	0.102076	0.012725	0.012265	0.012491	0.127301	0.095253	0.108969	8
1.00	0.140801	0.094228	0.112900	0.013702	0.013674	0.013688	0.140801	0.107070	0.121640	7
1.00	0.140578	0.094079	0.112721	0.012657	0.011286	0.011932	0.140578	0.106977	0.121497	6
1.00	0.137231	0.091839	0.110038	0.010091	0.011250	0.010639	0.137231	0.104169	0.118436	4
1.00	0.135446	0.090644	0.108606	0.009943	0.011235	0.010550	0.135446	0.102551	0.116725	3
1.00	0.137342	0.091914	0.110127	0.010161	0.011252	0.010678	0.137342	0.104336	0.118586	2
1.00	0.133326	0.089226	0.106906	0.010197	0.011279	0.010711	0.133326	0.100748	0.114770	2
1.00	0.133884	0.089599	0.107354	0.010193	0.011273	0.010706	0.133884	0.101175	0.115254	2
1.00	0.140243	0.093855	0.112453	0.009834	0.011197	0.010471	0.140243	0.106326	0.120952	2
1.00	0.138904	0.092959	0.111379	0.009694	0.011182	0.010385	0.138904	0.105136	0.119684	2
1.00	0.147384	0.098634	0.118179	0.009730	0.011126	0.010381	0.147384	0.112174	0.127391	2
1.00	0.179516	0.120137	0.143943	0.009611	0.011120	0.010311	0.179516	0.139853	0.157221	2
1.00	0.244226	0.163444	0.195831	0.009607	0.011477	0.010459	0.244226	0.195307	0.217044	2
1.00	0.413812	0.276936	0.331813	0.009754	0.012750	0.011053	0.413812	0.345483	0.376573	2
1.00	0.591543	0.395878	0.474325	0.009994	0.012988	0.011296	0.591543	0.505207	0.544977	2
1.00	0.641303	0.429179	0.514224	0.010098	0.011941	0.010942	0.641303	0.551452	0.592993	2
1.00	0.652572	0.436721	0.523260	0.010384	0.011546	0.010934	0.652572	0.563204	0.604603	2
1.00	0.657481	0.440006	0.527196	0.007392	0.011228	0.008915	0.657481	0.569750	0.610479	2
1.00	0.657927	0.440305	0.527554	0.007392	0.011236	0.008918	0.657927	0.570196	0.610928	1
1.00	0.657927	0.440305	0.527554	0.007392	0.011236	0.008918	0.657927	0.570196	0.610928	1
1.00	0.657927	0.440305	0.527554	0.007392	0.011236	0.008918	0.657927	0.570196	0.610928	1
1.00	0.657927	0.440305	0.527554	0.007392	0.011236	0.008918	0.657927	0.570196	0.610928	1
1.00	0.657927	0.440305	0.527554	0.007392	0.011236	0.008918	0.657927	0.570196	0.610928	1
1.00	0.657927	0.440305	0.527554	0.007392	0.011236	0.008918	0.657927	0.570196	0.610928	1
1.00	0.657927	0.440305	0.527554	0.007392	0.011236	0.008918	0.657927	0.570196	0.610928	1
1.00	0.657927	0.440305	0.527554	0.007392	0.011236	0.008918	0.657927	0.570196	0.610928	1
1.00	0.657927	0.440305	0.527554	0.007392	0.011236	0.008918	0.657927	0.570196	0.610928	1
1.00	0.657927	0.440305	0.527554	0.007392	0.011236	0.008918	0.657927	0.570196	0.610928	1
1.00	0.657927	0.440305	0.527554	0.007392	0.011236	0.008918	0.657927	0.570196	0.610928	1
1.00	0.657927	0.440305	0.527554	0.007392	0.011236	0.008918	0.657927	0.570196	0.610928	1
1.00	0.657927	0.440305	0.527554	0.007392	0.011236	0.008918	0.657927	0.570196	0.610928	1
1.00	0.657927	0.440305	0.527554	0.007392	0.011236	0.008918	0.657927	0.570196	0.610928	1
1.00	0.657927	0.440305	0.527554	0.007392	0.011236	0.008918	0.657927	0.570196	0.610928	1
1.00	0.657927	0.440305	0.527554	0.007392	0.011236	0.008918	0.657927	0.570196	0.610928	1
1.00	0.657927	0.440305	0.527554	0.007392	0.011236	0.008918	0.657927	0.570196	0.610928	1
1.00	0.657927	0.440305	0.527554	0.007392	0.011236	0.008918	0.657927	0.570196	0.610928	1
1.00	0.657927	0.440305	0.527554	0.007392	0.011236	0.008918	0.657927	0.570196	0.610928	1
1.00	0.657927	0.440305	0.527554	0.007392	0.011236	0.008918	0.657927	0.570196	0.610928	1
1.00	0.657927	0.440305	0.527554	0.007392	0.011236	0.008918	0.657927	0.570196	0.610928	1
1.00	0.657927	0.440305	0.527554	0.007392	0.011236	0.008918	0.657927	0.570196	0.610928	1
1.00	0.657927	0.440305	0.527554	0.007392	0.011236	0.008918	0.657927	0.570196	0.610928	1
1.00	0.657927	0.440305	0.527554	0.007392	0.011236	0.008918	0.657927	0.570196	0.610928	1
1.00	0.657927	0.440305	0.527554	0.007392	0.011236	0.008918	0.657927	0.570196	0.610928	1
1.00	0.657927	0.440305	0.527554	0.007392	0.011236	0.008918	0.657927	0.570196	0.610928	1
1.00	0.657927	0.440305	0.527554	0.007392	0.011236	0.008918	0.657927	0.570196	0.610928	1
1.00	0.657927	0.440305	0.527554	0.007392	0.011236	0.008918	0.657927	0.570196	0.610928	1
1.00	0.657927	0.440305	0.527554	0.007392	0.011236	0.008918	0.657927	0.570196	0.610928	1
1.00	0.657927	0.440305	0.527554	0.007392	0.011236	0.008918	0.657927	0.570196	0.610928	1
1.00	0.657927	0.440305	0.527554	0.007392	0.011236	0.008918	0.657927	0.570196	0.610928	1
1.00	0.657927	0.440305	0.527554	0.007392	0.011236	0.008918	0.657927	0.570196	0.610928	1
1.00	0.657927	0.440305	0.527554	0.007392	0.011236	0.008918	0.657927	0.570196	0.610928	1
1.00	0.657927	0.440305	0.527554	0.007392	0.011236	0.008918	0.657927	0.570196	0.610928	1
1.00	0.657927	0.440305	0.527554	0.007392	0.011236	0.008918	0.657927	0.570196	0.610928	1
1.00	0.657927	0.440305	0.527554	0.007392	0.011236	0.008918	0.657927	0.570196	0.610928	1
1.00	0.657927	0.440305	0.527554	0.007392	0.011236	0.008918	0.657927	0.570196	0.610928	1
1.00	0.657927	0.440305	0.527554	0.007392	0.011236	0.008918	0.657927	0.570196	0.610928	1
1.00	0.658039	0.440379	0.527644	0.018629	0.011246	0.014025	0.658039	0.570252	0.611008	2
1.00	0.658150	0.440454	0.527733	0.014886	0.011256	0.012819	0.658150	0.570308	0.611088	2
1.00	0.658150	0.440454	0.527733	0.013015	0.011272	0.012081	0.658150	0.570177	0.611013	2
1.00	0.658150	0.440454	0.527733	0.014886	0.011256	0.012819	0.658150	0.570308	0.611088	2
1.00	0.657927	0.440305	0.527554	0.007392	0.011236	0.008918	0.657927	0.570196	0.610928	1
1.00	0.657927	0.440305	0.527554	0.007392	0.011236	0.008918	0.657927	0.570196	0.610928	1
1.00	0.657927	0.440305	0.527554	0.007392	0.011236	0.008918	0.657927	0.570196	0.610928	1
1.00	0.657927	0.440305	0.527554	0.007392	0.011236	0.008918	0.657927	0.570196	0.610928	1
1.00	0.657927	0.440305	0.527554	0.007392	0.011236	0.008918	0.657927	0.570196	0.610928	1
1.00	0.657927	0.440305	0.527554	0.007392	0.011236	0.008918	0.657927	0.570196	0.610928	1
1.00	0.657927	0.440305	0.527554	0.007392	0.011236	0.008918	0.657927	0.570196	0.610928	1
1.00	0.657927	0.440305	0.527554	0.007392	0.011236	0.008918	0.657927	0.570196	0.610928	1
1.00	0.657927	0.440305	0.527554	0.007392	0.011236	0.008918	0.657927	0.570196	0.610928	1
