
Wed Mar  9 21:19:49 2022
44.56	0.024240	0.782609	0.047023	0.013785	0.069593	0.023011	0.024363	0.845000	0.047360	70
34.40	0.028759	0.661988	0.055122	0.015569	0.329640	0.029733	0.028796	0.727779	0.055400	75
25.47	0.035514	0.605391	0.067091	0.015076	0.235883	0.028341	0.035554	0.685126	0.067600	67
19.43	0.043026	0.559471	0.079907	0.014025	0.178379	0.026005	0.043313	0.652138	0.081231	57
14.99	0.052199	0.523632	0.094934	0.018318	0.154457	0.032751	0.052537	0.625966	0.096938	53
11.00	0.067114	0.493840	0.118168	0.011639	0.126820	0.021320	0.067773	0.605102	0.121894	41
7.27	0.097471	0.474278	0.161709	0.011870	0.091601	0.021017	0.100605	0.591562	0.171964	32
4.37	0.154931	0.452774	0.230864	0.008376	0.061578	0.014746	0.168723	0.576462	0.261043	23
2.39	0.272816	0.436347	0.335727	0.008257	0.031453	0.013080	0.320307	0.562990	0.408311	18
1.45	0.439075	0.426715	0.432807	0.008048	0.025533	0.012239	0.492547	0.553665	0.521321	12
1.13	0.558952	0.421937	0.480875	0.007442	0.013260	0.009533	0.584858	0.548040	0.565851	11
1.03	0.611075	0.419398	0.497410	0.007422	0.011949	0.009156	0.616460	0.544656	0.578338	7
1.01	0.627373	0.422011	0.504598	0.007391	0.010769	0.008766	0.628194	0.547770	0.585232	7
1.00	0.637468	0.427089	0.511491	0.007397	0.010899	0.008813	0.637621	0.554204	0.592994	6
1.00	0.644729	0.431569	0.517041	0.007403	0.011013	0.008854	0.644762	0.559820	0.599296	6
1.00	0.650117	0.435078	0.521292	0.007400	0.011103	0.008881	0.650117	0.564394	0.604231	4
1.00	0.654134	0.437766	0.524512	0.007394	0.011171	0.008899	0.654134	0.567407	0.607691	3
1.00	0.656253	0.439185	0.526212	0.007391	0.011207	0.008908	0.656253	0.568969	0.609502	3
1.00	0.657481	0.440006	0.527196	0.007392	0.011228	0.008915	0.657481	0.569917	0.610575	3
1.00	0.657927	0.440305	0.527554	0.007392	0.011236	0.008918	0.657927	0.570196	0.610928	1
1.00	0.657927	0.440305	0.527554	0.007392	0.011236	0.008918	0.657927	0.570196	0.610928	1
1.00	0.657927	0.440305	0.527554	0.007392	0.011236	0.008918	0.657927	0.570196	0.610928	1
1.00	0.657927	0.440305	0.527554	0.007392	0.011236	0.008918	0.657927	0.570196	0.610928	1
1.00	0.657927	0.440305	0.527554	0.007392	0.011236	0.008918	0.657927	0.570196	0.610928	1
1.00	0.657927	0.440305	0.527554	0.007392	0.011236	0.008918	0.657927	0.570196	0.610928	1
1.00	0.657927	0.440305	0.527554	0.007392	0.011236	0.008918	0.657927	0.570196	0.610928	1
1.00	0.657927	0.440305	0.527554	0.007392	0.011236	0.008918	0.657927	0.570196	0.610928	1
1.00	0.657927	0.440305	0.527554	0.007392	0.011236	0.008918	0.657927	0.570196	0.610928	1
1.00	0.657927	0.440305	0.527554	0.007392	0.011236	0.008918	0.657927	0.570196	0.610928	1
1.00	0.657927	0.440305	0.527554	0.007392	0.011236	0.008918	0.657927	0.570196	0.610928	1
1.00	0.657927	0.440305	0.527554	0.007392	0.011236	0.008918	0.657927	0.570196	0.610928	1
1.00	0.657927	0.440305	0.527554	0.007392	0.011236	0.008918	0.657927	0.570196	0.610928	1
1.00	0.657927	0.440305	0.527554	0.007392	0.011236	0.008918	0.657927	0.570196	0.610928	1
1.00	0.657927	0.440305	0.527554	0.007392	0.011236	0.008918	0.657927	0.570196	0.610928	1
1.00	0.657927	0.440305	0.527554	0.007392	0.011236	0.008918	0.657927	0.570196	0.610928	1
1.00	0.657927	0.440305	0.527554	0.007392	0.011236	0.008918	0.657927	0.570196	0.610928	1
1.00	0.657927	0.440305	0.527554	0.007392	0.011236	0.008918	0.657927	0.570196	0.610928	1
1.00	0.657927	0.440305	0.527554	0.007392	0.011236	0.008918	0.657927	0.570196	0.610928	1
1.00	0.657927	0.440305	0.527554	0.007392	0.011236	0.008918	0.657927	0.570196	0.610928	1
1.00	0.657927	0.440305	0.527554	0.007392	0.011236	0.008918	0.657927	0.570196	0.610928	1
1.00	0.657927	0.440305	0.527554	0.007392	0.011236	0.008918	0.657927	0.570196	0.610928	1
1.00	0.657927	0.440305	0.527554	0.007392	0.011236	0.008918	0.657927	0.570196	0.610928	1
1.00	0.657927	0.440305	0.527554	0.007392	0.011236	0.008918	0.657927	0.570196	0.610928	1
1.00	0.657927	0.440305	0.527554	0.007392	0.011236	0.008918	0.657927	0.570196	0.610928	1
1.00	0.657927	0.440305	0.527554	0.007392	0.011236	0.008918	0.657927	0.570196	0.610928	1
1.00	0.657927	0.440305	0.527554	0.007392	0.011236	0.008918	0.657927	0.570196	0.610928	1
1.00	0.657927	0.440305	0.527554	0.007392	0.011236	0.008918	0.657927	0.570196	0.610928	1
1.00	0.657704	0.440155	0.527375	0.007392	0.011232	0.008916	0.657704	0.569973	0.610704	2
1.00	0.657815	0.440230	0.527465	0.010202	0.011242	0.010697	0.657815	0.570029	0.610784	2
1.00	0.657815	0.440230	0.527465	0.010202	0.011242	0.010697	0.657815	0.570029	0.610784	2
1.00	0.657592	0.440081	0.527286	0.009265	0.011238	0.010157	0.657592	0.569806	0.610560	2
1.00	0.657034	0.439707	0.526838	0.010289	0.011293	0.010768	0.657034	0.569006	0.609860	2
1.00	0.657927	0.440305	0.527554	0.013011	0.011244	0.012063	0.657927	0.570140	0.610896	2
1.00	0.657815	0.440230	0.527465	0.007392	0.011234	0.008917	0.657815	0.570084	0.610816	2
1.00	0.657034	0.439707	0.526838	0.010552	0.011333	0.010929	0.657034	0.568839	0.609764	2
1.00	0.657369	0.439931	0.527107	0.011393	0.011717	0.011553	0.657369	0.566691	0.608671	2
1.00	0.656811	0.439558	0.526660	0.010623	0.011378	0.010987	0.656811	0.568253	0.609331	2
1.00	0.657592	0.440081	0.527286	0.011150	0.011335	0.011242	0.657592	0.569248	0.610239	2
1.00	0.657592	0.440081	0.527286	0.009265	0.011238	0.010157	0.657592	0.569806	0.610560	2
1.00	0.657927	0.440305	0.527554	0.013011	0.011244	0.012063	0.657927	0.570140	0.610896	2
1.00	0.657927	0.440305	0.527554	0.007392	0.011236	0.008918	0.657927	0.570196	0.610928	1
1.00	0.657927	0.440305	0.527554	0.007392	0.011236	0.008918	0.657927	0.570196	0.610928	1
1.00	0.657927	0.440305	0.527554	0.007392	0.011236	0.008918	0.657927	0.570196	0.610928	1
1.00	0.657927	0.440305	0.527554	0.007392	0.011236	0.008918	0.657927	0.570196	0.610928	1
1.00	0.657927	0.440305	0.527554	0.007392	0.011236	0.008918	0.657927	0.570196	0.610928	1
1.00	0.657927	0.440305	0.527554	0.007392	0.011236	0.008918	0.657927	0.570196	0.610928	1
1.00	0.657927	0.440305	0.527554	0.007392	0.011236	0.008918	0.657927	0.570196	0.610928	1
1.00	0.657927	0.440305	0.527554	0.007392	0.011236	0.008918	0.657927	0.570196	0.610928	1
1.00	0.657927	0.440305	0.527554	0.007392	0.011236	0.008918	0.657927	0.570196	0.610928	1
1.00	0.657927	0.440305	0.527554	0.007392	0.011236	0.008918	0.657927	0.570196	0.610928	1
1.00	0.657927	0.440305	0.527554	0.007392	0.011236	0.008918	0.657927	0.570196	0.610928	1
1.00	0.657927	0.440305	0.527554	0.007392	0.011236	0.008918	0.657927	0.570196	0.610928	1
1.00	0.657927	0.440305	0.527554	0.007392	0.011236	0.008918	0.657927	0.570196	0.610928	1
1.00	0.657927	0.440305	0.527554	0.007392	0.011236	0.008918	0.657927	0.570196	0.610928	1
1.00	0.657927	0.440305	0.527554	0.007392	0.011236	0.008918	0.657927	0.570196	0.610928	1
1.00	0.657927	0.440305	0.527554	0.007392	0.011236	0.008918	0.657927	0.570196	0.610928	1
1.00	0.657927	0.440305	0.527554	0.007392	0.011236	0.008918	0.657927	0.570196	0.610928	1
1.00	0.657927	0.440305	0.527554	0.007392	0.011236	0.008918	0.657927	0.570196	0.610928	1
1.00	0.657927	0.440305	0.527554	0.007392	0.011236	0.008918	0.657927	0.570196	0.610928	1
1.00	0.657927	0.440305	0.527554	0.007392	0.011236	0.008918	0.657927	0.570196	0.610928	1
1.00	0.657927	0.440305	0.527554	0.007392	0.011236	0.008918	0.657927	0.570196	0.610928	1
1.00	0.657927	0.440305	0.527554	0.007392	0.011236	0.008918	0.657927	0.570196	0.610928	1
1.00	0.657927	0.440305	0.527554	0.007392	0.011236	0.008918	0.657927	0.570196	0.610928	1
1.00	0.657927	0.440305	0.527554	0.007392	0.011236	0.008918	0.657927	0.570196	0.610928	1
1.00	0.657927	0.440305	0.527554	0.007392	0.011236	0.008918	0.657927	0.570196	0.610928	1
1.00	0.657927	0.440305	0.527554	0.007392	0.011236	0.008918	0.657927	0.570196	0.610928	1
1.00	0.657927	0.440305	0.527554	0.007392	0.011236	0.008918	0.657927	0.570196	0.610928	1
1.00	0.657927	0.440305	0.527554	0.007392	0.011236	0.008918	0.657927	0.570196	0.610928	1
1.00	0.657927	0.440305	0.527554	0.007392	0.011236	0.008918	0.657927	0.570196	0.610928	1
1.00	0.657927	0.440305	0.527554	0.007392	0.011236	0.008918	0.657927	0.570196	0.610928	1
1.00	0.657927	0.440305	0.527554	0.007392	0.011236	0.008918	0.657927	0.570196	0.610928	1
1.00	0.657927	0.440305	0.527554	0.007392	0.011236	0.008918	0.657927	0.570196	0.610928	1
1.00	0.657927	0.440305	0.527554	0.007392	0.011236	0.008918	0.657927	0.570196	0.610928	1
1.00	0.657927	0.440305	0.527554	0.007392	0.011236	0.008918	0.657927	0.570196	0.610928	1
1.00	0.657927	0.440305	0.527554	0.007392	0.011236	0.008918	0.657927	0.570196	0.610928	1
1.00	0.657927	0.440305	0.527554	0.007392	0.011236	0.008918	0.657927	0.570196	0.610928	1
1.00	0.657927	0.440305	0.527554	0.007392	0.011236	0.008918	0.657927	0.570196	0.610928	1
1.00	0.657927	0.440305	0.527554	0.007392	0.011236	0.008918	0.657927	0.570196	0.610928	1
1.00	0.657927	0.440305	0.527554	0.007392	0.011236	0.008918	0.657927	0.570196	0.610928	1
1.00	0.657927	0.440305	0.527554	0.007392	0.011236	0.008918	0.657927	0.570196	0.610928	1
1.00	0.657927	0.440305	0.527554	0.007392	0.011236	0.008918	0.657927	0.570196	0.610928	1
1.00	0.657927	0.440305	0.527554	0.007392	0.011236	0.008918	0.657927	0.570196	0.610928	1
1.00	0.657927	0.440305	0.527554	0.007392	0.011236	0.008918	0.657927	0.570196	0.610928	1
1.00	0.657927	0.440305	0.527554	0.007392	0.011236	0.008918	0.657927	0.570196	0.610928	1
1.00	0.657927	0.440305	0.527554	0.007392	0.011236	0.008918	0.657927	0.570196	0.610928	1
1.00	0.657927	0.440305	0.527554	0.007392	0.011236	0.008918	0.657927	0.570196	0.610928	1
1.00	0.657927	0.440305	0.527554	0.007392	0.011236	0.008918	0.657927	0.570196	0.610928	1
1.00	0.657927	0.440305	0.527554	0.007392	0.011236	0.008918	0.657927	0.570196	0.610928	1
1.00	0.657927	0.440305	0.527554	0.007392	0.011236	0.008918	0.657927	0.570196	0.610928	1
1.00	0.657927	0.440305	0.527554	0.007392	0.011236	0.008918	0.657927	0.570196	0.610928	1
1.00	0.657927	0.440305	0.527554	0.007392	0.011236	0.008918	0.657927	0.570196	0.610928	1
1.00	0.657927	0.440305	0.527554	0.007392	0.011236	0.008918	0.657927	0.570196	0.610928	1
1.00	0.657927	0.440305	0.527554	0.007392	0.011236	0.008918	0.657927	0.570196	0.610928	1
1.00	0.657927	0.440305	0.527554	0.007392	0.011236	0.008918	0.657927	0.570196	0.610928	1
1.00	0.657927	0.440305	0.527554	0.007392	0.011236	0.008918	0.657927	0.570196	0.610928	1
1.00	0.657927	0.440305	0.527554	0.007392	0.011236	0.008918	0.657927	0.570196	0.610928	1
1.00	0.657927	0.440305	0.527554	0.007392	0.011236	0.008918	0.657927	0.570196	0.610928	1
1.00	0.657927	0.440305	0.527554	0.007392	0.011236	0.008918	0.657927	0.570196	0.610928	1
1.00	0.657927	0.440305	0.527554	0.007392	0.011236	0.008918	0.657927	0.570196	0.610928	1
1.00	0.657927	0.440305	0.527554	0.007392	0.011236	0.008918	0.657927	0.570196	0.610928	1
1.00	0.657927	0.440305	0.527554	0.007392	0.011236	0.008918	0.657927	0.570196	0.610928	1
1.00	0.657927	0.440305	0.527554	0.007392	0.011236	0.008918	0.657927	0.570196	0.610928	1
1.00	0.657927	0.440305	0.527554	0.007392	0.011236	0.008918	0.657927	0.570196	0.610928	1
1.00	0.657927	0.440305	0.527554	0.007392	0.011236	0.008918	0.657927	0.570196	0.610928	1
1.00	0.657927	0.440305	0.527554	0.007392	0.011236	0.008918	0.657927	0.570196	0.610928	1
1.00	0.657927	0.440305	0.527554	0.007392	0.011236	0.008918	0.657927	0.570196	0.610928	1
1.00	0.657927	0.440305	0.527554	0.007392	0.011236	0.008918	0.657927	0.570196	0.610928	1
1.00	0.657927	0.440305	0.527554	0.007392	0.011236	0.008918	0.657927	0.570196	0.610928	1
1.00	0.657927	0.440305	0.527554	0.007392	0.011236	0.008918	0.657927	0.570196	0.610928	1
1.00	0.653353	0.437243	0.523886	0.010412	0.011536	0.010945	0.653353	0.564153	0.605485	2
1.00	0.500167	0.334727	0.401056	0.009947	0.013694	0.011524	0.500167	0.418011	0.455414	2
1.00	0.199375	0.133428	0.159868	0.009776	0.012006	0.010777	0.199375	0.157609	0.176049	2
1.00	0.138570	0.092735	0.111111	0.010902	0.011401	0.011146	0.138570	0.105006	0.119475	2
1.00	0.317081	0.212200	0.254249	0.009740	0.012963	0.011123	0.317081	0.255487	0.282971	2
1.00	0.657592	0.440081	0.527286	0.008418	0.011238	0.009626	0.657592	0.569806	0.610560	2

Wed Mar  9 22:01:47 2022
45.12	0.007091	0.231884	0.013762	0.004363	0.070225	0.008215	0.007339	0.151667	0.014001	77
35.42	0.011138	0.264019	0.021374	0.016629	0.298432	0.031502	0.011099	0.193410	0.020993	78
26.52	0.011137	0.197641	0.021086	0.011196	0.214999	0.021283	0.010998	0.146534	0.020460	72
20.21	0.010306	0.139401	0.019192	0.009050	0.159589	0.017129	0.010182	0.107947	0.018609	60
15.24	0.009176	0.093556	0.016712	0.009239	0.110113	0.017047	0.008904	0.077918	0.015981	51
10.94	0.008023	0.058762	0.014119	0.005640	0.069130	0.010429	0.007505	0.055249	0.013214	40
7.08	0.010505	0.049802	0.017350	0.004862	0.039685	0.008663	0.009669	0.052079	0.016311	33
4.36	0.019106	0.055775	0.028462	0.003815	0.024510	0.006603	0.017782	0.060205	0.027455	25
2.98	0.030447	0.060778	0.040570	0.003631	0.019436	0.006119	0.028199	0.066304	0.039570	20
2.13	0.046540	0.066378	0.054716	0.001672	0.015812	0.003025	0.045085	0.072989	0.055740	13
1.55	0.070508	0.073098	0.071779	0.001633	0.016707	0.002975	0.075347	0.081301	0.078211	7
1.16	0.103339	0.080415	0.090447	0.001548	0.014893	0.002805	0.111570	0.089455	0.099296	5
1.02	0.122324	0.083626	0.099339	0.001474	0.012531	0.002637	0.124177	0.093347	0.106577	3
1.00	0.125878	0.084298	0.100975	0.001424	0.011226	0.002528	0.125962	0.094146	0.107755	3
1.00	0.126074	0.084372	0.101091	0.001417	0.011236	0.002516	0.126074	0.094202	0.107832	1
1.00	0.126074	0.084372	0.101091	0.001417	0.011236	0.002516	0.126074	0.094202	0.107832	1
1.00	0.126074	0.084372	0.101091	0.001417	0.011236	0.002516	0.126074	0.094202	0.107832	1
1.00	0.126074	0.084372	0.101091	0.001417	0.011236	0.002516	0.126074	0.094202	0.107832	1
1.00	0.126074	0.084372	0.101091	0.001417	0.011236	0.002516	0.126074	0.094202	0.107832	1
1.00	0.126074	0.084372	0.101091	0.001417	0.011236	0.002516	0.126074	0.094202	0.107832	1
1.00	0.126074	0.084372	0.101091	0.001417	0.011236	0.002516	0.126074	0.094202	0.107832	1
1.00	0.126074	0.084372	0.101091	0.001417	0.011236	0.002516	0.126074	0.094202	0.107832	1
1.00	0.126074	0.084372	0.101091	0.001417	0.011236	0.002516	0.126074	0.094202	0.107832	1
1.00	0.126074	0.084372	0.101091	0.001417	0.011236	0.002516	0.126074	0.094202	0.107832	1
1.00	0.126074	0.084372	0.101091	0.001417	0.011236	0.002516	0.126074	0.094202	0.107832	1
1.00	0.126074	0.084372	0.101091	0.001417	0.011236	0.002516	0.126074	0.094202	0.107832	1
1.00	0.126074	0.084372	0.101091	0.001417	0.011236	0.002516	0.126074	0.094202	0.107832	1
1.00	0.126074	0.084372	0.101091	0.001417	0.011236	0.002516	0.126074	0.094202	0.107832	1
1.00	0.126074	0.084372	0.101091	0.001417	0.011236	0.002516	0.126074	0.094202	0.107832	1
1.00	0.126074	0.084372	0.101091	0.001417	0.011236	0.002516	0.126074	0.094202	0.107832	1
1.00	0.126074	0.084372	0.101091	0.001417	0.011236	0.002516	0.126074	0.094202	0.107832	1
1.00	0.126074	0.084372	0.101091	0.001417	0.011236	0.002516	0.126074	0.094202	0.107832	1
1.00	0.126074	0.084372	0.101091	0.001417	0.011236	0.002516	0.126074	0.094202	0.107832	1
1.00	0.126074	0.084372	0.101091	0.001417	0.011236	0.002516	0.126074	0.094202	0.107832	1
1.00	0.126074	0.084372	0.101091	0.001417	0.011236	0.002516	0.126074	0.094202	0.107832	1
1.00	0.126074	0.084372	0.101091	0.001417	0.011236	0.002516	0.126074	0.094202	0.107832	1
1.00	0.126074	0.084372	0.101091	0.001417	0.011236	0.002516	0.126074	0.094202	0.107832	1
1.00	0.126074	0.084372	0.101091	0.001417	0.011236	0.002516	0.126074	0.094202	0.107832	1
1.00	0.126074	0.084372	0.101091	0.001417	0.011236	0.002516	0.126074	0.094202	0.107832	1
1.00	0.126074	0.084372	0.101091	0.001417	0.011236	0.002516	0.126074	0.094202	0.107832	1
1.00	0.126074	0.084372	0.101091	0.001417	0.011236	0.002516	0.126074	0.094202	0.107832	1
1.00	0.126074	0.084372	0.101091	0.001417	0.011236	0.002516	0.126074	0.094202	0.107832	1
1.00	0.126074	0.084372	0.101091	0.001417	0.011236	0.002516	0.126074	0.094202	0.107832	1
1.00	0.126074	0.084372	0.101091	0.001417	0.011236	0.002516	0.126074	0.094202	0.107832	1
1.00	0.126074	0.084372	0.101091	0.001417	0.011236	0.002516	0.126074	0.094202	0.107832	1
1.00	0.126074	0.084372	0.101091	0.001417	0.011236	0.002516	0.126074	0.094202	0.107832	1
1.00	0.126074	0.084372	0.101091	0.001417	0.011236	0.002516	0.126074	0.094202	0.107832	1
1.00	0.126074	0.084372	0.101091	0.001417	0.011236	0.002516	0.126074	0.094202	0.107832	1
1.00	0.126074	0.084372	0.101091	0.001417	0.011236	0.002516	0.126074	0.094202	0.107832	1
1.00	0.126074	0.084372	0.101091	0.001417	0.011236	0.002516	0.126074	0.094202	0.107832	1
1.00	0.126074	0.084372	0.101091	0.001417	0.011236	0.002516	0.126074	0.094202	0.107832	1
1.00	0.126074	0.084372	0.101091	0.001417	0.011236	0.002516	0.126074	0.094202	0.107832	1
1.00	0.126074	0.084372	0.101091	0.001417	0.011236	0.002516	0.126074	0.094202	0.107832	1
1.00	0.126074	0.084372	0.101091	0.001417	0.011236	0.002516	0.126074	0.094202	0.107832	1
1.00	0.126074	0.084372	0.101091	0.001417	0.011236	0.002516	0.126074	0.094202	0.107832	1
1.00	0.126074	0.084372	0.101091	0.001417	0.011236	0.002516	0.126074	0.094202	0.107832	1
1.00	0.126074	0.084372	0.101091	0.001417	0.011236	0.002516	0.126074	0.094202	0.107832	1
1.00	0.126074	0.084372	0.101091	0.001417	0.011236	0.002516	0.126074	0.094202	0.107832	1
1.00	0.141247	0.094527	0.113258	0.008968	0.010949	0.009860	0.141247	0.106475	0.121421	2
1.00	0.294321	0.196969	0.235999	0.009211	0.010589	0.009852	0.294321	0.240729	0.264841	2
1.00	0.587527	0.393190	0.471104	0.008870	0.011320	0.009946	0.587527	0.505644	0.543518	2
1.00	0.656253	0.439185	0.526212	0.009276	0.011272	0.010177	0.656253	0.568262	0.609096	2
1.00	0.657927	0.440305	0.527554	0.007392	0.011236	0.008918	0.657927	0.570196	0.610928	1
1.00	0.657927	0.440305	0.527554	0.007392	0.011236	0.008918	0.657927	0.570196	0.610928	1
1.00	0.657927	0.440305	0.527554	0.007392	0.011236	0.008918	0.657927	0.570196	0.610928	1
1.00	0.657927	0.440305	0.527554	0.007392	0.011236	0.008918	0.657927	0.570196	0.610928	1
1.00	0.657927	0.440305	0.527554	0.007392	0.011236	0.008918	0.657927	0.570196	0.610928	1
1.00	0.657927	0.440305	0.527554	0.007392	0.011236	0.008918	0.657927	0.570196	0.610928	1
1.00	0.657927	0.440305	0.527554	0.007392	0.011236	0.008918	0.657927	0.570196	0.610928	1
1.00	0.657927	0.440305	0.527554	0.007392	0.011236	0.008918	0.657927	0.570196	0.610928	1
1.00	0.657927	0.440305	0.527554	0.007392	0.011236	0.008918	0.657927	0.570196	0.610928	1
1.00	0.657927	0.440305	0.527554	0.007392	0.011236	0.008918	0.657927	0.570196	0.610928	1
1.00	0.657927	0.440305	0.527554	0.007392	0.011236	0.008918	0.657927	0.570196	0.610928	1
1.00	0.657927	0.440305	0.527554	0.007392	0.011236	0.008918	0.657927	0.570196	0.610928	1
1.00	0.657927	0.440305	0.527554	0.007392	0.011236	0.008918	0.657927	0.570196	0.610928	1
1.00	0.657927	0.440305	0.527554	0.007392	0.011236	0.008918	0.657927	0.570196	0.610928	1
1.00	0.657927	0.440305	0.527554	0.007392	0.011236	0.008918	0.657927	0.570196	0.610928	1
1.00	0.656923	0.439633	0.526749	0.010321	0.011331	0.010803	0.656923	0.568764	0.609673	2
1.00	0.563427	0.377063	0.451780	0.009084	0.011599	0.010189	0.563427	0.482439	0.519797	2
1.00	0.201718	0.134996	0.161746	0.009392	0.010671	0.009991	0.201718	0.160103	0.178517	2
1.00	0.133214	0.089151	0.106817	0.008764	0.010996	0.009754	0.133214	0.099371	0.113831	2
1.00	0.126074	0.084372	0.101091	0.001417	0.011236	0.002516	0.126074	0.094202	0.107832	1
1.00	0.126074	0.084372	0.101091	0.001417	0.011236	0.002516	0.126074	0.094202	0.107832	1
1.00	0.126074	0.084372	0.101091	0.001417	0.011236	0.002516	0.126074	0.094202	0.107832	1
1.00	0.126074	0.084372	0.101091	0.001417	0.011236	0.002516	0.126074	0.094202	0.107832	1
1.00	0.126074	0.084372	0.101091	0.001417	0.011236	0.002516	0.126074	0.094202	0.107832	1
1.00	0.126074	0.084372	0.101091	0.001417	0.011236	0.002516	0.126074	0.094202	0.107832	1
1.00	0.126074	0.084372	0.101091	0.001417	0.011236	0.002516	0.126074	0.094202	0.107832	1
1.00	0.126074	0.084372	0.101091	0.001417	0.011236	0.002516	0.126074	0.094202	0.107832	1
1.00	0.126074	0.084372	0.101091	0.001417	0.011236	0.002516	0.126074	0.094202	0.107832	1
1.00	0.126074	0.084372	0.101091	0.001417	0.011236	0.002516	0.126074	0.094202	0.107832	1
1.00	0.126074	0.084372	0.101091	0.001417	0.011236	0.002516	0.126074	0.094202	0.107832	1
1.00	0.126074	0.084372	0.101091	0.001417	0.011236	0.002516	0.126074	0.094202	0.107832	1
1.00	0.126074	0.084372	0.101091	0.001417	0.011236	0.002516	0.126074	0.094202	0.107832	1
1.00	0.126074	0.084372	0.101091	0.001417	0.011236	0.002516	0.126074	0.094202	0.107832	1
1.00	0.126074	0.084372	0.101091	0.001417	0.011236	0.002516	0.126074	0.094202	0.107832	1
1.00	0.126074	0.084372	0.101091	0.001417	0.011236	0.002516	0.126074	0.094202	0.107832	1
1.00	0.126074	0.084372	0.101091	0.001417	0.011236	0.002516	0.126074	0.094202	0.107832	1
1.00	0.126074	0.084372	0.101091	0.001417	0.011236	0.002516	0.126074	0.094202	0.107832	1
1.00	0.126074	0.084372	0.101091	0.001417	0.011236	0.002516	0.126074	0.094202	0.107832	1
1.00	0.126074	0.084372	0.101091	0.001417	0.011236	0.002516	0.126074	0.094202	0.107832	1
1.00	0.126074	0.084372	0.101091	0.001417	0.011236	0.002516	0.126074	0.094202	0.107832	1
1.00	0.126074	0.084372	0.101091	0.001417	0.011236	0.002516	0.126074	0.094202	0.107832	1
1.00	0.126074	0.084372	0.101091	0.001417	0.011236	0.002516	0.126074	0.094202	0.107832	1
1.00	0.126074	0.084372	0.101091	0.001417	0.011236	0.002516	0.126074	0.094202	0.107832	1
1.00	0.126074	0.084372	0.101091	0.001417	0.011236	0.002516	0.126074	0.094202	0.107832	1
1.00	0.126074	0.084372	0.101091	0.001417	0.011236	0.002516	0.126074	0.094202	0.107832	1
1.00	0.126074	0.084372	0.101091	0.001417	0.011236	0.002516	0.126074	0.094202	0.107832	1
1.00	0.126074	0.084372	0.101091	0.001417	0.011236	0.002516	0.126074	0.094202	0.107832	1
1.00	0.126074	0.084372	0.101091	0.001417	0.011236	0.002516	0.126074	0.094202	0.107832	1
1.00	0.126074	0.084372	0.101091	0.001417	0.011236	0.002516	0.126074	0.094202	0.107832	1
1.00	0.126074	0.084372	0.101091	0.001417	0.011236	0.002516	0.126074	0.094202	0.107832	1
1.00	0.126074	0.084372	0.101091	0.001417	0.011236	0.002516	0.126074	0.094202	0.107832	1
1.00	0.126074	0.084372	0.101091	0.001417	0.011236	0.002516	0.126074	0.094202	0.107832	1
1.00	0.126074	0.084372	0.101091	0.001417	0.011236	0.002516	0.126074	0.094202	0.107832	1
1.00	0.126074	0.084372	0.101091	0.001417	0.011236	0.002516	0.126074	0.094202	0.107832	1
1.00	0.126074	0.084372	0.101091	0.001417	0.011236	0.002516	0.126074	0.094202	0.107832	1
1.00	0.126074	0.084372	0.101091	0.001417	0.011236	0.002516	0.126074	0.094202	0.107832	1
1.00	0.126074	0.084372	0.101091	0.001417	0.011236	0.002516	0.126074	0.094202	0.107832	1
1.00	0.126074	0.084372	0.101091	0.001417	0.011236	0.002516	0.126074	0.094202	0.107832	1
1.00	0.126074	0.084372	0.101091	0.001417	0.011236	0.002516	0.126074	0.094202	0.107832	1
1.00	0.126074	0.084372	0.101091	0.001417	0.011236	0.002516	0.126074	0.094202	0.107832	1
1.00	0.126074	0.084372	0.101091	0.001417	0.011236	0.002516	0.126074	0.094202	0.107832	1
