
Sat Aug 21 18:42:11 2021
43.49	0.015404	0.485507	0.029861	0.021028	0.106575	0.035126	0.015110	0.403750	0.029130	66
36.47	0.020124	0.491227	0.038664	0.015222	0.392555	0.029307	0.019934	0.440617	0.038142	70
27.46	0.022396	0.411558	0.042480	0.015429	0.304140	0.029369	0.022072	0.355872	0.041566	65
18.85	0.026842	0.338610	0.049742	0.016293	0.170535	0.029744	0.026485	0.287367	0.048500	59
12.04	0.032378	0.260808	0.057605	0.018107	0.105487	0.030909	0.031822	0.219272	0.055577	51
7.21	0.035123	0.169566	0.058193	0.014626	0.058673	0.023415	0.033808	0.145666	0.054879	42
4.74	0.036114	0.114537	0.054913	0.015371	0.043991	0.022782	0.035041	0.099435	0.051820	27
3.54	0.038599	0.091316	0.054262	0.013571	0.024509	0.017469	0.038106	0.078831	0.051377	21
2.64	0.038281	0.067647	0.048894	0.006451	0.013930	0.008818	0.037052	0.058619	0.045405	13
1.90	0.036433	0.046218	0.040746	0.007637	0.007736	0.007686	0.030830	0.041028	0.035206	10
1.40	0.029604	0.027776	0.028661	0.005958	0.004342	0.005023	0.020529	0.025516	0.022752	7
1.14	0.019197	0.014709	0.016656	0.004618	0.002168	0.002951	0.011771	0.013760	0.012688	6
1.04	0.010044	0.007019	0.008263	0.001740	0.001035	0.001298	0.006304	0.006843	0.006562	6
1.01	0.004412	0.002987	0.003562	0.001266	0.000441	0.000654	0.003514	0.002882	0.003167	4
1.00	0.003009	0.002016	0.002414	0.001149	0.000297	0.000473	0.002845	0.001971	0.002329	4
1.00	0.002678	0.001792	0.002147	0.001119	0.000264	0.000428	0.002678	0.001692	0.002074	3
1.00	0.002566	0.001717	0.002058	0.001100	0.000253	0.000412	0.002566	0.001636	0.001998	2
1.00	0.002566	0.001717	0.002058	0.004820	0.000244	0.000465	0.002566	0.001636	0.001998	3
1.00	0.003236	0.002165	0.002594	0.007855	0.000265	0.000512	0.003236	0.001990	0.002464	3
1.00	0.007364	0.004928	0.005904	0.009279	0.000344	0.000664	0.007364	0.005560	0.006336	3
1.00	0.019413	0.012992	0.015566	0.009114	0.000559	0.001054	0.019413	0.015583	0.017288	3
1.00	0.038938	0.026058	0.031222	0.008602	0.000911	0.001647	0.038938	0.030951	0.034488	3
1.00	0.082227	0.055029	0.065933	0.008142	0.001668	0.002769	0.082227	0.067401	0.074080	3
1.00	0.176503	0.118121	0.141528	0.007801	0.003269	0.004608	0.176503	0.147294	0.160581	3
1.00	0.336941	0.225491	0.270174	0.008395	0.006046	0.007029	0.336941	0.288862	0.311054	3
1.00	0.503403	0.336892	0.403650	0.008726	0.008788	0.008757	0.503403	0.435297	0.466879	3
1.00	0.609171	0.407676	0.488459	0.008668	0.010458	0.009479	0.609171	0.529176	0.566363	3
1.00	0.652683	0.436795	0.523349	0.007385	0.011146	0.008884	0.652683	0.566551	0.606575	3
1.00	0.657927	0.440305	0.527554	0.007392	0.011236	0.008918	0.657927	0.570196	0.610928	1
1.00	0.657927	0.440305	0.527554	0.007392	0.011236	0.008918	0.657927	0.570196	0.610928	1
1.00	0.657927	0.440305	0.527554	0.007392	0.011236	0.008918	0.657927	0.570196	0.610928	1
1.00	0.657927	0.440305	0.527554	0.007392	0.011236	0.008918	0.657927	0.570196	0.610928	1
1.00	0.657927	0.440305	0.527554	0.007392	0.011236	0.008918	0.657927	0.570196	0.610928	1
1.00	0.657927	0.440305	0.527554	0.007392	0.011236	0.008918	0.657927	0.570196	0.610928	1
1.00	0.657927	0.440305	0.527554	0.007392	0.011236	0.008918	0.657927	0.570196	0.610928	1
1.00	0.657927	0.440305	0.527554	0.007392	0.011236	0.008918	0.657927	0.570196	0.610928	1
1.00	0.657927	0.440305	0.527554	0.007392	0.011236	0.008918	0.657927	0.570196	0.610928	1
1.00	0.657927	0.440305	0.527554	0.007392	0.011236	0.008918	0.657927	0.570196	0.610928	1
1.00	0.657927	0.440305	0.527554	0.007392	0.011236	0.008918	0.657927	0.570196	0.610928	1
1.00	0.657927	0.440305	0.527554	0.007392	0.011236	0.008918	0.657927	0.570196	0.610928	1
1.00	0.657927	0.440305	0.527554	0.007392	0.011236	0.008918	0.657927	0.570196	0.610928	1
1.00	0.657927	0.440305	0.527554	0.007392	0.011236	0.008918	0.657927	0.570196	0.610928	1
1.00	0.657927	0.440305	0.527554	0.007392	0.011236	0.008918	0.657927	0.570196	0.610928	1
1.00	0.657927	0.440305	0.527554	0.007392	0.011236	0.008918	0.657927	0.570196	0.610928	1
1.00	0.657927	0.440305	0.527554	0.007392	0.011236	0.008918	0.657927	0.570196	0.610928	1
1.00	0.657927	0.440305	0.527554	0.007392	0.011236	0.008918	0.657927	0.570196	0.610928	1
1.00	0.657927	0.440305	0.527554	0.007392	0.011236	0.008918	0.657927	0.570196	0.610928	1
1.00	0.657927	0.440305	0.527554	0.007392	0.011236	0.008918	0.657927	0.570196	0.610928	1
1.00	0.657927	0.440305	0.527554	0.007392	0.011236	0.008918	0.657927	0.570196	0.610928	1
1.00	0.657927	0.440305	0.527554	0.007392	0.011236	0.008918	0.657927	0.570196	0.610928	1
1.00	0.657927	0.440305	0.527554	0.007392	0.011236	0.008918	0.657927	0.570196	0.610928	1
1.00	0.657927	0.440305	0.527554	0.007392	0.011236	0.008918	0.657927	0.570196	0.610928	1
1.00	0.657927	0.440305	0.527554	0.007392	0.011236	0.008918	0.657927	0.570196	0.610928	1
1.00	0.657927	0.440305	0.527554	0.007392	0.011236	0.008918	0.657927	0.570196	0.610928	1
1.00	0.657927	0.440305	0.527554	0.007392	0.011236	0.008918	0.657927	0.570196	0.610928	1
1.00	0.657927	0.440305	0.527554	0.007392	0.011236	0.008918	0.657927	0.570196	0.610928	1
1.00	0.657927	0.440305	0.527554	0.007392	0.011236	0.008918	0.657927	0.570196	0.610928	1
1.00	0.657927	0.440305	0.527554	0.007392	0.011236	0.008918	0.657927	0.570196	0.610928	1
1.00	0.657927	0.440305	0.527554	0.007392	0.011236	0.008918	0.657927	0.570196	0.610928	1
1.00	0.657927	0.440305	0.527554	0.007392	0.011236	0.008918	0.657927	0.570196	0.610928	1
1.00	0.657927	0.440305	0.527554	0.007392	0.011236	0.008918	0.657927	0.570196	0.610928	1
1.00	0.657927	0.440305	0.527554	0.007392	0.011236	0.008918	0.657927	0.570196	0.610928	1
1.00	0.657927	0.440305	0.527554	0.007392	0.011236	0.008918	0.657927	0.570196	0.610928	1
1.00	0.657927	0.440305	0.527554	0.007392	0.011236	0.008918	0.657927	0.570196	0.610928	1
1.00	0.657927	0.440305	0.527554	0.007392	0.011236	0.008918	0.657927	0.570196	0.610928	1
1.00	0.657927	0.440305	0.527554	0.007392	0.011236	0.008918	0.657927	0.570196	0.610928	1
1.00	0.657927	0.440305	0.527554	0.007392	0.011236	0.008918	0.657927	0.570196	0.610928	1
1.00	0.657927	0.440305	0.527554	0.007392	0.011236	0.008918	0.657927	0.570196	0.610928	1
1.00	0.657927	0.440305	0.527554	0.007392	0.011236	0.008918	0.657927	0.570196	0.610928	1
1.00	0.657927	0.440305	0.527554	0.007392	0.011236	0.008918	0.657927	0.570196	0.610928	1
1.00	0.657927	0.440305	0.527554	0.007392	0.011236	0.008918	0.657927	0.570196	0.610928	1
1.00	0.657927	0.440305	0.527554	0.007392	0.011236	0.008918	0.657927	0.570196	0.610928	1
1.00	0.657927	0.440305	0.527554	0.007392	0.011236	0.008918	0.657927	0.570196	0.610928	1
1.00	0.657927	0.440305	0.527554	0.007392	0.011236	0.008918	0.657927	0.570196	0.610928	1
1.00	0.657927	0.440305	0.527554	0.007392	0.011236	0.008918	0.657927	0.570196	0.610928	1
1.00	0.657927	0.440305	0.527554	0.007392	0.011236	0.008918	0.657927	0.570196	0.610928	1
1.00	0.657927	0.440305	0.527554	0.007392	0.011236	0.008918	0.657927	0.570196	0.610928	1
1.00	0.657927	0.440305	0.527554	0.007392	0.011236	0.008918	0.657927	0.570196	0.610928	1
1.00	0.657927	0.440305	0.527554	0.007392	0.011236	0.008918	0.657927	0.570196	0.610928	1

Sat Aug 21 19:04:51 2021
39.74	0.026418	0.760870	0.051064	0.017159	0.076850	0.028054	0.026283	0.790417	0.050874	65
30.68	0.028046	0.575898	0.053487	0.014780	0.225238	0.027740	0.028143	0.629177	0.053875	70
23.75	0.029539	0.469424	0.055581	0.012419	0.160508	0.023055	0.029398	0.504937	0.055561	62
19.00	0.028090	0.357127	0.052084	0.012307	0.137015	0.022585	0.027678	0.367619	0.051479	56
14.48	0.025558	0.247741	0.046337	0.011827	0.104621	0.021251	0.025518	0.239509	0.046121	46
9.68	0.024507	0.158740	0.042460	0.012144	0.080950	0.021120	0.026190	0.144321	0.044335	36
5.08	0.022172	0.075413	0.034269	0.013501	0.041159	0.020333	0.024997	0.067596	0.036497	31
2.30	0.016607	0.025536	0.020125	0.015791	0.021128	0.018074	0.014459	0.023127	0.017794	26
1.29	0.010607	0.009184	0.009844	0.012483	0.005991	0.008097	0.007879	0.008535	0.008194	17
1.05	0.007954	0.005600	0.006573	0.017493	0.003284	0.005530	0.006415	0.004816	0.005502	15
1.01	0.005769	0.003883	0.004641	0.013478	0.000216	0.000424	0.005746	0.003607	0.004432	14
1.00	0.006355	0.004256	0.005098	0.009525	0.000157	0.000309	0.006359	0.004165	0.005034	9
1.00	0.007250	0.004853	0.005814	0.009515	0.000220	0.000431	0.007252	0.004714	0.005714	8
1.00	0.008814	0.005899	0.007067	0.009259	0.000319	0.000617	0.008814	0.005737	0.006950	8
1.00	0.012161	0.008139	0.009751	0.008869	0.000594	0.001113	0.012161	0.007819	0.009518	7
1.00	0.019636	0.013141	0.015745	0.008983	0.001179	0.002085	0.019636	0.012924	0.015588	7
1.00	0.030905	0.020682	0.024781	0.011669	0.002000	0.003414	0.030905	0.020975	0.024990	7
1.00	0.046078	0.030837	0.036948	0.009128	0.003038	0.004558	0.046078	0.032774	0.038304	7
1.00	0.069508	0.046517	0.055734	0.009117	0.004434	0.005967	0.069508	0.050364	0.058408	6
1.00	0.102198	0.068394	0.081947	0.009249	0.006005	0.007282	0.102198	0.076602	0.087568	6
1.00	0.146491	0.098036	0.117463	0.009212	0.007630	0.008347	0.146491	0.113810	0.128099	4
1.00	0.195024	0.130516	0.156379	0.008947	0.008764	0.008855	0.195024	0.154509	0.172419	4
1.00	0.253040	0.169342	0.202899	0.008969	0.009827	0.009379	0.253040	0.203935	0.225849	3
1.00	0.308937	0.206750	0.247719	0.008862	0.010356	0.009551	0.308937	0.250876	0.276895	3
1.00	0.360928	0.241544	0.289408	0.008791	0.010577	0.009602	0.360928	0.295987	0.325248	3
1.00	0.426197	0.285224	0.341743	0.008756	0.010831	0.009684	0.426197	0.355194	0.387469	2
1.00	0.503403	0.336892	0.403650	0.008779	0.011065	0.009790	0.503403	0.427182	0.462171	2
1.00	0.569564	0.381169	0.456701	0.008749	0.011158	0.009808	0.569564	0.488155	0.525726	2
1.00	0.618431	0.413873	0.495885	0.008709	0.011172	0.009788	0.618431	0.532355	0.572174	2
1.00	0.643758	0.430822	0.516192	0.008387	0.011147	0.009572	0.643758	0.556417	0.596909	2
1.00	0.654134	0.437766	0.524512	0.007381	0.011171	0.008889	0.654134	0.566570	0.607211	2
1.00	0.656811	0.439558	0.526660	0.007390	0.011217	0.008910	0.656811	0.569080	0.609807	2
1.00	0.657704	0.440155	0.527375	0.007392	0.011232	0.008916	0.657704	0.569973	0.610704	2
1.00	0.657927	0.440305	0.527554	0.007393	0.011236	0.008918	0.657927	0.570196	0.610928	2
1.00	0.657927	0.440305	0.527554	0.007392	0.011236	0.008918	0.657927	0.570196	0.610928	1
1.00	0.657927	0.440305	0.527554	0.007392	0.011236	0.008918	0.657927	0.570196	0.610928	1
1.00	0.657927	0.440305	0.527554	0.007392	0.011236	0.008918	0.657927	0.570196	0.610928	1
1.00	0.657927	0.440305	0.527554	0.007392	0.011236	0.008918	0.657927	0.570196	0.610928	1
1.00	0.657927	0.440305	0.527554	0.007392	0.011236	0.008918	0.657927	0.570196	0.610928	1
1.00	0.657927	0.440305	0.527554	0.007392	0.011236	0.008918	0.657927	0.570196	0.610928	1
1.00	0.657927	0.440305	0.527554	0.007392	0.011236	0.008918	0.657927	0.570196	0.610928	1
1.00	0.657927	0.440305	0.527554	0.007392	0.011236	0.008918	0.657927	0.570196	0.610928	1
1.00	0.657927	0.440305	0.527554	0.007392	0.011236	0.008918	0.657927	0.570196	0.610928	1
1.00	0.657927	0.440305	0.527554	0.007392	0.011236	0.008918	0.657927	0.570196	0.610928	1
1.00	0.657927	0.440305	0.527554	0.007392	0.011236	0.008918	0.657927	0.570196	0.610928	1
1.00	0.657927	0.440305	0.527554	0.007392	0.011236	0.008918	0.657927	0.570196	0.610928	1
1.00	0.657927	0.440305	0.527554	0.007392	0.011236	0.008918	0.657927	0.570196	0.610928	1
1.00	0.657927	0.440305	0.527554	0.007392	0.011236	0.008918	0.657927	0.570196	0.610928	1
1.00	0.657927	0.440305	0.527554	0.007392	0.011236	0.008918	0.657927	0.570196	0.610928	1
1.00	0.657927	0.440305	0.527554	0.007392	0.011236	0.008918	0.657927	0.570196	0.610928	1
1.00	0.657927	0.440305	0.527554	0.007392	0.011236	0.008918	0.657927	0.570196	0.610928	1
1.00	0.657815	0.440230	0.527465	0.007392	0.011234	0.008917	0.657815	0.570084	0.610816	2
1.00	0.657704	0.440155	0.527375	0.007392	0.011232	0.008916	0.657704	0.569973	0.610704	2
1.00	0.657592	0.440081	0.527286	0.007391	0.011230	0.008915	0.657592	0.569861	0.610592	2
1.00	0.657146	0.439782	0.526928	0.007392	0.011223	0.008913	0.657146	0.569415	0.610143	2
1.00	0.657034	0.439707	0.526838	0.007392	0.011221	0.008913	0.657034	0.569303	0.610031	2
1.00	0.657146	0.439782	0.526928	0.007391	0.011223	0.008913	0.657146	0.569415	0.610143	2
1.00	0.657481	0.440006	0.527196	0.007392	0.011228	0.008915	0.657481	0.569750	0.610479	2
1.00	0.657704	0.440155	0.527375	0.007392	0.011232	0.008916	0.657704	0.569973	0.610704	2
1.00	0.657927	0.440305	0.527554	0.007392	0.011236	0.008918	0.657927	0.570196	0.610928	1
1.00	0.657927	0.440305	0.527554	0.007392	0.011236	0.008918	0.657927	0.570196	0.610928	1
1.00	0.657927	0.440305	0.527554	0.007392	0.011236	0.008918	0.657927	0.570196	0.610928	1
1.00	0.657927	0.440305	0.527554	0.007392	0.011236	0.008918	0.657927	0.570196	0.610928	1
1.00	0.657927	0.440305	0.527554	0.007392	0.011236	0.008918	0.657927	0.570196	0.610928	1
1.00	0.657927	0.440305	0.527554	0.007392	0.011236	0.008918	0.657927	0.570196	0.610928	1
1.00	0.657927	0.440305	0.527554	0.007392	0.011236	0.008918	0.657927	0.570196	0.610928	1
1.00	0.657927	0.440305	0.527554	0.007392	0.011236	0.008918	0.657927	0.570196	0.610928	1
1.00	0.657927	0.440305	0.527554	0.007392	0.011236	0.008918	0.657927	0.570196	0.610928	1
1.00	0.657927	0.440305	0.527554	0.007392	0.011236	0.008918	0.657927	0.570196	0.610928	1
1.00	0.657927	0.440305	0.527554	0.007392	0.011236	0.008918	0.657927	0.570196	0.610928	1
1.00	0.657927	0.440305	0.527554	0.007392	0.011236	0.008918	0.657927	0.570196	0.610928	1
1.00	0.657927	0.440305	0.527554	0.007392	0.011236	0.008918	0.657927	0.570196	0.610928	1
1.00	0.657927	0.440305	0.527554	0.007392	0.011236	0.008918	0.657927	0.570196	0.610928	1
1.00	0.657927	0.440305	0.527554	0.007392	0.011236	0.008918	0.657927	0.570196	0.610928	1
1.00	0.657927	0.440305	0.527554	0.007392	0.011236	0.008918	0.657927	0.570196	0.610928	1
1.00	0.657927	0.440305	0.527554	0.007392	0.011236	0.008918	0.657927	0.570196	0.610928	1
1.00	0.657927	0.440305	0.527554	0.007392	0.011236	0.008918	0.657927	0.570196	0.610928	1
1.00	0.657927	0.440305	0.527554	0.007392	0.011236	0.008918	0.657927	0.570196	0.610928	1
1.00	0.657927	0.440305	0.527554	0.007392	0.011236	0.008918	0.657927	0.570196	0.610928	1
1.00	0.657927	0.440305	0.527554	0.007392	0.011236	0.008918	0.657927	0.570196	0.610928	1
1.00	0.657927	0.440305	0.527554	0.007393	0.011236	0.008918	0.657927	0.570196	0.610928	2
1.00	0.657592	0.440081	0.527286	0.007393	0.011230	0.008916	0.657592	0.569861	0.610592	2
