
Sat Aug 21 21:20:54 2021
43.49	0.015404	0.485507	0.029861	0.021028	0.106575	0.035126	0.015110	0.403750	0.029130	66
36.48	0.017914	0.437318	0.034419	0.016020	0.391300	0.030780	0.017815	0.369036	0.033990	70
27.77	0.020208	0.375495	0.038352	0.015236	0.302256	0.029010	0.020105	0.310921	0.037767	64
19.28	0.025709	0.331666	0.047718	0.016459	0.182549	0.030196	0.025580	0.275496	0.046813	57
12.48	0.032969	0.275442	0.058889	0.018321	0.098087	0.030876	0.032640	0.230531	0.057184	51
7.76	0.038793	0.201374	0.065054	0.007972	0.064752	0.014196	0.037589	0.170215	0.061579	41
5.25	0.038620	0.135743	0.060132	0.005738	0.049916	0.010294	0.036914	0.117332	0.056159	29
3.88	0.037377	0.096991	0.053960	0.005580	0.028827	0.009350	0.035773	0.084196	0.050212	21
2.78	0.035958	0.066975	0.046793	0.005717	0.018964	0.008785	0.032456	0.058749	0.041812	14
1.88	0.029164	0.036736	0.032515	0.006594	0.008316	0.007355	0.023448	0.032926	0.027390	10
1.33	0.020676	0.018442	0.019496	0.007676	0.003422	0.004734	0.013593	0.016568	0.014934	7
1.08	0.010511	0.007616	0.008832	0.007637	0.001538	0.002560	0.006638	0.007168	0.006893	6
1.02	0.005809	0.003957	0.004708	0.005544	0.000650	0.001164	0.004463	0.004091	0.004269	6
1.00	0.004676	0.003136	0.003754	0.008348	0.000563	0.001056	0.004351	0.002864	0.003454	6
1.00	0.004461	0.002987	0.003578	0.009874	0.000539	0.001023	0.004463	0.002622	0.003303	6
1.00	0.004909	0.003285	0.003936	0.008585	0.000582	0.001090	0.004909	0.002901	0.003647	5
1.00	0.005467	0.003659	0.004384	0.007193	0.000636	0.001169	0.005467	0.003403	0.004195	5
1.00	0.006248	0.004181	0.005010	0.007216	0.000745	0.001351	0.006248	0.003905	0.004806	5
1.00	0.006694	0.004480	0.005368	0.006807	0.000783	0.001405	0.006694	0.004295	0.005233	5
1.00	0.007587	0.005077	0.006083	0.006733	0.001044	0.001808	0.007587	0.004779	0.005864	5
1.00	0.008702	0.005824	0.006978	0.007033	0.001148	0.001974	0.008702	0.005578	0.006799	5
1.00	0.014393	0.009632	0.011541	0.007300	0.001676	0.002727	0.014393	0.009446	0.011406	5
1.00	0.020752	0.013888	0.016640	0.006746	0.002264	0.003390	0.020752	0.013091	0.016054	5
1.00	0.041504	0.027776	0.033280	0.007596	0.004168	0.005382	0.041504	0.026210	0.032130	5
1.00	0.064710	0.043306	0.051888	0.009305	0.006065	0.007344	0.064710	0.043642	0.052128	5
1.00	0.098739	0.066079	0.079173	0.010984	0.009113	0.009961	0.098739	0.069294	0.081437	5
1.00	0.123731	0.082804	0.099213	0.003180	0.011281	0.004961	0.123731	0.088196	0.102984	4
1.00	0.136896	0.091615	0.109769	0.003166	0.012405	0.005044	0.136896	0.099381	0.115160	4
1.00	0.135223	0.090495	0.108427	0.003174	0.012195	0.005038	0.135223	0.098851	0.114211	3
1.00	0.133549	0.089375	0.107085	0.003317	0.012003	0.005198	0.133549	0.098609	0.113450	2
1.00	0.131764	0.088180	0.105654	0.003313	0.011818	0.005175	0.131764	0.097726	0.112221	2
1.00	0.129979	0.086986	0.104223	0.003502	0.011628	0.005383	0.129979	0.097131	0.111179	2
1.00	0.127971	0.085642	0.102612	0.003611	0.011426	0.005488	0.127971	0.095532	0.109397	2
1.00	0.126632	0.084746	0.101539	0.002761	0.011291	0.004437	0.126632	0.094593	0.108292	2
1.00	0.126185	0.084447	0.101181	0.003665	0.011247	0.005528	0.126185	0.094258	0.107910	2
1.00	0.126074	0.084372	0.101091	0.001417	0.011236	0.002516	0.126074	0.094202	0.107832	1
1.00	0.126074	0.084372	0.101091	0.001417	0.011236	0.002516	0.126074	0.094202	0.107832	1
1.00	0.126074	0.084372	0.101091	0.001417	0.011236	0.002516	0.126074	0.094202	0.107832	1
1.00	0.126074	0.084372	0.101091	0.001417	0.011236	0.002516	0.126074	0.094202	0.107832	1
1.00	0.126632	0.084746	0.101539	0.007546	0.011237	0.009029	0.126632	0.094676	0.108347	2
1.00	0.138458	0.092660	0.111022	0.009861	0.011399	0.010574	0.138458	0.104814	0.119310	2
1.00	0.147384	0.098634	0.118179	0.010060	0.011495	0.010730	0.147384	0.112977	0.127907	2
1.00	0.193574	0.129545	0.155216	0.009978	0.011746	0.010790	0.193574	0.153691	0.171342	2
1.00	0.387370	0.259240	0.310610	0.009378	0.012403	0.010680	0.387370	0.324895	0.353393	2
1.00	0.521589	0.349063	0.418232	0.009420	0.012428	0.010717	0.521589	0.443343	0.479293	2
1.00	0.558742	0.373927	0.448023	0.009452	0.012291	0.010686	0.558742	0.477790	0.515105	2
1.00	0.640411	0.428582	0.513509	0.010064	0.011885	0.010899	0.640411	0.552689	0.593325	2
1.00	0.656588	0.439409	0.526481	0.011290	0.011446	0.011367	0.656588	0.568634	0.609454	2
1.00	0.657369	0.439931	0.527107	0.011488	0.011355	0.011421	0.657369	0.569545	0.610314	2
1.00	0.657481	0.440006	0.527196	0.011584	0.011357	0.011469	0.657481	0.569657	0.610426	2
1.00	0.658039	0.440379	0.527644	0.012219	0.011358	0.011773	0.658039	0.570140	0.610944	2
1.00	0.657146	0.439782	0.526928	0.011807	0.011552	0.011678	0.657146	0.568950	0.609876	2
1.00	0.630704	0.422086	0.505726	0.010017	0.012113	0.010966	0.630704	0.542480	0.583275	2
1.00	0.333817	0.223400	0.267669	0.009665	0.012429	0.010874	0.333817	0.276548	0.302496	2
1.00	0.128528	0.086015	0.103060	0.010928	0.011278	0.011100	0.128528	0.096257	0.110076	2
1.00	0.126074	0.084372	0.101091	0.001417	0.011236	0.002516	0.126074	0.094202	0.107832	1
1.00	0.126074	0.084372	0.101091	0.001417	0.011236	0.002516	0.126074	0.094202	0.107832	1
1.00	0.126074	0.084372	0.101091	0.001417	0.011236	0.002516	0.126074	0.094202	0.107832	1
1.00	0.126074	0.084372	0.101091	0.001417	0.011236	0.002516	0.126074	0.094202	0.107832	1
1.00	0.126074	0.084372	0.101091	0.001417	0.011236	0.002516	0.126074	0.094202	0.107832	1
1.00	0.126074	0.084372	0.101091	0.001417	0.011236	0.002516	0.126074	0.094202	0.107832	1
1.00	0.126074	0.084372	0.101091	0.001417	0.011236	0.002516	0.126074	0.094202	0.107832	1
1.00	0.125962	0.084298	0.101002	0.001421	0.011226	0.002522	0.125962	0.094091	0.107718	2
1.00	0.125293	0.083850	0.100465	0.001897	0.011174	0.003243	0.125293	0.093310	0.106961	2
1.00	0.130425	0.087284	0.104580	0.002572	0.011740	0.004219	0.130425	0.095355	0.110166	2
1.00	0.155975	0.104383	0.125067	0.014831	0.014501	0.014664	0.155975	0.103429	0.124380	3
1.00	0.231284	0.154782	0.185454	0.012787	0.012397	0.012589	0.231284	0.169629	0.195716	3
1.00	0.458440	0.306802	0.367597	0.020029	0.011700	0.014771	0.458440	0.384921	0.418476	3
1.00	0.551601	0.369148	0.442297	0.008836	0.011525	0.010003	0.551601	0.471974	0.508690	2
1.00	0.628026	0.420294	0.503578	0.009037	0.011409	0.010085	0.628026	0.542694	0.582250	2
1.00	0.655584	0.438737	0.525675	0.009040	0.011241	0.010021	0.655584	0.567797	0.608541	2
1.00	0.657927	0.440305	0.527554	0.007392	0.011236	0.008918	0.657927	0.570196	0.610928	1
1.00	0.657927	0.440305	0.527554	0.007392	0.011236	0.008918	0.657927	0.570196	0.610928	1
1.00	0.657927	0.440305	0.527554	0.007392	0.011236	0.008918	0.657927	0.570196	0.610928	1
1.00	0.657927	0.440305	0.527554	0.007392	0.011236	0.008918	0.657927	0.570196	0.610928	1
1.00	0.657927	0.440305	0.527554	0.007392	0.011236	0.008918	0.657927	0.570196	0.610928	1
1.00	0.657927	0.440305	0.527554	0.007392	0.011236	0.008918	0.657927	0.570196	0.610928	1
1.00	0.657927	0.440305	0.527554	0.007392	0.011236	0.008918	0.657927	0.570196	0.610928	1
1.00	0.657927	0.440305	0.527554	0.007392	0.011236	0.008918	0.657927	0.570196	0.610928	1
1.00	0.657927	0.440305	0.527554	0.007392	0.011236	0.008918	0.657927	0.570196	0.610928	1
1.00	0.657927	0.440305	0.527554	0.007392	0.011236	0.008918	0.657927	0.570196	0.610928	1
1.00	0.657927	0.440305	0.527554	0.007392	0.011236	0.008918	0.657927	0.570196	0.610928	1
1.00	0.657927	0.440305	0.527554	0.007392	0.011236	0.008918	0.657927	0.570196	0.610928	1
1.00	0.657927	0.440305	0.527554	0.007392	0.011236	0.008918	0.657927	0.570196	0.610928	1
1.00	0.657927	0.440305	0.527554	0.007392	0.011236	0.008918	0.657927	0.570196	0.610928	1
1.00	0.657927	0.440305	0.527554	0.007392	0.011236	0.008918	0.657927	0.570196	0.610928	1
1.00	0.657927	0.440305	0.527554	0.007392	0.011236	0.008918	0.657927	0.570196	0.610928	1
1.00	0.657927	0.440305	0.527554	0.007392	0.011236	0.008918	0.657927	0.570196	0.610928	1
1.00	0.657927	0.440305	0.527554	0.007392	0.011236	0.008918	0.657927	0.570196	0.610928	1
1.00	0.657927	0.440305	0.527554	0.007392	0.011236	0.008918	0.657927	0.570196	0.610928	1
1.00	0.658262	0.440529	0.527822	0.015823	0.011266	0.013161	0.658262	0.570456	0.611222	2
1.00	0.659154	0.441126	0.528538	0.012954	0.011522	0.012196	0.659154	0.571163	0.612012	2
1.00	0.400089	0.267752	0.320809	0.009884	0.012998	0.011229	0.400089	0.338190	0.366545	2
1.00	0.129086	0.086388	0.103507	0.011208	0.011287	0.011247	0.129086	0.096870	0.110682	2
1.00	0.126074	0.084372	0.101091	0.001417	0.011236	0.002516	0.126074	0.094202	0.107832	1
1.00	0.126074	0.084372	0.101091	0.001417	0.011236	0.002516	0.126074	0.094202	0.107832	1
1.00	0.126074	0.084372	0.101091	0.001417	0.011236	0.002516	0.126074	0.094202	0.107832	1
1.00	0.126074	0.084372	0.101091	0.001417	0.011236	0.002516	0.126074	0.094202	0.107832	1
1.00	0.126074	0.084372	0.101091	0.001417	0.011236	0.002516	0.126074	0.094202	0.107832	1
1.00	0.126185	0.084447	0.101181	0.004226	0.011248	0.006143	0.126185	0.094202	0.107873	2
1.00	0.126185	0.084447	0.101181	0.002822	0.011251	0.004513	0.126185	0.094146	0.107836	2
1.00	0.126074	0.084372	0.101091	0.003145	0.011238	0.004914	0.126074	0.094091	0.107759	2
1.00	0.126185	0.084447	0.101181	0.003022	0.011250	0.004765	0.126185	0.094146	0.107836	2
1.00	0.129979	0.086986	0.104223	0.002973	0.011654	0.004737	0.129979	0.095587	0.110161	2
1.00	0.150842	0.100948	0.120952	0.003281	0.013828	0.005304	0.150842	0.105787	0.124359	2

Sat Aug 21 21:52:32 2021
39.74	0.026418	0.760870	0.051064	0.017159	0.076850	0.028054	0.026283	0.790417	0.050874	65
30.63	0.026703	0.547450	0.050921	0.014939	0.223517	0.028006	0.026779	0.590859	0.051236	70
23.70	0.025770	0.408796	0.048484	0.012905	0.171290	0.024002	0.025555	0.421628	0.048190	62
19.03	0.023775	0.302845	0.044089	0.012523	0.135906	0.022934	0.023350	0.293416	0.043257	56
14.63	0.021240	0.207944	0.038544	0.012526	0.104107	0.022361	0.021144	0.185338	0.037958	45
10.02	0.021634	0.145001	0.037651	0.012916	0.080675	0.022267	0.022503	0.123487	0.038069	33
5.64	0.021110	0.079668	0.033376	0.014163	0.047116	0.021779	0.022157	0.066090	0.033188	31
2.87	0.016464	0.031584	0.021645	0.016168	0.025917	0.019913	0.015178	0.026241	0.019232	25
1.72	0.014725	0.016949	0.015759	0.015283	0.011840	0.013343	0.011592	0.014337	0.012819	19
1.28	0.013564	0.011648	0.012533	0.026102	0.004300	0.007383	0.010357	0.010618	0.010486	16
1.11	0.011288	0.008363	0.009608	0.010676	0.001334	0.002372	0.009428	0.008014	0.008664	9
1.02	0.015906	0.010901	0.012936	0.010730	0.001530	0.002678	0.015118	0.010674	0.012513	7
1.00	0.025900	0.017397	0.020814	0.010819	0.002336	0.003843	0.025773	0.017684	0.020975	6
1.00	0.039706	0.026581	0.031844	0.010658	0.003567	0.005345	0.039663	0.027511	0.032488	6
1.00	0.057012	0.038154	0.045715	0.010637	0.005125	0.006917	0.057012	0.040305	0.047224	6
1.00	0.075644	0.050623	0.060655	0.010512	0.006809	0.008265	0.075644	0.055088	0.063750	6
1.00	0.091487	0.061226	0.073358	0.010105	0.008146	0.009020	0.091487	0.067137	0.077443	6
1.00	0.101752	0.068095	0.081589	0.009119	0.008910	0.009013	0.101752	0.075077	0.086402	6
1.00	0.111570	0.074666	0.089461	0.009459	0.009761	0.009608	0.111570	0.082283	0.094714	6
1.00	0.116590	0.078026	0.093487	0.009310	0.010142	0.009708	0.116590	0.086002	0.098987	6
1.00	0.122169	0.081759	0.097960	0.009494	0.010639	0.010034	0.122169	0.090334	0.103867	6
1.00	0.124958	0.083626	0.100197	0.009239	0.010895	0.009999	0.124958	0.092733	0.106460	4
1.00	0.127971	0.085642	0.102612	0.009408	0.011148	0.010204	0.127971	0.094853	0.108951	3
1.00	0.129086	0.086388	0.103507	0.008985	0.011223	0.009980	0.129086	0.095522	0.109797	3
1.00	0.129756	0.086836	0.104044	0.009036	0.011243	0.010019	0.129756	0.095913	0.110297	3
1.00	0.130537	0.087359	0.104670	0.009321	0.011272	0.010204	0.130537	0.096471	0.110948	3
1.00	0.131206	0.087807	0.105207	0.009198	0.011259	0.010125	0.131206	0.096861	0.111448	2
1.00	0.131206	0.087807	0.105207	0.009185	0.011243	0.010110	0.131206	0.096991	0.111534	2
1.00	0.130537	0.087359	0.104670	0.009234	0.011248	0.010142	0.130537	0.096564	0.111009	2
1.00	0.129421	0.086612	0.103775	0.008981	0.011253	0.009990	0.129421	0.095913	0.110175	2
1.00	0.128863	0.086239	0.103328	0.008824	0.011251	0.009891	0.128863	0.095634	0.109789	2
1.00	0.128194	0.085791	0.102791	0.009743	0.011264	0.010448	0.128194	0.095318	0.109338	2
1.00	0.127747	0.085492	0.102433	0.009235	0.011256	0.010146	0.127747	0.095057	0.109004	2
1.00	0.127190	0.085119	0.101986	0.008285	0.011247	0.009541	0.127190	0.094741	0.108593	2
1.00	0.126632	0.084746	0.101539	0.007036	0.011245	0.008656	0.126632	0.094537	0.108256	2
1.00	0.126409	0.084596	0.101360	0.009844	0.011242	0.010497	0.126409	0.094397	0.108083	2
1.00	0.126297	0.084522	0.101270	0.008908	0.011240	0.009939	0.126297	0.094369	0.108023	2
1.00	0.126074	0.084372	0.101091	0.001417	0.011236	0.002516	0.126074	0.094202	0.107832	1
1.00	0.126074	0.084372	0.101091	0.001417	0.011236	0.002516	0.126074	0.094202	0.107832	1
1.00	0.126074	0.084372	0.101091	0.001417	0.011236	0.002516	0.126074	0.094202	0.107832	1
1.00	0.126409	0.084596	0.101360	0.007035	0.011242	0.008655	0.126409	0.094397	0.108083	2
1.00	0.127190	0.085119	0.101986	0.008285	0.011247	0.009541	0.127190	0.095169	0.108874	2
1.00	0.152181	0.101844	0.122025	0.009463	0.011055	0.010197	0.152181	0.117297	0.132481	2
1.00	0.296887	0.198686	0.238057	0.009071	0.010753	0.009841	0.296887	0.240284	0.265603	2
1.00	0.525828	0.351900	0.421632	0.008799	0.011174	0.009845	0.525828	0.447702	0.483630	2
1.00	0.651902	0.436273	0.522723	0.008282	0.011189	0.009519	0.651902	0.564432	0.605022	2
1.00	0.656811	0.439558	0.526660	0.007389	0.011217	0.008909	0.656811	0.569080	0.609807	2
1.00	0.657927	0.440305	0.527554	0.007392	0.011236	0.008918	0.657927	0.570196	0.610928	1
1.00	0.657927	0.440305	0.527554	0.007392	0.011236	0.008918	0.657927	0.570196	0.610928	1
1.00	0.657927	0.440305	0.527554	0.007392	0.011236	0.008918	0.657927	0.570196	0.610928	1
1.00	0.657927	0.440305	0.527554	0.007392	0.011236	0.008918	0.657927	0.570196	0.610928	1
1.00	0.657927	0.440305	0.527554	0.007392	0.011236	0.008918	0.657927	0.570196	0.610928	1
1.00	0.657927	0.440305	0.527554	0.007392	0.011236	0.008918	0.657927	0.570196	0.610928	1
1.00	0.657927	0.440305	0.527554	0.007392	0.011236	0.008918	0.657927	0.570196	0.610928	1
1.00	0.657927	0.440305	0.527554	0.007392	0.011236	0.008918	0.657927	0.570196	0.610928	1
1.00	0.657927	0.440305	0.527554	0.007392	0.011236	0.008918	0.657927	0.570196	0.610928	1
1.00	0.657927	0.440305	0.527554	0.007392	0.011236	0.008918	0.657927	0.570196	0.610928	1
1.00	0.657927	0.440305	0.527554	0.007392	0.011236	0.008918	0.657927	0.570196	0.610928	1
1.00	0.657927	0.440305	0.527554	0.007392	0.011236	0.008918	0.657927	0.570196	0.610928	1
1.00	0.657927	0.440305	0.527554	0.007392	0.011236	0.008918	0.657927	0.570196	0.610928	1
1.00	0.657927	0.440305	0.527554	0.007392	0.011236	0.008918	0.657927	0.570196	0.610928	1
1.00	0.657927	0.440305	0.527554	0.007392	0.011236	0.008918	0.657927	0.570196	0.610928	1
1.00	0.657927	0.440305	0.527554	0.007392	0.011236	0.008918	0.657927	0.570196	0.610928	1
1.00	0.657927	0.440305	0.527554	0.007392	0.011236	0.008918	0.657927	0.570196	0.610928	1
1.00	0.657927	0.440305	0.527554	0.007392	0.011236	0.008918	0.657927	0.570196	0.610928	1
1.00	0.657927	0.440305	0.527554	0.007392	0.011236	0.008918	0.657927	0.570196	0.610928	1
1.00	0.657927	0.440305	0.527554	0.007392	0.011236	0.008918	0.657927	0.570196	0.610928	1
1.00	0.657927	0.440305	0.527554	0.007392	0.011236	0.008918	0.657927	0.570196	0.610928	1
1.00	0.657927	0.440305	0.527554	0.007392	0.011236	0.008918	0.657927	0.570196	0.610928	1
1.00	0.657927	0.440305	0.527554	0.007392	0.011236	0.008918	0.657927	0.570196	0.610928	1
1.00	0.654915	0.438289	0.525139	0.007979	0.011201	0.009319	0.654915	0.567407	0.608028	2
1.00	0.271672	0.181811	0.217839	0.009300	0.010781	0.009986	0.271672	0.219411	0.242761	2
1.00	0.126185	0.084447	0.101181	0.012653	0.011238	0.011903	0.126185	0.094314	0.107946	2
1.00	0.126074	0.084372	0.101091	0.001417	0.011236	0.002516	0.126074	0.094202	0.107832	1
1.00	0.126074	0.084372	0.101091	0.001417	0.011236	0.002516	0.126074	0.094202	0.107832	1
1.00	0.126074	0.084372	0.101091	0.001417	0.011236	0.002516	0.126074	0.094202	0.107832	1
1.00	0.126074	0.084372	0.101091	0.001417	0.011236	0.002516	0.126074	0.094202	0.107832	1
1.00	0.126074	0.084372	0.101091	0.001417	0.011236	0.002516	0.126074	0.094202	0.107832	1
1.00	0.126074	0.084372	0.101091	0.001417	0.011236	0.002516	0.126074	0.094202	0.107832	1
1.00	0.126074	0.084372	0.101091	0.001417	0.011236	0.002516	0.126074	0.094202	0.107832	1
1.00	0.126074	0.084372	0.101091	0.001417	0.011236	0.002516	0.126074	0.094202	0.107832	1
1.00	0.126074	0.084372	0.101091	0.001417	0.011236	0.002516	0.126074	0.094202	0.107832	1
1.00	0.126074	0.084372	0.101091	0.001417	0.011236	0.002516	0.126074	0.094202	0.107832	1
1.00	0.126074	0.084372	0.101091	0.001417	0.011236	0.002516	0.126074	0.094202	0.107832	1
1.00	0.126074	0.084372	0.101091	0.001417	0.011236	0.002516	0.126074	0.094202	0.107832	1
1.00	0.126074	0.084372	0.101091	0.001417	0.011236	0.002516	0.126074	0.094202	0.107832	1
1.00	0.126074	0.084372	0.101091	0.001417	0.011236	0.002516	0.126074	0.094202	0.107832	1
1.00	0.126074	0.084372	0.101091	0.001417	0.011236	0.002516	0.126074	0.094202	0.107832	1
1.00	0.126074	0.084372	0.101091	0.001417	0.011236	0.002516	0.126074	0.094202	0.107832	1
1.00	0.126074	0.084372	0.101091	0.001417	0.011236	0.002516	0.126074	0.094202	0.107832	1
1.00	0.126855	0.084895	0.101718	0.011249	0.011249	0.011249	0.126855	0.094927	0.108593	2
1.00	0.247573	0.165684	0.198515	0.009543	0.010891	0.010173	0.247573	0.198352	0.220246	2
1.00	0.622559	0.416636	0.499195	0.008659	0.011162	0.009753	0.622559	0.536000	0.576046	2
1.00	0.657927	0.440305	0.527554	0.007392	0.011236	0.008918	0.657927	0.570196	0.610928	1
1.00	0.657927	0.440305	0.527554	0.007392	0.011236	0.008918	0.657927	0.570196	0.610928	1
1.00	0.657927	0.440305	0.527554	0.007392	0.011236	0.008918	0.657927	0.570196	0.610928	1
1.00	0.657927	0.440305	0.527554	0.007392	0.011236	0.008918	0.657927	0.570196	0.610928	1
1.00	0.657927	0.440305	0.527554	0.007392	0.011236	0.008918	0.657927	0.570196	0.610928	1
1.00	0.657927	0.440305	0.527554	0.007392	0.011236	0.008918	0.657927	0.570196	0.610928	1
1.00	0.657927	0.440305	0.527554	0.007392	0.011236	0.008918	0.657927	0.570196	0.610928	1
1.00	0.657927	0.440305	0.527554	0.007392	0.011236	0.008918	0.657927	0.570196	0.610928	1
1.00	0.657927	0.440305	0.527554	0.007392	0.011236	0.008918	0.657927	0.570196	0.610928	1
1.00	0.657927	0.440305	0.527554	0.007392	0.011236	0.008918	0.657927	0.570196	0.610928	1
1.00	0.657927	0.440305	0.527554	0.007392	0.011236	0.008918	0.657927	0.570196	0.610928	1
1.00	0.657927	0.440305	0.527554	0.007392	0.011236	0.008918	0.657927	0.570196	0.610928	1
1.00	0.657927	0.440305	0.527554	0.007392	0.011236	0.008918	0.657927	0.570196	0.610928	1
1.00	0.657927	0.440305	0.527554	0.007392	0.011236	0.008918	0.657927	0.570196	0.610928	1
1.00	0.657927	0.440305	0.527554	0.007392	0.011236	0.008918	0.657927	0.570196	0.610928	1
1.00	0.657927	0.440305	0.527554	0.007392	0.011236	0.008918	0.657927	0.570196	0.610928	1
1.00	0.657927	0.440305	0.527554	0.007392	0.011236	0.008918	0.657927	0.570196	0.610928	1
1.00	0.657927	0.440305	0.527554	0.007392	0.011236	0.008918	0.657927	0.570196	0.610928	1
1.00	0.657927	0.440305	0.527554	0.007392	0.011236	0.008918	0.657927	0.570196	0.610928	1
1.00	0.657927	0.440305	0.527554	0.007392	0.011236	0.008918	0.657927	0.570196	0.610928	1
1.00	0.657927	0.440305	0.527554	0.007392	0.011236	0.008918	0.657927	0.570196	0.610928	1
1.00	0.657927	0.440305	0.527554	0.007392	0.011236	0.008918	0.657927	0.570196	0.610928	1
1.00	0.657927	0.440305	0.527554	0.007392	0.011236	0.008918	0.657927	0.570196	0.610928	1
1.00	0.657927	0.440305	0.527554	0.007392	0.011236	0.008918	0.657927	0.570196	0.610928	1
1.00	0.657927	0.440305	0.527554	0.007392	0.011236	0.008918	0.657927	0.570196	0.610928	1
1.00	0.657927	0.440305	0.527554	0.007392	0.011236	0.008918	0.657927	0.570196	0.610928	1
1.00	0.657927	0.440305	0.527554	0.007392	0.011236	0.008918	0.657927	0.570196	0.610928	1
1.00	0.657927	0.440305	0.527554	0.007392	0.011236	0.008918	0.657927	0.570196	0.610928	1
1.00	0.657927	0.440305	0.527554	0.007392	0.011236	0.008918	0.657927	0.570196	0.610928	1
1.00	0.657927	0.440305	0.527554	0.007392	0.011236	0.008918	0.657927	0.570196	0.610928	1
1.00	0.657927	0.440305	0.527554	0.007392	0.011236	0.008918	0.657927	0.570196	0.610928	1
1.00	0.657927	0.440305	0.527554	0.007392	0.011236	0.008918	0.657927	0.570196	0.610928	1

Wed Mar  9 19:59:31 2022
44.56	0.024240	0.782609	0.047023	0.013785	0.069593	0.023011	0.024363	0.845000	0.047360	70
34.54	0.029092	0.672441	0.055771	0.015620	0.333932	0.029843	0.029126	0.736838	0.056038	75
25.63	0.035441	0.607930	0.066977	0.014956	0.242110	0.028172	0.035450	0.686258	0.067418	67
19.69	0.042673	0.562234	0.079325	0.014834	0.180028	0.027409	0.042947	0.652473	0.080590	57
15.12	0.051499	0.521242	0.093736	0.017521	0.154475	0.031473	0.051725	0.621764	0.095504	50
11.05	0.065380	0.483461	0.115183	0.011508	0.125614	0.021084	0.066080	0.590924	0.118867	42
7.35	0.093247	0.458374	0.154969	0.011459	0.090465	0.020341	0.096036	0.570382	0.164392	32
4.32	0.150398	0.434406	0.223438	0.014031	0.064078	0.023021	0.162744	0.551750	0.251350	22
2.27	0.274966	0.417756	0.331644	0.008298	0.032947	0.013257	0.324809	0.539362	0.405451	20
1.36	0.451750	0.412454	0.431209	0.008397	0.026622	0.012767	0.501110	0.535624	0.517793	14
1.09	0.573903	0.418054	0.483736	0.007741	0.012042	0.009424	0.593598	0.543224	0.567295	10
1.02	0.622920	0.424923	0.505216	0.007442	0.012090	0.009213	0.627227	0.551833	0.587120	8
1.00	0.642683	0.432166	0.516809	0.007378	0.011028	0.008842	0.643590	0.560731	0.599310	6
1.00	0.651622	0.436571	0.522847	0.007387	0.011141	0.008884	0.651791	0.566347	0.606072	4
1.00	0.655103	0.438513	0.525360	0.007385	0.011190	0.008898	0.655138	0.568411	0.608701	3
1.00	0.657146	0.439782	0.526928	0.007389	0.011223	0.008911	0.657146	0.569694	0.610303	2
1.00	0.657927	0.440305	0.527554	0.007392	0.011236	0.008918	0.657927	0.570196	0.610928	1
1.00	0.657927	0.440305	0.527554	0.007392	0.011236	0.008918	0.657927	0.570196	0.610928	1
1.00	0.657927	0.440305	0.527554	0.007392	0.011236	0.008918	0.657927	0.570196	0.610928	1
1.00	0.657927	0.440305	0.527554	0.007392	0.011236	0.008918	0.657927	0.570196	0.610928	1
1.00	0.657927	0.440305	0.527554	0.007392	0.011236	0.008918	0.657927	0.570196	0.610928	1
1.00	0.657927	0.440305	0.527554	0.007392	0.011236	0.008918	0.657927	0.570196	0.610928	1
1.00	0.657927	0.440305	0.527554	0.007392	0.011236	0.008918	0.657927	0.570196	0.610928	1
1.00	0.657927	0.440305	0.527554	0.007392	0.011236	0.008918	0.657927	0.570196	0.610928	1
1.00	0.657927	0.440305	0.527554	0.007392	0.011236	0.008918	0.657927	0.570196	0.610928	1
1.00	0.657927	0.440305	0.527554	0.007392	0.011236	0.008918	0.657927	0.570196	0.610928	1
1.00	0.657927	0.440305	0.527554	0.007392	0.011236	0.008918	0.657927	0.570196	0.610928	1
1.00	0.657927	0.440305	0.527554	0.007392	0.011236	0.008918	0.657927	0.570196	0.610928	1
1.00	0.657927	0.440305	0.527554	0.007392	0.011236	0.008918	0.657927	0.570196	0.610928	1
1.00	0.657927	0.440305	0.527554	0.007392	0.011236	0.008918	0.657927	0.570196	0.610928	1
1.00	0.657927	0.440305	0.527554	0.007392	0.011236	0.008918	0.657927	0.570196	0.610928	1
1.00	0.657927	0.440305	0.527554	0.007392	0.011236	0.008918	0.657927	0.570196	0.610928	1
1.00	0.657927	0.440305	0.527554	0.007392	0.011236	0.008918	0.657927	0.570196	0.610928	1
1.00	0.657927	0.440305	0.527554	0.007392	0.011236	0.008918	0.657927	0.570196	0.610928	1
1.00	0.657927	0.440305	0.527554	0.007392	0.011236	0.008918	0.657927	0.570196	0.610928	1
1.00	0.657927	0.440305	0.527554	0.007392	0.011236	0.008918	0.657927	0.570196	0.610928	1
1.00	0.657927	0.440305	0.527554	0.007392	0.011236	0.008918	0.657927	0.570196	0.610928	1
1.00	0.657927	0.440305	0.527554	0.007392	0.011236	0.008918	0.657927	0.570196	0.610928	1
1.00	0.657927	0.440305	0.527554	0.007392	0.011236	0.008918	0.657927	0.570196	0.610928	1
1.00	0.657927	0.440305	0.527554	0.007392	0.011236	0.008918	0.657927	0.570196	0.610928	1
1.00	0.657927	0.440305	0.527554	0.007392	0.011236	0.008918	0.657927	0.570196	0.610928	1
1.00	0.657927	0.440305	0.527554	0.007392	0.011236	0.008918	0.657927	0.570196	0.610928	1
1.00	0.657927	0.440305	0.527554	0.007392	0.011236	0.008918	0.657927	0.570196	0.610928	1
1.00	0.657927	0.440305	0.527554	0.007392	0.011236	0.008918	0.657927	0.570196	0.610928	1
1.00	0.657927	0.440305	0.527554	0.007392	0.011236	0.008918	0.657927	0.570196	0.610928	1
1.00	0.657927	0.440305	0.527554	0.007392	0.011236	0.008918	0.657927	0.570196	0.610928	1
1.00	0.657927	0.440305	0.527554	0.007392	0.011236	0.008918	0.657927	0.570196	0.610928	1
1.00	0.657927	0.440305	0.527554	0.007392	0.011236	0.008918	0.657927	0.570196	0.610928	1
1.00	0.657927	0.440305	0.527554	0.007392	0.011236	0.008918	0.657927	0.570196	0.610928	1
1.00	0.657927	0.440305	0.527554	0.007392	0.011236	0.008918	0.657927	0.570196	0.610928	1
1.00	0.657927	0.440305	0.527554	0.007392	0.011236	0.008918	0.657927	0.570196	0.610928	1
1.00	0.657927	0.440305	0.527554	0.007392	0.011236	0.008918	0.657927	0.570196	0.610928	1
1.00	0.657927	0.440305	0.527554	0.007392	0.011236	0.008918	0.657927	0.570196	0.610928	1
1.00	0.657927	0.440305	0.527554	0.007392	0.011236	0.008918	0.657927	0.570196	0.610928	1
1.00	0.657927	0.440305	0.527554	0.007392	0.011236	0.008918	0.657927	0.570196	0.610928	1
1.00	0.657927	0.440305	0.527554	0.007392	0.011236	0.008918	0.657927	0.570196	0.610928	1
1.00	0.657927	0.440305	0.527554	0.007392	0.011236	0.008918	0.657927	0.570196	0.610928	1
1.00	0.657927	0.440305	0.527554	0.007392	0.011236	0.008918	0.657927	0.570196	0.610928	1
1.00	0.657927	0.440305	0.527554	0.007392	0.011236	0.008918	0.657927	0.570196	0.610928	1
1.00	0.657927	0.440305	0.527554	0.007392	0.011236	0.008918	0.657927	0.570196	0.610928	1
1.00	0.657927	0.440305	0.527554	0.007392	0.011236	0.008918	0.657927	0.570196	0.610928	1
1.00	0.657927	0.440305	0.527554	0.007392	0.011236	0.008918	0.657927	0.570196	0.610928	1
1.00	0.657927	0.440305	0.527554	0.007392	0.011236	0.008918	0.657927	0.570196	0.610928	1
1.00	0.657927	0.440305	0.527554	0.007392	0.011236	0.008918	0.657927	0.570196	0.610928	1
1.00	0.657927	0.440305	0.527554	0.007392	0.011236	0.008918	0.657927	0.570196	0.610928	1
1.00	0.657927	0.440305	0.527554	0.007392	0.011236	0.008918	0.657927	0.570196	0.610928	1
1.00	0.657927	0.440305	0.527554	0.007392	0.011236	0.008918	0.657927	0.570196	0.610928	1
1.00	0.657927	0.440305	0.527554	0.007392	0.011236	0.008918	0.657927	0.570196	0.610928	1
1.00	0.657927	0.440305	0.527554	0.007392	0.011236	0.008918	0.657927	0.570196	0.610928	1
1.00	0.657927	0.440305	0.527554	0.007392	0.011236	0.008918	0.657927	0.570196	0.610928	1
1.00	0.657927	0.440305	0.527554	0.007392	0.011236	0.008918	0.657927	0.570196	0.610928	1
1.00	0.657927	0.440305	0.527554	0.007392	0.011236	0.008918	0.657927	0.570196	0.610928	1
1.00	0.657927	0.440305	0.527554	0.007392	0.011236	0.008918	0.657927	0.570196	0.610928	1
1.00	0.657927	0.440305	0.527554	0.007392	0.011236	0.008918	0.657927	0.570196	0.610928	1
1.00	0.657927	0.440305	0.527554	0.007392	0.011236	0.008918	0.657927	0.570196	0.610928	1
1.00	0.657927	0.440305	0.527554	0.007392	0.011236	0.008918	0.657927	0.570196	0.610928	1
1.00	0.657927	0.440305	0.527554	0.007392	0.011236	0.008918	0.657927	0.570196	0.610928	1
1.00	0.657927	0.440305	0.527554	0.007392	0.011236	0.008918	0.657927	0.570196	0.610928	1
1.00	0.657927	0.440305	0.527554	0.007392	0.011236	0.008918	0.657927	0.570196	0.610928	1
1.00	0.657927	0.440305	0.527554	0.007392	0.011236	0.008918	0.657927	0.570196	0.610928	1
1.00	0.657927	0.440305	0.527554	0.007392	0.011236	0.008918	0.657927	0.570196	0.610928	1
1.00	0.645989	0.432315	0.517982	0.010273	0.011804	0.010985	0.645989	0.556120	0.597695	2
1.00	0.553386	0.370343	0.443729	0.009702	0.012819	0.011044	0.553386	0.471351	0.509085	2
1.00	0.558853	0.374001	0.448112	0.009737	0.012848	0.011078	0.558853	0.476204	0.514229	2
1.00	0.655807	0.438886	0.525854	0.010346	0.011328	0.010815	0.655807	0.567351	0.608381	2
1.00	0.657927	0.440305	0.527554	0.007392	0.011236	0.008918	0.657927	0.570196	0.610928	1
1.00	0.657927	0.440305	0.527554	0.007392	0.011236	0.008918	0.657927	0.570196	0.610928	1
1.00	0.657927	0.440305	0.527554	0.007392	0.011236	0.008918	0.657927	0.570196	0.610928	1
1.00	0.657927	0.440305	0.527554	0.007392	0.011236	0.008918	0.657927	0.570196	0.610928	1
1.00	0.657927	0.440305	0.527554	0.007392	0.011236	0.008918	0.657927	0.570196	0.610928	1
1.00	0.657927	0.440305	0.527554	0.007392	0.011236	0.008918	0.657927	0.570196	0.610928	1
1.00	0.657927	0.440305	0.527554	0.007392	0.011236	0.008918	0.657927	0.570196	0.610928	1
1.00	0.657927	0.440305	0.527554	0.007392	0.011236	0.008918	0.657927	0.570196	0.610928	1
1.00	0.657927	0.440305	0.527554	0.007392	0.011236	0.008918	0.657927	0.570196	0.610928	1
1.00	0.657927	0.440305	0.527554	0.007392	0.011236	0.008918	0.657927	0.570196	0.610928	1
1.00	0.657927	0.440305	0.527554	0.007392	0.011236	0.008918	0.657927	0.570196	0.610928	1
1.00	0.620551	0.415292	0.497585	0.010145	0.012519	0.011207	0.620551	0.531463	0.572562	2
1.00	0.167132	0.111849	0.134013	0.009797	0.011720	0.010673	0.167132	0.130332	0.146456	2
1.00	0.126297	0.084522	0.101270	0.012653	0.011240	0.011905	0.126297	0.094425	0.108060	2
1.00	0.126074	0.084372	0.101091	0.001417	0.011236	0.002516	0.126074	0.094202	0.107832	1
1.00	0.126074	0.084372	0.101091	0.001417	0.011236	0.002516	0.126074	0.094202	0.107832	1
1.00	0.126297	0.084522	0.101270	0.012653	0.011240	0.011905	0.126297	0.094425	0.108060	2
1.00	0.127413	0.085268	0.102165	0.010408	0.011259	0.010817	0.127413	0.095374	0.109089	2
1.00	0.143479	0.096020	0.115047	0.010278	0.011485	0.010848	0.143479	0.109441	0.124169	2
1.00	0.245454	0.164265	0.196815	0.009431	0.012382	0.010707	0.245454	0.198174	0.219294	2
1.00	0.564655	0.377884	0.452764	0.009801	0.012923	0.011147	0.564655	0.481600	0.519831	2
1.00	0.646324	0.432539	0.518250	0.010319	0.011745	0.010986	0.646324	0.556845	0.598257	2
1.00	0.657481	0.440006	0.527196	0.010201	0.011244	0.010697	0.657481	0.569750	0.610479	2
1.00	0.657927	0.440305	0.527554	0.007392	0.011236	0.008918	0.657927	0.570196	0.610928	1
1.00	0.657927	0.440305	0.527554	0.007392	0.011236	0.008918	0.657927	0.570196	0.610928	1
1.00	0.657927	0.440305	0.527554	0.007392	0.011236	0.008918	0.657927	0.570196	0.610928	1
1.00	0.657927	0.440305	0.527554	0.007392	0.011236	0.008918	0.657927	0.570196	0.610928	1
1.00	0.657927	0.440305	0.527554	0.007392	0.011236	0.008918	0.657927	0.570196	0.610928	1

Wed Mar  9 20:33:27 2022
45.12	0.007091	0.231884	0.013762	0.004363	0.070225	0.008215	0.007339	0.151667	0.014001	77
35.47	0.011390	0.270365	0.021860	0.015646	0.298359	0.029734	0.011364	0.198905	0.021500	78
26.51	0.011880	0.210782	0.022493	0.013542	0.216584	0.025491	0.011761	0.157328	0.021886	73
20.01	0.011080	0.148361	0.020619	0.009338	0.158172	0.017635	0.010971	0.114288	0.020020	61
15.11	0.009039	0.091391	0.016451	0.009128	0.106463	0.016815	0.008814	0.074742	0.015769	51
10.83	0.005892	0.042709	0.010355	0.006425	0.066126	0.011712	0.005585	0.038133	0.009744	40
6.76	0.003943	0.017845	0.006459	0.006364	0.034982	0.010769	0.003660	0.017353	0.006045	34
4.00	0.003627	0.009707	0.005281	0.005148	0.018349	0.008041	0.003335	0.009645	0.004956	25
2.60	0.004848	0.008437	0.006158	0.004833	0.012467	0.006966	0.004074	0.008492	0.005507	21
1.79	0.007539	0.009035	0.008220	0.003498	0.008360	0.004932	0.006159	0.009227	0.007387	13
1.20	0.017826	0.014336	0.015891	0.002980	0.008882	0.004463	0.014820	0.015159	0.014987	10
1.02	0.036883	0.025162	0.029916	0.002650	0.010324	0.004217	0.036149	0.026371	0.030495	9
1.00	0.070856	0.047487	0.056864	0.002397	0.010508	0.003904	0.070847	0.052010	0.059984	7
1.00	0.100971	0.067573	0.080963	0.002052	0.011788	0.003495	0.100971	0.074324	0.085622	6
1.00	0.116256	0.077802	0.093219	0.001723	0.013150	0.003047	0.116256	0.085918	0.098811	4
1.00	0.122727	0.082132	0.098408	0.001528	0.010938	0.002682	0.122727	0.091552	0.104872	4
1.00	0.125181	0.083775	0.100376	0.001442	0.011156	0.002555	0.125181	0.093533	0.107067	4
1.00	0.125962	0.084298	0.101002	0.001418	0.011226	0.002517	0.125962	0.094146	0.107755	3
1.00	0.126074	0.084372	0.101091	0.001417	0.011236	0.002516	0.126074	0.094202	0.107832	1
1.00	0.126074	0.084372	0.101091	0.001417	0.011236	0.002516	0.126074	0.094202	0.107832	1
1.00	0.126074	0.084372	0.101091	0.001417	0.011236	0.002516	0.126074	0.094202	0.107832	1
1.00	0.126074	0.084372	0.101091	0.001417	0.011236	0.002516	0.126074	0.094202	0.107832	1
1.00	0.126074	0.084372	0.101091	0.001417	0.011236	0.002516	0.126074	0.094202	0.107832	1
1.00	0.126074	0.084372	0.101091	0.001417	0.011236	0.002516	0.126074	0.094202	0.107832	1
1.00	0.126074	0.084372	0.101091	0.001417	0.011236	0.002516	0.126074	0.094202	0.107832	1
1.00	0.126074	0.084372	0.101091	0.001417	0.011236	0.002516	0.126074	0.094202	0.107832	1
1.00	0.126074	0.084372	0.101091	0.001417	0.011236	0.002516	0.126074	0.094202	0.107832	1
1.00	0.126074	0.084372	0.101091	0.001417	0.011236	0.002516	0.126074	0.094202	0.107832	1
1.00	0.126074	0.084372	0.101091	0.001417	0.011236	0.002516	0.126074	0.094202	0.107832	1
1.00	0.126074	0.084372	0.101091	0.001417	0.011236	0.002516	0.126074	0.094202	0.107832	1
1.00	0.126074	0.084372	0.101091	0.001417	0.011236	0.002516	0.126074	0.094202	0.107832	1
1.00	0.126074	0.084372	0.101091	0.001417	0.011236	0.002516	0.126074	0.094202	0.107832	1
1.00	0.126074	0.084372	0.101091	0.001417	0.011236	0.002516	0.126074	0.094202	0.107832	1
1.00	0.126074	0.084372	0.101091	0.001417	0.011236	0.002516	0.126074	0.094202	0.107832	1
1.00	0.126074	0.084372	0.101091	0.001417	0.011236	0.002516	0.126074	0.094202	0.107832	1
1.00	0.126074	0.084372	0.101091	0.001417	0.011236	0.002516	0.126074	0.094202	0.107832	1
1.00	0.126074	0.084372	0.101091	0.001417	0.011236	0.002516	0.126074	0.094202	0.107832	1
1.00	0.126074	0.084372	0.101091	0.001417	0.011236	0.002516	0.126074	0.094202	0.107832	1
1.00	0.126074	0.084372	0.101091	0.001417	0.011236	0.002516	0.126074	0.094202	0.107832	1
1.00	0.126074	0.084372	0.101091	0.001417	0.011236	0.002516	0.126074	0.094202	0.107832	1
1.00	0.126074	0.084372	0.101091	0.001417	0.011236	0.002516	0.126074	0.094202	0.107832	1
1.00	0.126074	0.084372	0.101091	0.012651	0.011228	0.011897	0.126074	0.094202	0.107832	2
1.00	0.166351	0.111327	0.133387	0.009353	0.010959	0.010092	0.166351	0.128724	0.145138	2
1.00	0.356689	0.238707	0.286008	0.009572	0.011863	0.010595	0.356689	0.295961	0.323500	2
1.00	0.517238	0.346151	0.414743	0.009313	0.012105	0.010527	0.517238	0.440135	0.475582	2
1.00	0.564432	0.377735	0.452585	0.009306	0.011986	0.010477	0.564432	0.483778	0.521002	2
1.00	0.583064	0.390204	0.467526	0.009354	0.011959	0.010497	0.583064	0.500800	0.538810	2
1.00	0.630258	0.421788	0.505368	0.009575	0.011688	0.010527	0.630258	0.543308	0.583562	2
1.00	0.646101	0.432390	0.518071	0.009642	0.011436	0.010463	0.646101	0.557905	0.598772	2
1.00	0.656811	0.439558	0.526660	0.010205	0.011281	0.010716	0.656811	0.568783	0.609636	2
1.00	0.656811	0.439558	0.526660	0.009734	0.011257	0.010440	0.656811	0.568894	0.609700	2
1.00	0.656811	0.439558	0.526660	0.009892	0.011265	0.010534	0.656811	0.568894	0.609700	2
1.00	0.657258	0.439857	0.527017	0.009122	0.011241	0.010071	0.657258	0.569527	0.610255	2
1.00	0.657815	0.440230	0.527465	0.007393	0.011234	0.008917	0.657815	0.570084	0.610816	2
1.00	0.657258	0.439857	0.527017	0.009122	0.011241	0.010071	0.657258	0.569527	0.610255	2
1.00	0.656923	0.439633	0.526749	0.010108	0.011275	0.010660	0.656923	0.568950	0.609780	2
1.00	0.654468	0.437990	0.524781	0.010514	0.011482	0.010977	0.654468	0.565659	0.606831	2
1.00	0.604708	0.404689	0.484881	0.009513	0.012007	0.010615	0.604708	0.520231	0.559298	2
1.00	0.556510	0.372433	0.446234	0.009321	0.012036	0.010506	0.556510	0.476061	0.513151	2
1.00	0.483320	0.323453	0.387547	0.009370	0.012152	0.010581	0.483320	0.409249	0.443211	2
1.00	0.378222	0.253117	0.303274	0.009543	0.011845	0.010570	0.378222	0.315155	0.343820	2
1.00	0.200826	0.134399	0.161031	0.009690	0.011122	0.010357	0.200826	0.158879	0.177407	2
1.00	0.130202	0.087135	0.104401	0.008139	0.011073	0.009382	0.130202	0.097419	0.111450	2
1.00	0.126297	0.084522	0.101270	0.007731	0.011183	0.009142	0.126297	0.094369	0.108023	2
1.00	0.126409	0.084596	0.101360	0.007699	0.011153	0.009110	0.126409	0.094407	0.108089	2
1.00	0.127859	0.085567	0.102523	0.008215	0.011098	0.009441	0.127859	0.095299	0.109204	2
1.00	0.126297	0.084522	0.101270	0.007652	0.011175	0.009084	0.126297	0.094369	0.108023	2
1.00	0.126297	0.084522	0.101270	0.009843	0.011232	0.010492	0.126297	0.094369	0.108023	2
1.00	0.126074	0.084372	0.101091	0.001417	0.011236	0.002516	0.126074	0.094202	0.107832	1
1.00	0.126074	0.084372	0.101091	0.001417	0.011236	0.002516	0.126074	0.094202	0.107832	1
1.00	0.127190	0.085119	0.101986	0.008189	0.011102	0.009425	0.127190	0.094779	0.108618	2
1.00	0.187326	0.125364	0.150206	0.009650	0.011076	0.010314	0.187326	0.147276	0.164904	2
1.00	0.476961	0.319197	0.382448	0.009541	0.012381	0.010777	0.476961	0.402756	0.436729	2
1.00	0.619435	0.414545	0.496690	0.009822	0.012250	0.010903	0.619435	0.531862	0.572318	2
1.00	0.659043	0.441051	0.528449	0.012919	0.011448	0.012139	0.659043	0.570456	0.611558	2
1.00	0.658373	0.440603	0.527912	0.013953	0.011300	0.012487	0.658373	0.570345	0.611206	2
1.00	0.659824	0.441574	0.529075	0.013641	0.011518	0.012490	0.659824	0.570828	0.612108	2
1.00	0.654692	0.438139	0.524960	0.011057	0.011743	0.011390	0.654692	0.565696	0.606949	2
1.00	0.646547	0.432689	0.518429	0.010348	0.011950	0.011092	0.646547	0.557533	0.598750	2
1.00	0.494477	0.330919	0.396493	0.009556	0.012431	0.010806	0.494477	0.418277	0.453196	2
1.00	0.152404	0.101994	0.122204	0.009358	0.011027	0.010124	0.152404	0.116748	0.132215	2
1.00	0.125851	0.084223	0.100913	0.005158	0.011200	0.007063	0.125851	0.093923	0.107568	2
1.00	0.126074	0.084372	0.101091	0.001417	0.011236	0.002516	0.126074	0.094202	0.107832	1
1.00	0.126074	0.084372	0.101091	0.001417	0.011236	0.002516	0.126074	0.094202	0.107832	1
1.00	0.126074	0.084372	0.101091	0.001417	0.011236	0.002516	0.126074	0.094202	0.107832	1
1.00	0.126074	0.084372	0.101091	0.001417	0.011236	0.002516	0.126074	0.094202	0.107832	1
1.00	0.126074	0.084372	0.101091	0.001417	0.011236	0.002516	0.126074	0.094202	0.107832	1
1.00	0.126074	0.084372	0.101091	0.001417	0.011236	0.002516	0.126074	0.094202	0.107832	1
1.00	0.126074	0.084372	0.101091	0.001417	0.011236	0.002516	0.126074	0.094202	0.107832	1
1.00	0.126074	0.084372	0.101091	0.001417	0.011236	0.002516	0.126074	0.094202	0.107832	1
1.00	0.126074	0.084372	0.101091	0.001417	0.011236	0.002516	0.126074	0.094202	0.107832	1
1.00	0.126074	0.084372	0.101091	0.001417	0.011236	0.002516	0.126074	0.094202	0.107832	1
1.00	0.126074	0.084372	0.101091	0.001417	0.011236	0.002516	0.126074	0.094202	0.107832	1
1.00	0.126074	0.084372	0.101091	0.001417	0.011236	0.002516	0.126074	0.094202	0.107832	1
1.00	0.126074	0.084372	0.101091	0.001417	0.011236	0.002516	0.126074	0.094202	0.107832	1
1.00	0.126074	0.084372	0.101091	0.001417	0.011236	0.002516	0.126074	0.094202	0.107832	1
1.00	0.126074	0.084372	0.101091	0.001417	0.011236	0.002516	0.126074	0.094202	0.107832	1
1.00	0.126074	0.084372	0.101091	0.001417	0.011236	0.002516	0.126074	0.094202	0.107832	1
1.00	0.126074	0.084372	0.101091	0.001417	0.011236	0.002516	0.126074	0.094202	0.107832	1
1.00	0.126074	0.084372	0.101091	0.001417	0.011236	0.002516	0.126074	0.094202	0.107832	1
1.00	0.126074	0.084372	0.101091	0.001417	0.011236	0.002516	0.126074	0.094202	0.107832	1
1.00	0.126074	0.084372	0.101091	0.001417	0.011236	0.002516	0.126074	0.094202	0.107832	1
1.00	0.126074	0.084372	0.101091	0.001417	0.011236	0.002516	0.126074	0.094202	0.107832	1
1.00	0.126074	0.084372	0.101091	0.001417	0.011236	0.002516	0.126074	0.094202	0.107832	1
1.00	0.126074	0.084372	0.101091	0.001417	0.011236	0.002516	0.126074	0.094202	0.107832	1
1.00	0.126074	0.084372	0.101091	0.001417	0.011236	0.002516	0.126074	0.094202	0.107832	1
1.00	0.126074	0.084372	0.101091	0.001417	0.011236	0.002516	0.126074	0.094202	0.107832	1
1.00	0.126074	0.084372	0.101091	0.001417	0.011236	0.002516	0.126074	0.094202	0.107832	1
1.00	0.126074	0.084372	0.101091	0.001417	0.011236	0.002516	0.126074	0.094202	0.107832	1
1.00	0.126074	0.084372	0.101091	0.001417	0.011236	0.002516	0.126074	0.094202	0.107832	1
1.00	0.126074	0.084372	0.101091	0.001417	0.011236	0.002516	0.126074	0.094202	0.107832	1
1.00	0.126074	0.084372	0.101091	0.001417	0.011236	0.002516	0.126074	0.094202	0.107832	1
1.00	0.126074	0.084372	0.101091	0.001417	0.011236	0.002516	0.126074	0.094202	0.107832	1
1.00	0.126074	0.084372	0.101091	0.001417	0.011236	0.002516	0.126074	0.094202	0.107832	1
1.00	0.126074	0.084372	0.101091	0.001417	0.011236	0.002516	0.126074	0.094202	0.107832	1
1.00	0.126074	0.084372	0.101091	0.001417	0.011236	0.002516	0.126074	0.094202	0.107832	1
1.00	0.126074	0.084372	0.101091	0.001417	0.011236	0.002516	0.126074	0.094202	0.107832	1
1.00	0.126074	0.084372	0.101091	0.001417	0.011236	0.002516	0.126074	0.094202	0.107832	1
1.00	0.126074	0.084372	0.101091	0.001417	0.011236	0.002516	0.126074	0.094202	0.107832	1
1.00	0.126074	0.084372	0.101091	0.001417	0.011236	0.002516	0.126074	0.094202	0.107832	1
1.00	0.126074	0.084372	0.101091	0.001417	0.011236	0.002516	0.126074	0.094202	0.107832	1
1.00	0.126074	0.084372	0.101091	0.001417	0.011236	0.002516	0.126074	0.094202	0.107832	1
1.00	0.126074	0.084372	0.101091	0.001417	0.011236	0.002516	0.126074	0.094202	0.107832	1
1.00	0.126074	0.084372	0.101091	0.001417	0.011236	0.002516	0.126074	0.094202	0.107832	1
1.00	0.126074	0.084372	0.101091	0.001417	0.011236	0.002516	0.126074	0.094202	0.107832	1
1.00	0.126074	0.084372	0.101091	0.001417	0.011236	0.002516	0.126074	0.094202	0.107832	1
1.00	0.126074	0.084372	0.101091	0.001417	0.011236	0.002516	0.126074	0.094202	0.107832	1
1.00	0.126074	0.084372	0.101091	0.001417	0.011236	0.002516	0.126074	0.094202	0.107832	1
1.00	0.126074	0.084372	0.101091	0.001417	0.011236	0.002516	0.126074	0.094202	0.107832	1
1.00	0.126074	0.084372	0.101091	0.001417	0.011236	0.002516	0.126074	0.094202	0.107832	1
1.00	0.126074	0.084372	0.101091	0.001417	0.011236	0.002516	0.126074	0.094202	0.107832	1
1.00	0.126185	0.084447	0.101181	0.008435	0.011206	0.009625	0.126185	0.094258	0.107910	2
1.00	0.143925	0.096319	0.115405	0.009582	0.011147	0.010306	0.143925	0.108186	0.123522	2
1.00	0.383131	0.256403	0.307211	0.009809	0.012250	0.010895	0.383131	0.320088	0.348784	2
1.00	0.598014	0.400209	0.479513	0.010088	0.013098	0.011398	0.598014	0.511417	0.551336	2
1.00	0.658039	0.440379	0.527644	0.011714	0.011985	0.011848	0.658039	0.568429	0.609960	2
1.00	0.659154	0.441126	0.528538	0.014482	0.011394	0.012753	0.659154	0.570828	0.611820	2
1.00	0.658039	0.440379	0.527644	0.013012	0.011254	0.012069	0.658039	0.570252	0.611008	2
1.00	0.658150	0.440454	0.527733	0.018630	0.011256	0.014033	0.658150	0.570308	0.611088	2
1.00	0.658039	0.440379	0.527644	0.013012	0.011254	0.012069	0.658039	0.570252	0.611008	2
1.00	0.658039	0.440379	0.527644	0.013012	0.011254	0.012069	0.658039	0.570252	0.611008	2
1.00	0.659489	0.441350	0.528807	0.014053	0.011472	0.012632	0.659489	0.570940	0.612028	2
1.00	0.632266	0.423131	0.506978	0.010369	0.012743	0.011434	0.632266	0.542657	0.584044	2
1.00	0.245677	0.164414	0.196994	0.009822	0.011269	0.010496	0.245677	0.197678	0.219079	2
1.00	0.126743	0.084820	0.101628	0.007994	0.011159	0.009315	0.126743	0.094648	0.108369	2
1.00	0.126074	0.084372	0.101091	0.001417	0.011236	0.002516	0.126074	0.094202	0.107832	1
1.00	0.126074	0.084372	0.101091	0.001417	0.011236	0.002516	0.126074	0.094202	0.107832	1
1.00	0.126074	0.084372	0.101091	0.001417	0.011236	0.002516	0.126074	0.094202	0.107832	1
1.00	0.126074	0.084372	0.101091	0.001417	0.011236	0.002516	0.126074	0.094202	0.107832	1
1.00	0.126074	0.084372	0.101091	0.001417	0.011236	0.002516	0.126074	0.094202	0.107832	1
1.00	0.126074	0.084372	0.101091	0.001417	0.011236	0.002516	0.126074	0.094202	0.107832	1
