Sat Aug 28 10:18:13 2021
64.57	0.010918	0.439252	0.021306	0.011067	0.143010	0.020545	0.011054	0.420833	0.021542	128
57.66	0.010813	0.417857	0.021080	0.011734	0.147211	0.021735	0.010810	0.426051	0.021086	128
50.84	0.012542	0.427381	0.024369	0.013080	0.144488	0.023988	0.012567	0.440260	0.024436	128
44.29	0.014238	0.422619	0.027547	0.014528	0.136693	0.026264	0.014445	0.438484	0.027969	128
38.34	0.015752	0.404762	0.030325	0.014888	0.131642	0.026751	0.016255	0.416578	0.031290	128
32.88	0.017554	0.386905	0.033585	0.015362	0.113223	0.027053	0.018613	0.400000	0.035571	128
27.87	0.019695	0.367857	0.037389	0.016428	0.100788	0.028251	0.021830	0.379278	0.041285	128
23.44	0.021668	0.340476	0.040744	0.017425	0.087688	0.029073	0.024382	0.347306	0.045566	128
19.58	0.024764	0.325000	0.046022	0.017453	0.083329	0.028861	0.028859	0.331261	0.053092	128
16.18	0.028107	0.304762	0.051468	0.018414	0.076946	0.029716	0.033812	0.311072	0.060995	128
13.01	0.031672	0.276190	0.056828	0.020231	0.070855	0.031475	0.038294	0.278360	0.067326	128
10.43	0.035757	0.250000	0.062565	0.018930	0.063606	0.029176	0.043745	0.249941	0.074458	128
8.28	0.041595	0.230952	0.070494	0.021092	0.056493	0.030716	0.051417	0.230047	0.084048	124
6.50	0.050574	0.220238	0.082259	0.022170	0.052440	0.031164	0.069512	0.219390	0.105574	120
5.00	0.058594	0.196429	0.090263	0.022935	0.041489	0.029541	0.081242	0.194079	0.114538	112
3.79	0.072199	0.183333	0.103599	0.024587	0.034741	0.028795	0.103901	0.178982	0.131478	106
2.94	0.091843	0.180952	0.121844	0.018155	0.030601	0.022789	0.144219	0.186975	0.162837	96
2.30	0.126837	0.195238	0.153774	0.019699	0.025739	0.022318	0.193459	0.209473	0.201148	84
1.80	0.170129	0.204762	0.185845	0.028025	0.021695	0.024457	0.244248	0.226051	0.234797	73
1.49	0.222619	0.222619	0.222619	0.027309	0.019086	0.022469	0.295594	0.252990	0.272638	55
1.31	0.284553	0.250000	0.266160	0.030010	0.019434	0.023591	0.350133	0.291770	0.318298	49
1.21	0.343152	0.277381	0.306781	0.024483	0.017998	0.020745	0.398093	0.329011	0.360270	45
1.13	0.389590	0.294048	0.335142	0.016872	0.017265	0.017066	0.428508	0.352635	0.386887	41
1.07	0.439469	0.315476	0.367290	0.016999	0.017250	0.017124	0.464032	0.383718	0.420071	33
1.04	0.469983	0.326190	0.385102	0.015661	0.016188	0.015920	0.484014	0.398520	0.437126	26
1.02	0.486111	0.333333	0.395480	0.014825	0.015551	0.015179	0.496448	0.408289	0.448073	24
1.01	0.500879	0.339286	0.404542	0.013263	0.015481	0.014286	0.506217	0.415394	0.456330	22
1.01	0.517668	0.348810	0.416785	0.012925	0.015792	0.014215	0.520426	0.424719	0.467727	18
1.00	0.531083	0.355952	0.426230	0.011060	0.015554	0.012927	0.531083	0.435376	0.478491	15
1.00	0.539964	0.361905	0.433357	0.010801	0.015408	0.012699	0.539964	0.444257	0.487457	13
1.00	0.531083	0.355952	0.426230	0.009880	0.013797	0.011514	0.531083	0.439520	0.480983	11
1.00	0.532860	0.357143	0.427655	0.009762	0.013698	0.011400	0.532860	0.441001	0.482598	10
1.00	0.538188	0.360714	0.431932	0.009563	0.013663	0.011251	0.538188	0.446329	0.487973	9
1.00	0.547069	0.366667	0.439059	0.014122	0.013959	0.014040	0.547069	0.453138	0.495693	8
1.00	0.554174	0.371429	0.444761	0.014886	0.013945	0.014400	0.554174	0.459355	0.502329	7
1.00	0.557726	0.373810	0.447612	0.015094	0.013867	0.014455	0.557726	0.462907	0.505912	5
1.00	0.564831	0.378571	0.453314	0.015269	0.014087	0.014654	0.564831	0.469124	0.512548	5
1.00	0.561279	0.376190	0.450463	0.015069	0.014038	0.014536	0.561279	0.464387	0.508257	5
1.00	0.561279	0.376190	0.450463	0.015051	0.014114	0.014568	0.561279	0.462315	0.507013	4
1.00	0.563055	0.377381	0.451889	0.015069	0.014146	0.014593	0.563055	0.464091	0.508806	3
1.00	0.561279	0.376190	0.450463	0.015055	0.014054	0.014537	0.561279	0.464683	0.508434	3
1.00	0.566607	0.379762	0.454740	0.015251	0.014106	0.014656	0.566607	0.470900	0.514339	3
1.00	0.579041	0.388095	0.464718	0.015446	0.014298	0.014850	0.579041	0.484221	0.527403	3
1.00	0.575488	0.385714	0.461867	0.015682	0.014085	0.014841	0.575488	0.484073	0.525837	3
1.00	0.570160	0.382143	0.457591	0.015667	0.013840	0.014697	0.570160	0.481409	0.522039	3
1.00	0.568384	0.380952	0.456165	0.015720	0.013719	0.014651	0.568384	0.480521	0.520772	3
1.00	0.570160	0.382143	0.457591	0.015719	0.013795	0.014694	0.570160	0.482593	0.522735	3
1.00	0.566607	0.379762	0.454740	0.016008	0.013655	0.014738	0.566607	0.479041	0.519158	3
1.00	0.561279	0.376190	0.450463	0.015905	0.013425	0.014561	0.561279	0.476969	0.515701	3
1.00	0.563055	0.377381	0.451889	0.015807	0.013531	0.014581	0.563055	0.476673	0.516275	3
1.00	0.555950	0.372619	0.446187	0.015462	0.013432	0.014376	0.555950	0.470456	0.509642	3
1.00	0.552398	0.370238	0.443336	0.015854	0.013412	0.014531	0.552398	0.466015	0.505543	3
1.00	0.554174	0.371429	0.444761	0.016457	0.013636	0.014914	0.554174	0.463499	0.504797	3
1.00	0.552398	0.370238	0.443336	0.016226	0.013811	0.014922	0.552398	0.456394	0.499828	3
1.00	0.516874	0.346429	0.414825	0.015496	0.013349	0.014343	0.516874	0.418502	0.462515	3
1.00	0.381883	0.255952	0.306486	0.014658	0.011241	0.012724	0.381883	0.290320	0.329865	3
1.00	0.246892	0.165476	0.198147	0.014384	0.009015	0.011084	0.246892	0.157401	0.192242	3
1.00	0.186501	0.125000	0.149679	0.009246	0.007955	0.008552	0.186501	0.102339	0.132158	3
1.00	0.186501	0.125000	0.149679	0.009241	0.007955	0.008550	0.186501	0.102339	0.132158	3
1.00	0.186501	0.125000	0.149679	0.009235	0.007955	0.008548	0.186501	0.102339	0.132158	2
1.00	0.186501	0.125000	0.149679	0.009235	0.007955	0.008548	0.186501	0.102339	0.132158	2
1.00	0.184725	0.123810	0.148254	0.009233	0.007908	0.008519	0.184725	0.100562	0.130229	2
1.00	0.184725	0.123810	0.148254	0.009233	0.007908	0.008519	0.184725	0.100562	0.130229	2
1.00	0.184725	0.123810	0.148254	0.009233	0.007908	0.008519	0.184725	0.100562	0.130229	2
1.00	0.181172	0.121429	0.145403	0.001415	0.007812	0.002397	0.181172	0.097010	0.126360	1
1.00	0.181172	0.121429	0.145403	0.001415	0.007812	0.002397	0.181172	0.097010	0.126360	1
1.00	0.181172	0.121429	0.145403	0.001415	0.007812	0.002397	0.181172	0.097010	0.126360	1
1.00	0.181172	0.121429	0.145403	0.001415	0.007812	0.002397	0.181172	0.097010	0.126360	1
1.00	0.181172	0.121429	0.145403	0.001415	0.007812	0.002397	0.181172	0.097010	0.126360	1
1.00	0.181172	0.121429	0.145403	0.001415	0.007812	0.002397	0.181172	0.097010	0.126360	1
1.00	0.181172	0.121429	0.145403	0.001415	0.007812	0.002397	0.181172	0.097010	0.126360	1
1.00	0.181172	0.121429	0.145403	0.001415	0.007812	0.002397	0.181172	0.097010	0.126360	1
1.00	0.181172	0.121429	0.145403	0.001415	0.007812	0.002397	0.181172	0.097010	0.126360	1
1.00	0.181172	0.121429	0.145403	0.001415	0.007812	0.002397	0.181172	0.097010	0.126360	1
1.00	0.181172	0.121429	0.145403	0.001415	0.007812	0.002397	0.181172	0.097010	0.126360	1
1.00	0.181172	0.121429	0.145403	0.001415	0.007812	0.002397	0.181172	0.097010	0.126360	1
1.00	0.181172	0.121429	0.145403	0.001415	0.007812	0.002397	0.181172	0.097010	0.126360	1
1.00	0.181172	0.121429	0.145403	0.001415	0.007812	0.002397	0.181172	0.097010	0.126360	1
1.00	0.181172	0.121429	0.145403	0.001415	0.007812	0.002397	0.181172	0.097010	0.126360	1
1.00	0.181172	0.121429	0.145403	0.001415	0.007812	0.002397	0.181172	0.097010	0.126360	1
1.00	0.182948	0.122619	0.146828	0.009230	0.007860	0.008490	0.182948	0.098786	0.128297	2
1.00	0.184725	0.123810	0.148254	0.009233	0.007908	0.008519	0.184725	0.100562	0.130229	2
1.00	0.184725	0.123810	0.148254	0.009233	0.007908	0.008519	0.184725	0.100562	0.130229	2
1.00	0.184725	0.123810	0.148254	0.009233	0.007908	0.008519	0.184725	0.100562	0.130229	2
1.00	0.186501	0.125000	0.149679	0.009235	0.007955	0.008548	0.186501	0.102339	0.132158	2
1.00	0.186501	0.125000	0.149679	0.009235	0.007955	0.008548	0.186501	0.102339	0.132158	2
1.00	0.186501	0.125000	0.149679	0.009235	0.007955	0.008548	0.186501	0.102339	0.132158	2
1.00	0.186501	0.125000	0.149679	0.009235	0.007955	0.008548	0.186501	0.102339	0.132158	2
1.00	0.184725	0.123810	0.148254	0.009233	0.007908	0.008519	0.184725	0.100562	0.130229	2
1.00	0.184725	0.123810	0.148254	0.009233	0.007908	0.008519	0.184725	0.100562	0.130229	2
1.00	0.184725	0.123810	0.148254	0.009233	0.007908	0.008519	0.184725	0.100562	0.130229	2
1.00	0.184725	0.123810	0.148254	0.009233	0.007908	0.008519	0.184725	0.100562	0.130229	2
1.00	0.184725	0.123810	0.148254	0.009233	0.007908	0.008519	0.184725	0.100562	0.130229	2
1.00	0.184725	0.123810	0.148254	0.009235	0.007908	0.008520	0.184725	0.100562	0.130229	3
1.00	0.182948	0.122619	0.146828	0.009233	0.007860	0.008491	0.182948	0.098786	0.128297	3
1.00	0.182948	0.122619	0.146828	0.009233	0.007860	0.008491	0.182948	0.098786	0.128297	3
1.00	0.181172	0.121429	0.145403	0.001418	0.007812	0.002400	0.181172	0.097010	0.126360	2
1.00	0.181172	0.121429	0.145403	0.001418	0.007812	0.002400	0.181172	0.097010	0.126360	2
1.00	0.181172	0.121429	0.145403	0.001418	0.007812	0.002400	0.181172	0.097010	0.126360	2
1.00	0.181172	0.121429	0.145403	0.001418	0.007812	0.002400	0.181172	0.097010	0.126360	2
1.00	0.181172	0.121429	0.145403	0.001420	0.007812	0.002404	0.181172	0.097010	0.126360	2
1.00	0.181172	0.121429	0.145403	0.001418	0.007812	0.002400	0.181172	0.097010	0.126360	2
1.00	0.181172	0.121429	0.145403	0.001418	0.007812	0.002400	0.181172	0.097010	0.126360	2
1.00	0.181172	0.121429	0.145403	0.001415	0.007812	0.002397	0.181172	0.097010	0.126360	1
1.00	0.181172	0.121429	0.145403	0.001415	0.007812	0.002397	0.181172	0.097010	0.126360	1
1.00	0.181172	0.121429	0.145403	0.001415	0.007812	0.002397	0.181172	0.097010	0.126360	1
1.00	0.181172	0.121429	0.145403	0.001415	0.007812	0.002397	0.181172	0.097010	0.126360	1
1.00	0.181172	0.121429	0.145403	0.001415	0.007812	0.002397	0.181172	0.097010	0.126360	1
1.00	0.181172	0.121429	0.145403	0.001415	0.007812	0.002397	0.181172	0.097010	0.126360	1
1.00	0.181172	0.121429	0.145403	0.001415	0.007812	0.002397	0.181172	0.097010	0.126360	1
1.00	0.181172	0.121429	0.145403	0.001415	0.007812	0.002397	0.181172	0.097010	0.126360	1
1.00	0.181172	0.121429	0.145403	0.001415	0.007812	0.002397	0.181172	0.097010	0.126360	1
1.00	0.181172	0.121429	0.145403	0.001415	0.007812	0.002397	0.181172	0.097010	0.126360	1
1.00	0.184725	0.123810	0.148254	0.009233	0.007908	0.008519	0.184725	0.100562	0.130229	2
1.00	0.184725	0.123810	0.148254	0.009233	0.007908	0.008519	0.184725	0.100562	0.130229	2
1.00	0.184725	0.123810	0.148254	0.009233	0.007908	0.008519	0.184725	0.100562	0.130229	2
1.00	0.190053	0.127381	0.152530	0.013152	0.008019	0.009964	0.190053	0.105891	0.136005	3
1.00	0.223801	0.150000	0.179615	0.014611	0.008628	0.010849	0.223801	0.136975	0.169940	3
1.00	0.259325	0.173810	0.208125	0.015101	0.009239	0.011464	0.259325	0.168946	0.204599	3
1.00	0.296625	0.198810	0.238061	0.015026	0.009854	0.011902	0.296625	0.205358	0.242695	3
1.00	0.323268	0.216667	0.259444	0.014944	0.010350	0.012230	0.323268	0.230225	0.268926	3
1.00	0.325044	0.217857	0.260870	0.015094	0.010428	0.012335	0.325044	0.231113	0.270147	3
1.00	0.333925	0.223810	0.267997	0.014945	0.010620	0.012417	0.333925	0.239994	0.279273	3
1.00	0.314387	0.210714	0.252316	0.015172	0.010299	0.012269	0.314387	0.220456	0.259173	3
1.00	0.312611	0.209524	0.250891	0.015067	0.010314	0.012245	0.312611	0.215719	0.255281	3
1.00	0.316163	0.211905	0.253742	0.015249	0.010500	0.012437	0.316163	0.215127	0.256038	3
1.00	0.319716	0.214286	0.256593	0.015283	0.010580	0.012504	0.319716	0.217792	0.259090	3
1.00	0.300178	0.201190	0.240912	0.015347	0.010304	0.012329	0.300178	0.197365	0.238149	3
1.00	0.271758	0.182143	0.218104	0.014816	0.009823	0.011813	0.271758	0.168946	0.208360	3
1.00	0.277087	0.185714	0.222381	0.014885	0.009937	0.011917	0.277087	0.171078	0.211544	3
1.00	0.280639	0.188095	0.225232	0.014692	0.010032	0.011923	0.280639	0.172558	0.213711	3
1.00	0.294849	0.197619	0.236636	0.015186	0.010288	0.012266	0.294849	0.184991	0.227344	3
1.00	0.296625	0.198810	0.238061	0.015414	0.010271	0.012327	0.296625	0.192037	0.233138	3
1.00	0.269982	0.180952	0.216679	0.014825	0.009804	0.011803	0.269982	0.168058	0.207162	3
1.00	0.238011	0.159524	0.191019	0.014676	0.009134	0.011260	0.238011	0.144671	0.179958	3
1.00	0.216696	0.145238	0.173913	0.014497	0.008672	0.010852	0.216696	0.128094	0.161011	3
1.00	0.206039	0.138095	0.165360	0.012397	0.008448	0.010049	0.206039	0.119213	0.151037	3
1.00	0.200710	0.134524	0.161083	0.012389	0.008305	0.009944	0.200710	0.113884	0.145315	3
1.00	0.197158	0.132143	0.158232	0.009256	0.008241	0.008719	0.197158	0.110332	0.141486	3
1.00	0.195382	0.130952	0.156807	0.009254	0.008194	0.008691	0.195382	0.109443	0.140299	3
1.00	0.191829	0.128571	0.153956	0.009246	0.008098	0.008634	0.191829	0.106779	0.137192	3
1.00	0.191829	0.128571	0.153956	0.009243	0.008098	0.008633	0.191829	0.106779	0.137192	2
1.00	0.190053	0.127381	0.152530	0.009241	0.008051	0.008605	0.190053	0.105891	0.136005	2
1.00	0.190053	0.127381	0.152530	0.009241	0.008051	0.008605	0.190053	0.105891	0.136005	2
1.00	0.190053	0.127381	0.152530	0.009241	0.008051	0.008605	0.190053	0.105891	0.136005	2
1.00	0.190053	0.127381	0.152530	0.009241	0.008051	0.008605	0.190053	0.105891	0.136005	2
1.00	0.190053	0.127381	0.152530	0.009241	0.008051	0.008605	0.190053	0.105891	0.136005	2
1.00	0.190053	0.127381	0.152530	0.009241	0.008051	0.008605	0.190053	0.105891	0.136005	2
1.00	0.190053	0.127381	0.152530	0.009243	0.008051	0.008606	0.190053	0.105891	0.136005	3
1.00	0.191829	0.128571	0.153956	0.011204	0.008083	0.009391	0.191829	0.107667	0.137923	3
1.00	0.214920	0.144048	0.172488	0.014271	0.008499	0.010653	0.214920	0.128094	0.160518	3
1.00	0.285968	0.191667	0.229508	0.015485	0.009735	0.011955	0.285968	0.193813	0.231040	3
1.00	0.342806	0.229762	0.275125	0.015243	0.010671	0.012554	0.342806	0.251539	0.290165	3
1.00	0.385435	0.258333	0.309337	0.015244	0.011439	0.013070	0.385435	0.293280	0.333101	3

Sat Aug 28 10:46:07 2021
61.08	0.016537	0.629283	0.032227	0.012416	0.127396	0.022627	0.016632	0.598333	0.032364	128
53.89	0.016613	0.600000	0.032330	0.011942	0.174672	0.022356	0.016512	0.603730	0.032145	128
46.73	0.018854	0.590476	0.036542	0.012695	0.164610	0.023572	0.018892	0.604470	0.036639	128
40.39	0.021197	0.573810	0.040884	0.013562	0.155192	0.024944	0.021629	0.589076	0.041726	128
34.57	0.023737	0.550000	0.045511	0.014004	0.143352	0.025516	0.025090	0.570663	0.048066	128
29.39	0.027078	0.533333	0.051539	0.015299	0.135656	0.027497	0.029775	0.559414	0.056540	128
24.66	0.030966	0.511905	0.058400	0.015754	0.122359	0.027914	0.035940	0.541652	0.067408	128
20.54	0.035625	0.490476	0.066425	0.017274	0.104604	0.029651	0.044027	0.523002	0.081218	127
16.82	0.041917	0.472619	0.077005	0.018697	0.094246	0.031204	0.056582	0.510509	0.101873	127
13.74	0.049897	0.459524	0.090019	0.020727	0.074852	0.032464	0.073892	0.502694	0.128845	127
11.05	0.059968	0.444048	0.105666	0.024783	0.058331	0.034787	0.097424	0.496181	0.162869	126
8.90	0.072825	0.434524	0.124744	0.028627	0.046730	0.035504	0.128886	0.493221	0.204367	124
7.10	0.089022	0.423810	0.147138	0.030552	0.039637	0.034507	0.165364	0.483452	0.246435	122
5.66	0.109125	0.414286	0.172748	0.033312	0.035639	0.034436	0.207652	0.476347	0.289224	119
4.43	0.133868	0.397619	0.200300	0.038136	0.024889	0.030120	0.248189	0.463914	0.323375	112
3.49	0.168448	0.394048	0.236007	0.038835	0.023027	0.028911	0.299298	0.461841	0.363214	105
2.78	0.207161	0.385714	0.269551	0.030243	0.020313	0.024303	0.348369	0.455861	0.394932	89
2.22	0.257212	0.382143	0.307471	0.030160	0.017243	0.021941	0.401479	0.455210	0.426659	82
1.78	0.315000	0.375000	0.342391	0.030839	0.016426	0.021435	0.436704	0.450770	0.443625	66
1.49	0.370987	0.371429	0.371208	0.022920	0.015546	0.018527	0.469206	0.451362	0.460111	55
1.31	0.417687	0.365476	0.389841	0.023132	0.014624	0.017919	0.484547	0.447809	0.465454	47
1.19	0.462687	0.369048	0.410596	0.023829	0.014809	0.018266	0.505062	0.452250	0.477199	32
1.11	0.495192	0.367857	0.422131	0.015982	0.014346	0.015120	0.521906	0.454470	0.485859	21
1.07	0.521667	0.372619	0.434722	0.016015	0.014271	0.015093	0.537300	0.460095	0.495709	11
1.03	0.536207	0.370238	0.438028	0.016044	0.014083	0.015000	0.542629	0.457430	0.496400	9
1.01	0.550088	0.372619	0.444287	0.016121	0.014113	0.015050	0.552398	0.459503	0.501686	6
1.01	0.551237	0.371429	0.443812	0.008278	0.013912	0.010380	0.552398	0.458615	0.501156	4
1.00	0.549645	0.369048	0.441595	0.008248	0.013804	0.010326	0.549734	0.455950	0.498469	4
1.00	0.548845	0.367857	0.440485	0.008216	0.013727	0.010279	0.548845	0.455062	0.497573	3
1.00	0.548845	0.367857	0.440485	0.008223	0.013772	0.010297	0.548845	0.454174	0.497042	3
1.00	0.550622	0.369048	0.441910	0.008259	0.013848	0.010347	0.550622	0.454766	0.498124	3
1.00	0.545293	0.365476	0.437634	0.008187	0.013752	0.010264	0.545293	0.449438	0.492747	4
1.00	0.538188	0.360714	0.431932	0.008089	0.013624	0.010151	0.538188	0.442333	0.485575	4
1.00	0.534636	0.358333	0.429081	0.008033	0.013605	0.010101	0.534636	0.438780	0.481989	4
1.00	0.531083	0.355952	0.426230	0.008030	0.013674	0.010118	0.531083	0.433896	0.477595	4
1.00	0.515098	0.345238	0.413400	0.007879	0.013431	0.009932	0.515098	0.417910	0.461442	3
1.00	0.467140	0.313095	0.374911	0.007485	0.012611	0.009394	0.467140	0.373209	0.414925	3
1.00	0.440497	0.295238	0.353528	0.007525	0.012353	0.009353	0.440497	0.342126	0.385129	3
1.00	0.385435	0.258333	0.309337	0.007095	0.011361	0.008735	0.385435	0.291504	0.331953	2
1.00	0.314387	0.210714	0.252316	0.006496	0.010125	0.007914	0.314387	0.224008	0.261612	2
1.00	0.243339	0.163095	0.195296	0.005367	0.008889	0.006693	0.243339	0.155625	0.189840	2
1.00	0.202487	0.135714	0.162509	0.003762	0.008197	0.005157	0.202487	0.117436	0.148656	2
1.00	0.195382	0.130952	0.156807	0.003295	0.008069	0.004679	0.195382	0.111220	0.141749	2
1.00	0.188277	0.126190	0.151105	0.002781	0.007941	0.004119	0.188277	0.104115	0.134083	2
1.00	0.184725	0.123810	0.148254	0.002330	0.007877	0.003596	0.184725	0.100562	0.130229	2
1.00	0.184725	0.123810	0.148254	0.002864	0.007877	0.004201	0.184725	0.100562	0.130229	2
1.00	0.181172	0.121429	0.145403	0.001428	0.007812	0.002415	0.181172	0.097010	0.126360	2
1.00	0.181172	0.121429	0.145403	0.001418	0.007812	0.002400	0.181172	0.097010	0.126360	2
1.00	0.181172	0.121429	0.145403	0.001420	0.007812	0.002404	0.181172	0.097010	0.126360	2
1.00	0.181172	0.121429	0.145403	0.001423	0.007812	0.002407	0.181172	0.097010	0.126360	2
1.00	0.181172	0.121429	0.145403	0.001418	0.007812	0.002400	0.181172	0.097010	0.126360	2
1.00	0.181172	0.121429	0.145403	0.001418	0.007812	0.002400	0.181172	0.097010	0.126360	2
1.00	0.181172	0.121429	0.145403	0.001415	0.007812	0.002397	0.181172	0.097010	0.126360	1
1.00	0.181172	0.121429	0.145403	0.001415	0.007812	0.002397	0.181172	0.097010	0.126360	1
1.00	0.181172	0.121429	0.145403	0.001415	0.007812	0.002397	0.181172	0.097010	0.126360	1
1.00	0.181172	0.121429	0.145403	0.001415	0.007812	0.002397	0.181172	0.097010	0.126360	1
1.00	0.181172	0.121429	0.145403	0.001415	0.007812	0.002397	0.181172	0.097010	0.126360	1
1.00	0.181172	0.121429	0.145403	0.001415	0.007812	0.002397	0.181172	0.097010	0.126360	1
1.00	0.181172	0.121429	0.145403	0.001415	0.007812	0.002397	0.181172	0.097010	0.126360	1
1.00	0.181172	0.121429	0.145403	0.001415	0.007812	0.002397	0.181172	0.097010	0.126360	1
1.00	0.181172	0.121429	0.145403	0.001415	0.007812	0.002397	0.181172	0.097010	0.126360	1
1.00	0.181172	0.121429	0.145403	0.001415	0.007812	0.002397	0.181172	0.097010	0.126360	1
1.00	0.181172	0.121429	0.145403	0.001415	0.007812	0.002397	0.181172	0.097010	0.126360	1
1.00	0.181172	0.121429	0.145403	0.001415	0.007812	0.002397	0.181172	0.097010	0.126360	1
1.00	0.181172	0.121429	0.145403	0.001415	0.007812	0.002397	0.181172	0.097010	0.126360	1
1.00	0.181172	0.121429	0.145403	0.001415	0.007812	0.002397	0.181172	0.097010	0.126360	1
1.00	0.181172	0.121429	0.145403	0.001415	0.007812	0.002397	0.181172	0.097010	0.126360	1
1.00	0.181172	0.121429	0.145403	0.001415	0.007812	0.002397	0.181172	0.097010	0.126360	1
1.00	0.181172	0.121429	0.145403	0.001415	0.007812	0.002397	0.181172	0.097010	0.126360	1
1.00	0.181172	0.121429	0.145403	0.001415	0.007812	0.002397	0.181172	0.097010	0.126360	1
1.00	0.181172	0.121429	0.145403	0.001415	0.007812	0.002397	0.181172	0.097010	0.126360	1
1.00	0.181172	0.121429	0.145403	0.001415	0.007812	0.002397	0.181172	0.097010	0.126360	1
1.00	0.181172	0.121429	0.145403	0.001415	0.007812	0.002397	0.181172	0.097010	0.126360	1
1.00	0.181172	0.121429	0.145403	0.001415	0.007812	0.002397	0.181172	0.097010	0.126360	1
1.00	0.181172	0.121429	0.145403	0.001415	0.007812	0.002397	0.181172	0.097010	0.126360	1
1.00	0.181172	0.121429	0.145403	0.001415	0.007812	0.002397	0.181172	0.097010	0.126360	1
1.00	0.181172	0.121429	0.145403	0.001415	0.007812	0.002397	0.181172	0.097010	0.126360	1
1.00	0.181172	0.121429	0.145403	0.001415	0.007812	0.002397	0.181172	0.097010	0.126360	1
1.00	0.181172	0.121429	0.145403	0.001415	0.007812	0.002397	0.181172	0.097010	0.126360	1
1.00	0.181172	0.121429	0.145403	0.001415	0.007812	0.002397	0.181172	0.097010	0.126360	1
1.00	0.181172	0.121429	0.145403	0.001415	0.007812	0.002397	0.181172	0.097010	0.126360	1
1.00	0.181172	0.121429	0.145403	0.001415	0.007812	0.002397	0.181172	0.097010	0.126360	1
1.00	0.181172	0.121429	0.145403	0.001415	0.007812	0.002397	0.181172	0.097010	0.126360	1
1.00	0.181172	0.121429	0.145403	0.001415	0.007812	0.002397	0.181172	0.097010	0.126360	1
1.00	0.181172	0.121429	0.145403	0.001415	0.007812	0.002397	0.181172	0.097010	0.126360	1
1.00	0.181172	0.121429	0.145403	0.001415	0.007812	0.002397	0.181172	0.097010	0.126360	1
1.00	0.181172	0.121429	0.145403	0.001420	0.007812	0.002404	0.181172	0.097010	0.126360	2
1.00	0.193606	0.129762	0.155381	0.004343	0.008037	0.005639	0.193606	0.109443	0.139838	2
1.00	0.241563	0.161905	0.193870	0.005447	0.008812	0.006733	0.241563	0.154737	0.188638	2
1.00	0.339254	0.227381	0.272274	0.006483	0.010528	0.008025	0.339254	0.245619	0.284941	2
1.00	0.445826	0.298810	0.357805	0.006989	0.012227	0.008894	0.445826	0.350414	0.392404	2
1.00	0.465364	0.311905	0.373485	0.007106	0.012401	0.009034	0.465364	0.372617	0.413858	2
1.00	0.490231	0.328571	0.393443	0.007393	0.012671	0.009338	0.490231	0.400740	0.440991	2
1.00	0.513322	0.344048	0.411974	0.007875	0.012775	0.009744	0.513322	0.425903	0.465544	2
1.00	0.507993	0.340476	0.407698	0.008365	0.011921	0.009831	0.507993	0.430639	0.466129	2
1.00	0.515098	0.345238	0.413400	0.009443	0.011782	0.010484	0.515098	0.442629	0.476121	2
1.00	0.509769	0.341667	0.409123	0.009664	0.011463	0.010487	0.509769	0.441445	0.473153	2
1.00	0.506217	0.339286	0.406272	0.010323	0.011176	0.010733	0.506217	0.441741	0.471786	2
1.00	0.507993	0.340476	0.407698	0.010694	0.011119	0.010902	0.507993	0.444405	0.474076	2
1.00	0.506217	0.339286	0.406272	0.010323	0.011176	0.010733	0.506217	0.441741	0.471786	2
1.00	0.507993	0.340476	0.407698	0.010045	0.011297	0.010634	0.507993	0.441741	0.472556	2
1.00	0.509769	0.341667	0.409123	0.008916	0.011775	0.010148	0.509769	0.435968	0.469989	2
1.00	0.515098	0.345238	0.413400	0.008164	0.012539	0.009889	0.515098	0.431824	0.469799	2
1.00	0.513322	0.344048	0.411974	0.007846	0.012864	0.009747	0.513322	0.425015	0.465013	2
1.00	0.490231	0.328571	0.393443	0.007398	0.012671	0.009342	0.490231	0.400740	0.440991	2
1.00	0.445826	0.298810	0.357805	0.007053	0.012316	0.008969	0.445826	0.348342	0.391101	2
1.00	0.300178	0.201190	0.240912	0.006127	0.009869	0.007560	0.300178	0.207134	0.245124	2
1.00	0.195382	0.130952	0.156807	0.003981	0.008069	0.005332	0.195382	0.111220	0.141749	2
1.00	0.181172	0.121429	0.145403	0.001420	0.007812	0.002404	0.181172	0.097010	0.126360	2
1.00	0.181172	0.121429	0.145403	0.001418	0.007812	0.002400	0.181172	0.097010	0.126360	2
1.00	0.181172	0.121429	0.145403	0.001415	0.007812	0.002397	0.181172	0.097010	0.126360	1
1.00	0.181172	0.121429	0.145403	0.001418	0.007812	0.002400	0.181172	0.097010	0.126360	2
1.00	0.181172	0.121429	0.145403	0.001420	0.007812	0.002404	0.181172	0.097010	0.126360	2
1.00	0.181172	0.121429	0.145403	0.001420	0.007812	0.002404	0.181172	0.097010	0.126360	2
1.00	0.188277	0.126190	0.151105	0.004566	0.007941	0.005798	0.188277	0.104115	0.134083	2
1.00	0.188277	0.126190	0.151105	0.004285	0.007941	0.005566	0.188277	0.104115	0.134083	2
1.00	0.188277	0.126190	0.151105	0.004050	0.007941	0.005364	0.188277	0.104115	0.134083	2
1.00	0.195382	0.130952	0.156807	0.004083	0.008069	0.005422	0.195382	0.111220	0.141750	2
1.00	0.250444	0.167857	0.200998	0.005717	0.008972	0.006984	0.250444	0.162729	0.197276	2
1.00	0.397869	0.266667	0.319316	0.006749	0.011540	0.008517	0.397869	0.302457	0.343663	2
1.00	0.506217	0.339286	0.406272	0.007670	0.012959	0.009637	0.506217	0.415838	0.456598	2
1.00	0.509769	0.341667	0.409123	0.008317	0.012087	0.009854	0.509769	0.430639	0.466875	2
1.00	0.518650	0.347619	0.416251	0.009612	0.011846	0.010612	0.518650	0.446181	0.479694	2
1.00	0.507993	0.340476	0.407698	0.010352	0.011252	0.010783	0.507993	0.442629	0.473064	2
1.00	0.495560	0.332143	0.397719	0.010672	0.010582	0.010627	0.495560	0.437596	0.464778	2
1.00	0.486679	0.326190	0.390592	0.011144	0.010110	0.010602	0.486679	0.435524	0.459682	2
1.00	0.479574	0.321429	0.384890	0.011362	0.009804	0.010526	0.479574	0.432268	0.454694	2
1.00	0.472469	0.316667	0.379187	0.011336	0.009498	0.010336	0.472469	0.429011	0.449693	2
1.00	0.465364	0.311905	0.373485	0.011310	0.009191	0.010141	0.465364	0.424867	0.444194	2
1.00	0.461812	0.309524	0.370634	0.011297	0.009038	0.010042	0.461812	0.423091	0.441604	2
1.00	0.460036	0.308333	0.369209	0.011291	0.008961	0.009992	0.460036	0.422202	0.440308	2
1.00	0.461812	0.309524	0.370634	0.011297	0.009038	0.010042	0.461812	0.423091	0.441604	2
1.00	0.461812	0.309524	0.370634	0.011297	0.009038	0.010042	0.461812	0.423091	0.441604	2
1.00	0.465364	0.311905	0.373485	0.011310	0.009191	0.010141	0.465364	0.424867	0.444194	2
1.00	0.472469	0.316667	0.379187	0.011336	0.009498	0.010336	0.472469	0.429011	0.449693	2
1.00	0.481350	0.322619	0.386315	0.011369	0.009881	0.010573	0.481350	0.433156	0.455983	2
1.00	0.493783	0.330952	0.396294	0.011200	0.010417	0.010794	0.493783	0.438780	0.464660	2
1.00	0.495560	0.332143	0.397719	0.010672	0.010582	0.010627	0.495560	0.437596	0.464778	2
1.00	0.495560	0.332143	0.397719	0.010672	0.010582	0.010627	0.495560	0.437596	0.464778	2
1.00	0.497336	0.333333	0.399145	0.010697	0.010659	0.010678	0.497336	0.438484	0.466060	2
1.00	0.507993	0.340476	0.407698	0.010833	0.011119	0.010974	0.507993	0.444701	0.474245	2
1.00	0.513322	0.344048	0.411974	0.010643	0.011393	0.011005	0.513322	0.447069	0.477910	2
1.00	0.511545	0.342857	0.410549	0.010012	0.011450	0.010683	0.511545	0.443517	0.475108	2
1.00	0.520426	0.348810	0.417676	0.010075	0.011833	0.010884	0.520426	0.449142	0.482163	2
1.00	0.522202	0.350000	0.419102	0.009788	0.011910	0.010745	0.522202	0.449734	0.483266	2
1.00	0.507993	0.340476	0.407698	0.008517	0.011787	0.009889	0.507993	0.432564	0.467254	2
1.00	0.511545	0.342857	0.410549	0.008695	0.011807	0.010015	0.511545	0.437004	0.471346	2
1.00	0.515098	0.345238	0.413400	0.008915	0.011871	0.010183	0.515098	0.440557	0.474920	2
1.00	0.516874	0.346429	0.414825	0.009174	0.011858	0.010345	0.516874	0.443221	0.477222	2
1.00	0.513322	0.344048	0.411974	0.008579	0.012062	0.010027	0.513322	0.435672	0.471320	2
1.00	0.527531	0.353571	0.423378	0.008561	0.012986	0.010319	0.527531	0.441593	0.480752	2
1.00	0.511545	0.342857	0.410549	0.007798	0.012966	0.009739	0.511545	0.422054	0.462511	2
1.00	0.481350	0.322619	0.386315	0.007327	0.012778	0.009313	0.481350	0.385938	0.428396	2
1.00	0.463588	0.310714	0.372060	0.007240	0.012681	0.009218	0.463588	0.364032	0.407822	2
1.00	0.472469	0.316667	0.379187	0.007287	0.012796	0.009286	0.472469	0.372913	0.416829	2
1.00	0.472469	0.316667	0.379187	0.007299	0.012841	0.009307	0.472469	0.372025	0.416273	2
1.00	0.470693	0.315476	0.377762	0.007261	0.012764	0.009256	0.470693	0.371137	0.415028	2
1.00	0.479574	0.321429	0.384890	0.007328	0.012835	0.009330	0.479574	0.382090	0.425317	2
1.00	0.474245	0.317857	0.380613	0.007321	0.012873	0.009333	0.474245	0.373801	0.418075	2
1.00	0.474245	0.317857	0.380613	0.007297	0.012828	0.009303	0.474245	0.374689	0.418630	2
1.00	0.479574	0.321429	0.384890	0.007330	0.012835	0.009331	0.479574	0.382090	0.425317	2
1.00	0.479574	0.321429	0.384890	0.007314	0.012790	0.009306	0.479574	0.382978	0.425867	2
1.00	0.488455	0.327381	0.392017	0.007417	0.012906	0.009421	0.488455	0.393043	0.435585	2
1.00	0.506217	0.339286	0.406272	0.007662	0.013182	0.009691	0.506217	0.411101	0.453728	2
1.00	0.493783	0.330952	0.396294	0.007481	0.012957	0.009485	0.493783	0.398668	0.441157	2
1.00	0.506217	0.339286	0.406272	0.007657	0.013182	0.009687	0.506217	0.411101	0.453728	2
1.00	0.507993	0.340476	0.407698	0.007705	0.013124	0.009710	0.507993	0.413766	0.456063	2
1.00	0.507993	0.340476	0.407698	0.007699	0.013080	0.009693	0.507993	0.414654	0.456602	2
1.00	0.513322	0.344048	0.411974	0.007836	0.013087	0.009803	0.513322	0.422054	0.463235	2

Sat Aug 28 11:15:51 2021
65.89	0.013128	0.538941	0.025632	0.015658	0.136235	0.028087	0.013087	0.509500	0.025518	128
59.27	0.013365	0.530952	0.026073	0.014279	0.204254	0.026691	0.013156	0.524216	0.025668	128
52.80	0.014298	0.505952	0.027810	0.015162	0.180431	0.027974	0.013941	0.504322	0.027133	128
46.50	0.015509	0.483333	0.030054	0.016016	0.153640	0.029009	0.015054	0.487152	0.029205	128
40.68	0.016809	0.458333	0.032429	0.016861	0.137590	0.030041	0.016270	0.464358	0.031438	128
35.02	0.018310	0.429762	0.035124	0.018191	0.120199	0.031600	0.017612	0.437123	0.033859	128
30.14	0.019861	0.401190	0.037848	0.018765	0.105965	0.031884	0.019088	0.407223	0.036467	128
25.63	0.021552	0.370238	0.040733	0.019790	0.089231	0.032395	0.020559	0.376613	0.038989	128
21.59	0.023363	0.338095	0.043706	0.020472	0.082271	0.032786	0.021872	0.346063	0.041144	128
18.00	0.025259	0.304762	0.046651	0.021323	0.062377	0.031781	0.023594	0.315275	0.043902	128
14.86	0.027844	0.277381	0.050608	0.021960	0.054345	0.031280	0.025566	0.282712	0.046892	126
11.94	0.031524	0.252381	0.056048	0.023658	0.045494	0.031128	0.029058	0.259325	0.052260	125
9.43	0.035613	0.225000	0.061493	0.025360	0.032847	0.028622	0.032723	0.232682	0.057376	122
7.31	0.039825	0.195238	0.066156	0.026612	0.022796	0.024557	0.038482	0.206039	0.064852	119
5.64	0.045684	0.172619	0.072247	0.025448	0.018424	0.021374	0.047042	0.184429	0.074963	113
4.34	0.054851	0.159524	0.081633	0.029139	0.015801	0.020491	0.062015	0.173179	0.091327	106
3.33	0.070858	0.158333	0.097902	0.030992	0.014127	0.019408	0.091245	0.175548	0.120077	102
2.54	0.090210	0.153571	0.113656	0.032000	0.011231	0.016626	0.116898	0.177176	0.140859	95
1.90	0.120674	0.153571	0.135149	0.029799	0.009777	0.014723	0.145742	0.182356	0.162006	83
1.58	0.152027	0.160714	0.156250	0.029850	0.007649	0.012178	0.180103	0.194790	0.187159	71
1.33	0.204000	0.182143	0.192453	0.030369	0.008270	0.013000	0.229677	0.221433	0.225479	61
1.20	0.254815	0.204762	0.227063	0.030114	0.008831	0.013658	0.273981	0.254292	0.263770	54
1.12	0.300955	0.225000	0.257493	0.022663	0.009386	0.013274	0.314654	0.280935	0.296840	47
1.08	0.344828	0.250000	0.289855	0.024258	0.010207	0.014369	0.355802	0.314979	0.334149	40
1.05	0.378608	0.265476	0.312106	0.024554	0.010728	0.014932	0.382889	0.336590	0.358250	37
1.03	0.420962	0.291667	0.344585	0.023202	0.010692	0.014638	0.423179	0.368265	0.393817	35
1.02	0.458988	0.313095	0.372258	0.019481	0.010512	0.013656	0.460036	0.394908	0.424991	31
1.01	0.485965	0.329762	0.392908	0.019377	0.011094	0.014110	0.486975	0.416667	0.449085	29
1.00	0.515957	0.346429	0.414530	0.019157	0.011810	0.014612	0.515986	0.435376	0.472266	27
1.00	0.527531	0.353571	0.423378	0.018079	0.012060	0.014468	0.527531	0.444257	0.482326	19
1.00	0.532860	0.357143	0.427655	0.018176	0.012258	0.014642	0.532860	0.446921	0.486122	16
1.00	0.557726	0.373810	0.447612	0.018193	0.013047	0.015197	0.557726	0.467644	0.508728	13
1.00	0.571936	0.383333	0.459016	0.018054	0.013555	0.015484	0.571936	0.477117	0.520241	12
1.00	0.579041	0.388095	0.464718	0.017734	0.013978	0.015634	0.579041	0.481557	0.525819	9
1.00	0.570160	0.382143	0.457591	0.017501	0.013871	0.015476	0.570160	0.472084	0.516507	6
1.00	0.561279	0.376190	0.450463	0.016878	0.013782	0.015174	0.561279	0.463203	0.507546	5
1.00	0.550622	0.369048	0.441910	0.016593	0.013630	0.014966	0.550622	0.454618	0.498036	5
1.00	0.541741	0.363095	0.434783	0.016203	0.013514	0.014737	0.541741	0.444553	0.488358	5
1.00	0.525755	0.352381	0.421953	0.015736	0.013211	0.014363	0.525755	0.429751	0.472930	3
1.00	0.504440	0.338095	0.404847	0.015347	0.012840	0.013982	0.504440	0.409029	0.451752	3
1.00	0.474245	0.317857	0.380613	0.014979	0.012398	0.013567	0.474245	0.378834	0.421204	3
1.00	0.431616	0.289286	0.346401	0.014670	0.011808	0.013084	0.431616	0.335909	0.377795	3
1.00	0.348135	0.233333	0.279401	0.014044	0.010481	0.012004	0.348135	0.257756	0.296205	3
1.00	0.266430	0.178571	0.213828	0.005261	0.009082	0.006662	0.266430	0.177235	0.212867	2
1.00	0.214920	0.144048	0.172488	0.004024	0.008243	0.005408	0.214920	0.129574	0.161675	2
1.00	0.182948	0.122619	0.146828	0.002184	0.007755	0.003409	0.182948	0.099970	0.129291	2
1.00	0.182948	0.122619	0.146828	0.001858	0.007845	0.003005	0.182948	0.097898	0.127545	2
1.00	0.181172	0.121429	0.145403	0.001444	0.007812	0.002437	0.181172	0.097010	0.126360	2
1.00	0.181172	0.121429	0.145403	0.001436	0.007812	0.002426	0.181172	0.097010	0.126360	2
1.00	0.181172	0.121429	0.145403	0.001420	0.007812	0.002404	0.181172	0.097010	0.126360	2
1.00	0.181172	0.121429	0.145403	0.001420	0.007812	0.002404	0.181172	0.097010	0.126360	2
1.00	0.181172	0.121429	0.145403	0.001420	0.007812	0.002404	0.181172	0.097010	0.126360	2
1.00	0.181172	0.121429	0.145403	0.001420	0.007812	0.002404	0.181172	0.097010	0.126360	2
1.00	0.181172	0.121429	0.145403	0.001420	0.007812	0.002404	0.181172	0.097010	0.126360	2
1.00	0.181172	0.121429	0.145403	0.001420	0.007812	0.002404	0.181172	0.097010	0.126360	2
1.00	0.181172	0.121429	0.145403	0.001420	0.007812	0.002404	0.181172	0.097010	0.126360	2
1.00	0.181172	0.121429	0.145403	0.001420	0.007812	0.002404	0.181172	0.097010	0.126360	2
1.00	0.181172	0.121429	0.145403	0.001420	0.007812	0.002404	0.181172	0.097010	0.126360	2
1.00	0.181172	0.121429	0.145403	0.001420	0.007812	0.002404	0.181172	0.097010	0.126360	2
1.00	0.181172	0.121429	0.145403	0.001420	0.007812	0.002404	0.181172	0.097010	0.126360	2
1.00	0.181172	0.121429	0.145403	0.001418	0.007812	0.002400	0.181172	0.097010	0.126360	2
1.00	0.181172	0.121429	0.145403	0.001418	0.007812	0.002400	0.181172	0.097010	0.126360	2
1.00	0.181172	0.121429	0.145403	0.001418	0.007812	0.002400	0.181172	0.097010	0.126360	2
1.00	0.181172	0.121429	0.145403	0.001418	0.007812	0.002400	0.181172	0.097010	0.126360	2
1.00	0.181172	0.121429	0.145403	0.001418	0.007812	0.002400	0.181172	0.097010	0.126360	2
1.00	0.181172	0.121429	0.145403	0.001418	0.007812	0.002400	0.181172	0.097010	0.126360	2
1.00	0.181172	0.121429	0.145403	0.001418	0.007812	0.002400	0.181172	0.097010	0.126360	2
1.00	0.181172	0.121429	0.145403	0.001418	0.007812	0.002400	0.181172	0.097010	0.126360	2
1.00	0.181172	0.121429	0.145403	0.001418	0.007812	0.002400	0.181172	0.097010	0.126360	2
1.00	0.181172	0.121429	0.145403	0.001418	0.007812	0.002400	0.181172	0.097010	0.126360	2
1.00	0.181172	0.121429	0.145403	0.001418	0.007812	0.002400	0.181172	0.097010	0.126360	2
1.00	0.181172	0.121429	0.145403	0.001415	0.007812	0.002397	0.181172	0.097010	0.126360	1
1.00	0.181172	0.121429	0.145403	0.001415	0.007812	0.002397	0.181172	0.097010	0.126360	1
1.00	0.181172	0.121429	0.145403	0.001415	0.007812	0.002397	0.181172	0.097010	0.126360	1
1.00	0.181172	0.121429	0.145403	0.001415	0.007812	0.002397	0.181172	0.097010	0.126360	1
1.00	0.181172	0.121429	0.145403	0.001415	0.007812	0.002397	0.181172	0.097010	0.126360	1
1.00	0.181172	0.121429	0.145403	0.001415	0.007812	0.002397	0.181172	0.097010	0.126360	1
1.00	0.181172	0.121429	0.145403	0.001415	0.007812	0.002397	0.181172	0.097010	0.126360	1
1.00	0.181172	0.121429	0.145403	0.001415	0.007812	0.002397	0.181172	0.097010	0.126360	1
1.00	0.181172	0.121429	0.145403	0.001418	0.007812	0.002400	0.181172	0.097010	0.126360	2
1.00	0.181172	0.121429	0.145403	0.001418	0.007812	0.002400	0.181172	0.097010	0.126360	2
1.00	0.181172	0.121429	0.145403	0.001418	0.007812	0.002400	0.181172	0.097010	0.126360	2
1.00	0.181172	0.121429	0.145403	0.001418	0.007812	0.002400	0.181172	0.097010	0.126360	2
1.00	0.181172	0.121429	0.145403	0.001423	0.007812	0.002407	0.181172	0.097010	0.126360	2
1.00	0.182948	0.122619	0.146828	0.002549	0.007845	0.003848	0.182948	0.097898	0.127545	2
1.00	0.181172	0.121429	0.145403	0.002140	0.007768	0.003355	0.181172	0.097010	0.126360	2
1.00	0.181172	0.121429	0.145403	0.001995	0.007768	0.003175	0.181172	0.097010	0.126360	2
1.00	0.188277	0.126190	0.151105	0.002870	0.007896	0.004210	0.188277	0.103227	0.133345	2
1.00	0.197158	0.132143	0.158232	0.003509	0.008056	0.004889	0.197158	0.109443	0.140754	2
1.00	0.232682	0.155952	0.186743	0.004912	0.008652	0.006266	0.232682	0.144079	0.177962	2
1.00	0.250444	0.167857	0.200998	0.005285	0.008972	0.006651	0.250444	0.161841	0.196622	2
1.00	0.250444	0.167857	0.200998	0.005285	0.008972	0.006651	0.250444	0.161841	0.196622	2
1.00	0.239787	0.160714	0.192445	0.005075	0.008780	0.006432	0.239787	0.151184	0.185446	2
1.00	0.213144	0.142857	0.171062	0.004480	0.008300	0.005819	0.213144	0.126317	0.158626	2
1.00	0.204263	0.136905	0.163934	0.004006	0.008184	0.005379	0.204263	0.116548	0.148414	2
1.00	0.232682	0.155952	0.186743	0.004999	0.008652	0.006337	0.232682	0.144079	0.177962	2
1.00	0.238011	0.159524	0.191019	0.005057	0.008748	0.006409	0.238011	0.149408	0.183578	2
1.00	0.245115	0.164286	0.196721	0.005204	0.008876	0.006562	0.245115	0.156513	0.191041	2
1.00	0.232682	0.155952	0.186743	0.005091	0.008652	0.006410	0.232682	0.144079	0.177962	2
1.00	0.216696	0.145238	0.173913	0.004758	0.008408	0.006077	0.216696	0.128982	0.161710	2
1.00	0.204263	0.136905	0.163934	0.004006	0.008184	0.005379	0.204263	0.116548	0.148414	2
1.00	0.195382	0.130952	0.156807	0.003503	0.008024	0.004877	0.195382	0.108555	0.139567	2
1.00	0.188277	0.126190	0.151105	0.003029	0.007896	0.004379	0.188277	0.103227	0.133345	2
1.00	0.181172	0.121429	0.145403	0.001961	0.007768	0.003131	0.181172	0.097010	0.126360	2
1.00	0.181172	0.121429	0.145403	0.002208	0.007768	0.003439	0.181172	0.097010	0.126360	2
1.00	0.181172	0.121429	0.145403	0.001420	0.007812	0.002404	0.181172	0.097010	0.126360	2
1.00	0.181172	0.121429	0.145403	0.001418	0.007812	0.002400	0.181172	0.097010	0.126360	2
1.00	0.181172	0.121429	0.145403	0.001418	0.007812	0.002400	0.181172	0.097010	0.126360	2
1.00	0.181172	0.121429	0.145403	0.001418	0.007812	0.002400	0.181172	0.097010	0.126360	2
1.00	0.181172	0.121429	0.145403	0.001418	0.007812	0.002400	0.181172	0.097010	0.126360	2
1.00	0.181172	0.121429	0.145403	0.001418	0.007812	0.002400	0.181172	0.097010	0.126360	2
1.00	0.181172	0.121429	0.145403	0.001418	0.007812	0.002400	0.181172	0.097010	0.126360	2
1.00	0.181172	0.121429	0.145403	0.001418	0.007812	0.002400	0.181172	0.097010	0.126360	2
1.00	0.181172	0.121429	0.145403	0.001418	0.007812	0.002400	0.181172	0.097010	0.126360	2
1.00	0.181172	0.121429	0.145403	0.001418	0.007812	0.002400	0.181172	0.097010	0.126360	2
1.00	0.181172	0.121429	0.145403	0.001415	0.007812	0.002397	0.181172	0.097010	0.126360	1
1.00	0.181172	0.121429	0.145403	0.001415	0.007812	0.002397	0.181172	0.097010	0.126360	1
1.00	0.181172	0.121429	0.145403	0.001415	0.007812	0.002397	0.181172	0.097010	0.126360	1
1.00	0.181172	0.121429	0.145403	0.001415	0.007812	0.002397	0.181172	0.097010	0.126360	1
1.00	0.181172	0.121429	0.145403	0.001415	0.007812	0.002397	0.181172	0.097010	0.126360	1
1.00	0.181172	0.121429	0.145403	0.001415	0.007812	0.002397	0.181172	0.097010	0.126360	1
1.00	0.181172	0.121429	0.145403	0.001415	0.007812	0.002397	0.181172	0.097010	0.126360	1
1.00	0.181172	0.121429	0.145403	0.001415	0.007812	0.002397	0.181172	0.097010	0.126360	1
1.00	0.181172	0.121429	0.145403	0.001415	0.007812	0.002397	0.181172	0.097010	0.126360	1
1.00	0.181172	0.121429	0.145403	0.001415	0.007812	0.002397	0.181172	0.097010	0.126360	1
1.00	0.181172	0.121429	0.145403	0.001415	0.007812	0.002397	0.181172	0.097010	0.126360	1
1.00	0.181172	0.121429	0.145403	0.001415	0.007812	0.002397	0.181172	0.097010	0.126360	1
1.00	0.181172	0.121429	0.145403	0.001415	0.007812	0.002397	0.181172	0.097010	0.126360	1
1.00	0.181172	0.121429	0.145403	0.001415	0.007812	0.002397	0.181172	0.097010	0.126360	1
1.00	0.181172	0.121429	0.145403	0.001418	0.007812	0.002400	0.181172	0.097010	0.126360	2
1.00	0.182948	0.122619	0.146828	0.009233	0.007860	0.008491	0.182948	0.097898	0.127545	3
1.00	0.182948	0.122619	0.146828	0.009233	0.007860	0.008491	0.182948	0.097898	0.127545	3
1.00	0.182948	0.122619	0.146828	0.009233	0.007860	0.008491	0.182948	0.097898	0.127545	3
1.00	0.182948	0.122619	0.146828	0.009233	0.007860	0.008491	0.182948	0.097898	0.127545	3
1.00	0.182948	0.122619	0.146828	0.009233	0.007860	0.008491	0.182948	0.097898	0.127545	3
1.00	0.184725	0.123810	0.148254	0.010806	0.007892	0.009122	0.184725	0.098786	0.128731	3
1.00	0.182948	0.122619	0.146828	0.010023	0.007816	0.008783	0.182948	0.097898	0.127545	3
1.00	0.182948	0.122619	0.146828	0.009851	0.007816	0.008716	0.182948	0.097898	0.127545	3
1.00	0.186501	0.125000	0.149679	0.010339	0.007880	0.008943	0.186501	0.101451	0.131415	3
1.00	0.202487	0.135714	0.162509	0.012064	0.008168	0.009741	0.202487	0.114772	0.146504	3
1.00	0.227353	0.152381	0.182466	0.013266	0.008616	0.010447	0.227353	0.138751	0.172331	3
1.00	0.255773	0.171429	0.205274	0.014041	0.009128	0.011064	0.255773	0.165394	0.200886	3
1.00	0.285968	0.191667	0.229508	0.013967	0.009673	0.011430	0.285968	0.193813	0.231040	3
1.00	0.301954	0.202381	0.242338	0.014058	0.009961	0.011660	0.301954	0.209799	0.247579	3
1.00	0.305506	0.204762	0.245189	0.014056	0.010025	0.011703	0.305506	0.213351	0.251245	3
1.00	0.323268	0.216667	0.259444	0.014241	0.010300	0.011954	0.323268	0.229337	0.268319	3
1.00	0.326821	0.219048	0.262295	0.014140	0.010320	0.011932	0.326821	0.232001	0.271367	3
1.00	0.333925	0.223810	0.267997	0.014078	0.010448	0.011994	0.333925	0.238218	0.278067	3
1.00	0.335702	0.225000	0.269423	0.014060	0.010480	0.012009	0.335702	0.239994	0.279892	3
1.00	0.353464	0.236905	0.283678	0.014080	0.010800	0.012224	0.353464	0.256868	0.297522	3
1.00	0.373002	0.250000	0.299359	0.014187	0.011108	0.012460	0.373002	0.275518	0.316933	3
1.00	0.390764	0.261905	0.313614	0.014388	0.011428	0.012738	0.390764	0.290616	0.333330	3
1.00	0.396092	0.265476	0.317890	0.014366	0.011524	0.012789	0.396092	0.295056	0.338189	3
1.00	0.394316	0.264286	0.316465	0.014239	0.011358	0.012637	0.394316	0.295944	0.338121	3
1.00	0.396092	0.265476	0.317890	0.006444	0.011375	0.008227	0.396092	0.297721	0.339933	2
1.00	0.397869	0.266667	0.319316	0.006556	0.011540	0.008362	0.397869	0.297721	0.340585	2
1.00	0.388988	0.260714	0.312188	0.006529	0.011380	0.008298	0.388988	0.289728	0.332099	2
1.00	0.383659	0.257143	0.307912	0.006502	0.011284	0.008250	0.383659	0.285287	0.327240	2
1.00	0.383659	0.257143	0.307912	0.006502	0.011284	0.008250	0.383659	0.285287	0.327240	2
1.00	0.380107	0.254762	0.305061	0.006470	0.011220	0.008207	0.380107	0.282623	0.324195	2
1.00	0.376554	0.252381	0.302210	0.006439	0.011156	0.008165	0.376554	0.279070	0.320565	2
1.00	0.374778	0.251190	0.300784	0.006415	0.011124	0.008138	0.374778	0.277294	0.318749	2
1.00	0.387211	0.259524	0.310763	0.006547	0.011348	0.008303	0.387211	0.288840	0.330868	2
1.00	0.390764	0.261905	0.313614	0.006513	0.011368	0.008281	0.390764	0.292392	0.334495	2
1.00	0.396092	0.265476	0.317890	0.006520	0.011419	0.008300	0.396092	0.297721	0.339933	2
1.00	0.401421	0.269048	0.322167	0.006543	0.011515	0.008345	0.401421	0.302161	0.344789	2
1.00	0.412078	0.276190	0.330720	0.006634	0.011663	0.008457	0.412078	0.312818	0.355652	2
1.00	0.415631	0.278571	0.333571	0.006630	0.011682	0.008460	0.415631	0.317259	0.359843	2
1.00	0.419183	0.280952	0.336422	0.006646	0.011702	0.008478	0.419183	0.321995	0.364217	2
1.00	0.436945	0.292857	0.350677	0.006808	0.012022	0.008693	0.436945	0.338869	0.381708	2
1.00	0.440497	0.295238	0.353528	0.006832	0.012086	0.008730	0.440497	0.342422	0.385316	2
1.00	0.442274	0.296429	0.354954	0.014629	0.012045	0.013212	0.442274	0.345382	0.387868	3
1.00	0.445826	0.298810	0.357805	0.014670	0.012109	0.013267	0.445826	0.348934	0.391474	3
1.00	0.445826	0.298810	0.357805	0.014660	0.012109	0.013263	0.445826	0.348934	0.391474	3
1.00	0.447602	0.300000	0.359230	0.014677	0.012141	0.013289	0.447602	0.350711	0.393276	3
1.00	0.447602	0.300000	0.359230	0.014677	0.012141	0.013289	0.447602	0.350711	0.393276	3
1.00	0.447602	0.300000	0.359230	0.014677	0.012141	0.013289	0.447602	0.350711	0.393276	3
1.00	0.445826	0.298810	0.357805	0.014670	0.012109	0.013267	0.445826	0.348934	0.391474	3
1.00	0.445826	0.298810	0.357805	0.014663	0.012109	0.013264	0.445826	0.348934	0.391474	3
1.00	0.451155	0.302381	0.362081	0.014714	0.012236	0.013361	0.451155	0.352487	0.395764	3
1.00	0.454707	0.304762	0.364932	0.014738	0.012331	0.013428	0.454707	0.354855	0.398623	3
1.00	0.452931	0.303571	0.363507	0.014719	0.012299	0.013401	0.452931	0.353079	0.396820	3
1.00	0.463588	0.310714	0.372060	0.014840	0.012507	0.013574	0.463588	0.362848	0.407078	3
1.00	0.465364	0.311905	0.373485	0.014833	0.012510	0.013573	0.465364	0.364920	0.409066	3
1.00	0.468917	0.314286	0.376336	0.014852	0.012605	0.013637	0.468917	0.368472	0.412670	3
1.00	0.474245	0.317857	0.380613	0.014920	0.012701	0.013721	0.474245	0.373801	0.418075	3
1.00	0.479574	0.321429	0.384890	0.014993	0.012797	0.013808	0.479574	0.379130	0.423477	3
1.00	0.483126	0.323810	0.387741	0.015036	0.012817	0.013838	0.483126	0.382090	0.426709	3
1.00	0.495560	0.332143	0.397719	0.015216	0.013056	0.014054	0.495560	0.394523	0.439307	3
1.00	0.500888	0.335714	0.401996	0.015297	0.013108	0.014118	0.500888	0.401036	0.445435	3
1.00	0.499112	0.334524	0.400570	0.015311	0.013016	0.014070	0.499112	0.398372	0.443088	3
1.00	0.506217	0.339286	0.406272	0.015390	0.013175	0.014197	0.506217	0.405477	0.450281	3
1.00	0.509769	0.341667	0.409123	0.015437	0.013255	0.014263	0.509769	0.409029	0.453876	3
1.00	0.513322	0.344048	0.411974	0.015459	0.013395	0.014353	0.513322	0.410509	0.456194	3
1.00	0.511545	0.342857	0.410549	0.015409	0.013378	0.014322	0.511545	0.407845	0.453847	3
1.00	0.515098	0.345238	0.413400	0.015424	0.013518	0.014408	0.515098	0.409029	0.455976	3
1.00	0.513322	0.344048	0.411974	0.015385	0.013486	0.014373	0.513322	0.407253	0.454177	3
1.00	0.500000	0.335714	0.401709	0.022992	0.013415	0.016944	0.499112	0.395115	0.441066	4
1.00	0.496454	0.333333	0.398860	0.022940	0.013351	0.016878	0.495560	0.391563	0.437466	4
1.00	0.487589	0.327381	0.391738	0.022825	0.013175	0.016706	0.486679	0.385346	0.430125	4
1.00	0.484043	0.325000	0.388889	0.022776	0.013111	0.016642	0.483126	0.381794	0.426524	4
1.00	0.480496	0.322619	0.386040	0.022770	0.013060	0.016599	0.479574	0.379130	0.423477	4
1.00	0.480496	0.322619	0.386040	0.022770	0.013060	0.016599	0.479574	0.379130	0.423477	4
1.00	0.473404	0.317857	0.380342	0.022682	0.012932	0.016472	0.472469	0.372025	0.416273	4
1.00	0.473404	0.317857	0.380342	0.022703	0.012977	0.016514	0.472469	0.370841	0.415531	4
1.00	0.468085	0.314286	0.376068	0.022655	0.012865	0.016411	0.467140	0.365512	0.410124	4
1.00	0.468085	0.314286	0.376068	0.022659	0.012849	0.016399	0.467140	0.366400	0.410683	4
1.00	0.466312	0.313095	0.374644	0.022626	0.012757	0.016315	0.465364	0.365808	0.409624	4
1.00	0.471631	0.316667	0.378917	0.022687	0.012853	0.016409	0.470693	0.371137	0.415028	4
1.00	0.477876	0.321429	0.384342	0.022734	0.013165	0.016674	0.476021	0.377353	0.420983	4
1.01	0.482332	0.325000	0.388336	0.022782	0.013429	0.016898	0.479574	0.381794	0.425134	4
1.01	0.484099	0.326190	0.389758	0.022819	0.013446	0.016921	0.481350	0.381794	0.425830	4
1.01	0.488536	0.329762	0.393746	0.022857	0.013726	0.017152	0.484902	0.386234	0.429981	4
1.01	0.492091	0.333333	0.397445	0.022862	0.014130	0.017465	0.486679	0.389787	0.432877	4
1.01	0.498246	0.338095	0.402837	0.022916	0.014457	0.017729	0.492007	0.394227	0.437723	4
1.01	0.499124	0.339286	0.403969	0.022916	0.014657	0.017879	0.492007	0.395115	0.438270	4
1.02	0.501742	0.342857	0.407355	0.022218	0.015106	0.017984	0.493783	0.398668	0.441157	4
1.02	0.500870	0.342857	0.407067	0.022252	0.015274	0.018114	0.492007	0.397780	0.439904	4
1.02	0.500867	0.344048	0.407904	0.022320	0.015643	0.018394	0.490231	0.397780	0.439193	4
1.03	0.504318	0.347619	0.411557	0.022415	0.016075	0.018723	0.492007	0.401036	0.441888	4
1.04	0.509434	0.353571	0.417428	0.022173	0.016740	0.019077	0.494671	0.407253	0.446726	4
1.04	0.507719	0.352381	0.416022	0.022160	0.016693	0.019042	0.492895	0.405477	0.444933	4
1.04	0.505137	0.351190	0.414326	0.022174	0.016798	0.019115	0.489343	0.404588	0.442948	4
1.04	0.505137	0.351190	0.414326	0.022172	0.016798	0.019114	0.489343	0.404588	0.442948	4
1.04	0.505137	0.351190	0.414326	0.022172	0.016798	0.019114	0.489343	0.404588	0.442948	4
1.04	0.505119	0.352381	0.415147	0.021899	0.016998	0.019140	0.489343	0.405477	0.443480	4
1.05	0.509338	0.357143	0.419874	0.022042	0.017631	0.019591	0.491119	0.409917	0.446859	4
1.05	0.514431	0.360714	0.424073	0.022084	0.017774	0.019696	0.496448	0.412285	0.450469	4
1.05	0.515254	0.361905	0.425175	0.022104	0.017990	0.019836	0.496448	0.412285	0.450469	4
1.05	0.518644	0.364286	0.427972	0.022143	0.018070	0.019900	0.500000	0.415838	0.454052	4
1.05	0.523729	0.367857	0.432168	0.022173	0.018168	0.019971	0.505329	0.419390	0.458366	4
1.05	0.528814	0.371429	0.436364	0.022211	0.018311	0.020073	0.510657	0.422350	0.462325	4
1.05	0.528814	0.371429	0.436364	0.022186	0.018342	0.020082	0.510657	0.421462	0.461792	4
1.05	0.532203	0.373810	0.439161	0.022200	0.018453	0.020154	0.514210	0.425015	0.465377	4
1.05	0.533898	0.375000	0.440559	0.022213	0.018501	0.020188	0.515986	0.425607	0.466459	4
1.05	0.533898	0.375000	0.440559	0.021967	0.018501	0.020085	0.515986	0.425607	0.466459	4
1.05	0.538983	0.378571	0.444755	0.021823	0.018643	0.020108	0.521314	0.430047	0.471303	4
1.05	0.540678	0.379762	0.446154	0.021841	0.018662	0.020127	0.523091	0.431824	0.473096	4
1.05	0.547458	0.384524	0.451748	0.021945	0.018821	0.020263	0.530195	0.438040	0.479732	4
1.05	0.550847	0.386905	0.454545	0.021994	0.018917	0.020339	0.533748	0.441593	0.483317	4
1.05	0.557627	0.391667	0.460140	0.022096	0.019076	0.020475	0.540853	0.448697	0.490484	4
1.05	0.569492	0.400000	0.469930	0.022277	0.019347	0.020709	0.553286	0.458822	0.501646	4
1.05	0.571186	0.401190	0.471329	0.022306	0.019334	0.020714	0.555062	0.460598	0.503437	4
1.05	0.574576	0.403571	0.474126	0.022213	0.019309	0.020660	0.558615	0.465038	0.507549	4
1.05	0.576271	0.404762	0.475524	0.022266	0.019326	0.020692	0.560391	0.466815	0.509340	4
1.05	0.584746	0.410714	0.482518	0.022263	0.019428	0.020749	0.569272	0.475696	0.518294	4
1.05	0.589831	0.414286	0.486713	0.022112	0.019479	0.020712	0.574600	0.481912	0.524191	4
1.05	0.596610	0.419048	0.492308	0.022258	0.019654	0.020875	0.581705	0.487833	0.530650	4
1.05	0.601695	0.422619	0.496504	0.022265	0.019706	0.020908	0.587034	0.494050	0.536543	4
1.05	0.605085	0.425000	0.499301	0.022327	0.019801	0.020989	0.590586	0.497602	0.540121	4
1.05	0.605085	0.425000	0.499301	0.022327	0.019801	0.020989	0.590586	0.497602	0.540121	4
1.05	0.605085	0.425000	0.499301	0.022327	0.019801	0.020989	0.590586	0.497602	0.540121	4
1.05	0.605753	0.426190	0.500349	0.022358	0.020001	0.021114	0.590586	0.498490	0.540644	4
1.05	0.601351	0.423810	0.497207	0.022154	0.020106	0.021080	0.585258	0.494050	0.535800	4
1.05	0.599662	0.422619	0.495810	0.022008	0.020074	0.020996	0.583481	0.492274	0.534011	4
1.05	0.594595	0.419048	0.491620	0.021906	0.020022	0.020922	0.578153	0.486057	0.528120	4
1.05	0.591906	0.417857	0.489881	0.021641	0.019990	0.020783	0.575488	0.484281	0.525960	4
1.06	0.592593	0.419048	0.490934	0.021777	0.020191	0.020954	0.575488	0.485169	0.526483	4
1.06	0.592282	0.420238	0.491643	0.021699	0.020391	0.021025	0.574600	0.486057	0.526633	4
1.06	0.590301	0.420238	0.490960	0.021739	0.020559	0.021133	0.572824	0.485169	0.525365	4
1.06	0.585977	0.417857	0.487839	0.021497	0.020495	0.020984	0.569272	0.481616	0.521788	4
1.06	0.585977	0.417857	0.487839	0.021497	0.020495	0.020984	0.569272	0.481616	0.521788	4
1.06	0.582638	0.415476	0.485059	0.021103	0.020431	0.020762	0.565719	0.478064	0.518211	4
1.07	0.580000	0.414286	0.483333	0.021077	0.020567	0.020819	0.562167	0.475400	0.515155	4
1.07	0.575707	0.411905	0.480222	0.020841	0.020503	0.020671	0.558615	0.471847	0.511578	4
1.07	0.575707	0.411905	0.480222	0.020841	0.020503	0.020671	0.558615	0.471847	0.511578	4
1.07	0.574043	0.410714	0.478834	0.020812	0.020471	0.020640	0.556838	0.470071	0.509789	4
1.07	0.574043	0.410714	0.478834	0.020812	0.020471	0.020640	0.556838	0.470071	0.509789	4
1.07	0.575707	0.411905	0.480222	0.020950	0.020548	0.020747	0.558615	0.470959	0.511055	4
1.07	0.575707	0.411905	0.480222	0.020950	0.020548	0.020747	0.558615	0.470959	0.511055	4
1.07	0.575707	0.411905	0.480222	0.020950	0.020548	0.020747	0.558615	0.470959	0.511055	4
1.07	0.575707	0.411905	0.480222	0.020950	0.020548	0.020747	0.558615	0.470959	0.511055	4
1.07	0.575707	0.411905	0.480222	0.020841	0.020503	0.020671	0.558615	0.471847	0.511578	4
1.07	0.577371	0.413095	0.481610	0.020870	0.020535	0.020701	0.560391	0.473623	0.513367	4
1.07	0.577371	0.413095	0.481610	0.020875	0.020535	0.020704	0.560391	0.473623	0.513367	4
1.07	0.580699	0.415476	0.484386	0.020943	0.020615	0.020778	0.563943	0.477176	0.516944	4
1.07	0.580699	0.415476	0.484386	0.020943	0.020615	0.020778	0.563943	0.477176	0.516944	4
1.07	0.582363	0.416667	0.485774	0.020971	0.020631	0.020800	0.565719	0.478952	0.518732	4
1.07	0.584027	0.417857	0.487162	0.021225	0.020663	0.020940	0.567496	0.480728	0.520521	4
1.07	0.585690	0.419048	0.488550	0.021256	0.020695	0.020972	0.569272	0.482504	0.522309	4
1.07	0.587354	0.420238	0.489938	0.021287	0.020727	0.021003	0.571048	0.484281	0.524097	4
1.07	0.587354	0.420238	0.489938	0.021292	0.020743	0.021014	0.571048	0.483393	0.523577	4
1.07	0.589018	0.421429	0.491325	0.021111	0.020791	0.020949	0.572824	0.485169	0.525365	4
1.07	0.591667	0.422619	0.493056	0.021121	0.020809	0.020964	0.574600	0.486945	0.527154	4
1.07	0.591667	0.422619	0.493056	0.021121	0.020809	0.020964	0.574600	0.486945	0.527154	4
1.07	0.598333	0.427381	0.498611	0.021164	0.020969	0.021066	0.581705	0.494050	0.534306	4
1.07	0.603333	0.430952	0.502778	0.021271	0.021127	0.021199	0.587034	0.496418	0.537937	4
1.07	0.603993	0.432143	0.503817	0.021136	0.021159	0.021148	0.588810	0.498194	0.539725	4
1.07	0.603993	0.432143	0.503817	0.021136	0.021175	0.021156	0.588810	0.497306	0.539203	4
1.07	0.607321	0.434524	0.506593	0.021200	0.021239	0.021219	0.592362	0.500858	0.542781	4
1.07	0.607321	0.434524	0.506593	0.021200	0.021239	0.021219	0.592362	0.500858	0.542781	4
1.07	0.607321	0.434524	0.506593	0.021200	0.021239	0.021219	0.592362	0.500858	0.542781	4
1.07	0.611296	0.438095	0.510402	0.021137	0.021351	0.021243	0.596803	0.505299	0.547252	4
1.07	0.611570	0.440476	0.512111	0.020893	0.021430	0.021158	0.598579	0.507963	0.549561	4
1.07	0.614876	0.442857	0.514879	0.020882	0.021510	0.021191	0.602131	0.510628	0.552617	4
1.07	0.614876	0.442857	0.514879	0.020811	0.021510	0.021154	0.602131	0.510628	0.552617	4
1.07	0.614876	0.442857	0.514879	0.020735	0.021481	0.021101	0.602131	0.509740	0.552097	4
1.08	0.613115	0.445238	0.515862	0.020170	0.021576	0.020849	0.602131	0.511516	0.553137	4
1.09	0.612111	0.445238	0.515507	0.020062	0.021576	0.020791	0.602131	0.511516	0.553137	4
1.09	0.613748	0.446429	0.516885	0.020094	0.021608	0.020824	0.603908	0.513292	0.554925	4
1.09	0.615385	0.447619	0.518263	0.020137	0.021625	0.020854	0.605684	0.515956	0.557231	4
1.09	0.620295	0.451190	0.522398	0.020250	0.021721	0.020959	0.611012	0.521285	0.562593	4
1.08	0.618033	0.448810	0.520000	0.020293	0.021625	0.020938	0.607460	0.519509	0.560052	4
1.08	0.618033	0.448810	0.520000	0.020293	0.021625	0.020938	0.607460	0.519509	0.560052	4
1.08	0.618033	0.448810	0.520000	0.020293	0.021625	0.020938	0.607460	0.519509	0.560052	4
1.08	0.618421	0.447619	0.519337	0.020562	0.021578	0.021058	0.606572	0.518620	0.559159	4
1.08	0.619440	0.447619	0.519696	0.020615	0.021578	0.021086	0.607460	0.518620	0.559536	4
1.08	0.618812	0.446429	0.518672	0.020700	0.021530	0.021107	0.606572	0.517732	0.558642	4
1.08	0.622112	0.448810	0.521438	0.020844	0.021654	0.021241	0.610124	0.520397	0.561700	4
1.08	0.620462	0.447619	0.520055	0.020811	0.021607	0.021201	0.608348	0.519509	0.560430	4
1.07	0.619835	0.446429	0.519031	0.020913	0.021575	0.021239	0.607460	0.517732	0.559019	4
1.07	0.626446	0.451190	0.524567	0.021044	0.021750	0.021391	0.614565	0.522173	0.564614	4
1.08	0.625413	0.451190	0.524205	0.020954	0.021721	0.021330	0.613677	0.521285	0.563720	4
1.08	0.627063	0.452381	0.525588	0.020986	0.021768	0.021370	0.615453	0.522173	0.564989	4
1.08	0.628713	0.453571	0.526971	0.021018	0.021816	0.021409	0.617229	0.523061	0.566257	4
1.08	0.630972	0.455952	0.529371	0.021065	0.021911	0.021480	0.619893	0.524837	0.568419	4
1.08	0.632619	0.457143	0.530753	0.021100	0.021943	0.021513	0.621670	0.526613	0.570207	4
1.07	0.636364	0.458333	0.532872	0.021428	0.021975	0.021698	0.625222	0.528390	0.572742	4
1.07	0.638017	0.459524	0.534256	0.021462	0.022007	0.021731	0.626998	0.530166	0.574530	4
1.07	0.642384	0.461905	0.537396	0.021691	0.022071	0.021880	0.630551	0.533718	0.578108	4
1.07	0.644040	0.463095	0.538781	0.021722	0.022119	0.021919	0.632327	0.534606	0.579375	4
1.07	0.649587	0.467857	0.543945	0.029625	0.022913	0.025840	0.637655	0.538455	0.583871	5
1.08	0.645214	0.465476	0.540802	0.029396	0.022849	0.025712	0.634103	0.534902	0.580294	5
1.08	0.643564	0.464286	0.539419	0.029351	0.022817	0.025675	0.632327	0.533126	0.578505	5
1.08	0.647446	0.467857	0.543193	0.029414	0.022960	0.025789	0.636767	0.536678	0.582454	5
1.08	0.647541	0.470238	0.544828	0.029272	0.023674	0.026177	0.636767	0.538455	0.583499	5
1.08	0.650820	0.472619	0.547586	0.029193	0.023769	0.026204	0.640320	0.540231	0.586032	5
1.08	0.652459	0.473810	0.548966	0.029222	0.023817	0.026244	0.642096	0.541119	0.587299	5
1.09	0.649755	0.472619	0.547209	0.029044	0.023816	0.026171	0.639432	0.537567	0.584091	5
1.09	0.651961	0.475000	0.549587	0.029083	0.023911	0.026245	0.642096	0.541119	0.587299	5
1.09	0.651961	0.475000	0.549587	0.028970	0.023911	0.026199	0.642096	0.541119	0.587299	5
1.09	0.653595	0.476190	0.550964	0.028998	0.023959	0.026239	0.643872	0.542895	0.589088	5
1.09	0.651466	0.476190	0.550206	0.028700	0.023959	0.026116	0.642984	0.542895	0.588716	5
1.09	0.654221	0.479762	0.553571	0.028698	0.024270	0.026299	0.646536	0.545263	0.591597	5
1.10	0.650485	0.478571	0.551440	0.028456	0.024238	0.026178	0.643872	0.543487	0.589436	5
1.10	0.652666	0.480952	0.553804	0.028409	0.024334	0.026214	0.646536	0.547040	0.592641	5
1.10	0.653226	0.482143	0.554795	0.028412	0.024397	0.026252	0.647425	0.546744	0.592840	5
1.10	0.653226	0.482143	0.554795	0.028412	0.024397	0.026252	0.647425	0.546744	0.592840	5
1.10	0.654839	0.483333	0.556164	0.028440	0.024444	0.026291	0.649201	0.547632	0.594106	5
1.10	0.664516	0.490476	0.564384	0.028637	0.024668	0.026504	0.659858	0.556513	0.603795	5
1.10	0.666129	0.491667	0.565753	0.028683	0.024700	0.026543	0.661634	0.558289	0.605584	5
1.10	0.668821	0.492857	0.567512	0.028821	0.024716	0.026611	0.664298	0.560953	0.608267	5
1.10	0.674230	0.495238	0.571036	0.029129	0.024780	0.026779	0.668739	0.564802	0.612391	5
1.10	0.677472	0.497619	0.573782	0.029286	0.024860	0.026892	0.671403	0.567466	0.615075	5
1.09	0.676948	0.496429	0.572802	0.029244	0.024584	0.026712	0.671403	0.567762	0.615248	5
1.09	0.679675	0.497619	0.574570	0.029399	0.024616	0.026796	0.674067	0.569538	0.617410	5
1.09	0.679153	0.496429	0.573590	0.029496	0.024568	0.026808	0.672291	0.567762	0.615621	5
1.09	0.678049	0.496429	0.573196	0.029372	0.024568	0.026756	0.672291	0.567762	0.615621	5

Sat Aug 28 12:13:54 2021
63.30	0.011611	0.457944	0.022648	0.013798	0.109918	0.024519	0.011370	0.405333	0.022119	128
56.75	0.010736	0.408333	0.020922	0.013094	0.180936	0.024421	0.010497	0.361516	0.020402	128
50.03	0.011610	0.389286	0.022548	0.013716	0.168900	0.025371	0.011211	0.344642	0.021716	128
43.92	0.012619	0.371429	0.024408	0.014032	0.156322	0.025752	0.012079	0.328301	0.023300	128
38.04	0.013727	0.350000	0.026419	0.015013	0.141013	0.027137	0.013046	0.313351	0.025048	128
32.54	0.014738	0.321429	0.028184	0.015296	0.114072	0.026975	0.013784	0.289313	0.026314	128
27.67	0.016306	0.302381	0.030944	0.016363	0.096505	0.027981	0.015092	0.271551	0.028594	128
23.25	0.017801	0.277381	0.033455	0.017025	0.078721	0.027995	0.016412	0.250681	0.030807	128
19.17	0.020011	0.257143	0.037133	0.017265	0.061075	0.026920	0.017969	0.234399	0.033379	128
15.63	0.022619	0.236905	0.041295	0.017720	0.051581	0.026379	0.019391	0.214920	0.035572	128
12.35	0.026903	0.222619	0.048004	0.019274	0.046361	0.027228	0.022123	0.203671	0.039911	125
9.83	0.032340	0.213095	0.056157	0.022085	0.044538	0.029528	0.026204	0.195086	0.046202	124
7.63	0.038157	0.195238	0.063838	0.024828	0.037897	0.030001	0.030635	0.178804	0.052307	122
5.95	0.045373	0.180952	0.072554	0.024570	0.025375	0.024966	0.036377	0.166667	0.059719	121
4.55	0.054254	0.165476	0.081717	0.027877	0.020451	0.023593	0.044741	0.151865	0.069119	114
3.51	0.068320	0.160714	0.095881	0.029715	0.019676	0.023675	0.057173	0.148609	0.082577	104
2.74	0.081818	0.150000	0.105882	0.029551	0.014941	0.019848	0.066570	0.139728	0.090178	95
2.12	0.101595	0.144048	0.119153	0.029119	0.010816	0.015773	0.087660	0.135465	0.106441	87
1.70	0.120959	0.138095	0.128961	0.030448	0.009356	0.014314	0.105284	0.129248	0.116042	72
1.45	0.135863	0.132143	0.133977	0.030800	0.008929	0.013845	0.125508	0.123860	0.124679	64
1.26	0.146067	0.123810	0.134021	0.024747	0.008488	0.012640	0.133380	0.112670	0.122154	51
1.15	0.164615	0.127381	0.143624	0.031513	0.008399	0.013264	0.151806	0.117111	0.132220	41
1.09	0.172358	0.126190	0.145704	0.030865	0.008120	0.012858	0.160894	0.116755	0.135316	38
1.04	0.182906	0.127381	0.150175	0.030528	0.008226	0.012960	0.175252	0.115867	0.139503	34
1.02	0.197552	0.134524	0.160057	0.030319	0.008570	0.013362	0.194790	0.120604	0.148972	30
1.01	0.213781	0.144048	0.172119	0.030124	0.008864	0.013698	0.213144	0.128597	0.160412	28
1.00	0.250000	0.167857	0.200855	0.022405	0.009875	0.013708	0.250444	0.149911	0.187555	22
1.00	0.264184	0.177381	0.212251	0.014373	0.010277	0.011985	0.264654	0.159680	0.199183	16
1.00	0.291297	0.195238	0.233785	0.006290	0.009058	0.007424	0.291297	0.176110	0.219510	12
1.00	0.310835	0.208333	0.249465	0.006134	0.009871	0.007567	0.310835	0.187359	0.233796	11
1.00	0.321492	0.215476	0.258019	0.005829	0.010447	0.007482	0.321492	0.193576	0.241650	9
1.00	0.325044	0.217857	0.260870	0.005565	0.010802	0.007346	0.325044	0.197128	0.245419	8
1.00	0.335702	0.225000	0.269423	0.005752	0.011378	0.007641	0.335702	0.205417	0.254875	5
1.00	0.310835	0.208333	0.249465	0.006342	0.010827	0.007999	0.310835	0.191800	0.237222	5
1.00	0.280639	0.188095	0.225232	0.006944	0.010191	0.008260	0.280639	0.171522	0.212914	4
1.00	0.250444	0.167857	0.200998	0.007680	0.009468	0.008481	0.250444	0.151835	0.189054	3
1.00	0.222025	0.148810	0.178190	0.007780	0.008850	0.008281	0.222025	0.129337	0.163456	3
1.00	0.207815	0.139286	0.166785	0.007706	0.008498	0.008083	0.207815	0.118088	0.150600	3
1.00	0.191829	0.128571	0.153956	0.006647	0.008098	0.007301	0.191829	0.103878	0.134774	2
1.00	0.186501	0.125000	0.149679	0.007285	0.007955	0.007605	0.186501	0.099734	0.129966	2
1.00	0.184725	0.123810	0.148254	0.009233	0.007908	0.008519	0.184725	0.097957	0.128025	2
1.00	0.182948	0.122619	0.146828	0.009230	0.007860	0.008490	0.182948	0.097602	0.127294	2
1.00	0.181172	0.121429	0.145403	0.001415	0.007812	0.002397	0.181172	0.097010	0.126360	1
1.00	0.181172	0.121429	0.145403	0.001415	0.007812	0.002397	0.181172	0.097010	0.126360	1
1.00	0.181172	0.121429	0.145403	0.001415	0.007812	0.002397	0.181172	0.097010	0.126360	1
1.00	0.181172	0.121429	0.145403	0.001415	0.007812	0.002397	0.181172	0.097010	0.126360	1
1.00	0.181172	0.121429	0.145403	0.001415	0.007812	0.002397	0.181172	0.097010	0.126360	1
1.00	0.181172	0.121429	0.145403	0.001415	0.007812	0.002397	0.181172	0.097010	0.126360	1
1.00	0.181172	0.121429	0.145403	0.001415	0.007812	0.002397	0.181172	0.097010	0.126360	1
1.00	0.181172	0.121429	0.145403	0.001415	0.007812	0.002397	0.181172	0.097010	0.126360	1
1.00	0.181172	0.121429	0.145403	0.001415	0.007812	0.002397	0.181172	0.097010	0.126360	1
1.00	0.181172	0.121429	0.145403	0.001415	0.007812	0.002397	0.181172	0.097010	0.126360	1
1.00	0.181172	0.121429	0.145403	0.001415	0.007812	0.002397	0.181172	0.097010	0.126360	1
1.00	0.181172	0.121429	0.145403	0.001415	0.007812	0.002397	0.181172	0.097010	0.126360	1
1.00	0.181172	0.121429	0.145403	0.001415	0.007812	0.002397	0.181172	0.097010	0.126360	1
1.00	0.181172	0.121429	0.145403	0.001415	0.007812	0.002397	0.181172	0.097010	0.126360	1
1.00	0.181172	0.121429	0.145403	0.001415	0.007812	0.002397	0.181172	0.097010	0.126360	1
1.00	0.181172	0.121429	0.145403	0.001415	0.007812	0.002397	0.181172	0.097010	0.126360	1
1.00	0.181172	0.121429	0.145403	0.001415	0.007812	0.002397	0.181172	0.097010	0.126360	1
1.00	0.181172	0.121429	0.145403	0.001415	0.007812	0.002397	0.181172	0.097010	0.126360	1
1.00	0.181172	0.121429	0.145403	0.001415	0.007812	0.002397	0.181172	0.097010	0.126360	1
1.00	0.181172	0.121429	0.145403	0.001415	0.007812	0.002397	0.181172	0.097010	0.126360	1
1.00	0.181172	0.121429	0.145403	0.001415	0.007812	0.002397	0.181172	0.097010	0.126360	1
1.00	0.181172	0.121429	0.145403	0.001415	0.007812	0.002397	0.181172	0.097010	0.126360	1
1.00	0.181172	0.121429	0.145403	0.001415	0.007812	0.002397	0.181172	0.097010	0.126360	1
1.00	0.181172	0.121429	0.145403	0.001415	0.007812	0.002397	0.181172	0.097010	0.126360	1
1.00	0.181172	0.121429	0.145403	0.001415	0.007812	0.002397	0.181172	0.097010	0.126360	1
1.00	0.181172	0.121429	0.145403	0.001415	0.007812	0.002397	0.181172	0.097010	0.126360	1
1.00	0.181172	0.121429	0.145403	0.001415	0.007812	0.002397	0.181172	0.097010	0.126360	1
1.00	0.181172	0.121429	0.145403	0.001415	0.007812	0.002397	0.181172	0.097010	0.126360	1
1.00	0.181172	0.121429	0.145403	0.001415	0.007812	0.002397	0.181172	0.097010	0.126360	1
1.00	0.181172	0.121429	0.145403	0.001415	0.007812	0.002397	0.181172	0.097010	0.126360	1
1.00	0.181172	0.121429	0.145403	0.001415	0.007812	0.002397	0.181172	0.097010	0.126360	1
1.00	0.181172	0.121429	0.145403	0.001415	0.007812	0.002397	0.181172	0.097010	0.126360	1
1.00	0.181172	0.121429	0.145403	0.001415	0.007812	0.002397	0.181172	0.097010	0.126360	1
1.00	0.181172	0.121429	0.145403	0.001415	0.007812	0.002397	0.181172	0.097010	0.126360	1
1.00	0.181172	0.121429	0.145403	0.001415	0.007812	0.002397	0.181172	0.097010	0.126360	1
1.00	0.181172	0.121429	0.145403	0.001415	0.007812	0.002397	0.181172	0.097010	0.126360	1
1.00	0.181172	0.121429	0.145403	0.001415	0.007812	0.002397	0.181172	0.097010	0.126360	1
1.00	0.181172	0.121429	0.145403	0.001415	0.007812	0.002397	0.181172	0.097010	0.126360	1
1.00	0.181172	0.121429	0.145403	0.001415	0.007812	0.002397	0.181172	0.097010	0.126360	1
1.00	0.181172	0.121429	0.145403	0.001415	0.007812	0.002397	0.181172	0.097010	0.126360	1
1.00	0.181172	0.121429	0.145403	0.001415	0.007812	0.002397	0.181172	0.097010	0.126360	1
1.00	0.181172	0.121429	0.145403	0.001415	0.007812	0.002397	0.181172	0.097010	0.126360	1
1.00	0.181172	0.121429	0.145403	0.001415	0.007812	0.002397	0.181172	0.097010	0.126360	1
1.00	0.181172	0.121429	0.145403	0.001415	0.007812	0.002397	0.181172	0.097010	0.126360	1
1.00	0.181172	0.121429	0.145403	0.001415	0.007812	0.002397	0.181172	0.097010	0.126360	1
1.00	0.181172	0.121429	0.145403	0.001415	0.007812	0.002397	0.181172	0.097010	0.126360	1
1.00	0.181172	0.121429	0.145403	0.001415	0.007812	0.002397	0.181172	0.097010	0.126360	1
1.00	0.181172	0.121429	0.145403	0.001415	0.007812	0.002397	0.181172	0.097010	0.126360	1
1.00	0.181172	0.121429	0.145403	0.001415	0.007812	0.002397	0.181172	0.097010	0.126360	1
1.00	0.181172	0.121429	0.145403	0.001415	0.007812	0.002397	0.181172	0.097010	0.126360	1
1.00	0.181172	0.121429	0.145403	0.001415	0.007812	0.002397	0.181172	0.097010	0.126360	1
1.00	0.181172	0.121429	0.145403	0.001415	0.007812	0.002397	0.181172	0.097010	0.126360	1
1.00	0.181172	0.121429	0.145403	0.001415	0.007812	0.002397	0.181172	0.097010	0.126360	1
1.00	0.181172	0.121429	0.145403	0.001415	0.007812	0.002397	0.181172	0.097010	0.126360	1
1.00	0.181172	0.121429	0.145403	0.001415	0.007812	0.002397	0.181172	0.097010	0.126360	1
1.00	0.181172	0.121429	0.145403	0.001415	0.007812	0.002397	0.181172	0.097010	0.126360	1
1.00	0.181172	0.121429	0.145403	0.001415	0.007812	0.002397	0.181172	0.097010	0.126360	1
1.00	0.181172	0.121429	0.145403	0.001415	0.007812	0.002397	0.181172	0.097010	0.126360	1
1.00	0.181172	0.121429	0.145403	0.001415	0.007812	0.002397	0.181172	0.097010	0.126360	1
1.00	0.181172	0.121429	0.145403	0.001415	0.007812	0.002397	0.181172	0.097010	0.126360	1
1.00	0.181172	0.121429	0.145403	0.001415	0.007812	0.002397	0.181172	0.097010	0.126360	1
1.00	0.181172	0.121429	0.145403	0.001415	0.007812	0.002397	0.181172	0.097010	0.126360	1
1.00	0.181172	0.121429	0.145403	0.001415	0.007812	0.002397	0.181172	0.097010	0.126360	1
1.00	0.181172	0.121429	0.145403	0.001415	0.007812	0.002397	0.181172	0.097010	0.126360	1
1.00	0.181172	0.121429	0.145403	0.001415	0.007812	0.002397	0.181172	0.097010	0.126360	1
1.00	0.181172	0.121429	0.145403	0.001415	0.007812	0.002397	0.181172	0.097010	0.126360	1
1.00	0.181172	0.121429	0.145403	0.001415	0.007812	0.002397	0.181172	0.097010	0.126360	1
1.00	0.181172	0.121429	0.145403	0.001415	0.007812	0.002397	0.181172	0.097010	0.126360	1
1.00	0.181172	0.121429	0.145403	0.001415	0.007812	0.002397	0.181172	0.097010	0.126360	1
1.00	0.181172	0.121429	0.145403	0.001415	0.007812	0.002397	0.181172	0.097010	0.126360	1
1.00	0.181172	0.121429	0.145403	0.001415	0.007812	0.002397	0.181172	0.097010	0.126360	1
1.00	0.181172	0.121429	0.145403	0.001415	0.007812	0.002397	0.181172	0.097010	0.126360	1
1.00	0.181172	0.121429	0.145403	0.001415	0.007812	0.002397	0.181172	0.097010	0.126360	1
1.00	0.181172	0.121429	0.145403	0.001415	0.007812	0.002397	0.181172	0.097010	0.126360	1
1.00	0.181172	0.121429	0.145403	0.001415	0.007812	0.002397	0.181172	0.097010	0.126360	1
1.00	0.181172	0.121429	0.145403	0.001415	0.007812	0.002397	0.181172	0.097010	0.126360	1
1.00	0.181172	0.121429	0.145403	0.001415	0.007812	0.002397	0.181172	0.097010	0.126360	1
1.00	0.181172	0.121429	0.145403	0.001415	0.007812	0.002397	0.181172	0.097010	0.126360	1
1.00	0.181172	0.121429	0.145403	0.001415	0.007812	0.002397	0.181172	0.097010	0.126360	1
1.00	0.181172	0.121429	0.145403	0.001415	0.007812	0.002397	0.181172	0.097010	0.126360	1
1.00	0.181172	0.121429	0.145403	0.001415	0.007812	0.002397	0.181172	0.097010	0.126360	1
1.00	0.181172	0.121429	0.145403	0.001415	0.007812	0.002397	0.181172	0.097010	0.126360	1
1.00	0.181172	0.121429	0.145403	0.001415	0.007812	0.002397	0.181172	0.097010	0.126360	1
1.00	0.181172	0.121429	0.145403	0.001415	0.007812	0.002397	0.181172	0.097010	0.126360	1
1.00	0.181172	0.121429	0.145403	0.001415	0.007812	0.002397	0.181172	0.097010	0.126360	1
1.00	0.181172	0.121429	0.145403	0.001415	0.007812	0.002397	0.181172	0.097010	0.126360	1
1.00	0.181172	0.121429	0.145403	0.001415	0.007812	0.002397	0.181172	0.097010	0.126360	1
1.00	0.181172	0.121429	0.145403	0.001415	0.007812	0.002397	0.181172	0.097010	0.126360	1
1.00	0.181172	0.121429	0.145403	0.001415	0.007812	0.002397	0.181172	0.097010	0.126360	1
1.00	0.181172	0.121429	0.145403	0.001415	0.007812	0.002397	0.181172	0.097010	0.126360	1
1.00	0.181172	0.121429	0.145403	0.001415	0.007812	0.002397	0.181172	0.097010	0.126360	1
1.00	0.181172	0.121429	0.145403	0.001415	0.007812	0.002397	0.181172	0.097010	0.126360	1
1.00	0.181172	0.121429	0.145403	0.001415	0.007812	0.002397	0.181172	0.097010	0.126360	1
1.00	0.181172	0.121429	0.145403	0.001415	0.007812	0.002397	0.181172	0.097010	0.126360	1
1.00	0.181172	0.121429	0.145403	0.001415	0.007812	0.002397	0.181172	0.097010	0.126360	1
1.00	0.181172	0.121429	0.145403	0.001415	0.007812	0.002397	0.181172	0.097010	0.126360	1
1.00	0.181172	0.121429	0.145403	0.001415	0.007812	0.002397	0.181172	0.097010	0.126360	1
1.00	0.181172	0.121429	0.145403	0.001415	0.007812	0.002397	0.181172	0.097010	0.126360	1
1.00	0.181172	0.121429	0.145403	0.001415	0.007812	0.002397	0.181172	0.097010	0.126360	1
1.00	0.181172	0.121429	0.145403	0.001415	0.007812	0.002397	0.181172	0.097010	0.126360	1
1.00	0.181172	0.121429	0.145403	0.001415	0.007812	0.002397	0.181172	0.097010	0.126360	1
1.00	0.181172	0.121429	0.145403	0.001415	0.007812	0.002397	0.181172	0.097010	0.126360	1
1.00	0.181172	0.121429	0.145403	0.001415	0.007812	0.002397	0.181172	0.097010	0.126360	1
1.00	0.181172	0.121429	0.145403	0.001415	0.007812	0.002397	0.181172	0.097010	0.126360	1
1.00	0.181172	0.121429	0.145403	0.001415	0.007812	0.002397	0.181172	0.097010	0.126360	1
1.00	0.181172	0.121429	0.145403	0.001415	0.007812	0.002397	0.181172	0.097010	0.126360	1
1.00	0.181172	0.121429	0.145403	0.001415	0.007812	0.002397	0.181172	0.097010	0.126360	1
1.00	0.181172	0.121429	0.145403	0.001415	0.007812	0.002397	0.181172	0.097010	0.126360	1
1.00	0.181172	0.121429	0.145403	0.001415	0.007812	0.002397	0.181172	0.097010	0.126360	1
1.00	0.181172	0.121429	0.145403	0.001415	0.007812	0.002397	0.181172	0.097010	0.126360	1
1.00	0.181172	0.121429	0.145403	0.001415	0.007812	0.002397	0.181172	0.097010	0.126360	1
1.00	0.181172	0.121429	0.145403	0.001415	0.007812	0.002397	0.181172	0.097010	0.126360	1
1.00	0.181172	0.121429	0.145403	0.001415	0.007812	0.002397	0.181172	0.097010	0.126360	1
1.00	0.181172	0.121429	0.145403	0.001415	0.007812	0.002397	0.181172	0.097010	0.126360	1
1.00	0.181172	0.121429	0.145403	0.001415	0.007812	0.002397	0.181172	0.097010	0.126360	1
1.00	0.181172	0.121429	0.145403	0.001415	0.007812	0.002397	0.181172	0.097010	0.126360	1
1.00	0.181172	0.121429	0.145403	0.001415	0.007812	0.002397	0.181172	0.097010	0.126360	1
1.00	0.181172	0.121429	0.145403	0.001415	0.007812	0.002397	0.181172	0.097010	0.126360	1
1.00	0.181172	0.121429	0.145403	0.001415	0.007812	0.002397	0.181172	0.097010	0.126360	1
1.00	0.184725	0.123810	0.148254	0.009233	0.007877	0.008501	0.184725	0.099674	0.129482	2
1.00	0.193606	0.129762	0.155381	0.009246	0.008037	0.008599	0.193606	0.107667	0.138379	2
1.00	0.206039	0.138095	0.165360	0.007539	0.008261	0.007883	0.206039	0.119213	0.151037	2
1.00	0.223801	0.150000	0.179615	0.008186	0.008581	0.008379	0.223801	0.135198	0.168566	2
1.00	0.236234	0.158333	0.189594	0.007891	0.008805	0.008323	0.236234	0.146744	0.181033	2
1.00	0.257549	0.172619	0.206700	0.007901	0.009189	0.008497	0.257549	0.167170	0.202743	2
1.00	0.275311	0.184524	0.220955	0.007970	0.009509	0.008672	0.275311	0.183156	0.219971	2
1.00	0.289520	0.194048	0.232359	0.007987	0.009766	0.008787	0.289520	0.195589	0.233461	2
1.00	0.301954	0.202381	0.242338	0.007988	0.009990	0.008877	0.301954	0.208022	0.246338	2
1.00	0.303730	0.203571	0.243763	0.007870	0.010022	0.008817	0.303730	0.209799	0.248174	2
1.00	0.303730	0.203571	0.243763	0.007870	0.010022	0.008817	0.303730	0.209799	0.248174	2
1.00	0.301954	0.202381	0.242338	0.007917	0.009990	0.008833	0.301954	0.208022	0.246338	2
1.00	0.301954	0.202381	0.242338	0.007917	0.009990	0.008833	0.301954	0.208022	0.246338	2
1.00	0.301954	0.202381	0.242338	0.007917	0.009990	0.008833	0.301954	0.208022	0.246338	2
1.00	0.301954	0.202381	0.242338	0.007988	0.009990	0.008877	0.301954	0.208022	0.246338	2
1.00	0.300178	0.201190	0.240912	0.008040	0.009958	0.008897	0.300178	0.206246	0.244501	2
1.00	0.294849	0.197619	0.236636	0.007976	0.009862	0.008819	0.294849	0.200918	0.238985	2
1.00	0.285968	0.191667	0.229508	0.008112	0.009702	0.008836	0.285968	0.192037	0.229773	2
1.00	0.268206	0.179762	0.215253	0.007964	0.009381	0.008615	0.268206	0.176939	0.213216	2
1.00	0.259325	0.173810	0.208125	0.007931	0.009221	0.008528	0.259325	0.168946	0.204599	2
1.00	0.239787	0.160714	0.192445	0.007815	0.008869	0.008309	0.239787	0.150296	0.184776	2
1.00	0.236234	0.158333	0.189594	0.007891	0.008805	0.008323	0.236234	0.146744	0.181033	2
1.00	0.230906	0.154762	0.185317	0.007940	0.008709	0.008307	0.230906	0.141415	0.175405	2
1.00	0.230906	0.154762	0.185317	0.007759	0.008709	0.008207	0.230906	0.141415	0.175405	2
1.00	0.230906	0.154762	0.185317	0.007759	0.008709	0.008207	0.230906	0.141415	0.175405	2
1.00	0.232682	0.155952	0.186743	0.007805	0.008741	0.008247	0.232682	0.143191	0.177283	2
1.00	0.232682	0.155952	0.186743	0.007805	0.008741	0.008247	0.232682	0.143191	0.177283	2
1.00	0.232682	0.155952	0.186743	0.007805	0.008741	0.008247	0.232682	0.143191	0.177283	2
1.00	0.236234	0.158333	0.189594	0.007891	0.008805	0.008323	0.236234	0.146744	0.181033	2
1.00	0.239787	0.160714	0.192445	0.007969	0.008869	0.008395	0.239787	0.149408	0.184103	2
1.00	0.255773	0.171429	0.205274	0.007990	0.009157	0.008534	0.255773	0.165394	0.200886	2
1.00	0.262877	0.176190	0.210976	0.007989	0.009285	0.008589	0.262877	0.172499	0.208307	2
1.00	0.278863	0.186905	0.223806	0.008211	0.009574	0.008840	0.278863	0.185820	0.223027	2
1.00	0.293073	0.196429	0.235210	0.008112	0.009830	0.008889	0.293073	0.199141	0.237144	2
1.00	0.301954	0.202381	0.242338	0.007988	0.009990	0.008877	0.301954	0.208022	0.246338	2
1.00	0.310835	0.208333	0.249465	0.008089	0.010150	0.009003	0.310835	0.216015	0.254893	2
1.00	0.319716	0.214286	0.256593	0.008054	0.010310	0.009043	0.319716	0.224896	0.264052	2
1.00	0.326821	0.219048	0.262295	0.008068	0.010438	0.009101	0.326821	0.232001	0.271367	2
1.00	0.330373	0.221429	0.265146	0.008104	0.010502	0.009148	0.330373	0.235554	0.275020	2
1.00	0.332149	0.222619	0.266572	0.008064	0.010534	0.009135	0.332149	0.237330	0.276846	2
1.00	0.333925	0.223810	0.267997	0.008027	0.010566	0.009123	0.333925	0.239106	0.278671	2
