Sat Aug 28 08:58:48 2021
64.57	0.010918	0.439252	0.021306	0.011067	0.143010	0.020545	0.011054	0.420833	0.021542	128
57.88	0.010433	0.404762	0.020342	0.011389	0.151423	0.021184	0.010428	0.405625	0.020333	128
51.25	0.011264	0.386905	0.021891	0.012159	0.143473	0.022418	0.011227	0.386975	0.021822	128
44.72	0.012472	0.373810	0.024139	0.013205	0.138141	0.024105	0.012453	0.374245	0.024103	128
38.62	0.013706	0.354762	0.026393	0.014412	0.128779	0.025922	0.013764	0.353227	0.026495	128
33.25	0.015173	0.338095	0.029042	0.015165	0.116654	0.026841	0.015436	0.335110	0.029513	128
28.34	0.017925	0.340476	0.034058	0.016163	0.103590	0.027963	0.018868	0.340438	0.035755	128
23.82	0.020434	0.326190	0.038459	0.016097	0.086920	0.027164	0.022375	0.326761	0.041883	128
19.91	0.023905	0.319048	0.044478	0.016799	0.084796	0.028043	0.027097	0.320249	0.049966	128
16.40	0.027733	0.304762	0.050839	0.018318	0.076771	0.029578	0.033553	0.308052	0.060514	128
13.31	0.033360	0.297619	0.059995	0.018363	0.072463	0.029301	0.042548	0.302723	0.074609	128
10.63	0.040274	0.286905	0.070633	0.018714	0.062339	0.028786	0.053404	0.293102	0.090347	127
8.44	0.049432	0.279762	0.084019	0.019392	0.060699	0.029394	0.072539	0.287182	0.115823	125
6.57	0.063565	0.279762	0.103593	0.023113	0.054540	0.032467	0.103765	0.293398	0.153310	122
5.08	0.079371	0.270238	0.122703	0.023084	0.042531	0.029926	0.138936	0.291030	0.188083	117
3.97	0.099687	0.265476	0.144946	0.024706	0.035728	0.029212	0.174336	0.290734	0.217969	109
3.09	0.129310	0.267857	0.174419	0.027118	0.031989	0.029353	0.224584	0.299911	0.256839	99
2.42	0.172667	0.279762	0.213539	0.036140	0.030077	0.032831	0.276025	0.314713	0.294102	83
1.93	0.234101	0.302381	0.263896	0.039017	0.029106	0.033340	0.345838	0.346388	0.346113	73
1.64	0.297503	0.326190	0.311187	0.032347	0.021098	0.025538	0.405937	0.381468	0.393323	64
1.42	0.351250	0.334524	0.342683	0.026539	0.019192	0.022276	0.444430	0.400651	0.421407	51
1.28	0.389736	0.334524	0.360026	0.027071	0.016888	0.020800	0.460096	0.406276	0.431514	46
1.18	0.423193	0.334524	0.373670	0.016220	0.014893	0.015528	0.477265	0.412789	0.442691	39
1.12	0.452381	0.339286	0.387755	0.015449	0.014131	0.014761	0.493813	0.421078	0.454554	36
1.09	0.468293	0.342857	0.395876	0.015199	0.013900	0.014520	0.502546	0.426406	0.461356	34
1.06	0.494966	0.351190	0.410863	0.011828	0.013129	0.012445	0.519538	0.438040	0.475321	29
1.04	0.506826	0.353571	0.416550	0.010231	0.013025	0.011460	0.523979	0.442925	0.480054	24
1.03	0.513793	0.354762	0.419718	0.010386	0.013013	0.011552	0.526643	0.446773	0.483431	18
1.02	0.521739	0.357143	0.424028	0.010352	0.012857	0.011469	0.531972	0.451214	0.488276	15
1.02	0.533217	0.363095	0.432011	0.018338	0.013121	0.015297	0.540853	0.457134	0.495482	14
1.01	0.540351	0.366667	0.436879	0.018580	0.013322	0.015518	0.547069	0.460687	0.500176	13
1.01	0.547703	0.369048	0.440967	0.018902	0.013475	0.015734	0.550622	0.462463	0.502707	10
1.00	0.548673	0.369048	0.441281	0.017333	0.013300	0.015051	0.550622	0.462463	0.502707	10
1.00	0.550622	0.369048	0.441910	0.017224	0.013345	0.015038	0.550622	0.462463	0.502707	7
1.00	0.550622	0.369048	0.441910	0.017242	0.013329	0.015035	0.550622	0.463647	0.503405	7
1.00	0.557726	0.373810	0.447612	0.017256	0.013635	0.015233	0.557726	0.466607	0.508114	6
1.00	0.557726	0.373810	0.447612	0.017233	0.013606	0.015206	0.557726	0.467496	0.508640	4
1.00	0.557726	0.373810	0.447612	0.017295	0.013562	0.015203	0.557726	0.467496	0.508640	4
1.00	0.550622	0.369048	0.441910	0.009554	0.013269	0.011109	0.550622	0.463351	0.503231	3
1.00	0.543517	0.364286	0.436208	0.009639	0.012873	0.011024	0.543517	0.460095	0.498339	3
1.00	0.534636	0.358333	0.429081	0.009756	0.012490	0.010955	0.534636	0.455062	0.491650	2
1.00	0.532860	0.357143	0.427655	0.009664	0.012414	0.010868	0.532860	0.454470	0.490553	2
1.00	0.536412	0.359524	0.430506	0.009612	0.012567	0.010893	0.536412	0.457134	0.493610	2
1.00	0.538188	0.360714	0.431932	0.009551	0.012688	0.010898	0.538188	0.456838	0.494188	2
1.00	0.536412	0.359524	0.430506	0.009519	0.012611	0.010849	0.536412	0.455062	0.492400	2
1.00	0.541741	0.363095	0.434783	0.009563	0.012841	0.010962	0.541741	0.458319	0.496550	2
1.00	0.541741	0.363095	0.434783	0.009328	0.012841	0.010806	0.541741	0.458319	0.496550	2
1.00	0.550622	0.369048	0.441910	0.009341	0.013269	0.010963	0.550622	0.463647	0.503405	2
1.00	0.554174	0.371429	0.444761	0.009109	0.013467	0.010867	0.554174	0.464979	0.505674	2
1.00	0.554174	0.371429	0.444761	0.009006	0.013511	0.010808	0.554174	0.464091	0.505148	2
1.00	0.552398	0.370238	0.443336	0.008907	0.013479	0.010726	0.552398	0.462315	0.503358	2
1.00	0.552398	0.370238	0.443336	0.008761	0.013613	0.010661	0.552398	0.458763	0.501245	2
1.00	0.550622	0.369048	0.441910	0.008694	0.013625	0.010615	0.550622	0.456986	0.499453	2
1.00	0.548845	0.367857	0.440485	0.008598	0.013593	0.010533	0.548845	0.455210	0.497662	2
1.00	0.532860	0.357143	0.427655	0.008080	0.013439	0.010092	0.532860	0.435968	0.479569	2
1.00	0.495560	0.332143	0.397719	0.007459	0.012811	0.009428	0.495560	0.398372	0.441683	2
1.00	0.451155	0.302381	0.362081	0.007075	0.012189	0.008953	0.451155	0.355447	0.397623	2
1.00	0.396092	0.265476	0.317890	0.006866	0.011419	0.008576	0.396092	0.301569	0.342427	2
1.00	0.360568	0.241667	0.289380	0.006644	0.010779	0.008221	0.360568	0.268709	0.307934	2
1.00	0.362345	0.242857	0.290805	0.006686	0.010856	0.008275	0.362345	0.270486	0.309748	2
1.00	0.348135	0.233333	0.279401	0.014449	0.010704	0.012298	0.348135	0.255388	0.294635	3
1.00	0.298401	0.200000	0.239487	0.014260	0.009852	0.011653	0.298401	0.205654	0.243495	3
1.00	0.269982	0.180952	0.216679	0.014166	0.009384	0.011290	0.269982	0.177235	0.213991	3
1.00	0.245115	0.164286	0.196721	0.013791	0.008936	0.010845	0.245115	0.154144	0.189266	3
1.00	0.232682	0.155952	0.186743	0.013920	0.008757	0.010751	0.232682	0.143191	0.177283	3
1.00	0.275311	0.184524	0.220955	0.014285	0.009481	0.011397	0.275311	0.182564	0.219544	3
1.00	0.339254	0.227381	0.272274	0.014375	0.010604	0.012205	0.339254	0.245619	0.284941	3
1.00	0.388988	0.260714	0.312188	0.014564	0.011322	0.012740	0.388988	0.294464	0.335189	3
1.00	0.426288	0.285714	0.342124	0.014681	0.011772	0.013067	0.426288	0.333245	0.374067	3
1.00	0.452931	0.303571	0.363507	0.014834	0.012163	0.013366	0.452931	0.359295	0.400716	3
1.00	0.481350	0.322619	0.386315	0.015088	0.012631	0.013751	0.481350	0.385050	0.427848	3
1.00	0.492007	0.329762	0.394868	0.015195	0.012734	0.013856	0.492007	0.396004	0.438816	3
1.00	0.490231	0.328571	0.393443	0.015174	0.012702	0.013828	0.490231	0.394227	0.437019	3
1.00	0.492007	0.329762	0.394868	0.015197	0.012734	0.013857	0.492007	0.396004	0.438816	3
1.00	0.492007	0.329762	0.394868	0.015197	0.012734	0.013857	0.492007	0.396004	0.438816	3
1.00	0.507993	0.340476	0.407698	0.015422	0.012933	0.014068	0.507993	0.413470	0.455883	3
1.00	0.536412	0.359524	0.430506	0.015977	0.013445	0.014602	0.536412	0.441889	0.484584	3
1.00	0.543517	0.364286	0.436208	0.016310	0.013395	0.014709	0.543517	0.453671	0.494546	3

Sat Aug 28 09:14:00 2021
61.08	0.016537	0.629283	0.032227	0.012416	0.127396	0.022627	0.016632	0.598333	0.032364	128
53.77	0.017044	0.614286	0.033167	0.012054	0.175157	0.022557	0.016976	0.627709	0.033058	128
46.51	0.019439	0.605952	0.037669	0.012755	0.161797	0.023645	0.019577	0.629337	0.037974	128
39.92	0.022202	0.594048	0.042805	0.013881	0.157554	0.025515	0.022929	0.619420	0.044221	128
34.02	0.025111	0.572619	0.048112	0.014844	0.143556	0.026906	0.026998	0.604411	0.051688	128
28.71	0.029506	0.567857	0.056098	0.016094	0.131789	0.028684	0.033793	0.607371	0.064024	128
23.82	0.034074	0.544048	0.064131	0.017851	0.118718	0.031036	0.042885	0.589017	0.079950	128
19.84	0.039846	0.529762	0.074117	0.019615	0.098884	0.032736	0.055550	0.578301	0.101363	127
16.14	0.046665	0.504762	0.085432	0.020628	0.083694	0.033098	0.071754	0.556690	0.127123	127
13.11	0.054600	0.479762	0.098042	0.022739	0.063583	0.033498	0.089082	0.539698	0.152922	126
10.55	0.064804	0.458333	0.113553	0.025121	0.052725	0.034028	0.114219	0.526673	0.187726	126
8.48	0.077955	0.442857	0.132573	0.028702	0.048122	0.035957	0.148878	0.515719	0.231055	125
6.83	0.094124	0.430952	0.154503	0.030812	0.045727	0.036816	0.184136	0.504174	0.269752	121
5.40	0.114145	0.413095	0.178866	0.033125	0.038723	0.035706	0.216234	0.493073	0.300629	118
4.27	0.139467	0.398810	0.206663	0.030960	0.031091	0.031025	0.255817	0.482120	0.334269	112
3.38	0.172015	0.389286	0.238599	0.030670	0.024550	0.027271	0.312200	0.474423	0.376584	98
2.68	0.208748	0.375000	0.268199	0.028697	0.019991	0.023565	0.354900	0.464535	0.402384	89
2.13	0.261051	0.372619	0.307013	0.033451	0.019727	0.024818	0.407015	0.463647	0.433489	79
1.75	0.313327	0.366667	0.337905	0.031440	0.016109	0.021303	0.453712	0.460095	0.456881	62
1.50	0.362989	0.364286	0.363636	0.020519	0.015737	0.017813	0.480012	0.459503	0.469534	52
1.31	0.409524	0.358333	0.382222	0.008908	0.012579	0.010430	0.494050	0.455654	0.474076	41
1.21	0.441349	0.358333	0.395532	0.008816	0.012535	0.010352	0.503908	0.456542	0.479057	37
1.13	0.474763	0.358333	0.408412	0.009067	0.012490	0.010507	0.514269	0.457726	0.484353	24
1.09	0.490228	0.358333	0.414030	0.009250	0.012490	0.010629	0.518354	0.457726	0.486157	20
1.06	0.500838	0.355952	0.416145	0.009280	0.012337	0.010592	0.520722	0.456246	0.486357	16
1.03	0.507745	0.351190	0.415201	0.009559	0.011986	0.010636	0.517466	0.454115	0.483725	13
1.02	0.518325	0.353571	0.420382	0.009594	0.012095	0.010700	0.521314	0.456483	0.486749	7
1.01	0.517544	0.351190	0.418440	0.009878	0.011897	0.010794	0.519538	0.453819	0.484460	6
1.01	0.512367	0.345238	0.412518	0.009857	0.011470	0.010602	0.512433	0.447898	0.477997	4
1.01	0.510601	0.344048	0.411095	0.009886	0.011348	0.010567	0.510657	0.448194	0.477391	4
1.00	0.508865	0.341667	0.408832	0.010340	0.011151	0.010730	0.508881	0.445530	0.475103	4
1.00	0.506217	0.339286	0.406272	0.010412	0.010997	0.010696	0.506217	0.444050	0.473100	4
1.00	0.504440	0.338095	0.404847	0.010516	0.010921	0.010714	0.504440	0.443458	0.471987	4
1.00	0.502664	0.336905	0.403421	0.010631	0.010844	0.010736	0.502664	0.442570	0.470707	4
1.00	0.495560	0.332143	0.397719	0.010841	0.010538	0.010687	0.495560	0.438129	0.465078	3
1.00	0.488455	0.327381	0.392017	0.010745	0.010231	0.010482	0.488455	0.434577	0.459943	3
1.00	0.484902	0.325000	0.389166	0.010906	0.010078	0.010476	0.484902	0.432800	0.457372	3
1.00	0.483126	0.323810	0.387741	0.010884	0.010002	0.010424	0.483126	0.431912	0.456086	3
1.00	0.477798	0.320238	0.383464	0.011062	0.009727	0.010352	0.477798	0.430136	0.452716	2
1.00	0.472469	0.316667	0.379187	0.011336	0.009498	0.010336	0.472469	0.427768	0.449009	2
1.00	0.468917	0.314286	0.376336	0.011323	0.009344	0.010239	0.468917	0.425992	0.446425	2
1.00	0.468917	0.314286	0.376336	0.011323	0.009344	0.010239	0.468917	0.425992	0.446425	2
1.00	0.465364	0.311905	0.373485	0.011310	0.009191	0.010141	0.465364	0.424512	0.444000	2
1.00	0.463588	0.310714	0.372060	0.011304	0.009115	0.010092	0.463588	0.423919	0.442867	2
1.00	0.463588	0.310714	0.372060	0.011304	0.009115	0.010092	0.463588	0.423919	0.442867	2
1.00	0.463588	0.310714	0.372060	0.011304	0.009115	0.010092	0.463588	0.423919	0.442867	2
1.00	0.467140	0.313095	0.374911	0.011317	0.009268	0.010190	0.467140	0.425696	0.445456	2
1.00	0.467140	0.313095	0.374911	0.011317	0.009268	0.010190	0.467140	0.425696	0.445456	2
1.00	0.468917	0.314286	0.376336	0.011323	0.009344	0.010239	0.468917	0.426584	0.446750	2
1.00	0.468917	0.314286	0.376336	0.011323	0.009344	0.010239	0.468917	0.426584	0.446750	2
1.00	0.467140	0.313095	0.374911	0.011317	0.009268	0.010190	0.467140	0.425696	0.445456	2
1.00	0.463588	0.310714	0.372060	0.011304	0.009115	0.010092	0.463588	0.423919	0.442867	2
1.00	0.461812	0.309524	0.370634	0.011297	0.009038	0.010042	0.461812	0.423031	0.441572	2
1.00	0.463588	0.310714	0.372060	0.011304	0.009115	0.010092	0.463588	0.423919	0.442867	2
1.00	0.461812	0.309524	0.370634	0.011297	0.009038	0.010042	0.461812	0.423031	0.441572	2
1.00	0.458259	0.307143	0.367783	0.011285	0.008885	0.009942	0.458259	0.421551	0.439139	2
1.00	0.458259	0.307143	0.367783	0.011285	0.008885	0.009942	0.458259	0.421551	0.439139	2
1.00	0.456483	0.305952	0.366358	0.011278	0.008808	0.009891	0.456483	0.420663	0.437842	2
1.00	0.456483	0.305952	0.366358	0.011278	0.008808	0.009891	0.456483	0.420663	0.437842	2
1.00	0.456483	0.305952	0.366358	0.011278	0.008808	0.009891	0.456483	0.420663	0.437842	2
1.00	0.456483	0.305952	0.366358	0.011278	0.008808	0.009891	0.456483	0.420663	0.437842	2
1.00	0.456483	0.305952	0.366358	0.011278	0.008808	0.009891	0.456483	0.420663	0.437842	2
1.00	0.456483	0.305952	0.366358	0.011278	0.008808	0.009891	0.456483	0.420663	0.437842	2
1.00	0.463588	0.310714	0.372060	0.011304	0.009115	0.010092	0.463588	0.424215	0.443029	2
1.00	0.472469	0.316667	0.379187	0.011009	0.009542	0.010223	0.472469	0.427827	0.449041	2
1.00	0.481350	0.322619	0.386315	0.010625	0.009925	0.010263	0.481350	0.431972	0.455326	2
1.00	0.488455	0.327381	0.392017	0.009726	0.010410	0.010056	0.488455	0.431380	0.458146	2
1.00	0.511545	0.342857	0.410549	0.009501	0.011450	0.010385	0.511545	0.444109	0.475448	2
1.00	0.507993	0.340476	0.407698	0.008534	0.011743	0.009885	0.507993	0.432860	0.467426	2
1.00	0.522202	0.350000	0.419102	0.008441	0.012445	0.010059	0.522202	0.441149	0.478266	2
1.00	0.509769	0.341667	0.409123	0.007784	0.012666	0.009642	0.509769	0.424275	0.463109	2
1.00	0.497336	0.333333	0.399145	0.007519	0.012620	0.009423	0.497336	0.409029	0.448881	2
1.00	0.484902	0.325000	0.389166	0.007312	0.012530	0.009234	0.484902	0.394227	0.434889	2
1.00	0.467140	0.313095	0.374911	0.007088	0.012299	0.008993	0.467140	0.374689	0.415838	2
1.00	0.460036	0.308333	0.369209	0.007009	0.012171	0.008895	0.460036	0.367584	0.408646	2
1.00	0.438721	0.294048	0.352103	0.006819	0.011831	0.008652	0.438721	0.346270	0.387051	2
1.00	0.481350	0.322619	0.386315	0.007262	0.012466	0.009178	0.481350	0.390675	0.431298	2
1.00	0.497336	0.333333	0.399145	0.007526	0.012620	0.009429	0.497336	0.409029	0.448881	2
1.00	0.500888	0.335714	0.401996	0.007575	0.012640	0.009473	0.500888	0.412877	0.452644	2
1.00	0.509769	0.341667	0.409123	0.007840	0.012532	0.009646	0.509769	0.425163	0.463638	2
1.00	0.520426	0.348810	0.417676	0.008296	0.012546	0.009988	0.520426	0.438188	0.475780	2
1.00	0.520426	0.348810	0.417676	0.008296	0.012546	0.009988	0.520426	0.438188	0.475780	2
1.00	0.518650	0.347619	0.416251	0.008377	0.012380	0.009993	0.518650	0.437596	0.474688	2
1.00	0.516874	0.346429	0.414825	0.008481	0.012215	0.010011	0.516874	0.437004	0.473595	2
1.00	0.509769	0.341667	0.409123	0.008579	0.011908	0.009973	0.509769	0.432860	0.468177	2
1.00	0.509769	0.341667	0.409123	0.009644	0.011418	0.010456	0.509769	0.442333	0.473663	2
1.00	0.492007	0.329762	0.394868	0.009811	0.010563	0.010173	0.492007	0.433156	0.460710	2
1.00	0.490231	0.328571	0.393443	0.010436	0.010397	0.010417	0.490231	0.434044	0.460430	2
1.00	0.492007	0.329762	0.394868	0.010981	0.010385	0.010674	0.492007	0.437004	0.462877	2
1.00	0.492007	0.329762	0.394868	0.010981	0.010385	0.010674	0.492007	0.437004	0.462877	2
1.00	0.486679	0.326190	0.390592	0.011144	0.010155	0.010626	0.486679	0.434340	0.459022	2
1.00	0.486679	0.326190	0.390592	0.011144	0.010155	0.010626	0.486679	0.434340	0.459022	2
1.00	0.492007	0.329762	0.394868	0.010981	0.010385	0.010674	0.492007	0.437004	0.462877	2
1.00	0.490231	0.328571	0.393443	0.010436	0.010397	0.010417	0.490231	0.434044	0.460430	2
1.00	0.504440	0.338095	0.404847	0.009780	0.011144	0.010418	0.504440	0.439964	0.470002	2
1.00	0.511545	0.342857	0.410549	0.009543	0.011539	0.010447	0.511545	0.442333	0.474428	2
1.00	0.513322	0.344048	0.411974	0.008823	0.011972	0.010159	0.513322	0.437596	0.472444	2
1.00	0.515098	0.345238	0.413400	0.008617	0.012138	0.010079	0.515098	0.436412	0.472501	2
1.00	0.515098	0.345238	0.413400	0.008390	0.012227	0.009952	0.515098	0.435228	0.471807	2
1.00	0.515098	0.345238	0.413400	0.008497	0.012183	0.010011	0.515098	0.435228	0.471807	2
1.00	0.516874	0.346429	0.414825	0.008729	0.012126	0.010150	0.516874	0.439076	0.474809	2
1.00	0.516874	0.346429	0.414825	0.009015	0.012081	0.010325	0.516874	0.439965	0.475328	2
1.00	0.513322	0.344048	0.411974	0.009362	0.011750	0.010421	0.513322	0.440557	0.474164	2
1.00	0.509769	0.341667	0.409123	0.009584	0.011463	0.010440	0.509769	0.441445	0.473153	2
1.00	0.509769	0.341667	0.409123	0.009644	0.011418	0.010456	0.509769	0.442333	0.473663	2
1.00	0.502664	0.336905	0.403421	0.009765	0.011112	0.010395	0.502664	0.438188	0.468217	2
1.00	0.502664	0.336905	0.403421	0.010052	0.011067	0.010535	0.502664	0.438188	0.468217	2

Sat Aug 28 09:33:24 2021
65.89	0.013128	0.538941	0.025632	0.015658	0.136235	0.028087	0.013087	0.509500	0.025518	128
59.67	0.013246	0.529762	0.025845	0.014340	0.212895	0.026871	0.013068	0.514979	0.025490	128
53.38	0.013876	0.496429	0.026998	0.014971	0.178017	0.027620	0.013584	0.480343	0.026421	128
47.44	0.014601	0.464286	0.028312	0.015703	0.153769	0.028495	0.014205	0.450888	0.027542	128
41.37	0.015930	0.441667	0.030751	0.016702	0.143777	0.029927	0.015355	0.429278	0.029650	128
35.91	0.017213	0.414286	0.033053	0.017178	0.127564	0.030278	0.016434	0.403671	0.031583	128
31.22	0.018772	0.392857	0.035833	0.018488	0.116050	0.031895	0.017695	0.382948	0.033827	128
26.74	0.020194	0.361905	0.038253	0.019563	0.103298	0.032896	0.018830	0.352161	0.035749	128
22.55	0.022366	0.338095	0.041956	0.020891	0.098516	0.034473	0.020768	0.331735	0.039090	128
18.80	0.025038	0.315476	0.046394	0.022422	0.079398	0.034969	0.022818	0.311249	0.042518	128
15.31	0.027955	0.286905	0.050946	0.023307	0.063996	0.034169	0.025410	0.281646	0.046614	127
12.25	0.030747	0.252381	0.054816	0.024249	0.045037	0.031525	0.028388	0.250799	0.051003	126
9.61	0.034738	0.223810	0.060141	0.025847	0.039073	0.031113	0.033941	0.220900	0.058841	124
7.46	0.041419	0.207143	0.069034	0.028714	0.031811	0.030183	0.039714	0.206394	0.066612	119
5.73	0.048342	0.185714	0.076715	0.030565	0.024153	0.026984	0.044224	0.184488	0.071346	116
4.35	0.056373	0.164286	0.083942	0.031497	0.019134	0.023806	0.059803	0.166519	0.088002	113
3.32	0.063636	0.141667	0.087823	0.030606	0.014319	0.019510	0.073515	0.142392	0.096967	103
2.51	0.075618	0.127381	0.094900	0.025535	0.013198	0.017402	0.090768	0.128478	0.106380	92
1.94	0.096804	0.126190	0.109561	0.030611	0.011239	0.016441	0.107382	0.131439	0.118199	85
1.60	0.120267	0.128571	0.124281	0.031507	0.011103	0.016420	0.129889	0.135879	0.132816	78
1.37	0.156047	0.142857	0.149161	0.024417	0.011253	0.015406	0.166679	0.153937	0.160055	68
1.21	0.198822	0.160714	0.177749	0.025021	0.011749	0.015990	0.208567	0.177916	0.192026	59
1.11	0.248796	0.184524	0.211893	0.024866	0.011974	0.016164	0.254859	0.210480	0.230553	50
1.07	0.276206	0.197619	0.230396	0.023711	0.008312	0.012309	0.277679	0.231202	0.252318	46
1.03	0.320138	0.221429	0.261787	0.023999	0.009086	0.013182	0.319568	0.259325	0.286312	39
1.02	0.360627	0.246429	0.292786	0.024047	0.009982	0.014108	0.360568	0.290320	0.321653	36
1.01	0.400703	0.271429	0.323634	0.023889	0.010540	0.014627	0.399645	0.323771	0.357729	33
1.01	0.444444	0.300000	0.358209	0.024175	0.011354	0.015452	0.443458	0.361664	0.398406	30
1.00	0.465487	0.313095	0.374377	0.023577	0.011803	0.015731	0.464476	0.378242	0.416947	27
1.00	0.486679	0.326190	0.390592	0.022722	0.012013	0.015717	0.486679	0.396596	0.437043	25
1.00	0.502664	0.336905	0.403421	0.022020	0.012385	0.015853	0.502664	0.410213	0.451757	21
1.00	0.532860	0.357143	0.427655	0.024908	0.013088	0.017160	0.532860	0.434488	0.478672	19
1.00	0.541741	0.363095	0.434783	0.016891	0.013243	0.014846	0.541741	0.441593	0.486567	18
1.00	0.538188	0.360714	0.431932	0.016114	0.013326	0.014588	0.538188	0.436264	0.481896	15
1.00	0.545293	0.365476	0.437634	0.016326	0.013661	0.014875	0.545293	0.439224	0.486545	12
1.00	0.525755	0.352381	0.421953	0.015820	0.013367	0.014490	0.525755	0.419686	0.466771	8
1.00	0.509769	0.341667	0.409123	0.015527	0.013134	0.014231	0.509769	0.406069	0.452048	6
1.00	0.483126	0.323810	0.387741	0.015090	0.012576	0.013719	0.483126	0.384162	0.427998	6
1.00	0.467140	0.313095	0.374911	0.014874	0.012511	0.013590	0.467140	0.364920	0.409751	3
1.00	0.440497	0.295238	0.353528	0.014605	0.012120	0.013247	0.440497	0.337981	0.382489	3
1.00	0.388988	0.260714	0.312188	0.014122	0.011265	0.012533	0.388988	0.289728	0.332099	3
1.00	0.321492	0.215476	0.258019	0.013484	0.010090	0.011543	0.321492	0.227561	0.266492	3
1.00	0.262877	0.176190	0.210976	0.012735	0.009123	0.010630	0.262877	0.171314	0.207441	3
1.00	0.211368	0.141667	0.169637	0.011338	0.008328	0.009603	0.211368	0.122765	0.155319	3
1.00	0.184725	0.123810	0.148254	0.002181	0.007832	0.003412	0.184725	0.100562	0.130229	2
1.00	0.181172	0.121429	0.145403	0.001770	0.007768	0.002883	0.181172	0.097010	0.126360	2
1.00	0.181172	0.121429	0.145403	0.001454	0.007812	0.002452	0.181172	0.097010	0.126360	2
1.00	0.181172	0.121429	0.145403	0.001446	0.007812	0.002441	0.181172	0.097010	0.126360	2
1.00	0.181172	0.121429	0.145403	0.001441	0.007812	0.002433	0.181172	0.097010	0.126360	2
1.00	0.181172	0.121429	0.145403	0.001441	0.007812	0.002433	0.181172	0.097010	0.126360	2
1.00	0.181172	0.121429	0.145403	0.001441	0.007812	0.002433	0.181172	0.097010	0.126360	2
1.00	0.181172	0.121429	0.145403	0.001441	0.007812	0.002433	0.181172	0.097010	0.126360	2
1.00	0.181172	0.121429	0.145403	0.001444	0.007812	0.002437	0.181172	0.097010	0.126360	2
1.00	0.181172	0.121429	0.145403	0.001444	0.007812	0.002437	0.181172	0.097010	0.126360	2
1.00	0.181172	0.121429	0.145403	0.001444	0.007812	0.002437	0.181172	0.097010	0.126360	2
1.00	0.181172	0.121429	0.145403	0.001449	0.007812	0.002444	0.181172	0.097010	0.126360	2
1.00	0.181172	0.121429	0.145403	0.001449	0.007812	0.002444	0.181172	0.097010	0.126360	2
1.00	0.181172	0.121429	0.145403	0.001454	0.007812	0.002452	0.181172	0.097010	0.126360	2
1.00	0.181172	0.121429	0.145403	0.001862	0.007768	0.003004	0.181172	0.097010	0.126360	2
1.00	0.181172	0.121429	0.145403	0.001814	0.007768	0.002941	0.181172	0.097010	0.126360	2
1.00	0.181172	0.121429	0.145403	0.001789	0.007768	0.002909	0.181172	0.097010	0.126360	2
1.00	0.181172	0.121429	0.145403	0.001770	0.007768	0.002883	0.181172	0.097010	0.126360	2
1.00	0.195382	0.130952	0.156807	0.003114	0.007979	0.004480	0.195382	0.109443	0.140299	2
1.00	0.220249	0.147619	0.176764	0.004195	0.008428	0.005602	0.220249	0.131646	0.164793	2
1.00	0.227353	0.152381	0.182466	0.004352	0.008556	0.005769	0.227353	0.138751	0.172331	2
1.00	0.218472	0.146429	0.175339	0.004221	0.008396	0.005617	0.218472	0.129870	0.162903	2
1.00	0.195382	0.130952	0.156807	0.003085	0.007979	0.004450	0.195382	0.109443	0.140299	2
1.00	0.184725	0.123810	0.148254	0.002181	0.007832	0.003412	0.184725	0.099674	0.129482	2
1.00	0.181172	0.121429	0.145403	0.001747	0.007768	0.002853	0.181172	0.097010	0.126360	2
1.00	0.181172	0.121429	0.145403	0.001779	0.007768	0.002895	0.181172	0.097010	0.126360	2
1.00	0.181172	0.121429	0.145403	0.001801	0.007768	0.002924	0.181172	0.097010	0.126360	2
1.00	0.179396	0.120238	0.143977	0.001435	0.007736	0.002420	0.179396	0.096122	0.125174	2
1.00	0.181172	0.121429	0.145403	0.001431	0.007812	0.002418	0.181172	0.097010	0.126360	2
1.00	0.181172	0.121429	0.145403	0.001418	0.007812	0.002400	0.181172	0.097010	0.126360	2
1.00	0.181172	0.121429	0.145403	0.001418	0.007812	0.002400	0.181172	0.097010	0.126360	2
1.00	0.181172	0.121429	0.145403	0.001418	0.007812	0.002400	0.181172	0.097010	0.126360	2
1.00	0.181172	0.121429	0.145403	0.001418	0.007812	0.002400	0.181172	0.097010	0.126360	2
1.00	0.181172	0.121429	0.145403	0.001418	0.007812	0.002400	0.181172	0.097010	0.126360	2
1.00	0.181172	0.121429	0.145403	0.001418	0.007812	0.002400	0.181172	0.097010	0.126360	2
1.00	0.181172	0.121429	0.145403	0.001418	0.007812	0.002400	0.181172	0.097010	0.126360	2
1.00	0.181172	0.121429	0.145403	0.001418	0.007812	0.002400	0.181172	0.097010	0.126360	2
1.00	0.181172	0.121429	0.145403	0.001418	0.007812	0.002400	0.181172	0.097010	0.126360	2
1.00	0.181172	0.121429	0.145403	0.001418	0.007812	0.002400	0.181172	0.097010	0.126360	2
1.00	0.181172	0.121429	0.145403	0.001418	0.007812	0.002400	0.181172	0.097010	0.126360	2
1.00	0.181172	0.121429	0.145403	0.001418	0.007812	0.002400	0.181172	0.097010	0.126360	2
1.00	0.181172	0.121429	0.145403	0.001418	0.007812	0.002400	0.181172	0.097010	0.126360	2
1.00	0.181172	0.121429	0.145403	0.001418	0.007812	0.002400	0.181172	0.097010	0.126360	2
1.00	0.181172	0.121429	0.145403	0.001418	0.007812	0.002400	0.181172	0.097010	0.126360	2
1.00	0.181172	0.121429	0.145403	0.001418	0.007812	0.002400	0.181172	0.097010	0.126360	2
1.00	0.181172	0.121429	0.145403	0.001418	0.007812	0.002400	0.181172	0.097010	0.126360	2
1.00	0.181172	0.121429	0.145403	0.001418	0.007812	0.002400	0.181172	0.097010	0.126360	2
1.00	0.181172	0.121429	0.145403	0.001420	0.007812	0.002404	0.181172	0.097010	0.126360	2
1.00	0.181172	0.121429	0.145403	0.001423	0.007812	0.002407	0.181172	0.097010	0.126360	2
1.00	0.181172	0.121429	0.145403	0.001431	0.007812	0.002418	0.181172	0.097010	0.126360	2
1.00	0.181172	0.121429	0.145403	0.002140	0.007768	0.003355	0.181172	0.097010	0.126360	2
1.00	0.181172	0.121429	0.145403	0.001961	0.007768	0.003131	0.181172	0.097010	0.126360	2
1.00	0.181172	0.121429	0.145403	0.001931	0.007768	0.003093	0.181172	0.097010	0.126360	2
1.00	0.181172	0.121429	0.145403	0.001828	0.007768	0.002959	0.181172	0.097010	0.126360	2
1.00	0.181172	0.121429	0.145403	0.001779	0.007768	0.002895	0.181172	0.097010	0.126360	2
1.00	0.191829	0.128571	0.153956	0.003100	0.007960	0.004462	0.191829	0.105891	0.136457	2
1.00	0.198934	0.133333	0.159658	0.003473	0.008088	0.004860	0.198934	0.112108	0.143402	2
1.00	0.207815	0.139286	0.166785	0.004038	0.008248	0.005422	0.207815	0.120101	0.152227	2
1.00	0.200710	0.134524	0.161083	0.003564	0.008120	0.004954	0.200710	0.113884	0.145315	2
1.00	0.195382	0.130952	0.156807	0.003309	0.008024	0.004685	0.195382	0.108555	0.139567	2
1.00	0.191829	0.128571	0.153956	0.003100	0.007960	0.004462	0.191829	0.105891	0.136457	2
1.00	0.195382	0.130952	0.156807	0.003400	0.008024	0.004777	0.195382	0.108555	0.139567	2
1.00	0.198934	0.133333	0.159658	0.003516	0.008088	0.004901	0.198934	0.112108	0.143402	2
1.00	0.216696	0.145238	0.173913	0.004486	0.008408	0.005851	0.216696	0.128094	0.161011	2
1.00	0.236234	0.158333	0.189594	0.005125	0.008760	0.006467	0.236234	0.146744	0.181033	2
1.00	0.261101	0.175000	0.209551	0.005506	0.009209	0.006891	0.261101	0.170722	0.206454	2
1.00	0.289520	0.194048	0.232359	0.005973	0.009721	0.007400	0.289520	0.197365	0.234722	2
1.00	0.314387	0.210714	0.252316	0.005994	0.010125	0.007530	0.314387	0.223120	0.261005	2
1.00	0.353464	0.236905	0.283678	0.006239	0.010740	0.007893	0.353464	0.257756	0.298117	2
1.00	0.381883	0.255952	0.306486	0.006425	0.011208	0.008168	0.381883	0.286175	0.327173	2
1.00	0.410302	0.275000	0.329294	0.006588	0.011675	0.008423	0.410302	0.311042	0.353843	2
1.00	0.438721	0.294048	0.352103	0.006825	0.012054	0.008715	0.438721	0.338869	0.382384	2
1.00	0.454707	0.304762	0.364932	0.006964	0.012253	0.008881	0.454707	0.355151	0.398810	2
1.00	0.468917	0.314286	0.376336	0.007138	0.012465	0.009078	0.468917	0.370249	0.413782	2
1.00	0.476021	0.319048	0.382038	0.007230	0.012504	0.009162	0.476021	0.379426	0.422270	2
1.00	0.481350	0.322619	0.386315	0.007331	0.012555	0.009257	0.481350	0.384754	0.427666	2
1.00	0.484902	0.325000	0.389166	0.007402	0.012619	0.009330	0.484902	0.388307	0.431262	2
1.00	0.490231	0.328571	0.393443	0.007512	0.012715	0.009445	0.490231	0.393635	0.436655	2
1.00	0.492007	0.329762	0.394868	0.007549	0.012747	0.009482	0.492007	0.395411	0.438452	2
1.00	0.490231	0.328571	0.393443	0.007498	0.012715	0.009433	0.490231	0.393635	0.436655	2
1.00	0.479574	0.321429	0.384890	0.007298	0.012568	0.009234	0.479574	0.382978	0.425867	2
1.00	0.479574	0.321429	0.384890	0.007291	0.012657	0.009252	0.479574	0.380906	0.424583	2
1.00	0.461812	0.309524	0.370634	0.007052	0.012381	0.008986	0.461812	0.363144	0.406577	2
1.00	0.449378	0.301190	0.360656	0.006919	0.012202	0.008830	0.449378	0.349822	0.393400	2
1.00	0.445035	0.298810	0.357550	0.014715	0.012395	0.013456	0.444050	0.343902	0.387611	3
1.00	0.439716	0.295238	0.353276	0.014676	0.012299	0.013383	0.438721	0.338573	0.382196	3
1.00	0.421986	0.283333	0.339031	0.014537	0.012023	0.013161	0.420959	0.323475	0.365835	3
1.00	0.406028	0.272619	0.326211	0.014378	0.011735	0.012923	0.404973	0.308378	0.350136	3
1.00	0.400709	0.269048	0.321937	0.014363	0.011639	0.012859	0.399645	0.303937	0.345282	3
1.00	0.391844	0.263095	0.314815	0.014264	0.011479	0.012721	0.390764	0.295944	0.336808	3
1.00	0.390071	0.261905	0.313390	0.014290	0.011492	0.012739	0.388988	0.294168	0.334998	3
1.00	0.393617	0.264286	0.316239	0.014286	0.011511	0.012749	0.392540	0.297721	0.338618	3
1.00	0.409574	0.275000	0.329060	0.014421	0.011799	0.012979	0.408526	0.311930	0.353752	3

Sat Aug 28 09:57:07 2021
63.30	0.011611	0.457944	0.022648	0.013798	0.109918	0.024519	0.011370	0.405333	0.022119	128
56.50	0.010406	0.394048	0.020277	0.012828	0.177819	0.023930	0.010114	0.348490	0.019658	128
50.47	0.011087	0.375000	0.021537	0.013240	0.168627	0.024552	0.010629	0.329603	0.020595	128
44.55	0.011763	0.351190	0.022763	0.013669	0.154021	0.025109	0.011119	0.312374	0.021473	128
39.03	0.012743	0.333333	0.024547	0.014126	0.138930	0.025645	0.011884	0.299734	0.022862	128
33.50	0.013943	0.313095	0.026696	0.014847	0.119203	0.026405	0.012709	0.283748	0.024329	128
28.47	0.015221	0.290476	0.028927	0.015659	0.093856	0.026840	0.013470	0.262877	0.025628	128
23.75	0.017204	0.273810	0.032374	0.016495	0.077275	0.027186	0.015257	0.248076	0.028747	128
19.54	0.019815	0.259524	0.036818	0.018249	0.066854	0.028672	0.017010	0.234458	0.031719	128
15.74	0.022568	0.238095	0.041229	0.017962	0.053018	0.026833	0.018624	0.216696	0.034300	127
12.45	0.026248	0.219048	0.046879	0.018047	0.046261	0.025964	0.020982	0.201007	0.037997	126
9.73	0.031028	0.202381	0.053806	0.017846	0.036777	0.024031	0.023847	0.186205	0.042279	125
7.57	0.036150	0.183333	0.060392	0.017620	0.030226	0.022263	0.032151	0.172232	0.054187	124
5.82	0.045191	0.176190	0.071932	0.020246	0.023492	0.021749	0.040980	0.166015	0.065734	122
4.51	0.055972	0.169048	0.084098	0.022986	0.022558	0.022770	0.050016	0.158911	0.076084	116
3.46	0.067214	0.155952	0.093940	0.023588	0.019492	0.021345	0.058198	0.146477	0.083299	108
2.69	0.082454	0.148810	0.106112	0.028117	0.015554	0.020029	0.072993	0.140261	0.096018	96
2.14	0.099751	0.142857	0.117474	0.030857	0.012591	0.017884	0.095142	0.135524	0.111798	87
1.71	0.123316	0.141667	0.131856	0.033681	0.012601	0.018341	0.121479	0.134340	0.127586	75
1.46	0.145122	0.141667	0.143373	0.039885	0.008843	0.014476	0.143266	0.133452	0.138185	70
1.28	0.176389	0.151190	0.162821	0.028734	0.008254	0.012824	0.170799	0.140793	0.154351	58
1.17	0.194234	0.152381	0.170781	0.030248	0.008307	0.013035	0.185896	0.140793	0.160231	44
1.12	0.221338	0.165476	0.189373	0.030497	0.009089	0.014005	0.210088	0.152635	0.176811	34
1.07	0.230132	0.165476	0.192521	0.029742	0.008979	0.013794	0.220574	0.150562	0.178965	30
1.04	0.250853	0.175000	0.206171	0.028675	0.009145	0.013868	0.245885	0.162641	0.195782	27
1.02	0.281739	0.192857	0.228975	0.028592	0.009782	0.014577	0.278567	0.181972	0.220139	24
1.01	0.292982	0.198810	0.236879	0.028112	0.010060	0.014818	0.291889	0.188484	0.229057	21
1.01	0.321555	0.216667	0.258890	0.028182	0.010795	0.015610	0.320900	0.209799	0.253720	18
1.00	0.335106	0.225000	0.269231	0.012897	0.010428	0.011532	0.334814	0.225488	0.269485	11
1.00	0.336879	0.226190	0.270655	0.013142	0.010631	0.011754	0.336590	0.227620	0.271582	9
1.00	0.326821	0.219048	0.262295	0.013063	0.010385	0.011571	0.326821	0.223179	0.265235	7
1.00	0.307282	0.205952	0.246614	0.013667	0.010147	0.011647	0.307282	0.210746	0.250019	6
1.00	0.278863	0.186905	0.223806	0.013996	0.009714	0.011469	0.278863	0.185583	0.222856	5
1.00	0.253996	0.170238	0.203849	0.013734	0.009273	0.011071	0.253996	0.160124	0.196421	5
1.00	0.227353	0.152381	0.182466	0.012794	0.008699	0.010356	0.227353	0.137034	0.171000	5
1.00	0.211368	0.141667	0.169637	0.009944	0.008388	0.009100	0.211368	0.121048	0.153938	5
1.00	0.197158	0.132143	0.158232	0.013476	0.008132	0.010143	0.197158	0.108615	0.140066	4
1.00	0.188277	0.126190	0.151105	0.012597	0.007956	0.009753	0.188277	0.102043	0.132353	3
1.00	0.182948	0.122619	0.146828	0.003379	0.007845	0.004723	0.182948	0.098786	0.128297	2
1.00	0.182948	0.122619	0.146828	0.005327	0.007845	0.006345	0.182948	0.098786	0.128297	2
1.00	0.181172	0.121429	0.145403	0.001418	0.007812	0.002400	0.181172	0.097010	0.126360	2
1.00	0.181172	0.121429	0.145403	0.001418	0.007812	0.002400	0.181172	0.097010	0.126360	2
1.00	0.181172	0.121429	0.145403	0.001418	0.007812	0.002400	0.181172	0.097010	0.126360	2
1.00	0.181172	0.121429	0.145403	0.001418	0.007812	0.002400	0.181172	0.097010	0.126360	2
1.00	0.181172	0.121429	0.145403	0.001418	0.007812	0.002400	0.181172	0.097010	0.126360	2
1.00	0.181172	0.121429	0.145403	0.001415	0.007812	0.002397	0.181172	0.097010	0.126360	1
1.00	0.181172	0.121429	0.145403	0.001415	0.007812	0.002397	0.181172	0.097010	0.126360	1
1.00	0.181172	0.121429	0.145403	0.001415	0.007812	0.002397	0.181172	0.097010	0.126360	1
1.00	0.181172	0.121429	0.145403	0.001415	0.007812	0.002397	0.181172	0.097010	0.126360	1
1.00	0.181172	0.121429	0.145403	0.001415	0.007812	0.002397	0.181172	0.097010	0.126360	1
1.00	0.181172	0.121429	0.145403	0.001415	0.007812	0.002397	0.181172	0.097010	0.126360	1
1.00	0.181172	0.121429	0.145403	0.001415	0.007812	0.002397	0.181172	0.097010	0.126360	1
1.00	0.181172	0.121429	0.145403	0.001415	0.007812	0.002397	0.181172	0.097010	0.126360	1
1.00	0.181172	0.121429	0.145403	0.001415	0.007812	0.002397	0.181172	0.097010	0.126360	1
1.00	0.181172	0.121429	0.145403	0.001415	0.007812	0.002397	0.181172	0.097010	0.126360	1
1.00	0.181172	0.121429	0.145403	0.001415	0.007812	0.002397	0.181172	0.097010	0.126360	1
1.00	0.181172	0.121429	0.145403	0.001415	0.007812	0.002397	0.181172	0.097010	0.126360	1
1.00	0.181172	0.121429	0.145403	0.001415	0.007812	0.002397	0.181172	0.097010	0.126360	1
1.00	0.181172	0.121429	0.145403	0.001415	0.007812	0.002397	0.181172	0.097010	0.126360	1
1.00	0.181172	0.121429	0.145403	0.001415	0.007812	0.002397	0.181172	0.097010	0.126360	1
1.00	0.181172	0.121429	0.145403	0.001415	0.007812	0.002397	0.181172	0.097010	0.126360	1
1.00	0.181172	0.121429	0.145403	0.001415	0.007812	0.002397	0.181172	0.097010	0.126360	1
1.00	0.181172	0.121429	0.145403	0.001415	0.007812	0.002397	0.181172	0.097010	0.126360	1
1.00	0.181172	0.121429	0.145403	0.001415	0.007812	0.002397	0.181172	0.097010	0.126360	1
1.00	0.181172	0.121429	0.145403	0.001415	0.007812	0.002397	0.181172	0.097010	0.126360	1
1.00	0.181172	0.121429	0.145403	0.001415	0.007812	0.002397	0.181172	0.097010	0.126360	1
1.00	0.181172	0.121429	0.145403	0.001415	0.007812	0.002397	0.181172	0.097010	0.126360	1
1.00	0.181172	0.121429	0.145403	0.001415	0.007812	0.002397	0.181172	0.097010	0.126360	1
1.00	0.181172	0.121429	0.145403	0.001415	0.007812	0.002397	0.181172	0.097010	0.126360	1
1.00	0.181172	0.121429	0.145403	0.001415	0.007812	0.002397	0.181172	0.097010	0.126360	1
1.00	0.181172	0.121429	0.145403	0.001415	0.007812	0.002397	0.181172	0.097010	0.126360	1
1.00	0.181172	0.121429	0.145403	0.001415	0.007812	0.002397	0.181172	0.097010	0.126360	1
1.00	0.181172	0.121429	0.145403	0.001415	0.007812	0.002397	0.181172	0.097010	0.126360	1
1.00	0.181172	0.121429	0.145403	0.001415	0.007812	0.002397	0.181172	0.097010	0.126360	1
1.00	0.181172	0.121429	0.145403	0.001415	0.007812	0.002397	0.181172	0.097010	0.126360	1
1.00	0.181172	0.121429	0.145403	0.001415	0.007812	0.002397	0.181172	0.097010	0.126360	1
1.00	0.181172	0.121429	0.145403	0.001415	0.007812	0.002397	0.181172	0.097010	0.126360	1
1.00	0.181172	0.121429	0.145403	0.001415	0.007812	0.002397	0.181172	0.097010	0.126360	1
1.00	0.181172	0.121429	0.145403	0.001415	0.007812	0.002397	0.181172	0.097010	0.126360	1
1.00	0.181172	0.121429	0.145403	0.001415	0.007812	0.002397	0.181172	0.097010	0.126360	1
1.00	0.181172	0.121429	0.145403	0.001415	0.007812	0.002397	0.181172	0.097010	0.126360	1
1.00	0.181172	0.121429	0.145403	0.001415	0.007812	0.002397	0.181172	0.097010	0.126360	1
1.00	0.181172	0.121429	0.145403	0.001415	0.007812	0.002397	0.181172	0.097010	0.126360	1
1.00	0.181172	0.121429	0.145403	0.001415	0.007812	0.002397	0.181172	0.097010	0.126360	1
1.00	0.181172	0.121429	0.145403	0.001415	0.007812	0.002397	0.181172	0.097010	0.126360	1
1.00	0.181172	0.121429	0.145403	0.001415	0.007812	0.002397	0.181172	0.097010	0.126360	1
1.00	0.181172	0.121429	0.145403	0.001415	0.007812	0.002397	0.181172	0.097010	0.126360	1
1.00	0.181172	0.121429	0.145403	0.001415	0.007812	0.002397	0.181172	0.097010	0.126360	1
1.00	0.181172	0.121429	0.145403	0.001415	0.007812	0.002397	0.181172	0.097010	0.126360	1
1.00	0.181172	0.121429	0.145403	0.001415	0.007812	0.002397	0.181172	0.097010	0.126360	1
1.00	0.181172	0.121429	0.145403	0.001415	0.007812	0.002397	0.181172	0.097010	0.126360	1
1.00	0.181172	0.121429	0.145403	0.001415	0.007812	0.002397	0.181172	0.097010	0.126360	1
1.00	0.181172	0.121429	0.145403	0.001415	0.007812	0.002397	0.181172	0.097010	0.126360	1
1.00	0.186501	0.125000	0.149679	0.009235	0.007909	0.008521	0.186501	0.100562	0.130668	2
1.00	0.200710	0.134524	0.161083	0.008608	0.008165	0.008380	0.200710	0.114772	0.146036	2
1.00	0.213144	0.142857	0.171062	0.008167	0.008389	0.008276	0.213144	0.126317	0.158626	2
1.00	0.232682	0.155952	0.186743	0.007805	0.008741	0.008247	0.232682	0.144079	0.177962	2
1.00	0.245115	0.164286	0.196721	0.007655	0.008965	0.008259	0.245115	0.155625	0.190378	2
1.00	0.273535	0.183333	0.219530	0.007683	0.009433	0.008469	0.273535	0.181380	0.218123	2
1.00	0.298401	0.200000	0.239487	0.007365	0.009881	0.008439	0.298401	0.205358	0.243287	2
1.00	0.303730	0.203571	0.243763	0.007277	0.009977	0.008416	0.303730	0.210687	0.248794	2
1.00	0.305506	0.204762	0.245189	0.007303	0.010009	0.008445	0.305506	0.212463	0.250628	2
1.00	0.301954	0.202381	0.242338	0.007417	0.009945	0.008497	0.301954	0.208911	0.246959	2
1.00	0.298401	0.200000	0.239487	0.007365	0.009881	0.008439	0.298401	0.205358	0.243287	2
1.00	0.287744	0.192857	0.230934	0.007663	0.009689	0.008558	0.287744	0.194701	0.232251	2
1.00	0.268206	0.179762	0.215253	0.007863	0.009381	0.008555	0.268206	0.176051	0.212570	2
1.00	0.246892	0.165476	0.198147	0.007825	0.008997	0.008370	0.246892	0.157401	0.192242	2
1.00	0.232682	0.155952	0.186743	0.007982	0.008741	0.008345	0.232682	0.144079	0.177962	2
1.00	0.223801	0.150000	0.179615	0.008186	0.008581	0.008379	0.223801	0.136086	0.169254	2
1.00	0.213144	0.142857	0.171062	0.008499	0.008389	0.008443	0.213144	0.126317	0.158626	2
1.00	0.209591	0.140476	0.168211	0.008812	0.008325	0.008562	0.209591	0.122765	0.154837	2
1.00	0.209591	0.140476	0.168211	0.008812	0.008325	0.008562	0.209591	0.122765	0.154837	2
1.00	0.207815	0.139286	0.166785	0.008781	0.008293	0.008530	0.207815	0.120989	0.152938	2
1.00	0.207815	0.139286	0.166785	0.008781	0.008293	0.008530	0.207815	0.120989	0.152938	2
1.00	0.209591	0.140476	0.168211	0.008812	0.008325	0.008562	0.209591	0.122765	0.154837	2
1.00	0.211368	0.141667	0.169637	0.008841	0.008357	0.008592	0.211368	0.124541	0.156733	2
1.00	0.211368	0.141667	0.169637	0.008841	0.008357	0.008592	0.211368	0.124541	0.156733	2
1.00	0.214920	0.144048	0.172488	0.008889	0.008421	0.008649	0.214920	0.128094	0.160518	2
