
Mon Sep  6 22:35:05 2021
24.27	0.028018	0.419753	0.052530	0.031007	0.225544	0.054519	0.027971	0.405000	0.052328	45
21.23	0.040037	0.509415	0.074239	0.031667	0.304749	0.057373	0.039860	0.459875	0.073362	46
18.17	0.043644	0.475347	0.079947	0.031755	0.257471	0.056537	0.043381	0.427929	0.078776	46
15.21	0.048549	0.442541	0.087498	0.031105	0.200773	0.053864	0.048108	0.399344	0.085872	46
12.47	0.055262	0.413132	0.097484	0.030947	0.160486	0.051889	0.054582	0.372945	0.095227	46
9.98	0.064337	0.384888	0.110246	0.032066	0.132043	0.051601	0.063183	0.347842	0.106941	46
7.85	0.075186	0.353538	0.124001	0.033352	0.101122	0.050160	0.073566	0.319783	0.119615	44
6.04	0.090160	0.326216	0.141275	0.033631	0.072921	0.046033	0.088400	0.295328	0.136070	44
4.60	0.108817	0.300301	0.159748	0.033983	0.059426	0.043239	0.107122	0.272735	0.153826	42
3.49	0.130301	0.272736	0.176350	0.032133	0.041996	0.036408	0.129181	0.248603	0.170017	42
2.66	0.155787	0.248763	0.191590	0.033298	0.029701	0.031397	0.155508	0.227711	0.184808	40
2.06	0.184073	0.226924	0.203265	0.032355	0.026373	0.029059	0.182437	0.208114	0.194431	38
1.64	0.215882	0.212414	0.214134	0.035730	0.022541	0.027643	0.214621	0.195846	0.204804	38
1.38	0.246257	0.204358	0.223360	0.036881	0.021256	0.026969	0.242167	0.190218	0.213072	38
1.22	0.274113	0.200670	0.231711	0.042448	0.021246	0.028318	0.269385	0.190501	0.223178	36
1.12	0.297367	0.200087	0.239216	0.042515	0.020476	0.027640	0.292542	0.195077	0.234069	36
1.06	0.318196	0.202999	0.247867	0.053544	0.021211	0.030385	0.312839	0.202405	0.245787	33
1.04	0.339956	0.210909	0.260317	0.058699	0.022137	0.032150	0.335715	0.213985	0.261372	32
1.02	0.362080	0.221683	0.274999	0.041718	0.023131	0.029761	0.358990	0.230302	0.280595	31
1.01	0.375619	0.228332	0.284015	0.038147	0.024038	0.029492	0.374254	0.242854	0.294564	29
1.01	0.388176	0.234835	0.292634	0.035604	0.025272	0.029561	0.387683	0.256660	0.308851	28
1.01	0.391500	0.236048	0.294520	0.036250	0.026026	0.030299	0.391611	0.265447	0.316416	26
1.00	0.394111	0.237067	0.296052	0.030927	0.026484	0.028534	0.394202	0.271641	0.321642	26
1.00	0.394688	0.237261	0.296366	0.031614	0.027019	0.029137	0.394728	0.277877	0.326152	24
1.00	0.390419	0.234543	0.293042	0.031556	0.026636	0.028888	0.390477	0.281642	0.327248	21
1.00	0.384242	0.230758	0.288348	0.032625	0.026111	0.029007	0.384485	0.283100	0.326094	19
1.00	0.381942	0.229302	0.286563	0.038448	0.026550	0.031410	0.382177	0.287878	0.328392	19
1.00	0.375404	0.225323	0.281616	0.035950	0.026695	0.030639	0.375698	0.289457	0.326987	17
1.00	0.366025	0.219693	0.274580	0.039089	0.026640	0.031685	0.366345	0.289416	0.323368	13
1.00	0.357050	0.214307	0.267847	0.039365	0.026446	0.031637	0.357357	0.287716	0.318777	12
1.00	0.351205	0.210764	0.263436	0.042394	0.026349	0.032499	0.351486	0.286622	0.315757	11
1.00	0.341367	0.204843	0.256043	0.044349	0.026045	0.032817	0.341647	0.283302	0.309751	8
1.00	0.331419	0.198826	0.248544	0.045655	0.025692	0.032880	0.331606	0.279537	0.303353	7
1.00	0.322388	0.193439	0.241796	0.044462	0.025327	0.032271	0.322577	0.275609	0.297249	6
1.00	0.316951	0.190284	0.237802	0.048587	0.025165	0.033157	0.317070	0.273828	0.293867	4
1.00	0.307549	0.184655	0.230760	0.051147	0.024780	0.033386	0.307636	0.269415	0.287260	4
1.00	0.300517	0.180433	0.225484	0.053426	0.024485	0.033580	0.300591	0.266216	0.282361	4
1.00	0.299047	0.179608	0.224425	0.053869	0.024452	0.033636	0.299134	0.265649	0.281399	4
1.00	0.299604	0.180045	0.224923	0.054436	0.024519	0.033809	0.299660	0.266013	0.281836	4
1.00	0.299096	0.179899	0.224667	0.054525	0.024538	0.033845	0.299012	0.266054	0.281572	4
1.00	0.300927	0.181161	0.226167	0.054368	0.024671	0.033940	0.300672	0.267066	0.282875	4
1.01	0.305205	0.184121	0.229682	0.057576	0.024942	0.034806	0.304600	0.269698	0.286088	4
1.01	0.308587	0.186790	0.232716	0.057666	0.025195	0.035068	0.307123	0.271601	0.288272	4
1.01	0.313710	0.190333	0.236922	0.057565	0.025525	0.035367	0.311523	0.274395	0.291783	4
1.02	0.322190	0.196448	0.244076	0.054794	0.026069	0.035330	0.318285	0.279294	0.297517	4
1.02	0.332410	0.203776	0.252663	0.050524	0.026711	0.034946	0.326788	0.285246	0.304607	4
1.03	0.341606	0.210424	0.260428	0.049757	0.027314	0.035268	0.334818	0.290469	0.311071	4
1.03	0.356315	0.220712	0.272580	0.050718	0.028242	0.036281	0.348422	0.298405	0.321480	4
1.04	0.369528	0.230224	0.283698	0.052415	0.029134	0.037451	0.360097	0.305855	0.330767	4
1.04	0.379118	0.237358	0.291939	0.053102	0.029817	0.038190	0.368559	0.311159	0.337435	4
1.05	0.389668	0.244152	0.300206	0.053782	0.030555	0.038970	0.378465	0.316625	0.344794	4
1.04	0.401831	0.251383	0.309281	0.053523	0.031404	0.039583	0.390571	0.321888	0.352919	4
1.04	0.408265	0.255071	0.313979	0.053570	0.031968	0.040042	0.397212	0.324844	0.357401	4
1.04	0.417153	0.260118	0.320430	0.053943	0.032796	0.040792	0.406524	0.328893	0.363611	4
1.04	0.424250	0.264049	0.325506	0.054436	0.033494	0.041471	0.414028	0.332820	0.369009	5
1.04	0.430625	0.267495	0.330001	0.054730	0.034222	0.042112	0.421195	0.336303	0.373992	6
1.03	0.443992	0.274871	0.339538	0.054958	0.035421	0.043078	0.435379	0.342862	0.383621	6
1.03	0.452263	0.279773	0.345696	0.055137	0.036179	0.043690	0.443977	0.347235	0.389691	6
1.03	0.455358	0.281908	0.348230	0.055227	0.036656	0.044065	0.447202	0.349542	0.392387	6
1.03	0.457778	0.283607	0.350234	0.055345	0.037237	0.044520	0.450077	0.351729	0.394871	6
1.03	0.463264	0.286713	0.354207	0.055490	0.037982	0.045096	0.456042	0.355009	0.399232	6
1.03	0.473234	0.292585	0.361603	0.055667	0.039141	0.045964	0.466435	0.360151	0.406459	6
1.03	0.480807	0.297244	0.367371	0.055590	0.040053	0.046559	0.474087	0.364523	0.412148	6
1.03	0.485627	0.300058	0.370928	0.057178	0.040664	0.047527	0.479121	0.366993	0.415628	6
1.03	0.487500	0.300932	0.372142	0.058836	0.041251	0.048499	0.481348	0.367722	0.416932	6
1.03	0.497289	0.307095	0.379707	0.059900	0.042381	0.049640	0.490957	0.372986	0.423917	6
1.03	0.506044	0.312870	0.386673	0.059692	0.043179	0.050110	0.499015	0.377885	0.430084	6
1.03	0.512742	0.317335	0.392038	0.059050	0.043669	0.050208	0.505318	0.381569	0.434810	6
1.03	0.515705	0.319519	0.394570	0.080611	0.044567	0.057400	0.508287	0.383391	0.437092	7
1.04	0.518909	0.322285	0.397617	0.080860	0.045327	0.058091	0.511162	0.385537	0.439550	7
1.04	0.528902	0.329030	0.405684	0.081070	0.046990	0.059495	0.520798	0.390882	0.446583	7
1.04	0.533484	0.333252	0.410240	0.081030	0.047704	0.060053	0.524509	0.394202	0.450114	7
1.05	0.537496	0.336698	0.414036	0.081098	0.048135	0.060413	0.528086	0.397279	0.453437	7
1.05	0.537000	0.337377	0.414402	0.081078	0.048622	0.060789	0.526966	0.397967	0.453471	7
1.05	0.535934	0.338008	0.414559	0.081114	0.049065	0.061144	0.525319	0.398858	0.453436	7
1.06	0.529583	0.335776	0.410977	0.081093	0.048742	0.060887	0.518288	0.396834	0.449501	6
1.06	0.522625	0.333495	0.407169	0.080961	0.048306	0.060509	0.510446	0.395214	0.445499	6
1.07	0.513411	0.328836	0.400899	0.080725	0.047672	0.059944	0.500621	0.391489	0.439380	6
1.07	0.503249	0.323255	0.393653	0.080415	0.046590	0.058999	0.489878	0.386792	0.432274	6
1.08	0.504651	0.326458	0.396452	0.080380	0.046453	0.058879	0.489864	0.389627	0.434033	6
1.08	0.502911	0.326944	0.396271	0.080350	0.046464	0.058879	0.487232	0.390153	0.433322	6
1.09	0.504755	0.329710	0.398873	0.080306	0.046491	0.058890	0.488042	0.392704	0.435213	6
1.10	0.508649	0.333932	0.403176	0.080263	0.046844	0.059161	0.491268	0.396267	0.438683	6
1.10	0.513728	0.338688	0.408236	0.080129	0.047107	0.059333	0.495722	0.400032	0.442766	6
1.11	0.525771	0.349995	0.420243	0.080335	0.048318	0.060343	0.506559	0.409426	0.452842	6
1.12	0.533280	0.357323	0.427920	0.080367	0.048960	0.060850	0.513456	0.414932	0.458966	7
1.13	0.541079	0.364991	0.435924	0.080489	0.049910	0.061614	0.520487	0.420601	0.465243	7
1.13	0.544394	0.369261	0.440043	0.080399	0.049870	0.061557	0.523254	0.424123	0.468502	7
1.14	0.547225	0.373678	0.444098	0.080316	0.050078	0.061691	0.525157	0.427282	0.471190	7
1.14	0.549636	0.376978	0.447221	0.080003	0.049557	0.061203	0.526844	0.429792	0.473395	8
1.15	0.556071	0.383578	0.453992	0.079897	0.050038	0.061537	0.532715	0.434894	0.478860	8
1.15	0.559601	0.386392	0.457140	0.079978	0.050433	0.061859	0.535995	0.436797	0.481338	9
1.15	0.563005	0.388770	0.459940	0.079953	0.050655	0.062018	0.539590	0.438902	0.484066	9
1.15	0.568076	0.391197	0.463329	0.079754	0.051492	0.062580	0.545461	0.441331	0.487902	9
1.14	0.566143	0.388382	0.460710	0.079863	0.051447	0.062580	0.543829	0.439469	0.486111	9
1.14	0.560977	0.382170	0.454624	0.080159	0.051209	0.062494	0.539065	0.435339	0.481681	9
1.13	0.556233	0.376347	0.448941	0.080074	0.051272	0.062515	0.535468	0.431492	0.477890	9
1.12	0.553699	0.373047	0.445765	0.079944	0.051407	0.062575	0.533592	0.429468	0.475901	9
1.12	0.551240	0.371203	0.443652	0.080103	0.051464	0.062666	0.531460	0.428942	0.474729	9
1.13	0.549968	0.371494	0.443447	0.080189	0.051643	0.062825	0.530272	0.429508	0.474601	9
1.13	0.549208	0.371833	0.443441	0.079945	0.052147	0.063121	0.530002	0.430278	0.474962	9
1.13	0.544089	0.367417	0.438632	0.080056	0.052241	0.063225	0.525360	0.426634	0.470878	9
1.12	0.537706	0.361254	0.432163	0.080414	0.052263	0.063352	0.519286	0.421411	0.465257	9
1.12	0.534184	0.357566	0.428385	0.080643	0.052124	0.063321	0.516155	0.418536	0.462248	9
1.12	0.531645	0.355479	0.426070	0.080367	0.051867	0.063046	0.513618	0.416916	0.460242	8
1.12	0.534577	0.357517	0.428476	0.080471	0.052143	0.063281	0.517005	0.418860	0.462786	8
1.12	0.536948	0.358973	0.430283	0.080444	0.052480	0.063521	0.519502	0.420155	0.464577	8
1.11	0.542309	0.362030	0.434201	0.080390	0.053120	0.063970	0.525292	0.422625	0.468399	9
1.11	0.551574	0.368242	0.441638	0.080740	0.054036	0.064742	0.535145	0.427646	0.475394	9
1.12	0.564145	0.377511	0.452333	0.080690	0.055308	0.065631	0.548371	0.435663	0.485562	9
1.12	0.574033	0.385131	0.460980	0.080971	0.056789	0.066758	0.559101	0.442020	0.493714	9
1.12	0.584055	0.392507	0.469496	0.081103	0.058562	0.068014	0.569884	0.448376	0.501881	9
1.13	0.593337	0.401048	0.478601	0.081311	0.060002	0.069050	0.579642	0.455341	0.510027	9
1.13	0.602445	0.408959	0.487194	0.081810	0.061767	0.070390	0.589710	0.462062	0.518140	9
1.14	0.608166	0.414200	0.492783	0.081383	0.062908	0.070962	0.596432	0.466435	0.523483	9
1.14	0.613709	0.421042	0.499439	0.082089	0.063989	0.071918	0.602060	0.471293	0.528711	9
1.15	0.616286	0.426041	0.503802	0.083309	0.064657	0.072807	0.605110	0.475059	0.532255	9
1.16	0.618101	0.429875	0.507084	0.084888	0.065449	0.073912	0.607296	0.478379	0.535183	10
1.17	0.618293	0.433369	0.509572	0.085722	0.065675	0.074371	0.607539	0.481416	0.537173	9
1.18	0.621306	0.438707	0.514279	0.086366	0.066347	0.075045	0.610232	0.485991	0.541071	10
1.18	0.624897	0.442638	0.518209	0.086061	0.067119	0.075419	0.614092	0.489230	0.544596	11
1.19	0.627096	0.446569	0.521655	0.086393	0.067960	0.076076	0.616339	0.492631	0.547585	11
1.19	0.631018	0.450985	0.526024	0.086439	0.068800	0.076617	0.619936	0.496032	0.551105	11
1.19	0.635495	0.455110	0.530385	0.088779	0.069875	0.078201	0.624430	0.499555	0.555055	11
1.20	0.639456	0.458847	0.534302	0.088979	0.070942	0.078944	0.628870	0.502996	0.558934	11
1.20	0.646064	0.463651	0.539866	0.089837	0.072373	0.080165	0.635753	0.506802	0.564001	11
1.19	0.647754	0.462632	0.539762	0.090479	0.073008	0.080810	0.636995	0.506114	0.564062	11
1.18	0.647228	0.458895	0.537029	0.091279	0.073490	0.081424	0.635915	0.503604	0.562078	12
1.18	0.643600	0.453606	0.532153	0.099455	0.073970	0.084840	0.632102	0.499919	0.558293	12
1.17	0.642003	0.450548	0.529501	0.101283	0.074855	0.086087	0.631502	0.498461	0.557150	11
1.17	0.637000	0.445987	0.524648	0.101527	0.075334	0.086491	0.626474	0.495384	0.553270	11
1.17	0.629496	0.440794	0.518510	0.101420	0.075494	0.086557	0.618647	0.491376	0.547715	11
1.17	0.621588	0.435407	0.512100	0.112150	0.075875	0.090514	0.610171	0.487084	0.541724	11
1.17	0.611342	0.429001	0.504192	0.112162	0.075832	0.090487	0.599428	0.481901	0.534278	11
1.17	0.605367	0.425895	0.500014	0.116103	0.076037	0.091892	0.592882	0.479351	0.530106	11
1.18	0.596462	0.420557	0.493297	0.120010	0.076123	0.093157	0.583421	0.474978	0.523644	11
1.18	0.588732	0.415850	0.487415	0.120026	0.075261	0.092513	0.575377	0.471415	0.518233	12
1.18	0.581403	0.410560	0.481270	0.126074	0.074872	0.093949	0.567698	0.467204	0.512572	12
1.18	0.573205	0.404882	0.474560	0.126307	0.074746	0.093915	0.560032	0.462871	0.506837	11
1.18	0.562822	0.397603	0.466001	0.130698	0.074261	0.094709	0.549761	0.457244	0.499252	11
1.18	0.552800	0.390469	0.457666	0.132517	0.073854	0.094847	0.539949	0.451494	0.491776	11
1.18	0.543444	0.383966	0.449993	0.134325	0.073224	0.094780	0.530191	0.445947	0.484434	11
1.18	0.539911	0.382413	0.447715	0.129110	0.072807	0.093109	0.526696	0.444854	0.482328	11
1.19	0.538146	0.382364	0.447074	0.129724	0.073106	0.093513	0.525063	0.444773	0.481594	11
1.19	0.538242	0.383869	0.448133	0.129808	0.073598	0.093936	0.525697	0.445988	0.482573	11
1.19	0.539317	0.385761	0.449795	0.129264	0.074464	0.094494	0.527195	0.447526	0.484105	11
1.20	0.545762	0.391828	0.456158	0.129249	0.076050	0.095757	0.534902	0.452709	0.490385	11
1.20	0.550236	0.396001	0.460549	0.129076	0.076917	0.096393	0.540516	0.455988	0.494667	12
1.20	0.553419	0.399447	0.463993	0.129244	0.077806	0.097136	0.544862	0.458944	0.498226	12
1.21	0.557650	0.403475	0.468197	0.129230	0.078617	0.097761	0.549775	0.462264	0.502236	12
1.21	0.561288	0.405998	0.471178	0.129269	0.078949	0.098029	0.553689	0.464572	0.505231	12
1.21	0.566769	0.410706	0.476279	0.128775	0.079483	0.098295	0.559701	0.468419	0.510008	12
1.21	0.574531	0.417306	0.483457	0.129258	0.080377	0.099118	0.567624	0.474087	0.516656	12
1.21	0.582972	0.424003	0.490939	0.128902	0.081273	0.099691	0.575613	0.479553	0.523211	12
1.22	0.592327	0.433078	0.500336	0.129143	0.082315	0.100544	0.585371	0.487205	0.531796	12
1.22	0.597711	0.438465	0.505851	0.129103	0.082733	0.100843	0.590385	0.491902	0.536663	13
1.23	0.601474	0.443706	0.510682	0.128985	0.082766	0.100831	0.593665	0.496194	0.540571	13
1.24	0.605825	0.449238	0.515912	0.129167	0.082916	0.100999	0.598409	0.500891	0.545324	13
1.25	0.608557	0.454188	0.520161	0.128899	0.083397	0.101272	0.601324	0.504940	0.548933	13
1.25	0.611125	0.459041	0.524277	0.128789	0.083593	0.101382	0.604145	0.508705	0.552332	13
1.27	0.612658	0.464622	0.528469	0.128656	0.084185	0.101775	0.605899	0.513442	0.555852	13
1.27	0.613088	0.467388	0.530414	0.128510	0.084738	0.102132	0.606399	0.515710	0.557389	13
1.28	0.611846	0.469232	0.531132	0.127451	0.084584	0.101684	0.605481	0.517289	0.557921	13
1.29	0.612314	0.471998	0.533078	0.127192	0.084839	0.101785	0.606466	0.519718	0.559751	13
1.29	0.613951	0.474959	0.535584	0.127222	0.085095	0.101979	0.608585	0.522269	0.562133	13
1.30	0.613750	0.476560	0.536524	0.126998	0.084953	0.101805	0.608761	0.523524	0.562934	13
1.31	0.612831	0.479326	0.537919	0.127004	0.084791	0.101691	0.607755	0.525873	0.563857	13
1.31	0.614206	0.482578	0.540494	0.126723	0.085079	0.101807	0.609496	0.528545	0.566141	13
1.32	0.614105	0.485538	0.542306	0.126230	0.085304	0.101808	0.610306	0.531015	0.567906	13
1.33	0.617176	0.491410	0.547159	0.125991	0.086034	0.102247	0.614152	0.536076	0.572464	13
1.33	0.616327	0.490974	0.546555	0.125812	0.086016	0.102176	0.613140	0.535792	0.571863	13
1.33	0.617737	0.492187	0.547861	0.125547	0.086252	0.102254	0.614692	0.536926	0.573183	13
1.33	0.620896	0.494613	0.550606	0.125212	0.086890	0.102589	0.618120	0.539113	0.575919	13
1.33	0.624962	0.497428	0.553949	0.147199	0.087541	0.109789	0.622534	0.541380	0.579127	13
1.33	0.627064	0.501262	0.557150	0.147339	0.088191	0.110338	0.625314	0.544902	0.582345	13
1.34	0.631286	0.506260	0.561902	0.157973	0.089995	0.114666	0.629491	0.548951	0.586469	14
1.34	0.636073	0.511890	0.567265	0.158273	0.090985	0.115547	0.634140	0.553162	0.590890	14
1.34	0.642503	0.515724	0.572175	0.159066	0.091974	0.116555	0.640355	0.555511	0.594923	14
1.34	0.647799	0.519315	0.576485	0.160101	0.093077	0.117717	0.646253	0.558021	0.598905	14
1.33	0.649222	0.518344	0.576448	0.152924	0.093475	0.116028	0.647380	0.556806	0.598687	14
1.32	0.651793	0.516791	0.576494	0.153337	0.093700	0.116320	0.649358	0.555227	0.598615	14
1.31	0.651469	0.513152	0.574097	0.153602	0.093615	0.116331	0.648541	0.552069	0.596429	14
1.31	0.650837	0.509463	0.571537	0.153682	0.093370	0.116164	0.646874	0.548587	0.593690	14
1.30	0.651028	0.507085	0.570111	0.153280	0.093104	0.115844	0.646766	0.546117	0.592196	14
1.30	0.652282	0.507619	0.570930	0.160805	0.093927	0.118587	0.648197	0.546117	0.592794	14
1.30	0.651420	0.506600	0.569954	0.162114	0.094265	0.119211	0.647738	0.545591	0.592293	14
1.30	0.650447	0.505338	0.568783	0.159949	0.094354	0.118692	0.646712	0.544538	0.591243	14
1.30	0.649703	0.504319	0.567853	0.158510	0.094587	0.118476	0.646429	0.543931	0.590767	14
1.29	0.647298	0.501699	0.565273	0.157744	0.094524	0.118212	0.644890	0.542109	0.589050	14
1.29	0.645177	0.498301	0.562307	0.159078	0.094412	0.118497	0.642596	0.539841	0.586754	14
1.29	0.644719	0.498010	0.561947	0.158963	0.094394	0.118451	0.641887	0.539841	0.586458	14
1.29	0.641814	0.497137	0.560287	0.159357	0.094340	0.118517	0.638932	0.539679	0.585126	14
1.29	0.638491	0.495244	0.557818	0.162084	0.094368	0.119285	0.635706	0.538991	0.583367	14
1.30	0.633385	0.492575	0.554175	0.164083	0.093783	0.119351	0.630604	0.537088	0.580101	14
1.30	0.627013	0.489323	0.549677	0.163810	0.093217	0.118819	0.623694	0.534659	0.575755	15
1.31	0.622400	0.487868	0.546983	0.165278	0.093158	0.119155	0.619551	0.534011	0.573609	15
1.31	0.618400	0.485393	0.543883	0.167675	0.092746	0.119431	0.615860	0.532067	0.570905	15
1.31	0.615702	0.484471	0.542260	0.165543	0.092031	0.118297	0.613282	0.531662	0.569563	15
1.32	0.609894	0.481025	0.537848	0.167067	0.091145	0.117944	0.606642	0.528666	0.564976	16
1.32	0.607990	0.480054	0.536501	0.165044	0.090439	0.116848	0.604158	0.527735	0.563367	16
1.32	0.608135	0.481025	0.537163	0.163293	0.090452	0.116417	0.603956	0.528464	0.563694	16
1.32	0.604597	0.477434	0.533543	0.162839	0.089966	0.115900	0.599259	0.525387	0.559897	16
1.32	0.602609	0.475250	0.531405	0.160314	0.089532	0.114897	0.595952	0.523484	0.557372	16
1.31	0.604115	0.475881	0.532385	0.160172	0.089859	0.115129	0.597019	0.523929	0.558091	16
1.31	0.603356	0.474668	0.531331	0.160157	0.089618	0.114927	0.595278	0.522633	0.556595	16
1.31	0.604681	0.475153	0.532148	0.159615	0.090001	0.115101	0.596209	0.522957	0.557186	16

Tue Sep  7 00:06:35 2021
21.30	0.026062	0.342593	0.048440	0.024416	0.288746	0.045026	0.025826	0.302500	0.047588	45
18.40	0.024025	0.264923	0.044055	0.031709	0.350489	0.058157	0.024342	0.245445	0.044292	47
15.16	0.023726	0.215520	0.042746	0.031984	0.271044	0.057217	0.024338	0.201474	0.043430	47
12.19	0.023498	0.171649	0.041337	0.032595	0.203367	0.056184	0.024540	0.162685	0.042647	47
9.54	0.023042	0.131758	0.039224	0.032587	0.143373	0.053104	0.024782	0.127217	0.041483	47
7.27	0.022537	0.098127	0.036655	0.033787	0.111282	0.051836	0.024848	0.096931	0.039557	47
5.47	0.021947	0.071969	0.033637	0.034932	0.082786	0.049132	0.024740	0.072435	0.036883	47
4.03	0.021903	0.052897	0.030979	0.036546	0.056380	0.044346	0.024121	0.053567	0.033264	46
2.98	0.022317	0.039794	0.028596	0.034653	0.038932	0.036668	0.024469	0.041258	0.030719	46
2.24	0.023212	0.031107	0.026586	0.030187	0.032492	0.031297	0.024987	0.033242	0.028529	44
1.75	0.025916	0.027128	0.026508	0.025347	0.026697	0.026005	0.026377	0.029800	0.027984	43
1.43	0.031112	0.026740	0.028761	0.026897	0.022876	0.024724	0.031905	0.031339	0.031619	41
1.24	0.040013	0.029846	0.034189	0.032001	0.021834	0.025958	0.041503	0.036926	0.039081	42
1.13	0.052876	0.035912	0.042773	0.037363	0.021268	0.027106	0.054164	0.046077	0.049794	41
1.07	0.073494	0.047122	0.057425	0.044737	0.020972	0.028557	0.074345	0.062353	0.067823	40
1.03	0.099781	0.061827	0.076347	0.049311	0.020259	0.028719	0.100103	0.083448	0.091020	38
1.02	0.126780	0.077356	0.096085	0.052922	0.022068	0.031147	0.126798	0.106608	0.115830	36
1.01	0.158174	0.095652	0.119213	0.071752	0.023381	0.035269	0.157948	0.132075	0.143858	35
1.01	0.191902	0.115694	0.144358	0.071246	0.025405	0.037455	0.191824	0.157948	0.173246	33
1.00	0.224167	0.134864	0.168409	0.072940	0.026860	0.039261	0.224269	0.181634	0.200713	30
1.00	0.251292	0.150975	0.188625	0.051769	0.027456	0.035882	0.251356	0.202769	0.224464	28
1.00	0.274293	0.164661	0.205786	0.053601	0.028589	0.037289	0.274314	0.219937	0.244134	28
1.00	0.300866	0.180481	0.225620	0.053516	0.028950	0.037574	0.300834	0.238035	0.265776	25
1.00	0.323460	0.193973	0.242514	0.055346	0.028930	0.037998	0.323387	0.252207	0.283395	25
1.00	0.340725	0.204309	0.255446	0.055871	0.029327	0.038464	0.340675	0.264353	0.297701	22
1.00	0.356912	0.214015	0.267581	0.055840	0.029772	0.038838	0.356871	0.274273	0.310167	18
1.00	0.372805	0.223527	0.279482	0.056424	0.030492	0.039589	0.372783	0.283140	0.321836	17
1.00	0.382062	0.229060	0.286408	0.056693	0.030763	0.039884	0.382015	0.287878	0.328332	16
1.00	0.388700	0.233039	0.291384	0.057182	0.031113	0.040299	0.388655	0.292534	0.333813	15
1.00	0.399951	0.239785	0.299818	0.056881	0.031337	0.040410	0.399911	0.298162	0.341621	15
1.00	0.410393	0.246045	0.307646	0.057895	0.032150	0.041342	0.410357	0.303547	0.348962	15
1.00	0.418650	0.250995	0.313835	0.060269	0.032986	0.042636	0.418617	0.307636	0.354647	12
1.00	0.425045	0.254829	0.318629	0.060518	0.033403	0.043047	0.425014	0.311199	0.359309	12
1.00	0.428282	0.256770	0.321056	0.061645	0.033769	0.043635	0.428253	0.313831	0.362221	9
1.00	0.437151	0.262108	0.327721	0.060756	0.034313	0.043857	0.437120	0.317151	0.367595	9
1.00	0.442331	0.265214	0.331604	0.061854	0.034867	0.044596	0.442303	0.320228	0.371494	9
1.00	0.450405	0.270164	0.337742	0.062491	0.035391	0.045189	0.450360	0.323872	0.376784	8
1.00	0.459796	0.275842	0.344819	0.064020	0.035897	0.046001	0.459754	0.327678	0.382640	8
1.00	0.463143	0.278074	0.347504	0.063873	0.035971	0.046023	0.463033	0.329298	0.384879	8
1.00	0.466381	0.280404	0.350235	0.063427	0.036123	0.046030	0.466192	0.331484	0.387464	7
1.01	0.467021	0.281423	0.351210	0.066180	0.036345	0.046922	0.466758	0.333954	0.389343	7
1.01	0.470075	0.284723	0.354641	0.066874	0.036402	0.047143	0.469674	0.336748	0.392255	7
1.01	0.471956	0.286664	0.356681	0.067989	0.036677	0.047649	0.471293	0.339177	0.394467	7
1.02	0.477990	0.290886	0.361673	0.069501	0.037097	0.048374	0.477083	0.342578	0.398795	7
1.02	0.482347	0.294380	0.365620	0.069399	0.037352	0.048565	0.481051	0.345089	0.401882	7
1.02	0.484899	0.296079	0.367663	0.069186	0.037666	0.048777	0.483359	0.346222	0.403456	7
1.02	0.488001	0.298020	0.370051	0.070998	0.038282	0.049743	0.486342	0.348530	0.406062	7
1.02	0.491435	0.300738	0.373133	0.071084	0.038500	0.049948	0.489257	0.350231	0.408232	7
1.02	0.489665	0.300058	0.372100	0.050042	0.038559	0.043556	0.487044	0.351526	0.408335	6
1.02	0.485156	0.297389	0.368746	0.050194	0.038375	0.043496	0.482293	0.350109	0.405706	6
1.03	0.481265	0.296079	0.366614	0.050157	0.038250	0.043402	0.478014	0.349745	0.403941	6
1.03	0.483097	0.298894	0.369300	0.049840	0.038259	0.043288	0.478892	0.351931	0.405711	6
1.04	0.482501	0.301077	0.370787	0.050150	0.038602	0.043625	0.478082	0.353672	0.406573	6
1.05	0.481619	0.301999	0.371223	0.050287	0.038664	0.043716	0.477009	0.354482	0.406718	6
1.05	0.482936	0.304911	0.373810	0.050278	0.038880	0.043851	0.477387	0.356021	0.407867	6
1.06	0.482827	0.306319	0.374833	0.050640	0.039155	0.044163	0.476199	0.357640	0.408491	6
1.06	0.483832	0.307871	0.376298	0.050975	0.039641	0.044599	0.476860	0.359300	0.409816	6
1.06	0.488074	0.310832	0.379792	0.051192	0.040236	0.045057	0.481328	0.361244	0.412729	6
1.06	0.496749	0.315151	0.385641	0.054976	0.041199	0.047101	0.490735	0.365090	0.418690	6
1.05	0.503157	0.317092	0.389021	0.056603	0.041950	0.048187	0.498684	0.366588	0.422553	6
1.05	0.511662	0.320441	0.394080	0.056263	0.042922	0.048695	0.509414	0.369018	0.427996	6
1.04	0.516448	0.322285	0.396892	0.055796	0.043968	0.049181	0.516850	0.370030	0.431287	6
1.04	0.516340	0.322042	0.396676	0.056398	0.044718	0.049884	0.519192	0.369342	0.431631	6
1.04	0.513352	0.320004	0.394248	0.056989	0.044844	0.050192	0.517059	0.367196	0.429428	6
1.04	0.510082	0.317966	0.391737	0.057894	0.045074	0.050686	0.513658	0.364888	0.426677	6
1.04	0.508990	0.317335	0.390937	0.058584	0.045462	0.051196	0.512498	0.364240	0.425834	6

Tue Sep  7 00:35:45 2021
26.83	0.032432	0.537037	0.061171	0.029807	0.259261	0.053467	0.032818	0.472500	0.061374	46
23.84	0.039634	0.566194	0.074083	0.031862	0.408153	0.059109	0.040520	0.499028	0.074953	47
20.72	0.041575	0.516209	0.076952	0.031475	0.366342	0.057970	0.042607	0.455098	0.077920	47
17.68	0.044054	0.466854	0.080512	0.031518	0.330768	0.057552	0.045091	0.412422	0.081294	47
14.65	0.047030	0.412938	0.084442	0.033193	0.273565	0.059202	0.048053	0.366103	0.084955	46
11.87	0.050133	0.356692	0.087910	0.035065	0.236534	0.061076	0.051033	0.318568	0.087972	46
9.46	0.053787	0.305008	0.091448	0.038837	0.199130	0.064997	0.054555	0.274638	0.091028	46
7.38	0.058084	0.257013	0.094753	0.042848	0.165128	0.068040	0.058642	0.233379	0.093732	45
5.64	0.063107	0.213384	0.097407	0.048535	0.132409	0.071033	0.063602	0.196129	0.096054	45
4.27	0.066837	0.170970	0.096105	0.043321	0.095915	0.059685	0.065179	0.159487	0.092539	45
3.19	0.072280	0.138261	0.094932	0.048814	0.068259	0.056922	0.069792	0.131954	0.091296	43
2.40	0.079555	0.114530	0.093891	0.055879	0.047531	0.051368	0.078625	0.113127	0.092772	41
1.83	0.090636	0.099631	0.094921	0.050263	0.031338	0.038606	0.093580	0.104178	0.098595	37
1.47	0.106789	0.094050	0.100015	0.048062	0.026769	0.034386	0.110759	0.103612	0.107066	36
1.24	0.123829	0.091769	0.105416	0.047359	0.025202	0.032897	0.126811	0.106770	0.115931	35
1.11	0.136674	0.091187	0.109390	0.046277	0.022857	0.030601	0.138237	0.111790	0.123615	33
1.05	0.149008	0.094050	0.115316	0.047440	0.020149	0.028284	0.149418	0.118674	0.132283	33
1.03	0.163758	0.100650	0.124673	0.046436	0.019163	0.027131	0.163731	0.128674	0.144101	32
1.01	0.176884	0.107396	0.133647	0.045914	0.019270	0.027146	0.176674	0.138027	0.154978	31
1.01	0.186856	0.112734	0.140626	0.045722	0.019703	0.027538	0.186790	0.145032	0.163283	30
1.00	0.203308	0.122294	0.152723	0.045017	0.019809	0.027512	0.203296	0.156571	0.176900	30
1.00	0.218962	0.131467	0.164291	0.041756	0.019411	0.026502	0.218898	0.166856	0.189366	29
1.00	0.237117	0.142240	0.177814	0.020887	0.020335	0.020607	0.237010	0.177585	0.203039	28
1.00	0.258114	0.154761	0.193501	0.025618	0.021167	0.023181	0.258078	0.189691	0.218662	28
1.00	0.276356	0.165631	0.207125	0.025072	0.021954	0.023409	0.276338	0.199814	0.231927	29
1.00	0.292979	0.175580	0.219572	0.026745	0.023064	0.024768	0.292979	0.210867	0.245232	27
1.00	0.307312	0.184170	0.230314	0.022273	0.023768	0.022997	0.307312	0.220139	0.256522	26
1.00	0.324130	0.194264	0.242930	0.023696	0.024471	0.024078	0.324115	0.230221	0.269216	25
1.00	0.337004	0.201980	0.252579	0.028102	0.024939	0.026426	0.336991	0.239129	0.279748	23
1.00	0.349393	0.209405	0.261864	0.034549	0.025328	0.029229	0.349381	0.246862	0.289308	22
1.00	0.360810	0.216248	0.270421	0.025989	0.025359	0.025670	0.360798	0.254312	0.298338	16
1.00	0.367045	0.219984	0.275094	0.026299	0.025177	0.025726	0.367034	0.258280	0.303200	14
1.00	0.372955	0.223527	0.279524	0.027087	0.025111	0.026062	0.372945	0.263098	0.308536	11
1.00	0.378512	0.226876	0.283703	0.029282	0.025337	0.027167	0.378492	0.266904	0.313052	10
1.00	0.381912	0.228914	0.286252	0.031269	0.025306	0.027973	0.381893	0.269860	0.316248	9
1.00	0.385767	0.231243	0.289156	0.030734	0.025221	0.027706	0.385740	0.273625	0.320151	9
1.00	0.390301	0.233961	0.292554	0.033991	0.025634	0.029227	0.390275	0.277998	0.324705	7
1.00	0.393638	0.235999	0.295085	0.037081	0.026000	0.030567	0.393676	0.281683	0.328393	7
1.00	0.398867	0.239154	0.299020	0.035728	0.026022	0.030112	0.398939	0.285124	0.332563	6
1.00	0.408660	0.245026	0.306362	0.037396	0.026406	0.030955	0.408738	0.289133	0.338686	6
1.00	0.413888	0.248180	0.310297	0.038229	0.026688	0.031433	0.413961	0.291886	0.342367	5
1.00	0.418016	0.250655	0.313391	0.042339	0.027025	0.032992	0.418091	0.295287	0.346119	5
1.00	0.422168	0.253227	0.316569	0.054228	0.027299	0.036316	0.422099	0.297838	0.349245	5
1.00	0.424159	0.254586	0.318190	0.033172	0.027453	0.030043	0.423961	0.300348	0.351607	4
1.00	0.425374	0.255460	0.319214	0.034784	0.027720	0.030853	0.425055	0.302656	0.353562	4
1.00	0.428341	0.257449	0.321603	0.035788	0.027975	0.031403	0.427929	0.304923	0.356103	4
1.00	0.431222	0.259390	0.323930	0.036533	0.028242	0.031857	0.430764	0.307029	0.358521	4
1.00	0.432546	0.260313	0.325022	0.037375	0.028509	0.032346	0.432059	0.308770	0.360156	4
1.00	0.435974	0.262545	0.327730	0.037750	0.028714	0.032618	0.435420	0.310551	0.362535	4
1.01	0.441598	0.266039	0.332041	0.038870	0.028963	0.033193	0.441129	0.312535	0.365862	4
1.01	0.445393	0.268368	0.334928	0.039192	0.029058	0.033373	0.444813	0.313426	0.367736	4
1.01	0.447826	0.269921	0.336826	0.040183	0.029289	0.033882	0.447040	0.314519	0.369250	4
1.01	0.453198	0.273027	0.340763	0.041450	0.029750	0.034639	0.452142	0.316989	0.372691	4
1.01	0.458830	0.276376	0.344963	0.042571	0.030416	0.035482	0.457608	0.319904	0.376562	5
1.01	0.463342	0.279093	0.348355	0.043287	0.030858	0.036031	0.462021	0.322050	0.379542	5
1.00	0.471134	0.283558	0.354035	0.044025	0.031702	0.036861	0.469836	0.325330	0.384452	5
1.00	0.476406	0.286616	0.357907	0.066112	0.032981	0.044008	0.475180	0.328650	0.388560	6
1.00	0.482895	0.290449	0.362727	0.066852	0.034361	0.045391	0.481658	0.332740	0.393583	6
1.00	0.489549	0.294380	0.367670	0.067447	0.035595	0.046598	0.488420	0.336869	0.398730	6
1.00	0.499435	0.300301	0.375076	0.067840	0.036787	0.047705	0.498340	0.341485	0.405265	6
1.00	0.505973	0.304232	0.379985	0.060848	0.037477	0.046385	0.504818	0.344238	0.409343	6
1.00	0.511825	0.307726	0.384361	0.071472	0.037993	0.049613	0.510689	0.346101	0.412586	7
1.00	0.516067	0.310201	0.387488	0.066321	0.038508	0.048725	0.514859	0.348044	0.415328	7
1.00	0.517840	0.311317	0.388859	0.068324	0.039006	0.049661	0.516641	0.349421	0.416887	7
1.00	0.519852	0.312627	0.390448	0.071597	0.039352	0.050789	0.518625	0.350393	0.418225	7
1.00	0.519845	0.312724	0.390522	0.071906	0.039211	0.050748	0.518504	0.351283	0.418819	7
1.00	0.518901	0.312433	0.390028	0.072080	0.038952	0.050574	0.517532	0.351081	0.418358	7
1.01	0.519810	0.313258	0.390928	0.071410	0.038592	0.050106	0.518261	0.352296	0.419458	8
1.01	0.527874	0.318451	0.397252	0.074614	0.038822	0.051072	0.526169	0.355454	0.424283	8
1.01	0.533103	0.321994	0.401489	0.075032	0.039257	0.051545	0.531231	0.357924	0.427687	8
1.01	0.538369	0.325827	0.405962	0.075542	0.039499	0.051874	0.536049	0.361325	0.431677	8
1.01	0.540910	0.328205	0.408529	0.076002	0.039731	0.052183	0.538033	0.364119	0.434312	8
1.02	0.543675	0.331651	0.411985	0.091249	0.040005	0.055624	0.539652	0.367763	0.437427	8
1.02	0.546223	0.335485	0.415670	0.091806	0.040132	0.055850	0.540908	0.371285	0.440326	8
1.03	0.551949	0.341600	0.422015	0.070894	0.040425	0.051490	0.545010	0.375698	0.444787	7
1.04	0.557450	0.347520	0.428136	0.070810	0.040720	0.051706	0.548695	0.380355	0.449273	7
1.04	0.561284	0.351354	0.432174	0.071108	0.040992	0.052004	0.551462	0.383229	0.452206	7
1.05	0.566641	0.355285	0.436736	0.072007	0.041418	0.052588	0.556091	0.386104	0.455763	7
1.04	0.570320	0.356595	0.438818	0.072487	0.041720	0.052959	0.560045	0.387238	0.457879	7
1.04	0.570839	0.355867	0.438419	0.072766	0.041949	0.053218	0.560815	0.387157	0.458080	8
1.04	0.570548	0.354994	0.437670	0.069751	0.042117	0.052521	0.560518	0.386914	0.457811	8
1.04	0.568074	0.353344	0.435688	0.070825	0.042066	0.052782	0.558048	0.386752	0.456872	8
1.04	0.571473	0.356207	0.438864	0.069999	0.042233	0.052681	0.560518	0.388776	0.459112	8
1.04	0.574942	0.358536	0.441655	0.082041	0.042462	0.055960	0.563689	0.390315	0.461248	8
1.04	0.577917	0.359410	0.443194	0.102983	0.043147	0.060815	0.567387	0.391570	0.463361	9
1.04	0.579235	0.359555	0.443693	0.101991	0.043512	0.061000	0.569196	0.391854	0.464162	9
1.03	0.582503	0.360283	0.445204	0.107638	0.044276	0.062743	0.573852	0.393028	0.466531	9
1.03	0.585683	0.360914	0.446613	0.108961	0.045114	0.063808	0.577901	0.393959	0.468523	9
1.03	0.591537	0.363632	0.450395	0.110477	0.046573	0.065524	0.584447	0.396753	0.472648	9
1.03	0.593329	0.365136	0.452068	0.109739	0.047369	0.066174	0.586188	0.398615	0.474538	9
1.03	0.595465	0.367029	0.454139	0.110251	0.048233	0.067108	0.588064	0.401126	0.476931	9
1.03	0.599025	0.369892	0.457366	0.111830	0.049007	0.068150	0.590858	0.404000	0.479881	9
1.03	0.601333	0.372076	0.459707	0.113218	0.049897	0.069267	0.592963	0.407604	0.483114	9
1.04	0.600000	0.372270	0.459465	0.113115	0.050320	0.069654	0.591114	0.409304	0.483689	9
1.04	0.598425	0.372513	0.459187	0.114899	0.051274	0.070906	0.588968	0.410681	0.483926	9
1.04	0.598241	0.373095	0.459575	0.115803	0.051959	0.071732	0.588901	0.412422	0.485110	9
1.04	0.596634	0.373338	0.459284	0.117047	0.052548	0.072533	0.586957	0.413920	0.485481	9
1.05	0.596615	0.376395	0.461584	0.116089	0.053578	0.073318	0.585634	0.417078	0.487189	9
1.06	0.597406	0.379938	0.464477	0.116257	0.054588	0.074292	0.585095	0.420641	0.489423	9
1.07	0.598391	0.382656	0.466803	0.135717	0.055218	0.078498	0.585257	0.423314	0.491284	10
1.07	0.598236	0.385082	0.468556	0.136473	0.055614	0.079024	0.584339	0.425945	0.492726	10
1.08	0.593720	0.384451	0.466700	0.139580	0.055817	0.079745	0.579426	0.426917	0.491615	10
1.09	0.590547	0.385033	0.466144	0.140226	0.056264	0.080306	0.575337	0.428172	0.490964	10
1.10	0.587300	0.385567	0.465518	0.136889	0.056138	0.079623	0.571585	0.429630	0.490544	10
1.10	0.587360	0.386975	0.466561	0.138476	0.056639	0.080395	0.570991	0.431209	0.491352	10
1.10	0.583671	0.384403	0.463528	0.138581	0.056416	0.080188	0.567023	0.429185	0.488568	10
1.10	0.581445	0.382316	0.461309	0.139344	0.056500	0.080400	0.564783	0.427565	0.486687	11
1.10	0.585570	0.384403	0.464126	0.139657	0.057107	0.081066	0.568751	0.429225	0.489234	11
1.09	0.588714	0.386295	0.466493	0.139816	0.057899	0.081888	0.571706	0.430278	0.491011	11
1.10	0.593867	0.391003	0.471542	0.136503	0.058882	0.082274	0.576160	0.433598	0.494815	11
1.10	0.601013	0.397311	0.478380	0.137878	0.060098	0.083709	0.582719	0.437566	0.499817	11
1.11	0.604913	0.401534	0.482674	0.137776	0.060836	0.084403	0.586093	0.440805	0.503171	11
1.11	0.612245	0.409104	0.490473	0.136422	0.061753	0.085020	0.592976	0.445340	0.508662	12
1.12	0.621475	0.418228	0.499985	0.135920	0.062665	0.085781	0.601277	0.451089	0.515466	12
1.13	0.628312	0.426914	0.508394	0.136080	0.063246	0.086356	0.606203	0.455786	0.520342	12
1.15	0.633908	0.437300	0.517561	0.136604	0.063947	0.087114	0.608794	0.460685	0.524484	12
1.17	0.634519	0.443172	0.521858	0.135944	0.064229	0.087240	0.608470	0.462912	0.525803	12
1.18	0.636002	0.449917	0.527016	0.133794	0.065111	0.087594	0.609078	0.466920	0.528608	12
1.20	0.634293	0.455450	0.530196	0.134094	0.065715	0.088204	0.606891	0.469674	0.529538	12
1.21	0.632637	0.459818	0.532558	0.134473	0.066518	0.089007	0.606243	0.472508	0.531086	12
1.22	0.629524	0.460885	0.532164	0.134589	0.067231	0.089669	0.604043	0.473399	0.530800	12
1.23	0.625981	0.460691	0.530765	0.134910	0.068230	0.090626	0.601358	0.474208	0.530268	12
1.23	0.624332	0.459478	0.529367	0.134786	0.069011	0.091284	0.601290	0.474613	0.530494	12
1.23	0.621611	0.459526	0.528419	0.135129	0.070379	0.092554	0.599468	0.475828	0.530540	12
1.24	0.619515	0.459090	0.527372	0.134551	0.071127	0.093060	0.598065	0.475868	0.530015	12
1.24	0.616090	0.456760	0.524594	0.134954	0.072397	0.094239	0.595230	0.473925	0.527696	12
1.24	0.614580	0.456178	0.523662	0.134809	0.073881	0.095451	0.593935	0.473965	0.527211	12
1.23	0.611822	0.452587	0.520293	0.136781	0.074805	0.096716	0.592099	0.471739	0.525110	12
1.24	0.610365	0.452101	0.519446	0.159331	0.076159	0.103058	0.591418	0.471455	0.524667	13
1.24	0.608624	0.450694	0.517887	0.159305	0.076960	0.103783	0.590297	0.470281	0.523499	13
1.24	0.606930	0.449675	0.516600	0.158670	0.077408	0.104053	0.588948	0.470038	0.522817	13
1.24	0.608078	0.450791	0.517753	0.158400	0.077885	0.104424	0.590028	0.471415	0.524094	13
1.24	0.607301	0.452101	0.518333	0.158420	0.078349	0.104845	0.588961	0.472629	0.524421	13
1.25	0.608049	0.454576	0.520230	0.154381	0.078752	0.104299	0.589393	0.474775	0.525912	13
1.25	0.610731	0.459041	0.524131	0.155677	0.079281	0.105059	0.591512	0.477731	0.528568	13
1.26	0.611800	0.461953	0.526421	0.156500	0.079193	0.105168	0.592268	0.479270	0.529811	13
1.26	0.612530	0.463069	0.527415	0.157757	0.079367	0.105605	0.593091	0.479917	0.530536	13
1.26	0.614088	0.464962	0.529220	0.157735	0.079816	0.105997	0.594049	0.481173	0.531686	13
1.27	0.615030	0.466272	0.530419	0.157066	0.080086	0.106082	0.595426	0.481942	0.532707	13
1.27	0.615031	0.467048	0.530921	0.159046	0.080794	0.107154	0.595750	0.482468	0.533158	13
1.27	0.614957	0.467291	0.531050	0.158190	0.081207	0.107321	0.595831	0.482509	0.533215	13
1.27	0.615556	0.468941	0.532338	0.158729	0.082306	0.108402	0.596384	0.483683	0.534154	14
1.27	0.616194	0.468650	0.532389	0.158644	0.082987	0.108971	0.597343	0.483683	0.534538	14
1.26	0.617760	0.467922	0.532501	0.139319	0.082634	0.103738	0.598962	0.483723	0.535210	13
1.26	0.618441	0.466126	0.531588	0.139574	0.082521	0.103719	0.600150	0.482711	0.535062	13
1.25	0.620915	0.464768	0.531613	0.142211	0.083439	0.105171	0.603780	0.482023	0.536075	13
1.24	0.625277	0.465059	0.533396	0.143145	0.084401	0.106190	0.609408	0.482833	0.538786	14
1.24	0.627915	0.465253	0.534482	0.143019	0.084434	0.106182	0.612647	0.483440	0.540428	14
1.24	0.630931	0.467243	0.536887	0.143179	0.085147	0.106788	0.616130	0.485829	0.543276	14
1.24	0.631944	0.468698	0.538215	0.143414	0.085716	0.107301	0.617857	0.487732	0.545137	14
1.24	0.630678	0.468310	0.537500	0.142910	0.086125	0.107478	0.617398	0.488501	0.545438	14
1.24	0.628939	0.467873	0.536580	0.142333	0.086160	0.107342	0.616022	0.488906	0.545152	14
1.24	0.629726	0.468796	0.537473	0.143302	0.087133	0.108372	0.617317	0.490283	0.546515	14
1.24	0.630622	0.469523	0.538278	0.142883	0.087289	0.108372	0.618491	0.491295	0.547604	14
1.24	0.628877	0.468407	0.536908	0.142915	0.086933	0.108107	0.616750	0.491173	0.546845	14
1.24	0.627640	0.467243	0.535692	0.150144	0.086648	0.109882	0.615050	0.490971	0.546050	14
1.24	0.627415	0.466466	0.535100	0.151314	0.086221	0.109848	0.614254	0.490566	0.545486	14
1.24	0.626265	0.465641	0.534139	0.151048	0.086189	0.109752	0.612566	0.490283	0.544645	14
1.24	0.623842	0.463991	0.532172	0.152063	0.086363	0.110161	0.609921	0.489270	0.542974	14
1.24	0.623425	0.463409	0.531637	0.151807	0.086540	0.110238	0.609192	0.488825	0.542411	14
1.24	0.620807	0.460740	0.528928	0.151868	0.086284	0.110045	0.606088	0.487043	0.540084	14
1.24	0.619668	0.459623	0.527779	0.156196	0.086092	0.111002	0.604158	0.485910	0.538620	14
1.24	0.619135	0.459138	0.527266	0.156657	0.086109	0.111132	0.603213	0.485181	0.537797	14
1.24	0.619693	0.459672	0.527820	0.158006	0.086385	0.111701	0.603510	0.485060	0.537840	14
1.24	0.619835	0.460109	0.528160	0.162279	0.087444	0.113648	0.603767	0.484736	0.537743	14
1.24	0.620485	0.460982	0.528971	0.163663	0.088361	0.114762	0.604577	0.484898	0.538164	14
1.24	0.622176	0.462390	0.530512	0.163164	0.088859	0.115057	0.606723	0.485586	0.539437	14
1.24	0.621396	0.463409	0.530898	0.163673	0.089769	0.115946	0.606304	0.486274	0.539696	14
1.25	0.618555	0.463991	0.530239	0.163464	0.090341	0.116369	0.603524	0.485950	0.538393	14
1.26	0.616815	0.466757	0.531396	0.161546	0.090834	0.116284	0.602390	0.487813	0.539081	14
1.28	0.613809	0.469815	0.532245	0.162505	0.092428	0.117835	0.599988	0.490242	0.539591	14
1.29	0.609730	0.471368	0.531695	0.160948	0.093698	0.118443	0.595392	0.490930	0.538139	15
1.30	0.604705	0.471562	0.529898	0.182921	0.096009	0.125925	0.590574	0.491173	0.536307	16
1.31	0.600333	0.472144	0.528578	0.180598	0.096869	0.126101	0.586134	0.491619	0.534732	16
1.32	0.597260	0.473843	0.528441	0.180701	0.098600	0.127584	0.582233	0.492752	0.533769	16
1.34	0.593139	0.475784	0.528019	0.176394	0.098173	0.126141	0.577240	0.495101	0.533024	16
1.35	0.589819	0.478501	0.528361	0.171453	0.097325	0.124167	0.573494	0.498218	0.533213	16
1.36	0.588938	0.481073	0.529569	0.171865	0.097739	0.124611	0.571942	0.501620	0.534478	16
1.37	0.589195	0.485344	0.532251	0.187260	0.098305	0.128928	0.572077	0.505547	0.536758	16
1.39	0.587429	0.488450	0.533386	0.183246	0.098478	0.128109	0.569837	0.508948	0.537674	16
1.40	0.588483	0.494953	0.537681	0.183514	0.098592	0.128271	0.570357	0.514374	0.540920	16
1.41	0.587145	0.496506	0.538035	0.181477	0.098113	0.127367	0.569182	0.517005	0.541841	16
1.41	0.587177	0.497331	0.538532	0.181334	0.097849	0.127109	0.568886	0.518584	0.542572	16
1.41	0.589013	0.497428	0.539360	0.183470	0.098020	0.127775	0.570667	0.518908	0.543558	16

Tue Sep  7 01:56:58 2021
24.35	0.034702	0.521605	0.065075	0.036070	0.286285	0.064068	0.034584	0.525000	0.064894	47
21.36	0.043478	0.556440	0.080654	0.031595	0.349040	0.057944	0.043497	0.565309	0.080779	47
18.48	0.044046	0.487673	0.080794	0.032176	0.306550	0.058239	0.044129	0.502632	0.081134	47
15.52	0.043861	0.407842	0.079203	0.032655	0.245791	0.057651	0.043864	0.427484	0.079564	47
12.67	0.042912	0.325827	0.075837	0.033985	0.191892	0.057744	0.042448	0.350109	0.075717	47
10.06	0.042998	0.259148	0.073758	0.034598	0.152901	0.056428	0.041987	0.286258	0.073232	47
7.77	0.045280	0.210909	0.074554	0.037124	0.128085	0.057564	0.044134	0.239291	0.074524	46
5.86	0.048313	0.169805	0.075224	0.037560	0.098667	0.054409	0.045990	0.198154	0.074654	45
4.31	0.052137	0.134718	0.075179	0.036262	0.073259	0.048511	0.049423	0.162280	0.075770	44
3.15	0.059542	0.112297	0.077822	0.037656	0.056737	0.045268	0.058058	0.139202	0.081940	42
2.33	0.069712	0.097253	0.081211	0.041395	0.037981	0.039615	0.068694	0.124099	0.088436	39
1.78	0.082307	0.087596	0.084869	0.050256	0.030663	0.038088	0.080611	0.116123	0.095162	38
1.43	0.098995	0.085121	0.091535	0.029495	0.023955	0.026438	0.097936	0.116649	0.106477	35
1.24	0.116852	0.086819	0.099621	0.027629	0.021099	0.023927	0.116610	0.122925	0.119684	32
1.12	0.136469	0.091672	0.109673	0.027176	0.017930	0.021605	0.135517	0.133695	0.134600	33
1.06	0.151111	0.095700	0.117186	0.026651	0.015680	0.019744	0.150255	0.142319	0.146180	32
1.03	0.167441	0.103174	0.127676	0.026868	0.015693	0.019813	0.166559	0.154830	0.160481	32
1.02	0.182355	0.110939	0.137952	0.027677	0.016568	0.020728	0.182160	0.168313	0.174963	31
1.01	0.194313	0.117393	0.146362	0.028017	0.017495	0.021540	0.194388	0.178314	0.186004	30
1.01	0.207719	0.125109	0.156162	0.027936	0.018116	0.021979	0.207588	0.189044	0.197882	30
1.00	0.219872	0.132195	0.165116	0.027243	0.018708	0.022182	0.219653	0.199611	0.209153	29
1.00	0.231932	0.139231	0.174005	0.049002	0.019314	0.027708	0.231598	0.209248	0.219856	28
1.00	0.242743	0.145686	0.182088	0.049419	0.020066	0.028542	0.242408	0.217427	0.229239	26
1.00	0.251597	0.150975	0.188711	0.049687	0.020700	0.029224	0.251316	0.224553	0.237182	25
1.00	0.257989	0.154761	0.193466	0.051182	0.021192	0.029973	0.257794	0.229857	0.243025	24
1.00	0.261348	0.156750	0.195965	0.050914	0.021460	0.030194	0.261195	0.232691	0.246121	23
1.00	0.263128	0.157818	0.197300	0.030043	0.021552	0.025099	0.262977	0.234796	0.248089	20
1.00	0.266570	0.159856	0.199860	0.030984	0.021836	0.025618	0.266459	0.237874	0.251356	19
1.00	0.270924	0.162428	0.203095	0.031556	0.022080	0.025981	0.270832	0.240343	0.254678	19
1.00	0.274670	0.164661	0.205892	0.032187	0.022363	0.026391	0.274597	0.243056	0.257866	17
1.00	0.278358	0.166845	0.208635	0.032935	0.022588	0.026797	0.278322	0.245202	0.260714	12
1.00	0.282811	0.169514	0.211973	0.033646	0.022777	0.027165	0.282776	0.246903	0.263624	12
1.00	0.286755	0.171892	0.214940	0.033836	0.022945	0.027346	0.286703	0.248684	0.266344	10
1.00	0.293694	0.176065	0.220152	0.034695	0.023225	0.027824	0.293627	0.251640	0.271017	10
1.00	0.300308	0.180045	0.225121	0.035510	0.023460	0.028254	0.300227	0.254029	0.275202	7
1.00	0.309803	0.185723	0.232228	0.036505	0.023719	0.028755	0.309742	0.256256	0.280471	5
1.00	0.319194	0.191352	0.239267	0.037374	0.024085	0.029293	0.319135	0.259819	0.286438	5
1.00	0.329071	0.197321	0.246708	0.037998	0.024431	0.029740	0.328974	0.263341	0.292521	5
1.00	0.335302	0.201106	0.251418	0.040189	0.024907	0.030754	0.335209	0.267107	0.297308	5
1.00	0.339752	0.203776	0.254755	0.040491	0.025237	0.031094	0.339663	0.270265	0.301016	5
1.00	0.341477	0.204843	0.256074	0.041328	0.025470	0.031516	0.341364	0.272492	0.303064	6
1.00	0.351319	0.210764	0.263468	0.042672	0.026132	0.032414	0.351203	0.277350	0.309938	6
1.00	0.358570	0.215132	0.268919	0.043648	0.026679	0.033116	0.358450	0.281359	0.315260	6
1.00	0.367268	0.220421	0.275498	0.048934	0.027373	0.035107	0.367115	0.285448	0.321171	6
1.00	0.379121	0.227701	0.284519	0.049276	0.028279	0.035935	0.378897	0.291279	0.329360	6
1.00	0.390325	0.234543	0.293016	0.055633	0.029190	0.038290	0.390113	0.296542	0.336952	6
1.00	0.401469	0.241337	0.301458	0.059677	0.030111	0.040026	0.401247	0.301644	0.344388	6
1.00	0.408611	0.245948	0.307068	0.060197	0.030730	0.040689	0.408211	0.305774	0.349644	6
1.01	0.414715	0.250024	0.311968	0.062115	0.031273	0.041601	0.414123	0.309458	0.354221	6
1.01	0.423826	0.255702	0.318966	0.064613	0.031962	0.042768	0.423111	0.314115	0.360555	6
1.01	0.433438	0.261817	0.326445	0.064787	0.032558	0.043338	0.432451	0.318447	0.366795	6
1.01	0.440607	0.266233	0.331912	0.063986	0.033080	0.043613	0.439577	0.322253	0.371881	6
1.01	0.443178	0.267980	0.333999	0.064497	0.033449	0.044052	0.441885	0.324318	0.374081	6
1.01	0.444035	0.268757	0.334845	0.063279	0.033956	0.044196	0.442451	0.326140	0.375495	6
1.01	0.444783	0.269533	0.335660	0.061073	0.034262	0.043897	0.442991	0.327719	0.376735	6
1.01	0.441162	0.268174	0.333575	0.060708	0.034459	0.043964	0.438875	0.328124	0.375503	6
1.02	0.443550	0.269970	0.335646	0.060545	0.035075	0.044418	0.440940	0.330148	0.377585	6
1.02	0.445453	0.271474	0.337354	0.059470	0.035471	0.044437	0.442478	0.331727	0.379181	6
1.02	0.456037	0.277880	0.345335	0.059051	0.036551	0.045153	0.452803	0.335979	0.385740	6
1.02	0.463828	0.282830	0.351391	0.059305	0.037376	0.045854	0.460348	0.340068	0.391171	6
1.02	0.476645	0.290692	0.361137	0.054631	0.038437	0.045125	0.473021	0.345332	0.399214	6
1.02	0.482904	0.294720	0.366042	0.054662	0.038846	0.045417	0.479067	0.348166	0.403260	7
1.02	0.489411	0.298311	0.370681	0.054712	0.039766	0.046057	0.485559	0.351203	0.407594	7
1.02	0.498325	0.303213	0.377021	0.054981	0.040628	0.046727	0.494655	0.355049	0.413384	7
1.01	0.507461	0.308599	0.383801	0.053150	0.041628	0.046689	0.503927	0.358936	0.419250	7
1.01	0.510453	0.310444	0.386082	0.053478	0.042106	0.047116	0.506897	0.361041	0.421714	7
1.02	0.511878	0.311608	0.387391	0.057680	0.042699	0.049072	0.508314	0.362580	0.423253	7
1.02	0.508214	0.309279	0.384541	0.057592	0.042841	0.049134	0.504656	0.362094	0.421651	7
1.02	0.500917	0.304717	0.378926	0.064845	0.042916	0.051649	0.497746	0.359827	0.417696	7
1.02	0.493060	0.299961	0.373001	0.070107	0.042730	0.053098	0.489891	0.357640	0.413447	8
1.02	0.492391	0.299913	0.372772	0.076268	0.043103	0.055078	0.489176	0.358167	0.413543	8
1.02	0.493669	0.300835	0.373850	0.077254	0.043404	0.055581	0.490445	0.359422	0.414833	8
1.02	0.493763	0.301611	0.374477	0.089929	0.044015	0.059103	0.490310	0.360798	0.415700	8
1.02	0.489911	0.300446	0.372469	0.069669	0.043858	0.053829	0.486139	0.361284	0.414514	7
1.03	0.485264	0.298845	0.369894	0.070472	0.044054	0.054216	0.480727	0.360434	0.411979	7
1.03	0.475988	0.293895	0.363407	0.071130	0.043919	0.054307	0.470780	0.357357	0.406301	7
1.03	0.467493	0.289285	0.357406	0.071702	0.043726	0.054323	0.461967	0.354280	0.401020	7
1.03	0.462153	0.286518	0.353734	0.071505	0.043470	0.054070	0.456042	0.352093	0.397382	7
1.03	0.456836	0.283267	0.349699	0.071853	0.043043	0.053836	0.450590	0.349907	0.393917	7
1.04	0.451227	0.280161	0.345689	0.071992	0.042725	0.053625	0.444651	0.347478	0.390104	7
1.04	0.449004	0.278802	0.344002	0.072159	0.042437	0.053444	0.442114	0.346708	0.388642	7
1.04	0.447412	0.278074	0.342980	0.072271	0.042193	0.053280	0.439887	0.346101	0.387399	7
1.04	0.450710	0.280452	0.345758	0.072524	0.042085	0.053262	0.442856	0.347882	0.389666	8
1.04	0.453978	0.282199	0.348047	0.072447	0.042060	0.053222	0.446109	0.349259	0.391787	8
1.04	0.462485	0.288071	0.355013	0.073249	0.042742	0.053984	0.453991	0.353713	0.397627	8
1.04	0.471622	0.294380	0.362496	0.073385	0.043646	0.054737	0.462629	0.358369	0.403879	8
1.05	0.482686	0.302388	0.371834	0.074026	0.044943	0.055929	0.472683	0.364523	0.411617	8
1.05	0.497800	0.312967	0.384315	0.076305	0.046617	0.057876	0.486963	0.372054	0.421823	9
1.06	0.515307	0.325924	0.399298	0.081910	0.049042	0.061351	0.503374	0.380719	0.433538	9
1.06	0.534073	0.338882	0.414655	0.081302	0.050757	0.062497	0.521513	0.388776	0.445467	9
1.06	0.550533	0.351063	0.428732	0.085797	0.052878	0.065430	0.537398	0.397279	0.456836	8
1.07	0.561725	0.360380	0.439071	0.087814	0.054402	0.067183	0.548344	0.403879	0.465153	8
1.08	0.570731	0.368873	0.448119	0.088164	0.056257	0.068686	0.557292	0.409385	0.472023	8
1.09	0.579422	0.377414	0.457094	0.089293	0.058733	0.070858	0.566416	0.415175	0.479144	8
1.09	0.584677	0.383675	0.463315	0.089184	0.060110	0.071816	0.572610	0.419467	0.484219	8
1.10	0.587981	0.388867	0.468131	0.089834	0.061484	0.073003	0.577037	0.423192	0.488283	8
1.11	0.589411	0.392216	0.471006	0.090174	0.062903	0.074110	0.579494	0.425905	0.490968	8
1.12	0.586254	0.392022	0.469856	0.110965	0.064263	0.081391	0.577172	0.425824	0.490079	10
1.12	0.587117	0.394109	0.471630	0.111708	0.065806	0.082822	0.578805	0.427767	0.491955	10
1.13	0.583453	0.393914	0.470305	0.111893	0.067089	0.083883	0.575256	0.428415	0.491094	10
1.13	0.579275	0.392556	0.467978	0.112787	0.067992	0.084840	0.571139	0.428658	0.489746	10
1.13	0.580318	0.393769	0.469180	0.113581	0.067938	0.085021	0.572395	0.430683	0.491528	10
1.14	0.579191	0.395225	0.469842	0.114211	0.067978	0.085228	0.570923	0.432424	0.492114	10
1.14	0.578399	0.395807	0.469992	0.093121	0.067837	0.078493	0.570195	0.434043	0.492889	9
1.15	0.580196	0.398670	0.472602	0.093459	0.067766	0.078565	0.571558	0.436594	0.495042	9
1.15	0.579544	0.399544	0.472998	0.093548	0.066922	0.078026	0.570100	0.437809	0.495273	9
1.16	0.575392	0.398525	0.470899	0.093604	0.066436	0.077714	0.565134	0.437809	0.493389	9
1.16	0.568329	0.396584	0.467172	0.092940	0.065943	0.077148	0.556982	0.438335	0.490587	8
1.17	0.564044	0.396632	0.465751	0.093647	0.066205	0.077571	0.551921	0.440602	0.490019	8
1.18	0.558415	0.395953	0.463356	0.093908	0.065860	0.077422	0.545226	0.441412	0.487858	8
1.19	0.549421	0.391682	0.457332	0.092301	0.065074	0.076333	0.534726	0.439914	0.482709	8
1.20	0.544902	0.391342	0.455529	0.092153	0.065400	0.076505	0.528248	0.440805	0.480581	8
1.21	0.540370	0.391051	0.453742	0.089524	0.065663	0.075759	0.522471	0.440967	0.478272	8
1.21	0.535068	0.389110	0.450563	0.088482	0.065304	0.075146	0.515521	0.440076	0.474820	8
1.22	0.533953	0.390372	0.451011	0.088304	0.065957	0.075512	0.513483	0.441777	0.474938	8
1.23	0.530953	0.390420	0.449969	0.090179	0.065941	0.076179	0.509097	0.442141	0.473262	8
1.23	0.530151	0.391245	0.450228	0.088937	0.066316	0.075979	0.507949	0.443356	0.473460	8
1.24	0.526825	0.390760	0.448704	0.089115	0.066518	0.076176	0.503617	0.443275	0.471523	8
1.24	0.522357	0.387217	0.444748	0.092369	0.066540	0.077356	0.497962	0.440724	0.467598	8
1.23	0.518755	0.382558	0.440366	0.092453	0.066111	0.077094	0.493265	0.436958	0.463408	8
1.22	0.517141	0.379210	0.437563	0.089389	0.066017	0.075945	0.491227	0.434205	0.460960	8
1.21	0.515467	0.375231	0.434309	0.089344	0.065785	0.075776	0.490418	0.431007	0.458797	8
1.21	0.518915	0.376104	0.436116	0.090904	0.066353	0.076712	0.494628	0.431654	0.461001	8
1.21	0.525008	0.379501	0.440551	0.091914	0.067001	0.077505	0.501795	0.434408	0.465676	8
1.20	0.530759	0.382267	0.444438	0.091870	0.067374	0.077738	0.508246	0.436594	0.469703	8
1.19	0.539948	0.386344	0.450410	0.093942	0.067926	0.078843	0.519124	0.439833	0.476201	9
1.19	0.552194	0.393284	0.459384	0.093182	0.069291	0.079480	0.533538	0.444975	0.485249	10
1.18	0.568738	0.402941	0.471694	0.095386	0.070679	0.081194	0.552784	0.452628	0.497717	11
1.18	0.583471	0.411822	0.482845	0.095744	0.072286	0.082377	0.569574	0.458823	0.508235	11
1.18	0.590772	0.416917	0.488847	0.096535	0.073315	0.083338	0.578427	0.461657	0.513487	11
1.18	0.600193	0.423566	0.496643	0.097853	0.074783	0.084776	0.589481	0.464734	0.519727	11
1.18	0.605732	0.427740	0.501408	0.098200	0.075367	0.085282	0.596067	0.466030	0.523088	11
1.18	0.609074	0.431282	0.504986	0.098580	0.076159	0.085931	0.600521	0.467325	0.525616	11
1.19	0.609661	0.433029	0.506384	0.098773	0.076303	0.086096	0.601263	0.467163	0.525798	11
1.19	0.609139	0.434728	0.507363	0.098740	0.076444	0.086173	0.600319	0.467730	0.525795	11
1.20	0.608678	0.437737	0.509245	0.098691	0.076936	0.086466	0.599279	0.470443	0.527103	11
1.21	0.608783	0.441328	0.511704	0.098385	0.077596	0.086763	0.598888	0.473277	0.528724	11
1.22	0.607372	0.445404	0.513929	0.098178	0.077993	0.086930	0.595561	0.477164	0.529829	11
1.24	0.604446	0.448656	0.515027	0.097898	0.078449	0.087101	0.591337	0.480889	0.530424	11
1.25	0.601474	0.451470	0.515787	0.097222	0.078943	0.087134	0.586282	0.485019	0.530865	11
1.26	0.597898	0.452732	0.515286	0.096929	0.079300	0.087233	0.581208	0.487246	0.530095	11
1.27	0.596418	0.455693	0.516644	0.096774	0.080043	0.087617	0.578819	0.490526	0.531027	11
1.28	0.595561	0.458362	0.518031	0.096734	0.080612	0.087940	0.577118	0.493319	0.531939	11
1.29	0.592688	0.458653	0.517126	0.096706	0.081045	0.088186	0.573582	0.494574	0.531156	11
1.30	0.590923	0.458750	0.516515	0.096431	0.081535	0.088360	0.571726	0.495263	0.530755	11
1.30	0.588701	0.458168	0.515296	0.096073	0.081912	0.088429	0.568838	0.494898	0.529298	11
1.30	0.588935	0.459235	0.516060	0.095907	0.082438	0.088664	0.568906	0.495789	0.529837	11
1.30	0.590731	0.460837	0.517761	0.095926	0.083069	0.089036	0.571187	0.496842	0.531427	11
1.30	0.592241	0.460837	0.518341	0.098365	0.084026	0.090632	0.573333	0.496639	0.532237	11
1.29	0.592223	0.458265	0.516703	0.097382	0.084686	0.090591	0.574041	0.494655	0.531400	11
1.28	0.589049	0.452635	0.511910	0.099616	0.085118	0.091798	0.571247	0.491254	0.528240	11
1.28	0.584920	0.447248	0.506903	0.107059	0.085535	0.095094	0.568723	0.487894	0.525217	11
1.27	0.582727	0.443026	0.503363	0.109874	0.086664	0.096899	0.567968	0.484574	0.522967	11
1.27	0.574474	0.435553	0.495459	0.112037	0.086938	0.097905	0.559506	0.478986	0.516124	11
