
Tue Sep  7 15:13:17 2021
24.27	0.028018	0.419753	0.052530	0.031007	0.225544	0.054519	0.027971	0.405000	0.052328	45
21.15	0.039739	0.503688	0.073667	0.032237	0.304113	0.058295	0.039687	0.452952	0.072979	46
18.05	0.043057	0.465835	0.078828	0.032362	0.249681	0.057298	0.043059	0.419022	0.078093	46
15.04	0.047268	0.426138	0.085097	0.031960	0.195849	0.054952	0.047231	0.382825	0.084088	46
12.32	0.053448	0.394594	0.094145	0.031872	0.159777	0.053143	0.053299	0.355697	0.092707	46
9.85	0.061264	0.361497	0.104772	0.032132	0.134170	0.051847	0.060545	0.326990	0.102172	46
7.70	0.071553	0.330001	0.117605	0.033948	0.103819	0.051165	0.070136	0.299862	0.113683	44
5.91	0.084240	0.298117	0.131360	0.035554	0.073705	0.047969	0.082158	0.272127	0.126211	44
4.47	0.099651	0.267155	0.145157	0.034500	0.056554	0.042856	0.096355	0.244635	0.138255	42
3.36	0.117538	0.236387	0.157007	0.034789	0.041390	0.037803	0.115131	0.217588	0.150585	42
2.51	0.138426	0.207901	0.166195	0.038727	0.029366	0.033403	0.137561	0.192647	0.160510	39
1.90	0.163881	0.186984	0.174672	0.038621	0.024189	0.029747	0.163604	0.173050	0.168195	38
1.52	0.191784	0.174464	0.182715	0.038970	0.019834	0.026289	0.191795	0.161552	0.175379	38
1.29	0.216855	0.167087	0.188745	0.041137	0.019455	0.026417	0.217491	0.155316	0.181219	37
1.14	0.241384	0.164515	0.195671	0.042418	0.019476	0.026695	0.241341	0.154102	0.188098	36
1.06	0.264688	0.168349	0.205802	0.052248	0.020624	0.029574	0.264617	0.161106	0.200278	35
1.03	0.286007	0.176259	0.218105	0.051546	0.021773	0.030614	0.286218	0.172160	0.214998	35
1.01	0.308140	0.187373	0.233040	0.042176	0.023316	0.030030	0.308183	0.188153	0.233654	34
1.01	0.328331	0.198534	0.247445	0.041091	0.024941	0.031041	0.328333	0.206859	0.253810	32
1.01	0.344147	0.207464	0.258871	0.044443	0.027039	0.033622	0.344157	0.225200	0.272252	30
1.00	0.351129	0.211298	0.263831	0.046574	0.027228	0.034365	0.351243	0.240465	0.285484	29
1.00	0.349738	0.210376	0.262719	0.046851	0.028056	0.035096	0.349826	0.252895	0.293566	29
1.00	0.343614	0.206542	0.258002	0.051881	0.027800	0.036202	0.343631	0.260507	0.296350	27
1.00	0.338934	0.203630	0.254411	0.054070	0.027389	0.036360	0.338934	0.264718	0.297264	26
1.00	0.338910	0.203484	0.254291	0.058287	0.027828	0.037670	0.338853	0.268726	0.299743	26
1.00	0.335355	0.201252	0.251547	0.060648	0.027901	0.038219	0.335290	0.271803	0.300227	23
1.00	0.330395	0.198243	0.247801	0.082775	0.027795	0.041615	0.330310	0.272208	0.298458	18
1.00	0.328885	0.197321	0.246656	0.084731	0.027509	0.041534	0.328812	0.273221	0.298450	15
1.00	0.323272	0.193876	0.242386	0.085056	0.026909	0.040884	0.323225	0.272087	0.295459	14
1.00	0.317421	0.190381	0.238010	0.081573	0.026590	0.040107	0.317354	0.271034	0.292371	13
1.00	0.315019	0.188926	0.236197	0.067053	0.026469	0.037956	0.314924	0.270467	0.291008	9
1.00	0.317203	0.190236	0.237835	0.068272	0.026677	0.038363	0.317111	0.271925	0.292785	8
1.00	0.318822	0.191206	0.239049	0.068445	0.026878	0.038599	0.318730	0.273221	0.294226	7
1.00	0.323596	0.194070	0.242628	0.047845	0.027074	0.034580	0.323508	0.275285	0.297455	6
1.00	0.328154	0.196787	0.246033	0.049190	0.027346	0.035150	0.328083	0.277310	0.300567	5
1.00	0.334008	0.200330	0.250447	0.049001	0.027592	0.035305	0.333914	0.279901	0.304531	5
1.00	0.345874	0.207464	0.259358	0.049791	0.028207	0.036013	0.345737	0.285448	0.312713	5
1.00	0.355906	0.213482	0.266881	0.049816	0.028737	0.036448	0.355778	0.289619	0.319307	5
1.00	0.365607	0.219354	0.274197	0.049964	0.029252	0.036900	0.365455	0.293829	0.325751	4
1.00	0.370676	0.222557	0.278125	0.050195	0.029525	0.037180	0.370435	0.296502	0.329370	4
1.00	0.381930	0.229351	0.286598	0.050823	0.030215	0.037899	0.381650	0.301279	0.336736	4
1.00	0.394040	0.236776	0.295805	0.051364	0.031066	0.038715	0.393716	0.306948	0.344959	4
1.00	0.404587	0.243133	0.303738	0.051593	0.031933	0.039450	0.404243	0.311766	0.352033	4
1.00	0.413526	0.248665	0.310574	0.051845	0.032755	0.040146	0.413110	0.315937	0.358047	4
1.00	0.429608	0.258711	0.322944	0.052566	0.034136	0.041392	0.429104	0.323832	0.369108	4
1.01	0.452663	0.272639	0.340310	0.053168	0.035890	0.042852	0.451980	0.334076	0.384185	4
1.01	0.475213	0.286567	0.357532	0.053322	0.037636	0.044127	0.474006	0.343550	0.398370	4
1.01	0.492759	0.297244	0.370808	0.053486	0.038921	0.045055	0.491065	0.350312	0.408915	4
1.01	0.514637	0.310541	0.387349	0.053742	0.040658	0.046293	0.512673	0.359179	0.422414	4
1.01	0.529936	0.320004	0.399044	0.053319	0.041543	0.046700	0.527452	0.363106	0.430115	4
1.01	0.545520	0.330050	0.411272	0.053362	0.042609	0.047383	0.542271	0.368775	0.439003	4
1.01	0.555992	0.336358	0.419146	0.052940	0.043605	0.047821	0.552717	0.371690	0.444478	4
1.01	0.563378	0.340580	0.424523	0.052887	0.044390	0.048267	0.560248	0.374848	0.449169	4
1.01	0.565871	0.341648	0.426060	0.053119	0.044911	0.048672	0.563204	0.377642	0.452124	4
1.01	0.571210	0.344705	0.429951	0.053318	0.045315	0.048992	0.568589	0.380598	0.455977	4
1.01	0.573611	0.346210	0.431801	0.053421	0.045620	0.049214	0.570977	0.382582	0.458169	4
1.01	0.576542	0.347811	0.433877	0.053532	0.045926	0.049438	0.574055	0.384242	0.460350	4
1.01	0.575109	0.346695	0.432603	0.053907	0.046052	0.049671	0.573002	0.385618	0.460996	4
1.00	0.569862	0.343007	0.428247	0.054108	0.045959	0.049701	0.568508	0.385740	0.459621	4
1.00	0.562879	0.338202	0.422530	0.054662	0.045771	0.049823	0.562232	0.384444	0.456643	5
1.00	0.556776	0.334563	0.417970	0.055037	0.045631	0.049894	0.556401	0.383877	0.454312	5
1.00	0.554927	0.333398	0.416540	0.055361	0.045787	0.050121	0.554620	0.383958	0.453773	5
1.00	0.548244	0.329516	0.411627	0.055222	0.045590	0.049946	0.547980	0.381974	0.450160	5
1.00	0.540994	0.325342	0.406328	0.055272	0.045194	0.049727	0.540692	0.379383	0.445897	5
1.01	0.536658	0.323255	0.403477	0.055792	0.045026	0.049834	0.536400	0.379140	0.444264	5
1.01	0.530855	0.320198	0.399455	0.056314	0.044797	0.049900	0.530610	0.377804	0.441355	5
1.01	0.527416	0.318354	0.397046	0.056298	0.044660	0.049808	0.527168	0.376630	0.439362	5
1.01	0.528112	0.319082	0.397810	0.056227	0.044726	0.049821	0.527897	0.377399	0.440138	6
1.01	0.538517	0.325682	0.405891	0.077781	0.045229	0.057198	0.538033	0.382784	0.447321	7
1.01	0.552128	0.334369	0.416503	0.083145	0.045824	0.059084	0.551313	0.389060	0.456189	7
1.01	0.558125	0.338542	0.421447	0.090263	0.046218	0.061134	0.557103	0.392218	0.460341	7
1.01	0.558769	0.339367	0.422270	0.090459	0.046238	0.061196	0.557656	0.393190	0.461199	7
1.02	0.560810	0.341260	0.424317	0.091283	0.046313	0.061449	0.559330	0.394850	0.462913	7
1.02	0.563041	0.343929	0.427018	0.094477	0.046579	0.062396	0.560936	0.396996	0.464938	7
1.02	0.566111	0.347617	0.430741	0.096908	0.046911	0.063219	0.563433	0.399830	0.467738	7
1.03	0.567777	0.351451	0.434160	0.095343	0.047242	0.063179	0.564526	0.403191	0.470410	7
1.04	0.567293	0.352858	0.435090	0.095401	0.047379	0.063314	0.563527	0.404891	0.471216	8
1.04	0.570575	0.356838	0.439077	0.096487	0.047735	0.063871	0.566119	0.407806	0.474096	8
1.05	0.574420	0.360720	0.443153	0.097096	0.047927	0.064176	0.569047	0.410600	0.477010	8
1.05	0.580333	0.366883	0.449558	0.095660	0.048254	0.064149	0.574702	0.415621	0.482384	8
1.06	0.583836	0.370911	0.453631	0.094365	0.048548	0.064113	0.577753	0.418414	0.485340	8
1.06	0.583968	0.371931	0.454432	0.094592	0.048749	0.064340	0.577631	0.419427	0.485978	8
1.07	0.588615	0.376347	0.459134	0.097639	0.049578	0.065763	0.581383	0.422666	0.489480	8
1.07	0.590409	0.377608	0.460619	0.099761	0.050115	0.066715	0.582773	0.423719	0.490678	8
1.07	0.593056	0.379647	0.462940	0.101829	0.050774	0.067761	0.584730	0.424974	0.492214	8
1.07	0.599454	0.383481	0.467740	0.098165	0.051244	0.067337	0.590628	0.427605	0.496067	8
1.07	0.604127	0.386441	0.471365	0.097790	0.051850	0.067768	0.594893	0.429468	0.498823	8
1.06	0.611648	0.389886	0.476216	0.098051	0.052875	0.068702	0.602181	0.431047	0.502442	8
1.06	0.622940	0.396147	0.484307	0.109494	0.054472	0.072751	0.614058	0.435177	0.509369	8
1.06	0.624580	0.396584	0.485129	0.111844	0.054933	0.073679	0.616582	0.435015	0.510124	8
1.06	0.627493	0.398525	0.487460	0.113036	0.055127	0.074111	0.620415	0.436594	0.512521	8
1.06	0.629491	0.401291	0.490131	0.114933	0.055172	0.074555	0.622696	0.437363	0.513828	8
1.07	0.630309	0.403281	0.491861	0.114917	0.055597	0.074938	0.623492	0.438740	0.515049	8
1.07	0.634028	0.407260	0.495952	0.115425	0.056352	0.075731	0.627271	0.442141	0.518682	8
1.07	0.631631	0.405659	0.494031	0.114208	0.056084	0.075226	0.625152	0.441655	0.517622	8
1.07	0.626154	0.401534	0.489296	0.114496	0.055970	0.075186	0.620374	0.439914	0.514787	8
1.07	0.624792	0.400175	0.487871	0.115024	0.056473	0.075754	0.618606	0.439307	0.513762	8
1.07	0.623013	0.399398	0.486752	0.115712	0.056558	0.075979	0.616649	0.439185	0.513003	8
1.07	0.619902	0.397554	0.484433	0.115314	0.056539	0.075876	0.613154	0.437647	0.510743	8
1.07	0.617714	0.396001	0.482612	0.114566	0.056771	0.075921	0.610387	0.436797	0.509204	8
1.07	0.617772	0.396098	0.482702	0.113765	0.057021	0.075967	0.610090	0.436877	0.509155	8
1.07	0.618416	0.398282	0.484518	0.113969	0.057488	0.076425	0.610468	0.438457	0.510358	8
1.08	0.618399	0.401242	0.486696	0.115316	0.058013	0.077192	0.609995	0.441736	0.512407	8
1.09	0.615362	0.402019	0.486321	0.115302	0.058133	0.077295	0.606945	0.443315	0.512384	8
1.10	0.607982	0.399204	0.481955	0.116086	0.058138	0.077475	0.599306	0.442627	0.509186	8
1.10	0.601599	0.397991	0.479058	0.115677	0.057997	0.077259	0.592045	0.442424	0.506415	8
1.11	0.594044	0.395904	0.475145	0.114946	0.057854	0.076968	0.584460	0.442141	0.503436	8
1.12	0.589670	0.396681	0.474295	0.114821	0.058385	0.077409	0.579197	0.443194	0.502149	8
1.14	0.585674	0.398767	0.474477	0.114512	0.058665	0.077584	0.573056	0.445745	0.501446	8
1.15	0.581625	0.399398	0.473587	0.114608	0.059399	0.078245	0.567819	0.447324	0.500420	8
1.15	0.578271	0.399592	0.472607	0.114772	0.059601	0.078459	0.563743	0.448336	0.499460	8
1.15	0.575249	0.397700	0.470274	0.114596	0.059662	0.078470	0.560329	0.446959	0.497264	8
1.16	0.573976	0.399884	0.471369	0.114754	0.060409	0.079151	0.559020	0.449105	0.498070	8
1.17	0.579225	0.405367	0.476946	0.114812	0.061213	0.079852	0.564945	0.453276	0.502987	8
1.17	0.584950	0.411191	0.482916	0.114908	0.061791	0.080365	0.570829	0.457001	0.507612	8
1.18	0.591062	0.417839	0.489580	0.114434	0.062187	0.080583	0.577631	0.461900	0.513323	8
1.19	0.598514	0.426041	0.497760	0.114750	0.062886	0.081247	0.585169	0.467690	0.519875	8
1.19	0.603890	0.432447	0.503987	0.114825	0.063452	0.081737	0.590743	0.472022	0.524751	8
1.20	0.606802	0.435504	0.507077	0.115657	0.064126	0.082506	0.594164	0.473844	0.527227	8
1.20	0.614332	0.442250	0.514278	0.116455	0.065096	0.083511	0.602336	0.478581	0.533374	8
1.20	0.620910	0.447588	0.520192	0.116866	0.065941	0.084310	0.609563	0.481780	0.538191	8
1.20	0.630211	0.454140	0.527880	0.117198	0.067116	0.085353	0.619733	0.485464	0.544443	8
1.20	0.638816	0.459720	0.534669	0.116929	0.067873	0.085890	0.629538	0.488946	0.550406	8
1.20	0.645526	0.465301	0.540794	0.117373	0.069052	0.086950	0.636907	0.492550	0.555503	8
1.21	0.652034	0.471416	0.547206	0.117413	0.069835	0.087580	0.642535	0.496437	0.560116	8
1.21	0.658231	0.477143	0.553245	0.117158	0.071159	0.088541	0.648406	0.500688	0.565053	8
1.21	0.664619	0.482966	0.559415	0.117078	0.072324	0.089413	0.653636	0.504859	0.569694	8
1.22	0.669121	0.489518	0.565399	0.116821	0.073801	0.090457	0.657077	0.510122	0.574349	8
1.23	0.670938	0.495535	0.570049	0.116392	0.075203	0.091370	0.658832	0.515548	0.578449	8
1.24	0.672268	0.500922	0.574082	0.115926	0.076523	0.092191	0.660323	0.520123	0.581897	8
1.25	0.677013	0.509124	0.581187	0.115480	0.079034	0.093843	0.664217	0.526925	0.587659	8
1.26	0.680200	0.514656	0.585960	0.114957	0.080855	0.094936	0.667422	0.531379	0.591681	8
1.27	0.683598	0.521838	0.591865	0.114547	0.082650	0.096019	0.670594	0.536319	0.595987	8
1.28	0.684660	0.525672	0.594724	0.114083	0.084299	0.096955	0.671836	0.539720	0.598574	8
1.28	0.683500	0.526109	0.594565	0.113589	0.085324	0.097448	0.671458	0.541704	0.599642	8
1.28	0.681528	0.523731	0.592300	0.113086	0.086518	0.098034	0.669427	0.540854	0.598311	8
1.28	0.677739	0.520819	0.589007	0.112377	0.087061	0.098112	0.666336	0.540044	0.596579	8
1.28	0.676728	0.517907	0.586760	0.112231	0.087516	0.098344	0.665695	0.539153	0.595779	8
1.27	0.676694	0.514171	0.584342	0.112014	0.087602	0.098315	0.665715	0.538060	0.595119	9
1.26	0.677912	0.512957	0.584010	0.111703	0.087973	0.098428	0.667489	0.538181	0.595901	9
1.26	0.678312	0.512569	0.583907	0.111762	0.088142	0.098557	0.667664	0.538343	0.596070	9
1.26	0.677913	0.509997	0.582087	0.111840	0.087652	0.098280	0.667468	0.537574	0.595520	9
1.26	0.677588	0.510871	0.582536	0.111849	0.087816	0.098386	0.667198	0.538991	0.596281	9
1.25	0.677840	0.509318	0.581618	0.111977	0.087502	0.098238	0.666841	0.538586	0.595890	9
1.25	0.674806	0.505629	0.578095	0.112194	0.086554	0.097720	0.663042	0.536764	0.593258	9
1.25	0.672049	0.502912	0.575307	0.112424	0.086122	0.097531	0.659547	0.535671	0.591190	8
1.25	0.667770	0.499321	0.571389	0.112685	0.084957	0.096876	0.654102	0.533404	0.587619	8
1.25	0.661602	0.496603	0.567350	0.112959	0.084211	0.096489	0.646726	0.531784	0.583650	8
1.26	0.658442	0.496021	0.565806	0.113158	0.083971	0.096403	0.642002	0.531420	0.581500	8
1.26	0.657929	0.495729	0.565427	0.113231	0.084166	0.096559	0.640652	0.532108	0.581357	8
1.26	0.658298	0.496263	0.565910	0.113636	0.084400	0.096860	0.640160	0.533687	0.582095	8
1.26	0.656858	0.495050	0.564589	0.113711	0.084139	0.096715	0.638459	0.533242	0.581126	8
1.26	0.658202	0.495584	0.565433	0.113558	0.084280	0.096753	0.639951	0.533849	0.582104	8
1.25	0.663116	0.498447	0.569109	0.113302	0.084742	0.096963	0.645342	0.535833	0.585511	8
1.25	0.663531	0.496312	0.567867	0.113085	0.084691	0.096850	0.645747	0.534618	0.584951	8
1.24	0.661939	0.491459	0.564100	0.112953	0.084683	0.096796	0.644391	0.531501	0.582527	8
1.23	0.662464	0.489566	0.563041	0.113026	0.085457	0.097327	0.645073	0.530448	0.582172	8
1.23	0.656201	0.483791	0.556958	0.113046	0.085267	0.097211	0.639181	0.526237	0.577236	8
1.23	0.650746	0.478065	0.551197	0.112886	0.085025	0.096994	0.633850	0.521945	0.572480	8
1.23	0.645423	0.474279	0.546772	0.113041	0.084979	0.097022	0.628769	0.519151	0.568726	8
1.23	0.640993	0.470931	0.542957	0.112974	0.084822	0.096895	0.625125	0.516965	0.565923	8
1.23	0.638057	0.470446	0.541579	0.112864	0.085244	0.097128	0.622574	0.516560	0.564634	8
1.23	0.635880	0.469426	0.540120	0.134059	0.085617	0.104497	0.620752	0.515993	0.563545	9
1.24	0.637453	0.472290	0.542581	0.133978	0.086668	0.105251	0.623465	0.518382	0.566088	9
1.24	0.640287	0.476657	0.546486	0.133923	0.087767	0.106041	0.627122	0.521662	0.569551	9
1.25	0.649163	0.485344	0.555426	0.133924	0.088967	0.106911	0.637434	0.528342	0.577784	9
1.25	0.653230	0.490731	0.560439	0.126508	0.089896	0.105105	0.642110	0.532553	0.582223	10
1.26	0.658879	0.498204	0.567386	0.127964	0.091023	0.106378	0.648804	0.537614	0.587999	10
1.27	0.665112	0.505241	0.574257	0.129316	0.091993	0.107507	0.656011	0.541704	0.593403	10
1.28	0.672393	0.516646	0.584319	0.129195	0.093678	0.108607	0.664959	0.549518	0.601752	10
1.30	0.674836	0.523828	0.589820	0.129747	0.095100	0.109754	0.668791	0.553851	0.605918	10
1.31	0.677264	0.531399	0.595529	0.130040	0.096807	0.110989	0.672366	0.558831	0.610364	10
1.32	0.677895	0.538144	0.599989	0.152985	0.097802	0.119322	0.674051	0.562799	0.613421	12
1.34	0.679443	0.544550	0.604563	0.152761	0.099219	0.120301	0.676547	0.565997	0.616354	12
1.35	0.680571	0.550277	0.608528	0.147233	0.100260	0.119289	0.679127	0.569560	0.619536	12
1.36	0.679682	0.555858	0.611565	0.147022	0.101090	0.119804	0.678221	0.572799	0.621068	11
1.37	0.677573	0.557750	0.611851	0.148624	0.101988	0.120967	0.676209	0.574459	0.621195	11
1.38	0.676307	0.559497	0.612382	0.149348	0.102726	0.121725	0.674933	0.576727	0.621977	11
1.39	0.674400	0.560080	0.611946	0.149141	0.103131	0.121941	0.672813	0.578832	0.622294	12
1.39	0.675035	0.562409	0.613597	0.149309	0.103502	0.122256	0.673512	0.581626	0.624206	12
1.40	0.672783	0.564059	0.613642	0.149072	0.103819	0.122397	0.671281	0.583691	0.624429	12
1.41	0.669302	0.567019	0.613930	0.151386	0.103547	0.122978	0.667124	0.587618	0.624852	11
1.43	0.667083	0.570416	0.614974	0.151599	0.103562	0.123059	0.664762	0.591465	0.625975	11
1.44	0.665113	0.574930	0.616742	0.151434	0.103364	0.122865	0.663021	0.595959	0.627704	11
1.45	0.666054	0.579977	0.620042	0.150765	0.104256	0.123269	0.663332	0.600372	0.630284	11
1.46	0.665762	0.583180	0.621740	0.150384	0.104509	0.123318	0.662271	0.603045	0.631272	11
1.47	0.665546	0.586188	0.623352	0.150021	0.104801	0.123398	0.661554	0.605272	0.632163	11
1.47	0.664597	0.587062	0.623428	0.149909	0.104881	0.123417	0.660400	0.606203	0.632142	11
1.48	0.663348	0.588566	0.623724	0.128675	0.104924	0.115592	0.658715	0.607944	0.632312	10
1.49	0.661960	0.591575	0.624792	0.129023	0.105341	0.115986	0.657455	0.611305	0.633541	10
1.50	0.660482	0.594293	0.625642	0.129119	0.105494	0.116117	0.656257	0.614665	0.634780	10
1.51	0.659616	0.596234	0.626325	0.129315	0.105592	0.116256	0.655579	0.616771	0.635583	10
1.51	0.659073	0.596671	0.626321	0.129621	0.105353	0.116234	0.654824	0.617823	0.635786	10
1.51	0.659146	0.595458	0.625685	0.130079	0.105177	0.116310	0.654324	0.617175	0.635207	10
1.50	0.661089	0.592400	0.624862	0.130376	0.104519	0.116025	0.655755	0.614908	0.634675	10
1.48	0.663264	0.586528	0.622540	0.128451	0.104363	0.115161	0.657553	0.610414	0.633107	10
1.45	0.661032	0.575027	0.615037	0.128393	0.103648	0.114701	0.654527	0.601668	0.626985	10
1.43	0.655376	0.560565	0.604274	0.128348	0.102480	0.113965	0.647563	0.591060	0.618023	10
1.41	0.652109	0.551441	0.597565	0.128659	0.101871	0.113708	0.643879	0.584298	0.612644	10
1.39	0.650289	0.541444	0.590896	0.128785	0.101513	0.113534	0.641983	0.576646	0.607563	10
1.38	0.646191	0.533485	0.584454	0.128777	0.100818	0.113095	0.638206	0.570977	0.602723	10
1.37	0.641354	0.525041	0.577398	0.129382	0.100177	0.112922	0.632250	0.564742	0.596592	10
1.35	0.637533	0.517179	0.571084	0.129500	0.100122	0.112932	0.628205	0.558547	0.591332	10
1.35	0.634155	0.511793	0.566441	0.130006	0.099983	0.113035	0.624582	0.554498	0.587457	10
1.34	0.634323	0.510143	0.565496	0.130149	0.100328	0.113309	0.625082	0.553446	0.587086	10

Tue Sep  7 16:55:29 2021
21.30	0.026062	0.342593	0.048440	0.024416	0.288746	0.045026	0.025826	0.302500	0.047588	45
18.33	0.023368	0.256721	0.042837	0.028142	0.347973	0.052073	0.023623	0.238521	0.042989	47
15.00	0.023473	0.210958	0.042245	0.029136	0.271604	0.052626	0.023949	0.197546	0.042719	47
11.92	0.023476	0.167718	0.041187	0.030294	0.195784	0.052469	0.024230	0.159527	0.042070	47
9.23	0.023559	0.130302	0.039903	0.038296	0.144772	0.060569	0.024852	0.125759	0.041503	47
6.98	0.024123	0.100893	0.038937	0.040336	0.110402	0.059085	0.025727	0.098874	0.040830	47
5.20	0.025103	0.078278	0.038016	0.042627	0.080143	0.055653	0.027191	0.076970	0.040186	47
3.80	0.025215	0.057362	0.035032	0.047222	0.053903	0.050342	0.026801	0.056563	0.036369	46
2.79	0.024686	0.041299	0.030901	0.040532	0.040503	0.040517	0.025727	0.041056	0.031632	44
2.07	0.024560	0.030525	0.027219	0.035106	0.032630	0.033823	0.024774	0.031055	0.027561	44
1.61	0.026814	0.025915	0.026357	0.024229	0.025847	0.025012	0.026897	0.027654	0.027270	42
1.34	0.032297	0.025963	0.028786	0.026281	0.022683	0.024349	0.032893	0.029233	0.030955	42
1.18	0.043612	0.030962	0.036214	0.032402	0.021763	0.026038	0.044951	0.037938	0.041148	42
1.09	0.064822	0.042415	0.051278	0.041413	0.021563	0.028360	0.066112	0.056239	0.060777	38
1.04	0.089858	0.056197	0.069149	0.048924	0.020438	0.028831	0.090588	0.076808	0.083131	39
1.02	0.120686	0.073813	0.091602	0.053519	0.022208	0.031390	0.120954	0.102478	0.110952	37
1.01	0.149173	0.090216	0.112435	0.053048	0.024192	0.033229	0.149351	0.125071	0.136137	36
1.01	0.182338	0.109822	0.137081	0.055028	0.025721	0.035056	0.182579	0.150215	0.164823	33
1.00	0.213588	0.128312	0.160315	0.055977	0.027469	0.036853	0.213782	0.173172	0.191346	31
1.00	0.243429	0.146074	0.182585	0.051537	0.028930	0.037058	0.243501	0.196008	0.217189	30
1.00	0.275971	0.165534	0.206940	0.052142	0.029998	0.038085	0.275974	0.218520	0.243909	27
1.00	0.304742	0.182762	0.228492	0.052503	0.029861	0.038070	0.304721	0.238926	0.267842	25
1.00	0.327129	0.196156	0.245252	0.052906	0.029494	0.037874	0.327071	0.255203	0.286702	25
1.00	0.343801	0.206154	0.257751	0.054367	0.028787	0.037643	0.343753	0.268888	0.301746	20
1.00	0.355074	0.212948	0.266230	0.054647	0.028502	0.037464	0.355009	0.276541	0.310900	17
1.00	0.362143	0.217170	0.271517	0.056685	0.028351	0.037798	0.362054	0.281318	0.316620	16
1.00	0.370478	0.222168	0.277766	0.057354	0.028441	0.038025	0.370394	0.284719	0.321955	15
1.00	0.379006	0.227264	0.284145	0.058528	0.028721	0.038533	0.378938	0.288363	0.327504	15
1.00	0.388232	0.232796	0.291062	0.059143	0.028911	0.038837	0.388169	0.292088	0.333343	12
1.00	0.398317	0.238862	0.298638	0.058829	0.029176	0.039007	0.398251	0.294923	0.338885	12
1.00	0.409095	0.245365	0.306750	0.057809	0.029537	0.039097	0.409021	0.298445	0.345092	12
1.00	0.421185	0.252596	0.315799	0.058766	0.029681	0.039442	0.421127	0.300713	0.350876	11
1.00	0.432918	0.259633	0.324597	0.060232	0.029645	0.039734	0.432869	0.302494	0.356124	9
1.00	0.444004	0.266282	0.332909	0.061212	0.029594	0.039899	0.443963	0.303061	0.360224	9
1.00	0.452169	0.271135	0.338996	0.062428	0.029345	0.039924	0.452142	0.300591	0.361110	8
1.00	0.462528	0.277346	0.346763	0.064712	0.029380	0.040412	0.462507	0.300267	0.364133	8
1.00	0.469974	0.281811	0.352345	0.064847	0.029767	0.040804	0.469957	0.303061	0.368492	7
1.00	0.476734	0.285888	0.357431	0.064943	0.029843	0.040894	0.476719	0.303709	0.371037	7
1.00	0.480295	0.288023	0.360101	0.065418	0.029732	0.040883	0.480282	0.305085	0.373143	7
1.00	0.480217	0.288023	0.360079	0.065775	0.029335	0.040574	0.480201	0.305490	0.373421	7
1.00	0.481928	0.289236	0.361508	0.066283	0.029281	0.040618	0.481861	0.308284	0.376007	7
1.00	0.485544	0.291760	0.364496	0.067840	0.029588	0.041205	0.485505	0.312009	0.379885	7
1.01	0.487917	0.293944	0.366869	0.069137	0.030053	0.041895	0.487664	0.317394	0.384523	7
1.01	0.488862	0.295011	0.367967	0.049107	0.030674	0.037761	0.488474	0.322455	0.388470	6
1.01	0.493180	0.298311	0.371757	0.050134	0.031655	0.038807	0.492685	0.330391	0.395538	6
1.01	0.500761	0.303358	0.377829	0.071868	0.032479	0.044739	0.500175	0.336707	0.402476	7
1.01	0.510570	0.309424	0.385327	0.072693	0.033438	0.045806	0.509771	0.342740	0.409893	7
1.01	0.517247	0.313647	0.390502	0.072886	0.034087	0.046451	0.516128	0.346506	0.414640	7
1.01	0.529783	0.321557	0.400205	0.073189	0.035591	0.047892	0.528558	0.354685	0.424507	7
1.01	0.542492	0.329613	0.410071	0.073128	0.037016	0.049152	0.541272	0.361851	0.433739	7
1.02	0.551944	0.336213	0.417878	0.073750	0.038172	0.050306	0.550382	0.369382	0.442073	7
1.02	0.562186	0.342425	0.425611	0.074066	0.040053	0.051990	0.560585	0.378209	0.451682	7
1.02	0.565955	0.344802	0.428528	0.075567	0.041394	0.053489	0.564310	0.384323	0.457242	7
1.02	0.564667	0.343880	0.427447	0.076339	0.042437	0.054550	0.562974	0.386752	0.458514	7
1.01	0.562525	0.341648	0.425108	0.076791	0.043571	0.055597	0.560950	0.387805	0.458578	7
1.01	0.566830	0.343492	0.427764	0.078713	0.045043	0.057297	0.565120	0.389991	0.461500	7
1.01	0.568887	0.344463	0.429103	0.077849	0.045703	0.057594	0.567225	0.391530	0.463279	7
1.01	0.570959	0.345385	0.430407	0.078329	0.046240	0.058151	0.569209	0.392987	0.464961	7
1.01	0.572185	0.346016	0.431246	0.078064	0.046772	0.058496	0.570545	0.393797	0.465974	7
1.01	0.574755	0.347375	0.433031	0.077781	0.047285	0.058815	0.573083	0.394202	0.467102	7
1.01	0.583774	0.353392	0.440266	0.078002	0.048343	0.059692	0.581869	0.398008	0.472689	7
1.01	0.590121	0.358294	0.445874	0.079215	0.049404	0.060855	0.587389	0.399547	0.475592	7
1.02	0.598055	0.364069	0.452609	0.079403	0.050130	0.061459	0.594515	0.402786	0.480221	7
1.02	0.602320	0.367951	0.456830	0.079657	0.050897	0.062109	0.597849	0.405013	0.482891	7
1.02	0.611076	0.374842	0.464657	0.079732	0.051464	0.062553	0.605771	0.409183	0.488438	7
1.03	0.616421	0.379647	0.469892	0.079916	0.051863	0.062904	0.610346	0.412584	0.492349	7
1.03	0.619070	0.383141	0.473336	0.079976	0.052144	0.063128	0.611763	0.414406	0.494106	7
1.04	0.620811	0.385664	0.475769	0.080107	0.052376	0.063339	0.612695	0.416147	0.495647	7
1.04	0.625068	0.390129	0.480414	0.080164	0.052541	0.063478	0.616096	0.419467	0.499114	7
1.05	0.630172	0.396923	0.487063	0.080076	0.052722	0.063581	0.620091	0.423638	0.503376	7
1.06	0.636633	0.405998	0.495807	0.080334	0.053147	0.063972	0.625395	0.429913	0.509549	7
1.08	0.640956	0.413763	0.502890	0.080278	0.053426	0.064155	0.628863	0.435744	0.514788	7
1.09	0.641882	0.417694	0.506071	0.080304	0.053670	0.064340	0.628607	0.438376	0.516533	7
1.09	0.642947	0.420945	0.508784	0.080694	0.054036	0.064728	0.629646	0.441210	0.518849	7
1.09	0.643687	0.422304	0.510007	0.080863	0.054106	0.064832	0.630199	0.442424	0.519876	7
1.10	0.644256	0.424585	0.511847	0.080756	0.054116	0.064805	0.630523	0.444206	0.521214	7
1.10	0.645176	0.424439	0.512031	0.081321	0.054121	0.064990	0.631482	0.445137	0.522183	7
1.10	0.641627	0.421139	0.508511	0.080149	0.053458	0.064137	0.627473	0.443396	0.519614	7
1.09	0.639499	0.418470	0.505896	0.079890	0.053075	0.063778	0.624720	0.443113	0.518473	7
1.09	0.632045	0.411967	0.498810	0.079855	0.051877	0.062895	0.616420	0.439266	0.512979	7
1.08	0.626000	0.406386	0.492835	0.080325	0.051067	0.062438	0.609590	0.436108	0.508459	7
1.08	0.618677	0.401242	0.486782	0.080709	0.050254	0.061941	0.601439	0.433233	0.503664	7
1.08	0.607836	0.393769	0.477927	0.102073	0.049405	0.066583	0.590034	0.428820	0.496673	8
1.08	0.598064	0.386683	0.469687	0.102391	0.048777	0.066077	0.580735	0.424609	0.490549	8
1.08	0.589574	0.380908	0.462808	0.080794	0.048344	0.060492	0.572880	0.421856	0.485904	7
1.08	0.583740	0.377366	0.458396	0.081611	0.048131	0.060551	0.567198	0.420196	0.482754	7
1.08	0.581188	0.375716	0.456392	0.081773	0.047971	0.060469	0.564526	0.419467	0.481304	7
1.08	0.574143	0.372416	0.451784	0.081787	0.047616	0.060190	0.557522	0.417969	0.477763	6
1.09	0.571620	0.372222	0.450858	0.080627	0.047062	0.059433	0.555308	0.419022	0.477633	6
1.10	0.574330	0.377414	0.455501	0.080312	0.046805	0.059143	0.557778	0.422787	0.480991	6
1.11	0.576617	0.383675	0.460763	0.080905	0.046407	0.058982	0.559559	0.427282	0.484555	6
1.13	0.577214	0.389450	0.465096	0.081133	0.046459	0.059084	0.559505	0.431411	0.487179	6
1.14	0.580503	0.396486	0.471165	0.080764	0.046692	0.059174	0.562232	0.436513	0.491460	6
1.16	0.581902	0.402892	0.476128	0.080663	0.046975	0.059373	0.563514	0.441210	0.494918	6
1.17	0.587125	0.410754	0.483353	0.101779	0.047566	0.064833	0.568427	0.446676	0.500250	7
1.18	0.593636	0.418276	0.490762	0.101962	0.048237	0.065491	0.574203	0.452101	0.505889	7
1.18	0.598363	0.422304	0.495149	0.101929	0.048584	0.065803	0.578643	0.454045	0.508827	7
1.18	0.605521	0.429001	0.502201	0.101905	0.049094	0.066264	0.584946	0.457203	0.513245	7
1.19	0.610450	0.435456	0.508313	0.101788	0.049590	0.066689	0.588266	0.460442	0.516564	7
1.19	0.616376	0.440940	0.514103	0.101975	0.050374	0.067436	0.593584	0.464208	0.520984	7
1.20	0.619411	0.445065	0.517960	0.095434	0.051542	0.066934	0.596512	0.466839	0.523769	7
1.20	0.623880	0.449335	0.522414	0.097499	0.052962	0.068639	0.601014	0.469674	0.527288	7
1.20	0.628450	0.453023	0.526509	0.098641	0.053929	0.069733	0.605710	0.472386	0.530805	7
1.21	0.630154	0.455353	0.528679	0.095489	0.054551	0.069435	0.607667	0.474087	0.532630	7
1.20	0.631717	0.455838	0.529556	0.095677	0.055271	0.070066	0.609908	0.474654	0.533847	7
1.21	0.635528	0.459575	0.533416	0.095997	0.056579	0.071196	0.614631	0.478217	0.537910	7
1.21	0.638878	0.463020	0.536916	0.104421	0.057601	0.074246	0.619166	0.482063	0.542080	8
1.21	0.640788	0.463845	0.538145	0.101289	0.058225	0.073944	0.621494	0.483642	0.543971	8
1.21	0.645646	0.467048	0.542014	0.106845	0.059172	0.076164	0.626906	0.486598	0.547912	8
1.21	0.649171	0.471173	0.546032	0.106176	0.059695	0.076423	0.630982	0.489716	0.551445	8
1.21	0.650277	0.472387	0.547238	0.104335	0.059824	0.076045	0.632899	0.491335	0.553204	8
1.21	0.645659	0.467340	0.542214	0.105161	0.059415	0.075930	0.628141	0.488420	0.549539	8
1.21	0.641361	0.463700	0.538249	0.106469	0.059736	0.076532	0.624092	0.486639	0.546861	8
1.20	0.637746	0.458022	0.533145	0.105132	0.059704	0.076158	0.620745	0.483116	0.543351	8
1.20	0.633588	0.454237	0.529127	0.106326	0.059687	0.076455	0.617331	0.480687	0.540506	8
1.20	0.630698	0.451859	0.526506	0.107637	0.059888	0.076958	0.614416	0.479513	0.538646	8
1.20	0.626108	0.448995	0.522963	0.106588	0.060087	0.076851	0.610313	0.478176	0.536224	8
1.19	0.622180	0.444337	0.518430	0.109813	0.059905	0.077521	0.606682	0.475221	0.532964	8
1.19	0.618163	0.440988	0.514757	0.109061	0.059845	0.077283	0.602809	0.472670	0.529866	8
1.20	0.613770	0.439969	0.512536	0.110006	0.060644	0.078186	0.598517	0.472144	0.527872	8
1.21	0.612492	0.443512	0.514482	0.109828	0.061845	0.079131	0.596931	0.474897	0.528967	8
1.22	0.611063	0.447637	0.516736	0.111016	0.062365	0.079865	0.594866	0.477974	0.530052	8
1.23	0.610681	0.451713	0.519304	0.112063	0.063374	0.080962	0.594205	0.481294	0.531822	8
1.25	0.611025	0.457779	0.523416	0.112060	0.064115	0.081563	0.593968	0.485707	0.534410	8
1.27	0.610234	0.463554	0.526876	0.111742	0.064944	0.082145	0.593022	0.489959	0.536586	8
1.29	0.608057	0.470251	0.530349	0.111809	0.066330	0.083264	0.591427	0.494858	0.538850	8
1.31	0.604607	0.476415	0.532910	0.111630	0.067089	0.083809	0.588901	0.499474	0.540513	8
1.34	0.602549	0.484034	0.536828	0.110148	0.068184	0.084229	0.587363	0.505709	0.543486	8
1.37	0.599953	0.491410	0.540284	0.107745	0.069073	0.084180	0.585562	0.511782	0.546192	8
1.39	0.598450	0.498253	0.543774	0.108416	0.069634	0.084802	0.584431	0.517653	0.549019	8
1.41	0.597411	0.506115	0.547986	0.107922	0.070047	0.084954	0.584532	0.524010	0.552619	8
1.44	0.596911	0.513831	0.552264	0.107714	0.070711	0.085375	0.585285	0.530367	0.556474	8
1.45	0.596386	0.517374	0.554077	0.107028	0.070740	0.085180	0.584783	0.533404	0.557913	8
1.45	0.596290	0.519460	0.555230	0.106063	0.070645	0.084804	0.584258	0.535590	0.558866	8
1.46	0.595017	0.520431	0.555230	0.103682	0.070914	0.084223	0.583244	0.536319	0.558798	8
1.47	0.594678	0.522760	0.556405	0.103623	0.071521	0.084630	0.583555	0.537979	0.559841	8
1.48	0.594262	0.526691	0.558440	0.103435	0.072163	0.085014	0.584474	0.540854	0.561818	8
1.49	0.593612	0.530379	0.560217	0.102480	0.072554	0.084959	0.585182	0.543040	0.563324	8
1.50	0.595866	0.535863	0.564274	0.103526	0.074059	0.086348	0.588392	0.546360	0.566597	8
1.51	0.597002	0.539260	0.566664	0.103047	0.075300	0.087015	0.589226	0.548546	0.568159	8
1.50	0.598297	0.538630	0.566897	0.104534	0.076167	0.088124	0.590517	0.547291	0.568083	8
1.50	0.600703	0.539163	0.568272	0.104501	0.076635	0.088425	0.592913	0.547332	0.569211	8
1.49	0.603550	0.537999	0.568892	0.103531	0.076540	0.088013	0.595322	0.546158	0.569681	8
1.47	0.606256	0.534262	0.567987	0.125528	0.075980	0.094662	0.597287	0.543283	0.569007	9
1.46	0.607602	0.529846	0.566066	0.125725	0.076107	0.094817	0.598287	0.539193	0.567205	9
1.44	0.610041	0.527177	0.565590	0.125828	0.076186	0.094907	0.600059	0.536764	0.566650	9
1.43	0.611007	0.523149	0.563675	0.126025	0.075852	0.094704	0.600308	0.533930	0.565177	9
1.42	0.611419	0.519169	0.561531	0.126486	0.075554	0.094600	0.601034	0.531096	0.563905	9
1.41	0.610903	0.515529	0.559179	0.126200	0.075538	0.094507	0.600386	0.528261	0.562019	9
1.41	0.609156	0.514025	0.557562	0.127642	0.077127	0.096153	0.598963	0.527654	0.561052	9
1.41	0.606510	0.511793	0.555140	0.127790	0.078071	0.096926	0.595673	0.526075	0.558715	9
1.41	0.603999	0.508735	0.552289	0.128505	0.079072	0.097903	0.592855	0.524132	0.556379	9
1.40	0.601491	0.505047	0.549066	0.128521	0.079327	0.098103	0.590794	0.521459	0.553966	9
1.40	0.601064	0.504513	0.548573	0.127609	0.079559	0.098012	0.590578	0.521095	0.553665	9
1.40	0.603445	0.506600	0.550798	0.149381	0.080193	0.104361	0.593601	0.522593	0.555839	10
1.40	0.605833	0.509075	0.553255	0.149780	0.081062	0.105193	0.596784	0.524941	0.558562	10
1.40	0.604393	0.507425	0.551681	0.149826	0.081027	0.105174	0.594680	0.524374	0.557319	10
1.41	0.602257	0.507619	0.550903	0.149583	0.080913	0.105019	0.592410	0.524901	0.556616	10
1.41	0.600023	0.507134	0.549682	0.149067	0.080495	0.104539	0.589346	0.525103	0.555373	10
1.42	0.596682	0.507959	0.548757	0.149427	0.080572	0.104693	0.584984	0.526237	0.554058	10
1.43	0.594484	0.509463	0.548700	0.148676	0.080555	0.104494	0.582119	0.527735	0.553594	10
1.43	0.593706	0.509949	0.548649	0.148329	0.080348	0.104234	0.580966	0.528099	0.553273	10
1.44	0.591990	0.509997	0.547943	0.127103	0.079973	0.098175	0.578942	0.528302	0.552464	9
1.44	0.590723	0.509852	0.547316	0.126552	0.079197	0.097425	0.576627	0.528261	0.551386	9
1.44	0.592697	0.511987	0.549393	0.126905	0.079265	0.097581	0.578082	0.529962	0.552977	9
1.44	0.592509	0.512084	0.549369	0.127228	0.079327	0.097723	0.577865	0.529962	0.552878	9
1.45	0.592545	0.514559	0.550805	0.127367	0.080029	0.098295	0.578109	0.532189	0.554199	9
1.45	0.594592	0.517519	0.553385	0.127668	0.080811	0.098974	0.581029	0.534618	0.556858	10
1.46	0.597425	0.522421	0.557411	0.128085	0.082118	0.100075	0.584831	0.538465	0.560691	10
1.47	0.603384	0.533049	0.566040	0.129016	0.084731	0.102286	0.593163	0.546886	0.569085	10
1.49	0.608447	0.542512	0.573591	0.150434	0.087366	0.110537	0.600198	0.554215	0.576291	11
1.49	0.613176	0.549258	0.579459	0.150867	0.089496	0.112347	0.606067	0.559640	0.581929	11
1.50	0.617171	0.553285	0.583485	0.150953	0.090799	0.113392	0.611009	0.562232	0.585606	11
1.49	0.619749	0.553431	0.584716	0.150995	0.091459	0.113917	0.613762	0.562272	0.586890	11
1.49	0.622846	0.554353	0.586607	0.150555	0.091855	0.114098	0.617464	0.562961	0.588954	11
1.49	0.624918	0.556925	0.588966	0.150349	0.092789	0.114756	0.620034	0.565309	0.591408	11
1.49	0.626322	0.560274	0.591460	0.150628	0.094123	0.115853	0.622000	0.568062	0.593809	11
1.50	0.627376	0.563865	0.593927	0.150827	0.095004	0.116577	0.623257	0.570977	0.595973	11
1.51	0.628951	0.569737	0.597881	0.151072	0.096617	0.117859	0.625362	0.575958	0.599644	11
1.52	0.630193	0.573522	0.600523	0.151054	0.097980	0.118861	0.626766	0.579278	0.602087	11
1.52	0.631431	0.575997	0.602441	0.150906	0.098808	0.119422	0.628241	0.581707	0.604079	11
1.52	0.633386	0.578181	0.604526	0.152332	0.099350	0.120264	0.630297	0.583610	0.606056	11
1.53	0.635597	0.581433	0.607309	0.152247	0.099612	0.120429	0.632549	0.586161	0.608472	11
1.54	0.637110	0.587547	0.611326	0.152229	0.099854	0.120601	0.635300	0.591020	0.612360	11
1.54	0.639061	0.589440	0.613249	0.152779	0.100500	0.121244	0.637578	0.592558	0.614244	11
1.54	0.640632	0.591915	0.615311	0.152950	0.101162	0.121778	0.639207	0.594380	0.615979	11
1.54	0.640730	0.593031	0.615958	0.153145	0.101171	0.121847	0.639030	0.595311	0.616397	11
1.54	0.641439	0.592691	0.616103	0.153415	0.101336	0.122052	0.638959	0.595595	0.616515	11
1.54	0.640857	0.590847	0.614837	0.153510	0.101680	0.122332	0.637354	0.594137	0.614987	11
1.53	0.639892	0.588033	0.612867	0.153817	0.102029	0.122681	0.635123	0.592234	0.612929	11
1.52	0.639675	0.583859	0.610494	0.154527	0.102989	0.123601	0.634325	0.589319	0.610994	11
1.51	0.637357	0.577599	0.606008	0.155487	0.102906	0.123846	0.630229	0.585999	0.607310	11
1.50	0.633382	0.570708	0.600414	0.156156	0.102450	0.123726	0.625084	0.581748	0.602638	11
1.50	0.632059	0.568135	0.598395	0.156053	0.101923	0.123309	0.623319	0.580452	0.601122	12
1.50	0.628675	0.564544	0.594886	0.155898	0.101133	0.122681	0.618433	0.578103	0.597589	12
1.50	0.627066	0.563283	0.593466	0.155876	0.100880	0.122488	0.616151	0.577739	0.596327	11
1.50	0.625689	0.562166	0.592229	0.156089	0.101280	0.122849	0.615138	0.577618	0.595787	11
1.50	0.624980	0.562166	0.591911	0.155791	0.101346	0.122804	0.614935	0.578023	0.595908	11
1.51	0.625208	0.565709	0.593972	0.155283	0.101858	0.123021	0.615557	0.580938	0.597747	11
1.51	0.625796	0.567456	0.595200	0.154121	0.102101	0.122830	0.616942	0.583124	0.599557	11
1.51	0.626110	0.568135	0.595715	0.154404	0.102810	0.123433	0.618049	0.584258	0.600678	11
1.52	0.627295	0.570368	0.597479	0.154347	0.103987	0.124258	0.620552	0.586566	0.603081	11
1.52	0.630414	0.574978	0.601421	0.154295	0.105550	0.125350	0.625283	0.590777	0.607540	11
1.53	0.634017	0.580511	0.606085	0.154260	0.107303	0.126566	0.630067	0.595352	0.612218	12
1.53	0.636508	0.584150	0.609206	0.154059	0.108552	0.127363	0.633543	0.598591	0.615571	12
1.53	0.637463	0.585800	0.610541	0.153815	0.109220	0.127737	0.635089	0.600494	0.617307	12
1.54	0.638928	0.589100	0.613003	0.153618	0.109717	0.128008	0.636803	0.603733	0.619827	12
1.54	0.641310	0.592012	0.615676	0.153626	0.110617	0.128622	0.639381	0.607458	0.623011	12
1.55	0.643430	0.596186	0.618907	0.153502	0.111149	0.128936	0.641721	0.611021	0.625995	12
1.55	0.645788	0.598903	0.621462	0.153685	0.111355	0.129140	0.643989	0.613653	0.628455	12
1.55	0.648524	0.601378	0.624062	0.153920	0.111163	0.129094	0.646279	0.616163	0.630862	12
1.55	0.650021	0.604533	0.626452	0.154015	0.110938	0.128975	0.647455	0.618917	0.632864	12
1.56	0.650877	0.606814	0.628073	0.153840	0.110983	0.128944	0.647747	0.620941	0.634061	12
1.56	0.653244	0.609337	0.630527	0.153927	0.110785	0.128841	0.650566	0.622803	0.636382	12
1.56	0.654512	0.613219	0.633193	0.154004	0.110309	0.128545	0.651983	0.625921	0.638686	12
1.57	0.654884	0.615889	0.634788	0.153925	0.109630	0.128055	0.652444	0.627298	0.639624	12
1.58	0.655231	0.620984	0.637648	0.154594	0.109063	0.127897	0.653065	0.630820	0.641750	12
1.59	0.655009	0.623508	0.638870	0.154654	0.107849	0.127079	0.653239	0.632359	0.642629	12
1.59	0.655775	0.624333	0.639668	0.154639	0.106876	0.126395	0.653555	0.633047	0.643138	12
1.59	0.655499	0.625692	0.640248	0.154947	0.106179	0.126009	0.653420	0.633897	0.643511	12
1.60	0.653893	0.625206	0.639228	0.154748	0.105021	0.125125	0.651400	0.633452	0.642300	12

Tue Sep  7 18:40:55 2021
26.83	0.032432	0.537037	0.061171	0.029807	0.259261	0.053467	0.032818	0.472500	0.061374	46
23.93	0.039564	0.567311	0.073969	0.031772	0.410534	0.058979	0.040408	0.500202	0.074775	47
20.80	0.041918	0.522615	0.077611	0.032062	0.370175	0.059012	0.042887	0.460321	0.078463	47
17.71	0.044427	0.471562	0.081203	0.032521	0.333504	0.059262	0.045407	0.416107	0.081879	47
14.64	0.046747	0.410269	0.083931	0.032917	0.282151	0.058957	0.047587	0.362742	0.084136	47
11.77	0.049234	0.347326	0.086242	0.034621	0.233327	0.060295	0.049750	0.308689	0.085690	46
9.24	0.051300	0.284092	0.086907	0.036308	0.196086	0.061270	0.051476	0.254150	0.085612	46
7.13	0.054694	0.233718	0.088643	0.039346	0.162922	0.063384	0.054237	0.210260	0.086231	46
5.43	0.058670	0.190867	0.089751	0.045022	0.126945	0.066470	0.056641	0.172969	0.085337	45
4.09	0.064155	0.157333	0.091144	0.053276	0.093783	0.067950	0.060934	0.143736	0.085586	45
3.06	0.070611	0.129331	0.091348	0.059956	0.058891	0.059419	0.065006	0.119686	0.084252	44
2.29	0.078965	0.108269	0.091324	0.065003	0.045071	0.053232	0.075084	0.101871	0.086450	41
1.76	0.088804	0.093614	0.091145	0.054076	0.030259	0.038805	0.087742	0.090655	0.089175	37
1.40	0.099492	0.083568	0.090837	0.053298	0.021264	0.030399	0.099958	0.084663	0.091677	37
1.20	0.110443	0.079346	0.092347	0.051841	0.019330	0.028159	0.110825	0.083893	0.095497	36
1.09	0.125409	0.081918	0.099102	0.053493	0.019162	0.028216	0.126599	0.088914	0.104462	35
1.04	0.140111	0.087013	0.107356	0.053387	0.018521	0.027501	0.139870	0.096809	0.114422	31
1.02	0.156594	0.095312	0.118499	0.054206	0.018861	0.027984	0.156538	0.107094	0.127179	31
1.01	0.172322	0.103999	0.129714	0.054176	0.019353	0.028518	0.172328	0.117985	0.140071	30
1.00	0.190622	0.114627	0.143165	0.054309	0.020212	0.029461	0.190724	0.129687	0.154392	28
1.00	0.213442	0.128069	0.160085	0.053207	0.019984	0.029055	0.213526	0.144263	0.172190	28
1.00	0.237579	0.142483	0.178134	0.054084	0.020318	0.029539	0.237658	0.159770	0.191082	28
1.00	0.260845	0.156411	0.195559	0.057344	0.021580	0.031359	0.260912	0.175844	0.210094	28
1.00	0.285090	0.170921	0.213714	0.058006	0.022360	0.032277	0.285124	0.192728	0.229994	28
1.00	0.307836	0.184558	0.230765	0.038351	0.023730	0.029319	0.307879	0.209896	0.249616	28
1.00	0.327343	0.196254	0.245388	0.042085	0.024626	0.031071	0.327395	0.224674	0.266478	27
1.00	0.348175	0.208726	0.260991	0.043242	0.025656	0.032205	0.348206	0.239493	0.283795	27
1.00	0.362584	0.217364	0.271792	0.050145	0.026131	0.034358	0.362620	0.250344	0.296200	23
1.00	0.372541	0.223333	0.279256	0.059013	0.026478	0.036555	0.372581	0.259373	0.305837	18
1.00	0.381608	0.228768	0.286052	0.038647	0.026632	0.031534	0.381650	0.266580	0.313902	16
1.00	0.387355	0.232214	0.290361	0.039931	0.027035	0.032242	0.387400	0.273099	0.320359	12
1.00	0.393912	0.236145	0.295276	0.041192	0.027269	0.032815	0.393959	0.278808	0.326529	12
1.00	0.397474	0.238280	0.297946	0.042103	0.027229	0.033070	0.397522	0.282047	0.329974	12
1.00	0.401570	0.240755	0.301032	0.042101	0.027201	0.033050	0.401652	0.284760	0.333253	9
1.00	0.404889	0.242745	0.303519	0.043474	0.027712	0.033848	0.404972	0.287756	0.336447	8
1.00	0.412822	0.247501	0.309466	0.045367	0.028522	0.035024	0.412908	0.292169	0.342201	7
1.00	0.424883	0.254732	0.318507	0.043150	0.029297	0.034899	0.424974	0.298081	0.350393	6
1.00	0.431196	0.258517	0.323240	0.042944	0.029683	0.035103	0.431290	0.300996	0.354552	5
1.00	0.435810	0.261283	0.326699	0.043264	0.029753	0.035258	0.435906	0.303182	0.357627	5
1.00	0.443770	0.266185	0.332767	0.043512	0.029913	0.035453	0.443599	0.306017	0.362182	5
1.00	0.449118	0.269436	0.336811	0.043515	0.029898	0.035444	0.448862	0.306138	0.364010	5
1.00	0.453222	0.272008	0.339975	0.044615	0.029811	0.035741	0.452871	0.307312	0.366156	4
1.00	0.455420	0.273416	0.341693	0.045000	0.029530	0.035659	0.455017	0.307191	0.366769	4
1.00	0.460003	0.276279	0.345219	0.045941	0.029466	0.035904	0.459673	0.308446	0.369173	4
1.00	0.463570	0.278511	0.347966	0.046267	0.029468	0.036004	0.463236	0.309782	0.371278	4
1.00	0.466946	0.280743	0.350659	0.046470	0.029628	0.036185	0.466677	0.311726	0.373779	4
1.00	0.470986	0.283607	0.354032	0.046852	0.029627	0.036300	0.470807	0.312616	0.375741	4
1.01	0.475620	0.286858	0.357874	0.047461	0.029892	0.036681	0.475464	0.315127	0.379036	4
1.01	0.481026	0.290352	0.362123	0.047681	0.030172	0.036958	0.480889	0.316989	0.382105	4
1.01	0.482739	0.291808	0.363741	0.048040	0.030327	0.037182	0.482509	0.318690	0.383851	4
1.01	0.487284	0.294769	0.367331	0.048778	0.030841	0.037789	0.486720	0.321888	0.387504	4
1.01	0.493865	0.298845	0.372366	0.048953	0.031673	0.038461	0.493319	0.326059	0.392618	4
1.01	0.501763	0.303844	0.378491	0.049499	0.032619	0.039324	0.501012	0.330634	0.398371	4
1.01	0.513912	0.311026	0.387520	0.049945	0.034153	0.040566	0.512997	0.337477	0.407125	4
1.01	0.520058	0.314569	0.392017	0.050612	0.035325	0.041609	0.518665	0.342457	0.412533	4
1.01	0.519894	0.314520	0.391933	0.051031	0.036228	0.042374	0.518220	0.345251	0.414411	4
1.01	0.515198	0.311754	0.388451	0.050987	0.036762	0.042722	0.513523	0.346384	0.413711	4
1.01	0.512354	0.309958	0.386248	0.051185	0.037362	0.043195	0.510892	0.348206	0.414145	4
1.01	0.511587	0.309619	0.385767	0.051396	0.037704	0.043498	0.510122	0.349461	0.414778	4
1.01	0.513275	0.310541	0.386962	0.051653	0.038202	0.043921	0.511863	0.351243	0.416608	5
1.01	0.512921	0.310152	0.386560	0.051930	0.038566	0.044261	0.511296	0.351810	0.416818	5
1.01	0.509982	0.308697	0.384594	0.052142	0.038536	0.044318	0.508057	0.351445	0.415483	5
1.01	0.512482	0.310832	0.386962	0.052177	0.038899	0.044570	0.510527	0.353875	0.418006	5
1.01	0.510671	0.310055	0.385844	0.052247	0.038997	0.044660	0.508786	0.354158	0.417619	5
1.01	0.507628	0.308405	0.383698	0.052550	0.038996	0.044769	0.505507	0.354118	0.416482	5
1.01	0.507188	0.308163	0.383385	0.052486	0.039303	0.044948	0.505021	0.354806	0.416792	5
1.01	0.515147	0.312773	0.389226	0.052479	0.040597	0.045780	0.513038	0.359543	0.422790	5
1.01	0.521656	0.316219	0.393752	0.074079	0.041703	0.053364	0.519880	0.364038	0.428221	6
1.01	0.525629	0.318499	0.396652	0.074115	0.042297	0.053858	0.523929	0.366588	0.431359	6
1.01	0.526990	0.319324	0.397679	0.074119	0.042647	0.054142	0.525306	0.367763	0.432638	6
1.01	0.525186	0.318257	0.396338	0.074073	0.042645	0.054128	0.523322	0.367074	0.431489	6
1.01	0.524542	0.317917	0.395891	0.074234	0.042775	0.054276	0.522755	0.367682	0.431715	6
1.01	0.525578	0.318597	0.396713	0.074311	0.042984	0.054464	0.523727	0.368694	0.432744	6
1.01	0.528258	0.320247	0.398755	0.074471	0.043262	0.054730	0.526318	0.370192	0.434660	6
1.01	0.529454	0.321023	0.399698	0.074379	0.043432	0.054840	0.527573	0.371285	0.435842	6
1.01	0.531855	0.322479	0.401511	0.074282	0.043574	0.054927	0.529921	0.372257	0.437312	6
1.01	0.532123	0.322770	0.401812	0.074350	0.043471	0.054864	0.530083	0.372459	0.437507	6
1.01	0.535354	0.324808	0.404313	0.074500	0.043527	0.054950	0.533242	0.373795	0.439504	6
1.01	0.534229	0.324177	0.403503	0.074711	0.043414	0.054916	0.532148	0.373836	0.439160	6
1.01	0.538966	0.327235	0.407223	0.074995	0.043575	0.055122	0.536805	0.376063	0.442282	6
1.01	0.543676	0.330438	0.411047	0.075399	0.043545	0.055207	0.541461	0.377642	0.444952	6
1.02	0.551903	0.336455	0.418054	0.075313	0.043792	0.055382	0.549154	0.380922	0.449823	6
1.02	0.559502	0.342473	0.424877	0.075372	0.043924	0.055503	0.556307	0.383553	0.454053	6
1.03	0.572836	0.352664	0.436561	0.097345	0.044260	0.060853	0.568535	0.389991	0.462634	7
1.03	0.586255	0.363486	0.448745	0.076650	0.044787	0.056539	0.580803	0.397360	0.471880	6
1.04	0.595212	0.371639	0.457576	0.076900	0.045366	0.057067	0.588941	0.403110	0.478620	6
1.05	0.601421	0.377851	0.464115	0.076921	0.045703	0.057338	0.595014	0.406268	0.482851	6
1.05	0.606526	0.383383	0.469805	0.071949	0.046144	0.056228	0.599860	0.410276	0.487277	6
1.06	0.608456	0.385519	0.471986	0.071888	0.046473	0.056452	0.601965	0.412179	0.489314	7
1.06	0.610792	0.387266	0.473998	0.068837	0.046880	0.055775	0.605137	0.414123	0.491731	7
1.07	0.612513	0.391003	0.477310	0.068917	0.047282	0.056086	0.607431	0.417119	0.494599	7
1.07	0.612935	0.393235	0.479099	0.070420	0.047655	0.056843	0.608389	0.419427	0.496538	7
1.07	0.613917	0.395176	0.480839	0.071261	0.048048	0.057396	0.610225	0.421694	0.498737	7
1.07	0.616260	0.396923	0.482850	0.072338	0.048491	0.058061	0.613235	0.423638	0.501102	8
1.07	0.619557	0.399107	0.485478	0.080033	0.048926	0.060728	0.617000	0.425905	0.503945	8
1.08	0.620503	0.400078	0.486486	0.077809	0.049068	0.060183	0.618323	0.427039	0.505180	8
1.08	0.623770	0.402941	0.489607	0.082251	0.049578	0.061866	0.621535	0.429589	0.508037	8
1.08	0.626383	0.406484	0.493025	0.086462	0.050240	0.063552	0.623816	0.432545	0.510864	8
1.09	0.629451	0.410948	0.497255	0.087733	0.051106	0.064589	0.626124	0.436027	0.514064	8
1.10	0.630560	0.414151	0.499941	0.088280	0.052003	0.065450	0.626839	0.438699	0.516160	8
1.10	0.629703	0.414200	0.499707	0.105825	0.052429	0.070119	0.625152	0.439347	0.516034	9
1.10	0.628935	0.414976	0.500029	0.108039	0.052869	0.070996	0.623046	0.440643	0.516205	9
1.10	0.626103	0.413229	0.497866	0.105970	0.053231	0.070865	0.619753	0.440036	0.514656	9
1.10	0.623462	0.410609	0.495128	0.105693	0.053443	0.070990	0.616528	0.438780	0.512685	9
1.09	0.625796	0.410172	0.495544	0.101557	0.053833	0.070367	0.618296	0.438821	0.513323	9
1.09	0.625651	0.408134	0.494008	0.106399	0.054266	0.071874	0.617499	0.437444	0.512106	9
1.08	0.625075	0.406241	0.492441	0.098185	0.054399	0.070010	0.616892	0.436513	0.511259	9
1.08	0.623340	0.403086	0.489582	0.099085	0.054485	0.070308	0.615192	0.434367	0.509203	9
1.07	0.620106	0.398136	0.484927	0.100970	0.054476	0.070769	0.612276	0.431128	0.505977	9
1.07	0.620880	0.397700	0.484840	0.105595	0.054681	0.072051	0.613518	0.430723	0.506121	9
1.07	0.619358	0.396244	0.483293	0.106622	0.054890	0.072471	0.612438	0.429913	0.505195	9
1.07	0.617955	0.395856	0.482577	0.107236	0.055074	0.072773	0.611588	0.430278	0.505157	9
1.07	0.615385	0.395613	0.481612	0.107895	0.055287	0.073111	0.609253	0.430804	0.504720	9
1.08	0.612867	0.396195	0.481269	0.107593	0.055753	0.073447	0.606473	0.432545	0.504952	8
1.09	0.612082	0.399253	0.483273	0.094306	0.056557	0.070708	0.605218	0.436392	0.507123	8
1.10	0.611410	0.402019	0.485083	0.094394	0.056909	0.071008	0.604975	0.439185	0.508918	8
1.11	0.613321	0.409347	0.490992	0.095732	0.057765	0.072053	0.606689	0.444732	0.513237	7
1.13	0.617668	0.418034	0.498611	0.096187	0.058713	0.072917	0.610279	0.451211	0.518826	7
1.15	0.623025	0.428613	0.507849	0.095954	0.059590	0.073521	0.615327	0.459308	0.525992	7
1.16	0.624748	0.435892	0.513507	0.138236	0.060105	0.083782	0.616568	0.464855	0.530070	9
1.17	0.625311	0.439775	0.516383	0.116314	0.060245	0.079377	0.616096	0.467811	0.531810	8
1.18	0.624393	0.443220	0.518434	0.115754	0.060555	0.079513	0.613842	0.471617	0.533412	8
1.19	0.625399	0.446909	0.521299	0.115668	0.060914	0.079802	0.613896	0.474694	0.535395	8
1.20	0.628080	0.451568	0.525394	0.115272	0.061436	0.080153	0.615893	0.478298	0.538444	8
1.22	0.634262	0.461953	0.534565	0.116210	0.062544	0.081321	0.619848	0.486234	0.544971	8
1.24	0.637942	0.472435	0.542854	0.116139	0.063914	0.082453	0.621144	0.494696	0.550755	8
1.26	0.641881	0.483451	0.551514	0.117550	0.065312	0.083970	0.623303	0.503685	0.557146	8
1.28	0.643256	0.491604	0.557298	0.116149	0.066558	0.084623	0.623580	0.510163	0.561198	8
1.30	0.644555	0.501262	0.563949	0.140733	0.068287	0.091956	0.623343	0.517977	0.565797	9
1.32	0.648190	0.511890	0.572033	0.140521	0.069950	0.093404	0.625759	0.525792	0.571436	9
1.35	0.650099	0.525575	0.581242	0.140365	0.071846	0.095043	0.626684	0.535468	0.577496	9
1.38	0.649156	0.535524	0.586890	0.115439	0.072862	0.089337	0.625975	0.542595	0.581310	8
1.39	0.650076	0.541930	0.591097	0.116447	0.073752	0.090307	0.627446	0.547453	0.584727	8
1.41	0.649494	0.548190	0.594558	0.117494	0.074718	0.091346	0.627001	0.552190	0.587223	8
1.42	0.649124	0.553674	0.597611	0.118183	0.075478	0.092122	0.626765	0.556523	0.589559	8
1.43	0.649592	0.555712	0.598996	0.118484	0.075761	0.092424	0.627291	0.557818	0.590518	8
1.42	0.650342	0.554208	0.598438	0.118672	0.075688	0.092427	0.627460	0.556118	0.589639	8
1.41	0.652736	0.551053	0.597600	0.118935	0.075449	0.092328	0.629039	0.552474	0.588276	8
1.40	0.656554	0.550325	0.598764	0.119283	0.075537	0.092499	0.632507	0.550652	0.588748	8
1.39	0.661425	0.549112	0.600058	0.119641	0.075502	0.092579	0.637386	0.548749	0.589756	8
1.37	0.666411	0.547462	0.601108	0.119713	0.075552	0.092639	0.642717	0.546643	0.590800	8
1.35	0.671114	0.544356	0.601125	0.119956	0.075386	0.092586	0.647792	0.543445	0.591048	9
1.34	0.676338	0.544162	0.603093	0.120359	0.075169	0.092542	0.653380	0.542271	0.592663	9
1.33	0.679946	0.540037	0.601969	0.141882	0.074569	0.097759	0.657597	0.538343	0.592024	10
1.31	0.682623	0.534941	0.599826	0.142080	0.074340	0.097608	0.659966	0.533485	0.590023	10
1.30	0.684792	0.532321	0.599006	0.163538	0.074129	0.102016	0.662705	0.531015	0.589596	11
1.29	0.685145	0.530234	0.597817	0.157610	0.073976	0.100691	0.663596	0.528950	0.588672	11
1.28	0.685204	0.526788	0.595643	0.156512	0.073629	0.100146	0.664285	0.526196	0.587232	11
1.28	0.685000	0.525235	0.594572	0.157486	0.073482	0.100207	0.664953	0.525022	0.586760	11
1.28	0.684463	0.526352	0.595084	0.156914	0.073779	0.100367	0.665067	0.525994	0.587411	11
1.28	0.684334	0.525721	0.594632	0.158677	0.073778	0.100724	0.665830	0.525670	0.587506	11
1.28	0.684354	0.523877	0.593458	0.159330	0.073853	0.100925	0.665992	0.525063	0.587190	11
1.27	0.683677	0.520771	0.591207	0.163621	0.074746	0.102615	0.665884	0.523686	0.586286	11
1.27	0.681853	0.519315	0.589587	0.164058	0.075015	0.102955	0.664426	0.523565	0.585644	11
1.28	0.680170	0.520674	0.589830	0.162590	0.075238	0.102872	0.662942	0.525711	0.586404	11
1.29	0.679287	0.525041	0.592286	0.164696	0.076051	0.104053	0.661740	0.529598	0.588340	11
1.30	0.676636	0.527031	0.592536	0.166476	0.076628	0.104949	0.659264	0.531703	0.588652	11
1.31	0.674730	0.530622	0.594062	0.166140	0.077716	0.105896	0.657671	0.534821	0.589918	11
1.33	0.668983	0.532660	0.593089	0.165271	0.078403	0.106353	0.653602	0.536643	0.589376	11
1.34	0.664071	0.533971	0.591957	0.165592	0.078845	0.106826	0.649904	0.538060	0.588717	11
1.36	0.659724	0.536494	0.591762	0.166721	0.079413	0.107582	0.646618	0.540246	0.588665	11
1.37	0.654623	0.538096	0.590667	0.167293	0.080251	0.108469	0.642164	0.542271	0.588005	11
1.38	0.652678	0.541153	0.591706	0.169693	0.082010	0.110579	0.639883	0.544862	0.588562	11
1.39	0.650501	0.542221	0.591446	0.168588	0.083218	0.111431	0.638007	0.546846	0.588920	11
1.39	0.647630	0.540959	0.589508	0.168361	0.083940	0.112027	0.633952	0.546320	0.586882	11
1.39	0.643539	0.536543	0.585190	0.169118	0.084586	0.112769	0.628526	0.544012	0.583223	12
1.38	0.640863	0.530331	0.580381	0.168189	0.085170	0.113078	0.624248	0.540125	0.579147	12
1.37	0.639647	0.524265	0.576237	0.168922	0.086081	0.114046	0.621400	0.535711	0.575383	12
1.35	0.639241	0.518441	0.572539	0.169564	0.086841	0.114858	0.619882	0.531662	0.572393	12
1.35	0.639189	0.517034	0.571658	0.169619	0.087585	0.115520	0.619261	0.531298	0.571917	12
1.35	0.638683	0.515044	0.570239	0.169696	0.087676	0.115617	0.618599	0.530367	0.571095	12
1.34	0.636561	0.511016	0.566921	0.169950	0.088115	0.116057	0.616798	0.528140	0.569036	12
1.33	0.635800	0.507813	0.564645	0.169203	0.088102	0.115871	0.616217	0.525873	0.567472	12
1.33	0.637569	0.508638	0.565852	0.169028	0.088316	0.116015	0.619065	0.526682	0.569149	13
1.33	0.639686	0.510482	0.567827	0.168925	0.088389	0.116053	0.621926	0.528383	0.571351	13
1.34	0.642874	0.514462	0.571544	0.169311	0.088073	0.115871	0.626259	0.531703	0.575120	13
1.34	0.642322	0.515578	0.572013	0.168581	0.087312	0.115042	0.627183	0.532432	0.575936	13
1.34	0.642012	0.516015	0.572159	0.168944	0.086884	0.114754	0.628242	0.532675	0.576525	13
1.34	0.644029	0.518199	0.574302	0.170047	0.086406	0.114587	0.632507	0.534659	0.579482	13
1.34	0.648049	0.519169	0.576494	0.181438	0.086648	0.117286	0.639040	0.534983	0.582400	13
1.34	0.652390	0.522615	0.580336	0.193978	0.086609	0.119751	0.644917	0.536967	0.586012	13
1.34	0.656508	0.527953	0.585254	0.194300	0.086864	0.120056	0.649972	0.540246	0.590051	13
1.35	0.661487	0.537125	0.592854	0.173298	0.086534	0.115430	0.654749	0.546279	0.595616	12
1.37	0.665028	0.544938	0.599024	0.174716	0.087048	0.116201	0.658353	0.551097	0.599969	12
1.37	0.667531	0.549549	0.602821	0.174960	0.087023	0.116233	0.659966	0.553162	0.601862	12
1.38	0.670895	0.554402	0.607111	0.175217	0.087184	0.116433	0.662112	0.555227	0.603977	12
1.38	0.674846	0.559206	0.611608	0.196864	0.088670	0.122268	0.664696	0.558061	0.606729	13

Tue Sep  7 20:10:29 2021
24.35	0.034702	0.521605	0.065075	0.036070	0.286285	0.064068	0.034584	0.525000	0.064894	47
21.27	0.044207	0.563428	0.081981	0.031577	0.347687	0.057897	0.044298	0.571706	0.082225	47
18.33	0.045081	0.495293	0.082639	0.031987	0.307878	0.057952	0.045259	0.507895	0.083112	47
15.39	0.045378	0.418567	0.081879	0.032729	0.246570	0.057787	0.045414	0.439185	0.082316	47
12.55	0.045725	0.343929	0.080718	0.034130	0.195618	0.058119	0.045316	0.371731	0.080783	47
9.96	0.047143	0.281277	0.080752	0.035681	0.157066	0.058152	0.046034	0.314843	0.080324	46
7.65	0.049869	0.228574	0.081875	0.034434	0.118883	0.053401	0.048097	0.266337	0.081480	45
5.75	0.053003	0.182714	0.082169	0.036386	0.099896	0.053343	0.050183	0.223176	0.081940	45
4.24	0.058259	0.147918	0.083594	0.040339	0.075223	0.052516	0.055206	0.191392	0.085694	44
3.13	0.068458	0.128555	0.089341	0.038848	0.058019	0.046536	0.066510	0.174994	0.096386	43
2.35	0.082433	0.116228	0.096456	0.030101	0.040987	0.034710	0.080591	0.163697	0.108008	39
1.83	0.098743	0.108269	0.103287	0.029014	0.034309	0.031440	0.098816	0.157057	0.121308	38
1.48	0.117824	0.104387	0.110699	0.026865	0.028142	0.027489	0.119576	0.155438	0.135169	33
1.28	0.136439	0.104484	0.118342	0.026692	0.023714	0.025115	0.140292	0.159891	0.149452	33
1.15	0.157303	0.108561	0.128464	0.027959	0.020443	0.023618	0.160364	0.169163	0.164646	31
1.08	0.175762	0.113317	0.137795	0.027409	0.019041	0.022471	0.177538	0.178881	0.178207	30
1.04	0.191993	0.119625	0.147406	0.026987	0.018551	0.021988	0.193275	0.189651	0.191446	29
1.02	0.203460	0.124430	0.154421	0.027632	0.018846	0.022408	0.203930	0.196980	0.200395	30
1.01	0.211985	0.128409	0.159937	0.027967	0.019288	0.022830	0.212082	0.201757	0.206791	28
1.01	0.221829	0.133845	0.166954	0.027789	0.019947	0.023224	0.221516	0.209045	0.215100	27
1.00	0.228790	0.137678	0.171908	0.048688	0.020006	0.028359	0.228359	0.212649	0.220224	28
1.00	0.237522	0.142725	0.178307	0.047924	0.019978	0.028200	0.237064	0.216657	0.226402	25
1.00	0.246707	0.148161	0.185137	0.048400	0.020321	0.028624	0.246295	0.220544	0.232709	22
1.00	0.255944	0.153596	0.191981	0.048626	0.020633	0.028973	0.255689	0.224229	0.238928	22
1.00	0.262234	0.157333	0.196670	0.049148	0.020849	0.029278	0.262005	0.226456	0.242937	22
1.00	0.270852	0.162477	0.203112	0.028929	0.021116	0.024413	0.270670	0.230343	0.248883	19
1.00	0.276523	0.165825	0.207323	0.029114	0.021304	0.024604	0.276419	0.232448	0.252534	18
1.00	0.280359	0.168058	0.210146	0.030473	0.021514	0.025221	0.280306	0.234715	0.255493	18
1.00	0.282857	0.169514	0.211986	0.030295	0.021726	0.025304	0.282857	0.236983	0.257896	17
1.00	0.284072	0.170242	0.212896	0.030750	0.021959	0.025621	0.284072	0.239655	0.259980	16
1.00	0.286501	0.171698	0.214717	0.030701	0.022182	0.025756	0.286501	0.242003	0.262379	14
1.00	0.289983	0.173784	0.217327	0.031340	0.022386	0.026117	0.289983	0.244028	0.265028	12
1.00	0.297676	0.178395	0.223092	0.031256	0.022634	0.026255	0.297676	0.246619	0.269753	11
1.00	0.305612	0.183151	0.229040	0.032206	0.022926	0.026785	0.305612	0.249737	0.274863	9
1.00	0.313684	0.188003	0.235101	0.035125	0.023254	0.027983	0.313669	0.252854	0.279998	8
1.00	0.319838	0.191692	0.239714	0.035919	0.023504	0.028415	0.319823	0.255527	0.284082	5
1.00	0.322429	0.193245	0.241656	0.036669	0.023667	0.028767	0.322415	0.257146	0.286105	4
1.00	0.324508	0.194506	0.243226	0.036937	0.023838	0.028976	0.324480	0.258887	0.287996	4
1.00	0.328746	0.197079	0.246427	0.037468	0.024040	0.029288	0.328691	0.260750	0.290805	4
1.00	0.335599	0.201252	0.251615	0.038810	0.024340	0.029917	0.335493	0.263787	0.295350	4
1.00	0.344660	0.206736	0.258448	0.040366	0.024723	0.030665	0.344522	0.267188	0.300966	4
1.00	0.353231	0.211929	0.264916	0.041949	0.025020	0.031345	0.353065	0.269496	0.305671	4
1.00	0.365416	0.219257	0.274067	0.043059	0.025443	0.031986	0.365252	0.272775	0.312312	4
1.00	0.380702	0.228429	0.285532	0.043492	0.026252	0.032741	0.380557	0.278201	0.321427	4
1.00	0.397218	0.238377	0.297950	0.044787	0.026984	0.033677	0.397077	0.283019	0.330484	4
1.00	0.416296	0.249927	0.312339	0.046162	0.027701	0.034624	0.416188	0.287230	0.339888	4
1.00	0.437990	0.263079	0.328715	0.046764	0.028512	0.035425	0.437606	0.290428	0.349141	4
1.00	0.462831	0.277977	0.347341	0.046888	0.029779	0.036424	0.462467	0.295773	0.360797	4
1.00	0.473884	0.284868	0.355833	0.047173	0.030266	0.036874	0.473399	0.296097	0.364321	4
1.00	0.480813	0.289430	0.361345	0.046614	0.030433	0.036824	0.480322	0.294113	0.364831	4
1.01	0.485431	0.292682	0.365183	0.046463	0.030610	0.036906	0.484371	0.292007	0.364358	4
1.01	0.493097	0.298117	0.371582	0.046815	0.031459	0.037630	0.491430	0.295975	0.369444	4
1.01	0.494640	0.300058	0.373527	0.046624	0.032031	0.037974	0.493009	0.299538	0.372659	4
1.02	0.497887	0.302970	0.376708	0.047218	0.032828	0.038730	0.495965	0.305207	0.377876	4
1.02	0.501513	0.305639	0.379809	0.068999	0.033804	0.045377	0.499136	0.311321	0.383466	5
1.02	0.503063	0.306852	0.381191	0.069319	0.034587	0.046148	0.500189	0.316827	0.387932	5
1.02	0.503343	0.306852	0.381271	0.069878	0.035673	0.047233	0.500202	0.323751	0.393083	5
1.02	0.499561	0.303892	0.377900	0.070038	0.036333	0.047846	0.496815	0.327881	0.395045	5
1.01	0.495765	0.301077	0.374638	0.061512	0.037050	0.046246	0.493063	0.331201	0.396239	6
1.01	0.486655	0.294671	0.367077	0.061479	0.037269	0.046406	0.484452	0.330837	0.393172	6
1.01	0.482144	0.291566	0.363383	0.058201	0.038018	0.045993	0.480376	0.333306	0.393550	6
1.01	0.479666	0.289624	0.361172	0.055966	0.038768	0.045806	0.478311	0.335007	0.394034	6
1.01	0.473219	0.285548	0.356174	0.055036	0.038915	0.045592	0.471887	0.333630	0.390894	6
1.01	0.465685	0.280889	0.350416	0.054413	0.038897	0.045365	0.464612	0.331849	0.387165	6
1.01	0.460337	0.277395	0.346183	0.053285	0.039140	0.045130	0.459538	0.330756	0.384654	6
1.01	0.456588	0.275114	0.343347	0.053501	0.039454	0.045416	0.455813	0.330270	0.383016	6
1.01	0.446315	0.268902	0.335605	0.054480	0.039500	0.045796	0.445596	0.327597	0.377593	6
1.00	0.442824	0.266670	0.332879	0.053642	0.039424	0.045447	0.442249	0.327800	0.376519	6
1.00	0.441739	0.265845	0.331930	0.053181	0.039676	0.045446	0.441304	0.327557	0.376016	6
1.00	0.438800	0.264098	0.329738	0.053574	0.039683	0.045594	0.438349	0.327152	0.374674	6
1.00	0.436290	0.262545	0.327819	0.053789	0.039737	0.045707	0.435838	0.326545	0.373357	6
1.00	0.434793	0.261623	0.326678	0.053747	0.039610	0.045608	0.434340	0.326221	0.372595	6
1.00	0.435937	0.262205	0.327455	0.053560	0.039700	0.045600	0.435501	0.326666	0.373313	6
1.00	0.437445	0.263176	0.328637	0.053268	0.039694	0.045490	0.436958	0.327678	0.374509	6
1.00	0.449113	0.270261	0.337454	0.075153	0.040624	0.052739	0.448660	0.332901	0.382208	7
1.00	0.453893	0.273270	0.341149	0.075343	0.040695	0.052846	0.453397	0.335290	0.385500	7
1.00	0.458649	0.276133	0.344723	0.075503	0.040802	0.052976	0.458175	0.337558	0.388725	7
1.00	0.467602	0.281568	0.351487	0.075714	0.041245	0.053400	0.467082	0.341526	0.394556	8
1.01	0.474688	0.286227	0.357119	0.075927	0.041004	0.053251	0.474141	0.345251	0.399559	8
1.01	0.479415	0.289333	0.360874	0.076532	0.040868	0.053283	0.478919	0.347235	0.402582	7
1.01	0.486230	0.293895	0.366353	0.077242	0.040815	0.053409	0.485613	0.350069	0.406848	7
1.01	0.493661	0.298554	0.372082	0.077933	0.040987	0.053720	0.493103	0.353146	0.411551	7
1.01	0.500040	0.302679	0.377097	0.079551	0.041232	0.054313	0.499541	0.356021	0.415743	7
1.01	0.503205	0.304766	0.379617	0.079058	0.041046	0.054037	0.502699	0.357519	0.417858	7
1.01	0.509168	0.308599	0.384288	0.078762	0.041062	0.053981	0.508611	0.359867	0.421501	7
1.01	0.514863	0.312676	0.389070	0.084532	0.041357	0.055541	0.513942	0.362944	0.425442	7
1.01	0.515442	0.313452	0.389836	0.084934	0.041423	0.055687	0.514360	0.363511	0.425975	7
1.02	0.518088	0.315539	0.392207	0.079245	0.041436	0.054418	0.516708	0.364928	0.427753	7
1.02	0.522438	0.318645	0.395852	0.079175	0.041559	0.054507	0.520838	0.367601	0.431004	7
1.02	0.531007	0.324129	0.402543	0.079819	0.042154	0.055171	0.529463	0.371569	0.436681	7
1.02	0.538675	0.330195	0.409423	0.081762	0.042308	0.055762	0.536724	0.375739	0.442030	7
1.03	0.547177	0.336310	0.416579	0.083457	0.042712	0.056505	0.545145	0.379383	0.447404	7
1.03	0.558202	0.344657	0.426175	0.084364	0.043247	0.057182	0.555551	0.384768	0.454651	8
1.04	0.562739	0.349316	0.431057	0.086120	0.043638	0.057925	0.559519	0.387359	0.457788	8
1.04	0.569855	0.356498	0.438606	0.086313	0.044277	0.058529	0.566240	0.392218	0.463431	6
1.05	0.574298	0.362176	0.444213	0.086403	0.044762	0.058972	0.570060	0.396064	0.467394	6
1.06	0.578939	0.368194	0.450120	0.086498	0.045222	0.059393	0.574041	0.400032	0.471494	6
1.07	0.582520	0.373581	0.455220	0.085286	0.045672	0.059487	0.577240	0.403514	0.474991	6
1.08	0.586976	0.380569	0.461756	0.088023	0.046318	0.060697	0.580911	0.408414	0.479624	6
1.09	0.591600	0.385519	0.466827	0.092912	0.046930	0.062362	0.585257	0.412260	0.483757	7
1.09	0.595756	0.389644	0.471144	0.092862	0.047407	0.062769	0.589305	0.414770	0.486869	7
1.09	0.599141	0.392556	0.474331	0.092796	0.047798	0.063096	0.592788	0.416592	0.489312	7
1.10	0.600634	0.395370	0.476851	0.098017	0.048239	0.064657	0.594286	0.418941	0.491441	7
1.10	0.604128	0.397700	0.479646	0.098015	0.048609	0.064988	0.597511	0.420763	0.493797	7
1.10	0.606374	0.400709	0.482541	0.093657	0.048816	0.064180	0.599752	0.422625	0.495845	7
1.10	0.606948	0.400175	0.482335	0.092968	0.049028	0.064200	0.600588	0.422747	0.496214	7
1.09	0.607640	0.398331	0.481210	0.092962	0.049121	0.064278	0.601466	0.422139	0.496094	7
1.09	0.607830	0.397069	0.480348	0.093996	0.049518	0.064864	0.601479	0.421775	0.495847	7
1.08	0.608355	0.395079	0.479051	0.093813	0.049880	0.065131	0.602019	0.421208	0.495638	7
1.08	0.605660	0.391536	0.475609	0.092673	0.050033	0.064983	0.599252	0.419508	0.493523	7
1.07	0.604344	0.388867	0.473232	0.091097	0.050120	0.064663	0.597862	0.417929	0.491959	7
1.07	0.600866	0.383917	0.468495	0.085773	0.049931	0.063118	0.594272	0.414244	0.488190	8
1.06	0.600610	0.381976	0.466969	0.084326	0.050007	0.062783	0.594583	0.413353	0.487675	8
1.06	0.602847	0.382316	0.467898	0.090172	0.050109	0.064419	0.597174	0.412503	0.487950	8
1.06	0.602485	0.381151	0.466916	0.091012	0.050119	0.064641	0.597322	0.412301	0.487858	9
1.05	0.601660	0.379986	0.465794	0.093108	0.050277	0.065296	0.597120	0.411693	0.487365	9
1.05	0.601692	0.379598	0.465512	0.096482	0.050794	0.066552	0.598038	0.411774	0.487727	9
1.05	0.601725	0.379210	0.465230	0.107942	0.051163	0.069422	0.598827	0.412382	0.488416	9
1.05	0.601724	0.379356	0.465339	0.111636	0.051893	0.070852	0.599637	0.413272	0.489310	9
1.05	0.599600	0.378191	0.463828	0.111980	0.052278	0.071280	0.598321	0.412463	0.488304	9
1.06	0.592120	0.376347	0.460196	0.114822	0.052521	0.072074	0.592045	0.410762	0.485018	9
1.07	0.583150	0.373872	0.455629	0.117152	0.052769	0.072763	0.584204	0.410033	0.481863	10
1.08	0.574167	0.372125	0.451577	0.120150	0.053479	0.074014	0.576443	0.409628	0.478926	10
1.09	0.562065	0.368291	0.444998	0.119724	0.053706	0.074150	0.565174	0.407685	0.473682	10
1.10	0.554756	0.366786	0.441601	0.119338	0.054266	0.074606	0.558331	0.407199	0.470937	10
1.11	0.552215	0.367223	0.441109	0.118366	0.054671	0.074795	0.556212	0.408940	0.471340	10
1.11	0.550647	0.367757	0.440992	0.116076	0.055212	0.074830	0.554809	0.410641	0.471960	10
1.12	0.550261	0.368728	0.441565	0.115497	0.055328	0.074816	0.554674	0.411977	0.472793	10
1.12	0.552327	0.370863	0.443761	0.116552	0.055412	0.075113	0.556752	0.414770	0.475386	10
1.12	0.554072	0.372464	0.445470	0.114765	0.055316	0.074651	0.558466	0.417564	0.477845	10
1.12	0.554900	0.374017	0.446847	0.107369	0.055458	0.073139	0.558858	0.419589	0.479312	9
1.13	0.553357	0.373192	0.445758	0.108449	0.054767	0.072780	0.557211	0.419589	0.478705	9
1.12	0.556651	0.375279	0.448316	0.109706	0.054990	0.073259	0.560815	0.421370	0.481194	10
1.13	0.556889	0.376007	0.448912	0.110640	0.055057	0.073526	0.561098	0.422220	0.481852	10
1.13	0.559943	0.379889	0.452669	0.112513	0.054837	0.073736	0.564094	0.425743	0.485250	10
1.14	0.562990	0.382995	0.455869	0.114803	0.054923	0.074300	0.566942	0.428456	0.488065	11
1.14	0.567527	0.386247	0.459659	0.125925	0.054841	0.076406	0.571166	0.430926	0.491233	10
1.13	0.569826	0.386926	0.460894	0.126122	0.054725	0.076330	0.573164	0.431735	0.492497	10
1.13	0.574321	0.388139	0.463223	0.130418	0.054943	0.077314	0.577375	0.432707	0.494681	10
1.12	0.577813	0.389013	0.464979	0.130354	0.054895	0.077256	0.580114	0.433314	0.496082	10
1.12	0.585740	0.392701	0.470178	0.130792	0.055466	0.077898	0.587672	0.435663	0.500378	10
1.11	0.595390	0.397409	0.476659	0.127007	0.055731	0.077468	0.596297	0.438214	0.505177	10
1.11	0.605572	0.402941	0.483900	0.132621	0.056378	0.079121	0.605231	0.441210	0.510366	10
1.11	0.614567	0.409492	0.491496	0.127333	0.056662	0.078426	0.613154	0.445259	0.515890	10
1.11	0.622991	0.415801	0.498734	0.147311	0.057261	0.082467	0.621494	0.449348	0.521584	11
1.12	0.628916	0.422838	0.505688	0.135642	0.057740	0.081000	0.626650	0.453640	0.526291	11
1.13	0.634094	0.428904	0.511695	0.134830	0.058499	0.081596	0.631036	0.457082	0.530154	11
1.13	0.637481	0.432835	0.515594	0.142599	0.059109	0.083575	0.633789	0.459713	0.532896	11
1.13	0.642373	0.436717	0.519948	0.144609	0.060049	0.084860	0.638864	0.462426	0.536512	11
1.14	0.643762	0.438756	0.521847	0.143079	0.060504	0.085045	0.640902	0.463600	0.538020	11
1.14	0.643929	0.439338	0.522314	0.142883	0.061350	0.085841	0.641428	0.464532	0.538833	11
1.14	0.643399	0.440163	0.522721	0.143651	0.061754	0.086376	0.640956	0.466313	0.539862	11
1.14	0.642872	0.440115	0.522513	0.142262	0.061409	0.085787	0.640659	0.467609	0.540623	11
1.14	0.642513	0.440648	0.522770	0.145811	0.061914	0.086920	0.640065	0.468661	0.541114	11
1.15	0.641230	0.441231	0.522754	0.146334	0.062355	0.087447	0.638621	0.469633	0.541243	11
1.15	0.637992	0.440891	0.521437	0.156807	0.062844	0.089727	0.635544	0.470645	0.540804	11
1.16	0.635468	0.441182	0.520795	0.144509	0.063930	0.088644	0.632386	0.471820	0.540429	11
1.16	0.632528	0.440891	0.519603	0.144796	0.064320	0.089073	0.628431	0.472144	0.539191	11
1.17	0.632773	0.443948	0.521804	0.144742	0.064831	0.089552	0.628647	0.474816	0.541009	11
1.18	0.630736	0.446957	0.523177	0.169862	0.067192	0.096293	0.627149	0.477407	0.542128	12
1.19	0.631879	0.452490	0.527346	0.171912	0.068976	0.098451	0.627905	0.481820	0.545247	12
1.20	0.634035	0.457634	0.531582	0.170736	0.070833	0.100127	0.629876	0.486153	0.548760	12
1.21	0.635078	0.462147	0.534985	0.173705	0.072441	0.102243	0.630618	0.489918	0.551435	12
1.22	0.633135	0.463651	0.535298	0.173619	0.073688	0.103463	0.628404	0.492064	0.551939	12
1.23	0.629442	0.465010	0.534874	0.155004	0.074503	0.100635	0.624207	0.494251	0.551679	11
1.25	0.624351	0.466612	0.534078	0.156252	0.076552	0.102759	0.619456	0.497125	0.551590	11
1.26	0.618753	0.466272	0.531798	0.163570	0.078917	0.106467	0.613383	0.498178	0.549810	12
1.26	0.610641	0.462293	0.526211	0.164217	0.079889	0.107487	0.605569	0.496923	0.545892	12
1.27	0.604349	0.458556	0.521454	0.165273	0.080515	0.108280	0.600008	0.495951	0.543040	12
1.26	0.596280	0.451131	0.513648	0.166921	0.080687	0.108788	0.591465	0.491092	0.536626	12
1.26	0.588593	0.445744	0.507304	0.166948	0.080942	0.109025	0.583812	0.487408	0.531272	12
1.26	0.581204	0.438173	0.499654	0.167171	0.080853	0.108992	0.576389	0.482225	0.525119	12
1.26	0.573672	0.432495	0.493180	0.166499	0.080708	0.108717	0.567900	0.477771	0.518952	12
1.26	0.565812	0.425992	0.486047	0.166329	0.080166	0.108188	0.559829	0.472791	0.512642	12
1.25	0.560034	0.420800	0.480534	0.165926	0.079862	0.107826	0.554039	0.469350	0.508190	12
1.25	0.553704	0.416044	0.475103	0.166221	0.079597	0.107646	0.546994	0.465746	0.503111	12
1.25	0.546090	0.409687	0.468155	0.166309	0.079044	0.107158	0.538262	0.461211	0.496767	12
1.25	0.545308	0.410026	0.468089	0.161198	0.079118	0.106141	0.536926	0.461697	0.496478	12
1.26	0.553490	0.417548	0.476003	0.165646	0.080186	0.108062	0.545807	0.468054	0.503949	12
1.26	0.563286	0.425895	0.485049	0.165885	0.081249	0.109074	0.556577	0.474775	0.512432	12
1.27	0.565364	0.429826	0.488366	0.166999	0.081596	0.109628	0.557791	0.478136	0.514901	12
1.27	0.568069	0.433757	0.491910	0.166155	0.082143	0.109936	0.560140	0.481537	0.517873	12
1.28	0.569480	0.435553	0.493593	0.168170	0.082718	0.110892	0.561031	0.482873	0.519026	12
1.28	0.568769	0.435892	0.493544	0.161823	0.082311	0.109119	0.559344	0.483197	0.518489	11
1.28	0.567897	0.435941	0.493246	0.154632	0.082158	0.107304	0.557562	0.483399	0.517839	11
1.29	0.571231	0.440745	0.497576	0.154967	0.082568	0.107734	0.560072	0.487124	0.521058	11
1.30	0.575661	0.446957	0.503210	0.155102	0.083254	0.108350	0.563338	0.492105	0.525318	11
1.30	0.580541	0.453169	0.509008	0.158412	0.083615	0.109456	0.567522	0.497004	0.529927	11
1.31	0.586747	0.461516	0.516651	0.158784	0.084162	0.110013	0.574675	0.503644	0.536820	11
1.32	0.594240	0.470640	0.525267	0.157873	0.084935	0.110449	0.583475	0.510932	0.544799	11
1.33	0.602269	0.481704	0.535282	0.156254	0.085960	0.110907	0.592389	0.519192	0.553381	11
1.34	0.607481	0.489469	0.542127	0.155964	0.086902	0.111613	0.598193	0.525144	0.559293	11
1.36	0.612381	0.497816	0.549188	0.155571	0.087381	0.111907	0.604617	0.531703	0.565821	11
1.36	0.616704	0.504174	0.554790	0.156521	0.088086	0.112730	0.609719	0.536521	0.570783	11
1.36	0.621416	0.508056	0.559047	0.156094	0.088380	0.112860	0.614402	0.538627	0.574024	11
1.36	0.626114	0.511259	0.562887	0.162458	0.088968	0.114973	0.618869	0.540125	0.576822	11
1.36	0.629175	0.512812	0.565065	0.162263	0.089566	0.115422	0.621879	0.540327	0.578242	12
1.36	0.631278	0.513637	0.566413	0.162295	0.090252	0.115997	0.624119	0.540287	0.579185	12
1.35	0.634976	0.514704	0.568549	0.162432	0.090973	0.116627	0.628141	0.539355	0.580372	12
1.35	0.638586	0.517228	0.571536	0.160573	0.091728	0.116758	0.631367	0.539436	0.581793	12
1.36	0.640353	0.521207	0.574670	0.159587	0.092116	0.116808	0.633594	0.541177	0.583751	12
1.36	0.642275	0.523925	0.577095	0.159789	0.092322	0.117028	0.635443	0.542433	0.585265	12
1.36	0.641293	0.524556	0.577080	0.160504	0.092126	0.117061	0.633978	0.542999	0.584973	12
1.37	0.639503	0.526691	0.577641	0.160201	0.092258	0.117087	0.631806	0.544498	0.584911	12
1.38	0.637878	0.527613	0.577530	0.159568	0.092420	0.117047	0.630128	0.545348	0.584680	12
1.38	0.635991	0.526885	0.576320	0.158820	0.092866	0.117202	0.628522	0.545469	0.584058	12
1.39	0.633464	0.527128	0.575424	0.157356	0.093493	0.117295	0.626471	0.545915	0.583425	12
1.40	0.630275	0.526982	0.574019	0.178191	0.095171	0.124074	0.623312	0.546724	0.582512	13
1.40	0.628299	0.527953	0.573772	0.179481	0.096056	0.125139	0.620968	0.547737	0.582058	13
1.41	0.626104	0.529846	0.573967	0.179000	0.096835	0.125680	0.618255	0.548951	0.581546	13
1.41	0.625501	0.529700	0.573628	0.178378	0.097202	0.125834	0.617864	0.548668	0.581214	12
1.41	0.624468	0.527371	0.571827	0.178384	0.097269	0.125892	0.616969	0.546684	0.579704	12
1.40	0.623602	0.524944	0.570036	0.178321	0.096930	0.125592	0.615961	0.545186	0.578416	12
1.40	0.623594	0.522032	0.568312	0.178849	0.096753	0.125574	0.616210	0.543161	0.577385	13
1.39	0.626058	0.520480	0.568408	0.180305	0.096775	0.125950	0.618869	0.541866	0.577813	13
1.38	0.626838	0.517082	0.566695	0.180790	0.096408	0.125755	0.619598	0.540125	0.577138	13
1.37	0.625259	0.511987	0.562982	0.181811	0.096231	0.125850	0.617947	0.537452	0.574896	13
1.36	0.623493	0.509512	0.560769	0.180745	0.095851	0.125270	0.615916	0.536035	0.573206	13
1.36	0.624059	0.506794	0.559347	0.182037	0.096003	0.125709	0.616443	0.534659	0.572645	13
1.34	0.624057	0.501796	0.556288	0.202746	0.095932	0.130239	0.617108	0.531298	0.570997	14
1.33	0.625617	0.498253	0.554718	0.201685	0.095738	0.129841	0.619591	0.528788	0.570600	14
1.32	0.626873	0.495390	0.553429	0.201755	0.095709	0.129829	0.621373	0.526966	0.570289	14
1.31	0.628587	0.494274	0.553397	0.201493	0.096269	0.130288	0.623559	0.526763	0.571089	14
1.30	0.627696	0.490100	0.550429	0.201731	0.096527	0.130575	0.623026	0.524253	0.569388	14
1.30	0.627956	0.489663	0.550254	0.180230	0.097438	0.126491	0.623728	0.524415	0.569776	13
1.30	0.626675	0.487965	0.548689	0.201448	0.097951	0.131811	0.622196	0.523362	0.568516	14
1.30	0.628346	0.489906	0.550556	0.200954	0.099560	0.133152	0.624079	0.525306	0.570448	14
1.30	0.631372	0.491071	0.552453	0.199920	0.100643	0.133886	0.627264	0.526723	0.572614	14
1.30	0.634811	0.494176	0.555734	0.200287	0.101794	0.134984	0.630517	0.529314	0.575500	14
1.30	0.641941	0.500631	0.562548	0.178028	0.103176	0.130640	0.637670	0.533808	0.581135	13
1.31	0.649036	0.509754	0.571025	0.198906	0.104276	0.136823	0.644661	0.540125	0.587781	14
1.32	0.653938	0.517762	0.577937	0.198329	0.105015	0.137320	0.648912	0.545105	0.592496	15
1.33	0.658143	0.525818	0.584586	0.199105	0.106009	0.138354	0.651692	0.550530	0.596855	15
1.35	0.662088	0.535621	0.592177	0.200381	0.107060	0.139557	0.654446	0.557373	0.602021	15
1.36	0.665319	0.542949	0.597937	0.200588	0.107764	0.140204	0.657266	0.562313	0.606093	15
1.37	0.667768	0.549452	0.602859	0.200731	0.108190	0.140599	0.658778	0.566564	0.609201	14
1.38	0.667487	0.553043	0.604899	0.200430	0.108254	0.140579	0.658366	0.569641	0.610799	14
1.39	0.667385	0.556003	0.606624	0.199477	0.108950	0.140928	0.658312	0.572273	0.612285	14
1.39	0.668972	0.558721	0.608896	0.199320	0.109551	0.141390	0.659615	0.574419	0.614076	14
1.40	0.668997	0.562021	0.610861	0.200238	0.109676	0.141725	0.659385	0.577375	0.615661	14
1.41	0.668430	0.564205	0.611911	0.200034	0.110121	0.142045	0.658481	0.579845	0.616666	14
1.41	0.668384	0.566631	0.613316	0.201256	0.111082	0.143152	0.657509	0.582395	0.617677	14
1.41	0.668786	0.566583	0.613457	0.200220	0.111694	0.143394	0.657428	0.582922	0.617937	14
1.41	0.666015	0.561875	0.609529	0.200719	0.111513	0.143373	0.653751	0.580087	0.614720	14
1.40	0.663722	0.557847	0.606196	0.200534	0.112252	0.143935	0.649911	0.577942	0.611817	14
1.40	0.660095	0.552460	0.601501	0.179740	0.112302	0.138235	0.646571	0.575026	0.608703	13
1.39	0.655072	0.547462	0.596452	0.180783	0.112178	0.138447	0.642265	0.572111	0.605162	13
