
Wed Sep  8 22:39:27 2021
22.78	0.037964	0.533951	0.070887	0.040008	0.306702	0.070783	0.037570	0.512500	0.070008	47
19.39	0.041082	0.477434	0.075654	0.045525	0.353810	0.080670	0.040942	0.470119	0.075324	47
16.35	0.046810	0.458604	0.084949	0.049494	0.320137	0.085734	0.047124	0.457446	0.085446	47
13.44	0.054949	0.442541	0.097759	0.054612	0.288045	0.091816	0.056212	0.446554	0.099854	47
10.88	0.064473	0.420412	0.111801	0.060404	0.257639	0.097864	0.067479	0.429225	0.116624	47
8.67	0.077478	0.402504	0.129943	0.067281	0.238196	0.104925	0.083970	0.416835	0.139782	47
6.84	0.094883	0.388770	0.152538	0.074487	0.210865	0.110087	0.107241	0.407158	0.169767	47
5.35	0.116810	0.374697	0.178098	0.080874	0.191970	0.113805	0.141022	0.396874	0.208099	47
4.20	0.144795	0.364117	0.207197	0.087146	0.172501	0.115794	0.184358	0.390072	0.250380	47
3.30	0.180770	0.357469	0.240115	0.093890	0.153812	0.116603	0.237907	0.387683	0.294865	47
2.62	0.225518	0.353829	0.275465	0.099574	0.128352	0.112146	0.298303	0.387076	0.336940	47
2.12	0.276140	0.351305	0.309220	0.104102	0.110475	0.107194	0.357499	0.388614	0.372408	47
1.75	0.331451	0.347569	0.339319	0.109894	0.094031	0.101345	0.410560	0.389465	0.399734	47
1.50	0.384848	0.345627	0.364185	0.123545	0.086107	0.101483	0.454991	0.390922	0.420530	47
1.33	0.430510	0.343347	0.382019	0.121139	0.079395	0.095922	0.487621	0.392663	0.435021	46
1.22	0.465309	0.341405	0.393842	0.127383	0.075139	0.094522	0.509915	0.394121	0.444602	46
1.16	0.491251	0.340629	0.402304	0.132567	0.072700	0.093903	0.525634	0.396064	0.451742	40
1.12	0.509798	0.340872	0.408562	0.141976	0.070030	0.093795	0.535968	0.397927	0.456745	39
1.08	0.518513	0.337086	0.408564	0.144849	0.069060	0.093528	0.537870	0.396145	0.456255	38
1.06	0.522765	0.333204	0.406995	0.142968	0.067515	0.091718	0.536980	0.394121	0.454591	33
1.05	0.522133	0.327429	0.402470	0.146169	0.065365	0.090334	0.530724	0.390032	0.449629	27
1.04	0.516384	0.320441	0.395472	0.141963	0.064146	0.088364	0.521635	0.385173	0.443136	26
1.03	0.508282	0.312724	0.387213	0.122742	0.063191	0.083430	0.510892	0.379423	0.435451	25
1.02	0.488415	0.298699	0.370694	0.141530	0.060738	0.084998	0.489203	0.368532	0.420379	22
1.02	0.467841	0.284868	0.354116	0.147214	0.056564	0.081726	0.468081	0.357073	0.405110	19
1.01	0.444355	0.269339	0.335388	0.147049	0.052560	0.077440	0.444058	0.343793	0.387545	19
1.01	0.411033	0.248423	0.309679	0.159325	0.048613	0.074496	0.410533	0.326464	0.363703	19
1.01	0.375745	0.226439	0.282582	0.155138	0.043667	0.068151	0.375213	0.307960	0.338276	19
1.00	0.342350	0.205765	0.257040	0.146953	0.039683	0.062490	0.341931	0.290793	0.314295	17
1.00	0.313061	0.187858	0.234812	0.088228	0.035117	0.050238	0.312859	0.275731	0.293124	13
1.00	0.290581	0.174270	0.217874	0.087139	0.032312	0.047143	0.290469	0.263989	0.276597	12
1.00	0.275700	0.165292	0.206675	0.085460	0.029800	0.044190	0.275609	0.256175	0.265537	11
1.00	0.264615	0.158595	0.198325	0.085279	0.027769	0.041895	0.264596	0.249980	0.257080	11
1.00	0.255567	0.153159	0.191534	0.087016	0.026358	0.040460	0.255567	0.245000	0.250172	10
1.00	0.247631	0.148403	0.185586	0.059452	0.025028	0.035227	0.247631	0.240586	0.244058	9
1.00	0.243178	0.145734	0.182249	0.044871	0.024493	0.031688	0.243178	0.238197	0.240662	6
1.00	0.240181	0.143939	0.180003	0.044954	0.023716	0.031051	0.240181	0.236578	0.238366	5
1.00	0.237914	0.142580	0.178304	0.045597	0.022758	0.030362	0.237914	0.235161	0.236529	5
1.00	0.236861	0.141949	0.177515	0.044802	0.022286	0.029766	0.236861	0.234513	0.235681	5
1.00	0.235971	0.141415	0.176847	0.045384	0.022035	0.029666	0.235971	0.234027	0.234995	5
1.00	0.235161	0.140930	0.176240	0.046979	0.021894	0.029868	0.235161	0.233622	0.234389	5
1.00	0.234675	0.140639	0.175876	0.054323	0.021871	0.031186	0.234675	0.233339	0.234005	4
1.00	0.234513	0.140542	0.175755	0.044547	0.021601	0.029094	0.234513	0.233258	0.233884	4
1.00	0.234432	0.140493	0.175694	0.045069	0.021491	0.029104	0.234432	0.233177	0.233803	4
1.00	0.233865	0.140153	0.175269	0.023941	0.021357	0.022576	0.233865	0.232853	0.233358	3
1.00	0.233622	0.140008	0.175087	0.023667	0.021346	0.022446	0.233622	0.232731	0.233176	3
1.00	0.233541	0.139959	0.175027	0.023560	0.021342	0.022396	0.233541	0.232691	0.233115	3
1.00	0.233703	0.140056	0.175148	0.023068	0.021350	0.022176	0.233703	0.232772	0.233237	3
1.00	0.233703	0.140056	0.175148	0.023068	0.021350	0.022176	0.233703	0.232772	0.233237	3
1.00	0.233703	0.140056	0.175148	0.023068	0.021350	0.022176	0.233703	0.232772	0.233237	3
1.00	0.233703	0.140056	0.175148	0.023068	0.021350	0.022176	0.233703	0.232772	0.233237	3
1.00	0.234027	0.140250	0.175391	0.022898	0.021365	0.022105	0.234027	0.232934	0.233479	3
1.00	0.234351	0.140445	0.175633	0.022306	0.021380	0.021833	0.234351	0.233096	0.233722	3
1.00	0.235890	0.141367	0.176787	0.022398	0.021453	0.021915	0.235890	0.233906	0.234893	3
1.00	0.237833	0.142531	0.178243	0.022272	0.021545	0.021902	0.237833	0.235039	0.236428	3
1.00	0.241315	0.144618	0.180853	0.032421	0.021971	0.026192	0.241315	0.236780	0.239026	3
1.00	0.243987	0.146220	0.182855	0.032422	0.022098	0.026282	0.243987	0.238319	0.241120	3
1.00	0.247226	0.148161	0.185283	0.031953	0.022251	0.026233	0.247226	0.240060	0.243591	3
1.00	0.254676	0.152625	0.190866	0.032420	0.022602	0.026635	0.254676	0.244068	0.249260	3
1.00	0.265204	0.158934	0.198756	0.054067	0.023105	0.032375	0.265204	0.249777	0.257259	4
1.00	0.279618	0.167573	0.209559	0.075571	0.023891	0.036305	0.279618	0.257187	0.267934	5
1.00	0.293708	0.176017	0.220118	0.075846	0.024686	0.037249	0.293708	0.264394	0.278281	5
1.00	0.315248	0.188926	0.236262	0.076202	0.025800	0.038548	0.315248	0.275164	0.293845	5
1.00	0.335979	0.201349	0.251798	0.081519	0.027727	0.041379	0.335979	0.285529	0.308706	5
1.00	0.358653	0.214937	0.268791	0.082631	0.030048	0.044070	0.358653	0.296947	0.324896	5
1.00	0.374848	0.224643	0.280929	0.082782	0.031572	0.045711	0.374848	0.305369	0.336560	6
1.00	0.378249	0.226682	0.283477	0.082857	0.032423	0.046608	0.378249	0.306907	0.338864	6
1.00	0.377520	0.226245	0.282931	0.082882	0.032952	0.047156	0.377520	0.306503	0.338325	6
1.00	0.383513	0.229836	0.287422	0.081280	0.033859	0.047805	0.383513	0.309539	0.342578	6
1.00	0.389586	0.233476	0.291974	0.082576	0.035392	0.049548	0.389586	0.312697	0.346933	6
1.00	0.379028	0.227167	0.284076	0.082355	0.035083	0.049205	0.379019	0.307312	0.339420	6
1.00	0.373573	0.223915	0.280001	0.084909	0.035432	0.049999	0.373553	0.304762	0.335669	6
1.00	0.373311	0.223867	0.279890	0.088005	0.036961	0.052058	0.373148	0.304843	0.335554	6
1.00	0.377143	0.226293	0.282863	0.088767	0.038314	0.053525	0.376792	0.306907	0.338278	6
1.00	0.388031	0.232845	0.291044	0.090044	0.040310	0.055690	0.387683	0.312535	0.346077	6
1.00	0.394569	0.236921	0.296067	0.090585	0.041915	0.057311	0.393986	0.316017	0.350721	6
1.00	0.396995	0.238474	0.297963	0.091548	0.043072	0.058582	0.396294	0.317435	0.352508	6
1.00	0.392505	0.235854	0.294653	0.089519	0.043284	0.058353	0.391665	0.315208	0.349301	6
1.00	0.394365	0.237067	0.296123	0.090249	0.044251	0.059385	0.393460	0.316179	0.350612	6
1.00	0.408530	0.245899	0.307007	0.092761	0.046583	0.062020	0.407293	0.323913	0.360849	6
1.01	0.431846	0.260604	0.325051	0.094221	0.049287	0.064720	0.430264	0.336384	0.377576	6
1.01	0.459379	0.277977	0.346364	0.115934	0.052340	0.072120	0.457500	0.351203	0.397365	7
1.01	0.476484	0.289091	0.359853	0.115945	0.055084	0.074685	0.474235	0.360637	0.409707	7
1.01	0.495810	0.301466	0.374951	0.116515	0.057697	0.077177	0.493414	0.371123	0.423619	7
1.02	0.509523	0.310298	0.385704	0.117141	0.059706	0.079096	0.506897	0.378695	0.433516	7
1.02	0.527731	0.321848	0.399843	0.117378	0.062632	0.081681	0.525144	0.388938	0.446893	7
1.02	0.542644	0.331311	0.411426	0.116632	0.064337	0.082929	0.540219	0.396834	0.457556	7
1.02	0.556632	0.340095	0.422220	0.116534	0.066881	0.084987	0.554404	0.404648	0.467834	7
1.02	0.568016	0.347326	0.431067	0.116341	0.068302	0.086072	0.565889	0.411126	0.476250	7
1.02	0.573219	0.350675	0.435144	0.116529	0.069539	0.087100	0.571207	0.414244	0.480225	7
1.02	0.571043	0.349316	0.433471	0.116257	0.070251	0.087580	0.569115	0.412948	0.478615	7
1.02	0.567092	0.347229	0.430726	0.116050	0.070980	0.088085	0.565214	0.411126	0.476011	8
1.02	0.565204	0.346210	0.429397	0.115600	0.071044	0.088004	0.563284	0.410317	0.474784	8
1.02	0.557386	0.341502	0.423520	0.114983	0.070441	0.087362	0.555376	0.406146	0.469181	8
1.02	0.550954	0.337669	0.418715	0.115045	0.070447	0.087385	0.548789	0.402988	0.464721	8
1.02	0.538900	0.330438	0.409675	0.115392	0.069721	0.086922	0.536508	0.396712	0.456139	8
1.02	0.534540	0.328205	0.406699	0.115448	0.069338	0.086640	0.531959	0.394850	0.453263	8
1.03	0.527964	0.324808	0.402187	0.115794	0.068637	0.086187	0.525157	0.392056	0.448949	8
1.03	0.525004	0.324032	0.400732	0.115838	0.067547	0.085334	0.521932	0.391408	0.447343	8
1.03	0.525276	0.325245	0.401738	0.115955	0.067630	0.085433	0.522283	0.392461	0.448160	8
1.04	0.530635	0.329516	0.406562	0.116038	0.067937	0.085699	0.527883	0.396105	0.452597	8
1.04	0.536597	0.334077	0.411784	0.115817	0.068250	0.085887	0.533957	0.400073	0.457419	8
1.04	0.545469	0.339998	0.418894	0.115919	0.069525	0.086919	0.543188	0.405458	0.464325	8
1.04	0.550536	0.343638	0.423150	0.116014	0.070451	0.087666	0.548452	0.408697	0.468372	8
1.04	0.558282	0.348879	0.429412	0.116142	0.071892	0.088811	0.556509	0.413556	0.474499	8
1.04	0.564991	0.353538	0.434925	0.116281	0.072933	0.089642	0.563379	0.417807	0.479794	8
1.05	0.579061	0.363438	0.446585	0.116261	0.074758	0.091001	0.578050	0.426634	0.490932	9
1.05	0.593658	0.373435	0.458472	0.116380	0.076523	0.092334	0.593138	0.435501	0.502241	9
1.05	0.606207	0.382947	0.469381	0.115833	0.077870	0.093132	0.606054	0.443639	0.512282	9
1.06	0.616349	0.391148	0.478580	0.115426	0.079009	0.093807	0.616541	0.450806	0.520806	9
1.07	0.627341	0.401534	0.489658	0.115269	0.080218	0.094601	0.627622	0.459835	0.530784	9
1.08	0.638801	0.412744	0.501474	0.115243	0.082339	0.096052	0.638797	0.469512	0.541226	9
1.09	0.649122	0.424925	0.513624	0.114926	0.083548	0.096757	0.647353	0.479715	0.551067	9
1.11	0.660925	0.439484	0.527924	0.114158	0.085048	0.097476	0.656895	0.492145	0.562709	9
1.12	0.666354	0.448462	0.536114	0.113919	0.086258	0.098177	0.660877	0.499757	0.569134	9
1.14	0.673234	0.461031	0.547282	0.113918	0.087549	0.099008	0.665843	0.510527	0.577932	9
1.16	0.685671	0.478598	0.563720	0.113683	0.090440	0.100738	0.675831	0.525225	0.591085	9
1.18	0.694792	0.492721	0.576564	0.113313	0.092566	0.101894	0.682646	0.537250	0.601283	9
1.20	0.700955	0.505629	0.587482	0.112825	0.094047	0.102584	0.686952	0.548101	0.609721	9
1.23	0.707536	0.520334	0.599664	0.112662	0.095868	0.103589	0.690474	0.560450	0.618705	9
1.25	0.712166	0.533485	0.610011	0.111591	0.097530	0.104088	0.692904	0.571382	0.626303	9
1.27	0.713865	0.541444	0.615813	0.111003	0.098225	0.104224	0.693592	0.578103	0.630604	9
1.28	0.716402	0.549209	0.621762	0.110666	0.099065	0.104545	0.695650	0.584663	0.635346	9
1.29	0.717791	0.556440	0.626900	0.110358	0.099747	0.104785	0.696541	0.590736	0.639290	9
1.31	0.721543	0.564496	0.633430	0.110029	0.100408	0.104999	0.700475	0.597579	0.644949	9
1.31	0.723269	0.569883	0.637479	0.130986	0.101893	0.114622	0.702729	0.602275	0.648636	10
1.32	0.723954	0.574638	0.640712	0.130870	0.102384	0.114887	0.704268	0.606486	0.651730	10
1.33	0.724989	0.578521	0.643526	0.131089	0.103719	0.115809	0.705793	0.609766	0.654275	10
1.34	0.725931	0.582549	0.646384	0.130827	0.104316	0.116077	0.707358	0.613208	0.656927	10
1.35	0.723858	0.583519	0.646156	0.130702	0.104839	0.116351	0.705496	0.613815	0.656470	10
1.35	0.722933	0.586528	0.647626	0.130724	0.106108	0.117137	0.705334	0.616406	0.657878	10
1.36	0.721312	0.587838	0.647771	0.130478	0.106472	0.117258	0.704200	0.617499	0.658006	10
1.36	0.721484	0.587838	0.647841	0.130282	0.107420	0.117751	0.704605	0.617499	0.658183	10
1.36	0.722292	0.587305	0.647841	0.130428	0.108098	0.118218	0.705860	0.617337	0.658638	10
1.35	0.721026	0.583616	0.645085	0.130028	0.108527	0.118308	0.704672	0.614584	0.656552	10
1.34	0.719320	0.579443	0.641849	0.130228	0.108838	0.118576	0.702877	0.611467	0.653993	10
1.34	0.714866	0.572212	0.635633	0.130431	0.109278	0.118921	0.698464	0.605717	0.648793	10
1.33	0.710857	0.566243	0.630362	0.130546	0.109112	0.118870	0.694024	0.600899	0.644113	10
1.32	0.705472	0.559934	0.624334	0.130586	0.108845	0.118729	0.688868	0.595554	0.638822	10
1.32	0.700699	0.554208	0.618903	0.130662	0.108662	0.118651	0.685305	0.590817	0.634563	10
1.32	0.696413	0.550277	0.614780	0.130643	0.108659	0.118641	0.681634	0.587821	0.631261	10
1.32	0.694058	0.547607	0.612196	0.130550	0.109175	0.118910	0.679610	0.585877	0.629272	10
1.31	0.692777	0.545521	0.610393	0.129906	0.109622	0.118905	0.678867	0.584298	0.628043	10
1.32	0.694241	0.548190	0.612631	0.129751	0.110878	0.119574	0.680824	0.586809	0.630330	10
1.32	0.695850	0.550034	0.614409	0.129212	0.111931	0.119953	0.682538	0.588631	0.632116	10
1.32	0.696795	0.550713	0.615201	0.128876	0.112521	0.120144	0.683632	0.589319	0.632982	10
1.32	0.697957	0.552072	0.616502	0.128889	0.113096	0.120477	0.685184	0.590453	0.634301	10
1.32	0.699309	0.554838	0.618753	0.128694	0.113583	0.120667	0.686628	0.592801	0.636274	10
1.33	0.700171	0.557459	0.620718	0.128422	0.113995	0.120779	0.687559	0.595028	0.637956	10
1.33	0.701022	0.559497	0.622315	0.127711	0.114313	0.120641	0.688504	0.596890	0.639432	10
1.34	0.703417	0.563525	0.625748	0.126866	0.114949	0.120614	0.690947	0.600292	0.642437	10
1.34	0.707176	0.569591	0.630971	0.126724	0.116379	0.121332	0.694631	0.605191	0.646834	11
1.35	0.711029	0.576628	0.636814	0.126820	0.118185	0.122350	0.698552	0.611102	0.651907	11
1.36	0.713068	0.580705	0.640116	0.147512	0.118988	0.131724	0.700300	0.614422	0.654556	12
1.36	0.715873	0.584587	0.643603	0.163752	0.120220	0.138649	0.702918	0.617742	0.657583	12
1.37	0.717368	0.587305	0.645853	0.165505	0.120763	0.139638	0.704308	0.620131	0.659545	12
1.37	0.717917	0.589391	0.647336	0.166193	0.121244	0.140204	0.704659	0.621751	0.660614	12
1.38	0.718919	0.593808	0.650401	0.166633	0.122865	0.141440	0.705617	0.625476	0.663134	13
1.38	0.719281	0.595991	0.651858	0.166574	0.123303	0.141709	0.705887	0.627379	0.664321	13
1.39	0.719897	0.597690	0.653126	0.166845	0.123501	0.141938	0.706562	0.628877	0.665460	13
1.39	0.719970	0.598903	0.653880	0.167299	0.123819	0.142312	0.706427	0.629930	0.665989	13
1.39	0.719814	0.600311	0.654653	0.167925	0.125003	0.143320	0.706495	0.631266	0.666765	13
1.39	0.719247	0.600990	0.654822	0.167885	0.125200	0.143435	0.706130	0.631873	0.666941	13
1.40	0.718971	0.602155	0.655398	0.168203	0.125599	0.143812	0.706204	0.632926	0.667560	13
1.40	0.718163	0.603465	0.655837	0.168354	0.126408	0.144397	0.705604	0.634059	0.667921	13
1.41	0.717991	0.605794	0.657138	0.168433	0.127599	0.145199	0.705469	0.636043	0.668960	13
1.42	0.718912	0.610793	0.660457	0.168811	0.129856	0.146793	0.707210	0.640376	0.672135	13
1.43	0.719542	0.615937	0.663721	0.169066	0.131581	0.147987	0.708202	0.644708	0.674965	13
1.44	0.719863	0.620159	0.666302	0.169446	0.133064	0.149067	0.708870	0.648312	0.677240	13
1.45	0.720886	0.625449	0.669785	0.169615	0.134558	0.150066	0.710435	0.652765	0.680381	13
1.46	0.721193	0.629040	0.671972	0.168931	0.135799	0.150564	0.710935	0.655762	0.682235	13
1.46	0.721324	0.632340	0.673907	0.168946	0.137200	0.151427	0.711549	0.658474	0.683984	13
1.47	0.721467	0.635931	0.676004	0.169134	0.138401	0.152232	0.712230	0.661390	0.685869	13
1.48	0.721185	0.639183	0.677712	0.190506	0.139895	0.161324	0.712561	0.663981	0.687414	14
1.49	0.720226	0.642143	0.678947	0.190374	0.140881	0.161930	0.712129	0.666329	0.688468	14
1.50	0.719680	0.645637	0.680651	0.190301	0.141595	0.162374	0.712095	0.669244	0.690005	14
1.51	0.719637	0.649859	0.682970	0.190498	0.142497	0.163038	0.712102	0.672727	0.691855	14
1.52	0.718224	0.652383	0.683722	0.190235	0.143049	0.163302	0.710935	0.674711	0.692349	14
1.53	0.716774	0.655100	0.684551	0.189960	0.144161	0.163921	0.709868	0.676978	0.693033	14
1.53	0.715884	0.658352	0.685914	0.189822	0.145249	0.164571	0.709585	0.679610	0.694274	14
1.54	0.714825	0.661506	0.687133	0.189273	0.146258	0.165008	0.708654	0.682363	0.695260	14
1.55	0.714353	0.665195	0.688898	0.189060	0.147629	0.165795	0.709005	0.685481	0.697044	14
1.56	0.714708	0.668543	0.690855	0.189012	0.148903	0.166577	0.709747	0.688355	0.698888	14
1.57	0.715327	0.671309	0.692620	0.188541	0.149725	0.166906	0.710719	0.690744	0.700589	14
1.57	0.715577	0.672377	0.693305	0.188942	0.150730	0.167686	0.710908	0.691837	0.701243	14
1.57	0.716711	0.673930	0.694663	0.188938	0.151364	0.168077	0.712008	0.693093	0.702423	14
1.57	0.717482	0.673784	0.694947	0.188991	0.151964	0.168467	0.712372	0.693012	0.702559	14
1.57	0.718571	0.674318	0.695741	0.188895	0.152856	0.168976	0.713250	0.693578	0.703276	14
1.56	0.718572	0.672959	0.695018	0.188548	0.152899	0.168862	0.712966	0.692647	0.702660	14
1.56	0.719736	0.671989	0.695043	0.188452	0.153249	0.169037	0.714019	0.692040	0.702857	14
1.56	0.719919	0.671601	0.694921	0.187814	0.153675	0.169038	0.713782	0.691756	0.702597	14
1.56	0.721126	0.672377	0.695899	0.187714	0.154877	0.169722	0.714565	0.692728	0.703477	14
1.56	0.720734	0.672571	0.695820	0.186893	0.156031	0.170073	0.714174	0.693012	0.703434	14
1.56	0.719900	0.672911	0.695613	0.186393	0.157232	0.170575	0.713621	0.693457	0.703394	14
1.56	0.719575	0.673445	0.695746	0.185663	0.158068	0.170758	0.713256	0.693821	0.703404	14
1.56	0.720707	0.674609	0.696897	0.185585	0.158545	0.171003	0.714241	0.694672	0.704321	14
1.56	0.721750	0.676356	0.698316	0.185406	0.159616	0.171547	0.715632	0.696210	0.705787	14
1.57	0.722303	0.678346	0.699635	0.185248	0.160990	0.172270	0.716198	0.697830	0.706895	14
1.57	0.722983	0.678880	0.700238	0.184992	0.161644	0.172532	0.716590	0.698275	0.707314	14
1.57	0.723436	0.679656	0.700863	0.184660	0.162242	0.172727	0.717251	0.699085	0.708052	14
1.57	0.723903	0.679462	0.700979	0.184454	0.162378	0.172714	0.717642	0.698883	0.708138	14
1.57	0.725009	0.681064	0.702350	0.184300	0.163105	0.173056	0.718574	0.700219	0.709277	14
1.57	0.726008	0.681403	0.702999	0.184133	0.163686	0.173309	0.719397	0.700583	0.709865	14
1.57	0.726991	0.682714	0.704157	0.184088	0.163771	0.173336	0.720207	0.701717	0.710842	14
1.57	0.727489	0.683005	0.704545	0.205281	0.164087	0.182387	0.720544	0.702041	0.711172	15
1.57	0.728062	0.683684	0.705176	0.194705	0.164197	0.178154	0.720801	0.702608	0.711588	15
1.57	0.728294	0.685528	0.706265	0.194658	0.164760	0.178466	0.721239	0.704187	0.712611	15
1.57	0.727764	0.686159	0.706350	0.194322	0.165039	0.178488	0.720780	0.704713	0.712656	15
1.58	0.727637	0.686887	0.706675	0.197961	0.165379	0.180209	0.720497	0.705442	0.712890	15
1.58	0.726993	0.688149	0.707038	0.194231	0.166012	0.179016	0.719863	0.706494	0.713116	15
1.58	0.726082	0.688731	0.706914	0.191917	0.166840	0.178502	0.719080	0.706899	0.712938	15
1.59	0.724944	0.689411	0.706731	0.190435	0.167076	0.177992	0.717926	0.707385	0.712617	15
1.59	0.723834	0.690042	0.706534	0.190506	0.167642	0.178344	0.716846	0.707993	0.712392	15
1.59	0.722073	0.689799	0.705567	0.190441	0.167146	0.178035	0.715294	0.707831	0.711543	15
1.60	0.721386	0.690964	0.705847	0.190829	0.167475	0.178391	0.714667	0.708802	0.711722	15
1.60	0.720364	0.691837	0.705812	0.189862	0.167860	0.178184	0.713661	0.709612	0.711631	15
1.61	0.719931	0.693099	0.706261	0.185128	0.168449	0.176395	0.713445	0.710705	0.712073	15
1.61	0.719775	0.694555	0.706940	0.184236	0.169034	0.176308	0.713506	0.712001	0.712753	15
1.61	0.720544	0.696836	0.708492	0.184295	0.171150	0.177479	0.714289	0.713944	0.714117	15
1.62	0.721083	0.697952	0.709329	0.184111	0.171437	0.177548	0.714909	0.714957	0.714933	15
1.62	0.722250	0.700379	0.711146	0.183969	0.171962	0.177763	0.716495	0.716941	0.716718	15
1.62	0.721995	0.701252	0.711472	0.183179	0.172261	0.177552	0.716570	0.717548	0.717058	15
1.62	0.721970	0.702805	0.712259	0.183190	0.172653	0.177766	0.716934	0.718884	0.717908	15
1.63	0.721399	0.703824	0.712503	0.183464	0.173051	0.178106	0.716650	0.719775	0.718209	15
1.63	0.720781	0.703921	0.712251	0.184066	0.173184	0.178459	0.716063	0.719977	0.718015	15
1.63	0.719994	0.704795	0.712313	0.184200	0.173266	0.178566	0.715658	0.720706	0.718173	15
1.63	0.719077	0.704455	0.711691	0.184517	0.172562	0.178340	0.714747	0.720261	0.717493	15
1.64	0.718092	0.704989	0.711480	0.184984	0.172468	0.178507	0.714410	0.720990	0.717685	15
1.64	0.718231	0.705474	0.711796	0.184663	0.172236	0.178233	0.714532	0.721394	0.717947	15
1.64	0.719500	0.706056	0.712715	0.184436	0.172258	0.178139	0.715854	0.721759	0.718794	15
1.64	0.720740	0.706784	0.713694	0.184272	0.172103	0.177980	0.717325	0.722326	0.719817	15
1.64	0.721796	0.708240	0.714954	0.183926	0.172310	0.177928	0.718216	0.723459	0.720828	15
1.64	0.722305	0.708774	0.715475	0.183761	0.172077	0.177727	0.718702	0.723864	0.721274	15
1.64	0.722458	0.709065	0.715699	0.183758	0.171627	0.177486	0.718769	0.724107	0.721428	15
1.64	0.722626	0.709405	0.715954	0.183982	0.171773	0.177668	0.719073	0.724431	0.721742	15
1.64	0.722535	0.709211	0.715811	0.183596	0.171562	0.177375	0.718992	0.724310	0.721641	15
1.64	0.721873	0.708386	0.715066	0.183208	0.171341	0.177076	0.718230	0.723743	0.720976	15
1.64	0.721346	0.707658	0.714436	0.183076	0.171274	0.176978	0.717649	0.723216	0.720422	15
1.64	0.720443	0.706493	0.713400	0.182660	0.170935	0.176603	0.716448	0.722204	0.719315	15
1.64	0.719903	0.705474	0.712615	0.182618	0.170732	0.176475	0.715679	0.721435	0.718545	15
1.64	0.719208	0.705037	0.712052	0.182553	0.170874	0.176520	0.714923	0.721192	0.718044	15
1.64	0.718091	0.703873	0.710911	0.182531	0.171043	0.176601	0.713344	0.720342	0.716826	15
1.64	0.717638	0.703533	0.710515	0.182792	0.171320	0.176870	0.712534	0.720220	0.716357	15
1.63	0.716934	0.701834	0.709304	0.183466	0.171290	0.177169	0.711630	0.718884	0.715239	15
1.63	0.715596	0.700282	0.707856	0.183907	0.171579	0.177529	0.709882	0.717548	0.713694	15
1.63	0.715051	0.699262	0.707069	0.184102	0.171695	0.177682	0.709126	0.716981	0.713032	15
1.63	0.714456	0.697952	0.706108	0.184075	0.171872	0.177765	0.707797	0.715847	0.711799	15
1.63	0.714456	0.697467	0.705859	0.183337	0.172357	0.177678	0.706947	0.715524	0.711209	15
1.63	0.713227	0.695817	0.704414	0.183291	0.172591	0.177780	0.705246	0.714147	0.709669	15
1.63	0.712864	0.695428	0.704039	0.183392	0.172629	0.177848	0.704639	0.713944	0.709261	15
1.63	0.712658	0.695089	0.703764	0.182902	0.172938	0.177781	0.704173	0.713742	0.708925	15
1.63	0.713361	0.695186	0.704156	0.182696	0.173435	0.177945	0.704976	0.713863	0.709392	15
1.63	0.713532	0.695526	0.704414	0.181879	0.173945	0.177823	0.705293	0.714147	0.709693	15
1.63	0.714150	0.695574	0.704740	0.181627	0.174550	0.178018	0.705853	0.714106	0.709956	15
1.63	0.714222	0.696545	0.705272	0.181125	0.175206	0.178116	0.705907	0.714835	0.710343	15
1.63	0.714748	0.696642	0.705579	0.181276	0.175228	0.178201	0.706272	0.714835	0.710528	15

Thu Sep  9 00:00:25 2021
23.69	0.037991	0.555556	0.071118	0.042357	0.342453	0.075389	0.037809	0.555000	0.070795	47
19.81	0.042702	0.506843	0.078767	0.044271	0.385929	0.079431	0.042643	0.525468	0.078885	47
16.86	0.049574	0.500825	0.090217	0.047282	0.353937	0.083420	0.049962	0.520366	0.091170	47
14.17	0.058198	0.494079	0.104130	0.050059	0.320573	0.086596	0.059643	0.515102	0.106907	47
11.76	0.068491	0.482675	0.119959	0.053290	0.294630	0.090255	0.072038	0.506438	0.126134	47
9.63	0.081410	0.469863	0.138775	0.057062	0.272771	0.094380	0.088690	0.496235	0.150485	47
7.82	0.095945	0.449578	0.158141	0.061021	0.248412	0.097975	0.108548	0.477933	0.176915	47
6.31	0.115152	0.435504	0.182143	0.066400	0.232649	0.103313	0.136072	0.466313	0.210670	47
5.08	0.137358	0.418567	0.206840	0.072264	0.215643	0.108252	0.167797	0.452628	0.244831	47
4.12	0.163187	0.402456	0.232216	0.079468	0.196719	0.113205	0.202850	0.438457	0.277374	47
3.34	0.193317	0.386635	0.257757	0.087585	0.184926	0.118870	0.240206	0.424731	0.306865	47
2.75	0.228307	0.376541	0.284259	0.096593	0.168672	0.122840	0.282467	0.415904	0.336438	47
2.29	0.264006	0.362467	0.305499	0.104145	0.151720	0.123509	0.319039	0.403595	0.356370	46
1.94	0.295915	0.344511	0.318369	0.108742	0.132556	0.119474	0.348402	0.387805	0.367049	46
1.68	0.330395	0.332913	0.331649	0.107346	0.109035	0.108184	0.379667	0.377480	0.378570	45
1.48	0.362823	0.322819	0.341654	0.110857	0.091332	0.100152	0.405444	0.369544	0.386663	45
1.33	0.398390	0.317092	0.353122	0.116944	0.078706	0.094089	0.434348	0.364969	0.396647	43
1.22	0.429761	0.313113	0.362279	0.128235	0.071195	0.091558	0.458622	0.362580	0.404985	41
1.14	0.456465	0.311657	0.370411	0.138238	0.069560	0.092550	0.476452	0.363228	0.412206	37
1.09	0.477452	0.311366	0.376924	0.127253	0.066763	0.087578	0.490712	0.364240	0.418122	36
1.06	0.490760	0.310589	0.380420	0.130425	0.065814	0.087483	0.498475	0.365252	0.421589	31
1.04	0.498162	0.309182	0.381554	0.132900	0.065009	0.087310	0.501943	0.365414	0.422933	29
1.02	0.500515	0.306755	0.380382	0.133981	0.064086	0.086701	0.501795	0.364969	0.422582	25
1.01	0.496967	0.302145	0.375807	0.100231	0.062768	0.077194	0.496464	0.362378	0.418954	22
1.01	0.485543	0.294186	0.366384	0.102049	0.062285	0.077356	0.484925	0.357154	0.411346	21
1.01	0.475639	0.287101	0.358068	0.092231	0.061163	0.073551	0.474586	0.352093	0.404265	17
1.01	0.462238	0.278608	0.347665	0.092498	0.060668	0.073276	0.461063	0.346060	0.395369	17
1.00	0.451826	0.271960	0.339544	0.094433	0.060283	0.073589	0.450738	0.341242	0.388421	13
1.00	0.440152	0.264826	0.330687	0.088597	0.058779	0.070671	0.439118	0.336060	0.380738	12
1.00	0.429990	0.258420	0.322825	0.089448	0.057507	0.070006	0.429171	0.331565	0.374107	9
1.00	0.417798	0.250849	0.313482	0.089309	0.056095	0.068909	0.417308	0.325735	0.365879	9
1.00	0.403025	0.241823	0.302275	0.092240	0.054900	0.068832	0.402772	0.318568	0.355756	9
1.00	0.389451	0.233621	0.292050	0.093995	0.053821	0.068449	0.389330	0.312252	0.346557	8
1.00	0.378934	0.227312	0.284163	0.094798	0.052516	0.067589	0.378803	0.307150	0.339234	7
1.00	0.365806	0.219402	0.274291	0.094857	0.051528	0.066780	0.365657	0.300794	0.330069	7
1.00	0.354755	0.212705	0.265951	0.095580	0.050665	0.066225	0.354685	0.295570	0.322441	7
1.00	0.348094	0.208677	0.260930	0.074397	0.049781	0.059649	0.348044	0.292169	0.317669	6
1.00	0.341375	0.204649	0.255894	0.074682	0.047950	0.058402	0.341323	0.288606	0.312759	6
1.00	0.334791	0.200670	0.250933	0.074372	0.046494	0.057218	0.334764	0.285286	0.308051	6
1.00	0.327692	0.196399	0.245600	0.074377	0.045530	0.056484	0.327678	0.281683	0.302945	5
1.00	0.324561	0.194506	0.243241	0.074032	0.045018	0.055989	0.324561	0.279982	0.300628	5
1.00	0.315896	0.189314	0.236747	0.077570	0.043937	0.056099	0.315896	0.275650	0.294404	5
1.00	0.321888	0.192905	0.241238	0.079058	0.044234	0.056728	0.321888	0.278727	0.298757	5
1.00	0.329743	0.197612	0.247125	0.080962	0.043363	0.056477	0.329743	0.282493	0.304295	5
1.00	0.339380	0.203387	0.254347	0.081686	0.043964	0.057163	0.339380	0.287311	0.311182	5
1.00	0.342457	0.205231	0.256653	0.083061	0.042973	0.056641	0.342457	0.288849	0.313377	5
1.00	0.345615	0.207124	0.259020	0.083432	0.042385	0.056212	0.345615	0.290347	0.315580	5
1.00	0.348611	0.208920	0.261265	0.082488	0.041271	0.055016	0.348611	0.291724	0.317641	5
1.00	0.349421	0.209405	0.261872	0.078121	0.038930	0.051964	0.349421	0.291926	0.318097	5
1.00	0.355737	0.213190	0.266606	0.079714	0.038549	0.051967	0.355737	0.295085	0.322585	5
1.00	0.364159	0.218237	0.272918	0.074032	0.038383	0.050555	0.364159	0.299295	0.328557	5
1.00	0.364969	0.218723	0.273525	0.062607	0.037871	0.047194	0.364969	0.299700	0.329130	5
1.00	0.373472	0.223818	0.279897	0.062361	0.038365	0.047505	0.373472	0.304114	0.335243	5
1.00	0.376873	0.225857	0.282446	0.064698	0.037767	0.047693	0.376873	0.305936	0.337719	4
1.00	0.388453	0.232796	0.291124	0.064365	0.038099	0.047865	0.388453	0.312171	0.346159	4
1.00	0.397279	0.238086	0.297739	0.064271	0.037740	0.047556	0.397279	0.316746	0.352471	4
1.00	0.408211	0.244637	0.305932	0.064324	0.038098	0.047853	0.408211	0.322496	0.360326	4
1.00	0.422544	0.253227	0.316674	0.064332	0.038273	0.047993	0.422544	0.329703	0.370394	4
1.00	0.444085	0.266136	0.332817	0.064508	0.039462	0.048968	0.444085	0.340432	0.385411	4
1.00	0.475261	0.284820	0.356183	0.064858	0.041261	0.050436	0.475261	0.356264	0.407248	4
1.00	0.499636	0.299427	0.374450	0.065088	0.042840	0.051671	0.499636	0.368451	0.424131	4
1.00	0.527168	0.315927	0.395084	0.065415	0.044703	0.053111	0.527168	0.382420	0.443276	4
1.00	0.564453	0.338300	0.423049	0.066072	0.047428	0.055218	0.564459	0.401085	0.468950	5
1.00	0.605197	0.362807	0.453655	0.077389	0.050392	0.061038	0.605150	0.421573	0.496950	5
1.00	0.632082	0.379016	0.473879	0.077812	0.051963	0.062314	0.631994	0.434448	0.514925	5
1.00	0.654988	0.392847	0.491127	0.077294	0.054180	0.063705	0.654911	0.445380	0.530195	5
1.00	0.674672	0.404882	0.506066	0.078617	0.055814	0.065281	0.674549	0.454814	0.543305	5
1.00	0.689753	0.414200	0.517586	0.080807	0.057697	0.067324	0.689489	0.462102	0.553346	5
1.00	0.699830	0.420557	0.525387	0.080973	0.058922	0.068209	0.699368	0.467406	0.560330	5
1.00	0.709875	0.427351	0.533519	0.083052	0.059636	0.069423	0.708964	0.472346	0.566958	5
1.01	0.714125	0.430360	0.537064	0.083616	0.060505	0.070207	0.712973	0.474654	0.569902	5
1.01	0.714435	0.430894	0.537567	0.084123	0.060688	0.070509	0.713054	0.475261	0.570365	5
1.01	0.715250	0.431767	0.538478	0.083960	0.061431	0.070950	0.713621	0.476233	0.571246	5
1.01	0.717337	0.433515	0.540428	0.084308	0.062634	0.071872	0.715402	0.477367	0.572632	5
1.01	0.715811	0.432835	0.539467	0.083164	0.064127	0.072415	0.713701	0.476840	0.571709	5
1.01	0.712590	0.431234	0.537308	0.081388	0.064049	0.071685	0.710260	0.474694	0.569062	5
1.01	0.710086	0.430166	0.535767	0.081272	0.064020	0.071622	0.707426	0.473399	0.567221	5
1.01	0.702586	0.425895	0.530320	0.081524	0.065132	0.072412	0.699652	0.469431	0.561873	5
1.01	0.699856	0.424682	0.528602	0.080312	0.065551	0.072184	0.696575	0.468095	0.559923	5
1.01	0.694946	0.421770	0.524946	0.080088	0.066227	0.072501	0.691554	0.465220	0.556245	5
1.01	0.686945	0.417014	0.518979	0.079919	0.066373	0.072519	0.683416	0.461495	0.550948	5
1.01	0.677592	0.411337	0.511913	0.080287	0.066933	0.073004	0.673941	0.457284	0.544865	5
1.01	0.662216	0.401970	0.500272	0.080159	0.066744	0.072839	0.658434	0.450036	0.534645	5
1.01	0.655421	0.397845	0.495138	0.080561	0.067912	0.073698	0.651551	0.447688	0.530715	5
1.01	0.645827	0.392022	0.487890	0.102331	0.068484	0.082054	0.642009	0.443356	0.524503	6
1.01	0.638216	0.387557	0.482261	0.102470	0.068671	0.082233	0.634424	0.439874	0.519533	6
1.01	0.631423	0.383432	0.477128	0.102623	0.068871	0.082425	0.627703	0.436716	0.515075	6
1.01	0.629603	0.382510	0.475894	0.102947	0.069805	0.083197	0.626029	0.436270	0.514201	6
1.01	0.620257	0.376832	0.468830	0.123315	0.069402	0.088818	0.616838	0.431533	0.507809	7
1.01	0.612705	0.372125	0.463029	0.145058	0.069345	0.093833	0.609361	0.427646	0.502583	8
1.01	0.607962	0.369067	0.459308	0.145190	0.070557	0.094965	0.604853	0.424974	0.499204	8
1.01	0.602527	0.365622	0.455089	0.144872	0.070764	0.095083	0.599576	0.421856	0.495255	8
1.01	0.602960	0.365767	0.455325	0.139671	0.071610	0.094678	0.600062	0.422018	0.495533	8
1.01	0.611280	0.370814	0.461608	0.138839	0.072584	0.095330	0.608443	0.425986	0.501123	8
1.01	0.615397	0.373192	0.464624	0.139614	0.073334	0.096159	0.612695	0.427808	0.503825	8
1.01	0.618495	0.374891	0.466824	0.139333	0.074593	0.097167	0.615893	0.429023	0.505748	8
1.01	0.621648	0.376832	0.469227	0.139453	0.075464	0.097933	0.619011	0.430440	0.507784	8
1.01	0.626541	0.379889	0.472991	0.140043	0.077447	0.099737	0.623870	0.433071	0.511249	8
1.01	0.630454	0.382170	0.475874	0.138872	0.078588	0.100374	0.627905	0.434570	0.513647	8
1.01	0.641348	0.388867	0.484169	0.139034	0.080882	0.102270	0.638945	0.440198	0.521270	8
1.01	0.660273	0.400951	0.498928	0.139370	0.083156	0.104163	0.657624	0.450279	0.534549	8
1.01	0.672891	0.409201	0.508918	0.139329	0.085538	0.106000	0.670000	0.457001	0.543372	8
1.02	0.686350	0.417985	0.519560	0.160111	0.087503	0.113162	0.683348	0.464370	0.552969	9
1.02	0.699554	0.426672	0.530054	0.159843	0.088743	0.114125	0.696467	0.470969	0.561940	9
1.02	0.709459	0.433126	0.537877	0.160135	0.090049	0.115275	0.706279	0.475868	0.568619	9
1.02	0.720908	0.440745	0.547043	0.160186	0.090515	0.115670	0.717723	0.481092	0.576053	9
1.02	0.730040	0.446860	0.554381	0.160042	0.090921	0.115962	0.726752	0.484938	0.581716	9
1.02	0.736405	0.451470	0.559764	0.159952	0.091307	0.116252	0.733109	0.487813	0.585820	9
1.03	0.741765	0.455693	0.564557	0.159681	0.091663	0.116468	0.738305	0.490202	0.589201	9
1.03	0.747555	0.460012	0.569549	0.159896	0.092750	0.117400	0.744014	0.493157	0.593153	9
1.03	0.751968	0.463603	0.573582	0.159137	0.093095	0.117470	0.748171	0.494939	0.595762	9
1.03	0.754163	0.465981	0.576039	0.158693	0.093758	0.117874	0.750169	0.495708	0.596953	9
1.03	0.755172	0.467631	0.577594	0.157401	0.094068	0.117759	0.750951	0.496154	0.597523	9
1.04	0.757938	0.470300	0.580438	0.157229	0.094836	0.118311	0.753232	0.497085	0.598921	9
1.04	0.760748	0.474037	0.584106	0.157037	0.094691	0.118143	0.755311	0.498988	0.600959	9
1.05	0.760868	0.476512	0.586017	0.156434	0.094694	0.117975	0.754798	0.499595	0.601236	9
1.05	0.762682	0.480831	0.589815	0.156307	0.094991	0.118169	0.755473	0.502470	0.603529	9
1.06	0.763695	0.485101	0.593322	0.155917	0.096408	0.119145	0.755459	0.505790	0.605913	9
1.06	0.763364	0.487188	0.594780	0.155286	0.096827	0.119279	0.754380	0.506964	0.606406	9
1.07	0.764062	0.491119	0.597914	0.153816	0.097597	0.119421	0.753853	0.510203	0.608546	9
1.08	0.765171	0.493206	0.599799	0.153334	0.098606	0.120026	0.754717	0.513159	0.610927	9
1.08	0.765240	0.495293	0.601361	0.152883	0.099524	0.120563	0.754299	0.515426	0.612393	9
1.08	0.766786	0.497671	0.603590	0.152794	0.100285	0.121092	0.755662	0.518504	0.615012	9
1.09	0.768428	0.500340	0.606061	0.152103	0.101316	0.121620	0.757106	0.521662	0.617709	9
1.09	0.770500	0.502960	0.608627	0.152277	0.104039	0.123619	0.759063	0.524698	0.620488	9
1.09	0.771030	0.503979	0.609538	0.151566	0.105749	0.124578	0.759481	0.526723	0.622041	9
1.09	0.771310	0.505435	0.610689	0.151743	0.107335	0.125733	0.759495	0.528990	0.623624	9
1.10	0.771525	0.509657	0.613829	0.151781	0.109231	0.127037	0.758536	0.533242	0.626243	9
1.11	0.772651	0.514413	0.617626	0.151699	0.110688	0.127988	0.758563	0.538141	0.629618	9
1.12	0.772299	0.516840	0.619258	0.151209	0.112059	0.128723	0.757619	0.540894	0.631170	9
1.13	0.773555	0.521547	0.623033	0.150960	0.113330	0.129466	0.758186	0.545510	0.634500	9
1.13	0.774113	0.526206	0.626528	0.150286	0.116091	0.130994	0.757538	0.549478	0.636948	9
1.14	0.773057	0.527177	0.626868	0.150329	0.118034	0.132238	0.755594	0.550449	0.636910	9
1.14	0.771558	0.528438	0.627265	0.149809	0.119441	0.132912	0.753475	0.552231	0.637345	9
1.15	0.769280	0.529603	0.627328	0.148942	0.120762	0.133380	0.750358	0.553648	0.637166	9
1.16	0.767150	0.531302	0.627806	0.147536	0.122041	0.133583	0.747388	0.555834	0.637534	9
1.16	0.766848	0.533437	0.629193	0.146323	0.124179	0.134345	0.746201	0.557899	0.638456	9
1.17	0.766953	0.536785	0.631552	0.145311	0.126020	0.134980	0.745445	0.560572	0.639924	9
1.18	0.768150	0.541202	0.635007	0.144397	0.127514	0.135431	0.745539	0.564459	0.642484	9
1.18	0.769357	0.544405	0.637622	0.144249	0.129206	0.136314	0.746201	0.567455	0.644667	9
1.19	0.769430	0.547705	0.639905	0.143768	0.130336	0.136723	0.745553	0.570370	0.646301	9
1.20	0.768450	0.550810	0.641678	0.142980	0.131936	0.137236	0.743920	0.572961	0.647344	9
1.21	0.768606	0.555324	0.644785	0.142430	0.133626	0.137888	0.743313	0.576889	0.649611	9
1.22	0.768715	0.561633	0.649056	0.142057	0.135519	0.138711	0.742152	0.582274	0.652563	9
1.24	0.769826	0.570028	0.655030	0.141580	0.137620	0.139572	0.741936	0.589238	0.656829	9
1.25	0.771920	0.579783	0.662196	0.141365	0.139725	0.140540	0.742867	0.597093	0.662051	9
1.27	0.774350	0.590702	0.670172	0.141402	0.141778	0.141590	0.743866	0.606284	0.668065	9
1.29	0.776484	0.601864	0.678113	0.141274	0.143869	0.142560	0.744406	0.615515	0.673853	9
1.31	0.777956	0.611084	0.684497	0.140863	0.145574	0.143180	0.744311	0.622480	0.677966	9
1.33	0.779719	0.619431	0.690394	0.140518	0.147141	0.143753	0.744689	0.629120	0.682043	9
1.34	0.780325	0.627827	0.695818	0.140055	0.148677	0.144237	0.744635	0.635679	0.685857	9
1.36	0.781931	0.635495	0.701149	0.140318	0.149984	0.144990	0.745661	0.641914	0.689909	9
1.37	0.781893	0.640396	0.704106	0.140141	0.150763	0.145258	0.745458	0.646085	0.692223	9
1.37	0.781864	0.642725	0.705500	0.140073	0.151036	0.145348	0.745229	0.648393	0.693446	9
1.37	0.782727	0.644764	0.707078	0.140481	0.151417	0.145744	0.746498	0.651429	0.695731	9
1.38	0.783027	0.647481	0.708833	0.140489	0.151907	0.145975	0.746916	0.654547	0.697687	9
1.38	0.782018	0.648355	0.708941	0.141021	0.152281	0.146435	0.746417	0.656369	0.698503	10
1.38	0.780434	0.646511	0.707188	0.140872	0.152460	0.146437	0.745405	0.655600	0.697624	10
1.38	0.779593	0.643696	0.705157	0.141034	0.152390	0.146492	0.745081	0.654344	0.696771	10
1.38	0.778719	0.642483	0.704071	0.141006	0.152398	0.146481	0.744406	0.653697	0.696109	10
1.38	0.778510	0.642386	0.703927	0.140714	0.152327	0.146290	0.744230	0.653940	0.696170	10
1.37	0.778472	0.640542	0.702803	0.140444	0.152780	0.146353	0.744068	0.652684	0.695387	10
1.38	0.778452	0.641658	0.703466	0.140535	0.153421	0.146695	0.744149	0.653737	0.696019	10
1.38	0.778638	0.643890	0.704882	0.140506	0.153407	0.146673	0.744554	0.655600	0.697251	10
1.39	0.779492	0.647433	0.707351	0.140372	0.153858	0.146806	0.745337	0.658515	0.699241	10
1.40	0.781194	0.653548	0.711692	0.140239	0.154819	0.147168	0.746700	0.663536	0.702666	10
1.41	0.781093	0.658012	0.714289	0.140079	0.155439	0.147360	0.746673	0.667261	0.704737	10
1.42	0.782160	0.665098	0.718894	0.140352	0.156277	0.147887	0.747604	0.673091	0.708394	10
1.43	0.781937	0.670145	0.721737	0.140305	0.156750	0.148072	0.747834	0.677342	0.710845	10
1.44	0.781222	0.675143	0.724319	0.139803	0.157094	0.147945	0.747226	0.681027	0.712592	10
1.46	0.781787	0.682423	0.728733	0.139614	0.157767	0.148136	0.748671	0.686533	0.716257	10
1.47	0.781512	0.687227	0.731343	0.139411	0.158243	0.148231	0.748441	0.690056	0.718064	10
1.47	0.780476	0.689459	0.732150	0.139237	0.158445	0.148222	0.747456	0.691554	0.718419	10
1.48	0.780382	0.691498	0.733256	0.139146	0.158715	0.148288	0.748171	0.693133	0.719601	10
1.48	0.780401	0.692954	0.734082	0.138882	0.158909	0.148222	0.748522	0.694186	0.720331	10
1.48	0.779975	0.692954	0.733894	0.138621	0.158976	0.148103	0.747874	0.693659	0.719747	10
1.48	0.780109	0.692808	0.733871	0.138117	0.159174	0.147900	0.747685	0.693174	0.719398	10
1.48	0.780497	0.693342	0.734342	0.137981	0.159273	0.147864	0.747969	0.693174	0.719530	10
1.48	0.781030	0.694118	0.735014	0.137678	0.159485	0.147782	0.748495	0.693174	0.719773	10
1.49	0.782116	0.696108	0.736610	0.137691	0.159769	0.147911	0.749669	0.694064	0.720796	10
1.49	0.782211	0.696496	0.736869	0.137511	0.159820	0.147828	0.749480	0.693740	0.720534	11
1.48	0.782395	0.696205	0.736788	0.137284	0.159911	0.147736	0.749170	0.693012	0.719997	11
1.48	0.781915	0.694943	0.735868	0.137123	0.159769	0.147582	0.748333	0.691635	0.718868	11
1.48	0.781626	0.693245	0.734787	0.136828	0.159644	0.147358	0.747658	0.690096	0.717725	11
1.48	0.781601	0.692274	0.734231	0.136591	0.159566	0.147187	0.747483	0.689125	0.717119	11
1.48	0.781188	0.692856	0.734376	0.136491	0.159649	0.147165	0.747213	0.689610	0.717257	11
1.48	0.780313	0.693633	0.734424	0.136562	0.159806	0.147272	0.747240	0.691311	0.718188	11
1.49	0.779157	0.694458	0.734373	0.136702	0.159880	0.147385	0.746957	0.692607	0.718756	11
1.49	0.778134	0.694264	0.733810	0.136670	0.159822	0.147342	0.746619	0.693174	0.718904	11
1.49	0.775874	0.694506	0.732939	0.136321	0.159931	0.147185	0.745742	0.694429	0.719171	11
1.50	0.772659	0.695040	0.731797	0.136419	0.160132	0.147327	0.744028	0.695967	0.719196	11
1.51	0.768901	0.695914	0.730589	0.136441	0.160291	0.147408	0.741801	0.697627	0.719036	11
1.52	0.765885	0.697273	0.729970	0.136273	0.160256	0.147295	0.740519	0.699976	0.719677	11
1.53	0.763004	0.697612	0.728844	0.136165	0.160317	0.147257	0.738751	0.700988	0.719374	11
1.53	0.759645	0.698486	0.727783	0.135781	0.160255	0.147006	0.736632	0.702162	0.718984	11
1.54	0.757324	0.699990	0.727529	0.135608	0.160481	0.147000	0.735363	0.704025	0.719353	11
1.55	0.756022	0.700621	0.727268	0.135491	0.160614	0.146987	0.734783	0.704794	0.719476	11
1.55	0.754208	0.700184	0.726193	0.135165	0.160736	0.146846	0.733379	0.704632	0.718718	11
1.55	0.754421	0.701883	0.727204	0.134757	0.161533	0.146935	0.733595	0.705563	0.719306	11
1.55	0.755727	0.702805	0.728306	0.134299	0.161857	0.146796	0.734661	0.705928	0.720008	11
1.55	0.758024	0.703727	0.729867	0.133897	0.162140	0.146672	0.736510	0.706211	0.721043	11
1.54	0.760392	0.703970	0.731094	0.133438	0.162617	0.146589	0.738090	0.705685	0.721523	11
1.54	0.762851	0.704358	0.732438	0.133175	0.162833	0.146518	0.739925	0.705401	0.722251	11
1.54	0.765743	0.705765	0.734532	0.132843	0.163001	0.146385	0.742125	0.705725	0.723467	11
1.54	0.768558	0.707464	0.736746	0.132884	0.163197	0.146489	0.744230	0.706454	0.724850	11
1.53	0.769994	0.707852	0.737617	0.132757	0.163344	0.146471	0.745013	0.706333	0.725157	11
1.53	0.771656	0.708968	0.738985	0.132762	0.163590	0.146573	0.746322	0.707021	0.726140	10
1.53	0.772792	0.710424	0.740297	0.132704	0.163843	0.146638	0.747227	0.707790	0.726974	11
1.54	0.773686	0.711734	0.741419	0.132917	0.164018	0.146838	0.747955	0.708762	0.727831	11
1.53	0.775545	0.711637	0.742218	0.133128	0.164027	0.146971	0.749197	0.708316	0.728183	11
1.53	0.776672	0.711880	0.742866	0.133229	0.164262	0.147127	0.749764	0.708559	0.728580	11
1.53	0.777213	0.712074	0.743219	0.133350	0.164327	0.147227	0.750317	0.708924	0.729033	11
1.53	0.777784	0.712220	0.743559	0.133459	0.164466	0.147349	0.751033	0.709369	0.729607	11
1.53	0.778231	0.712365	0.743843	0.133567	0.164598	0.147468	0.751383	0.709531	0.729858	11
1.53	0.778107	0.713045	0.744157	0.133674	0.164699	0.147574	0.751559	0.709936	0.730155	11
1.53	0.778160	0.713773	0.744577	0.133766	0.164826	0.147681	0.751694	0.710422	0.730475	12
1.53	0.778607	0.713918	0.744861	0.133854	0.164837	0.147738	0.752160	0.710543	0.730759	12
1.53	0.779315	0.713433	0.744920	0.133931	0.164823	0.147780	0.752591	0.710260	0.730813	12

Thu Sep  9 01:09:20 2021
25.06	0.042897	0.663580	0.080585	0.044082	0.361131	0.078573	0.042329	0.680000	0.079696	47
21.01	0.038466	0.484325	0.071271	0.039113	0.450266	0.071974	0.037686	0.519192	0.070271	47
17.77	0.042928	0.457100	0.078484	0.041454	0.388596	0.074916	0.041936	0.493927	0.077308	47
14.83	0.047962	0.426381	0.086226	0.043921	0.341966	0.077844	0.046913	0.466192	0.085248	47
12.15	0.054607	0.397700	0.096029	0.047143	0.282914	0.080819	0.053819	0.439955	0.095906	47
9.85	0.062256	0.367466	0.106473	0.050252	0.229567	0.082455	0.062016	0.412705	0.107829	47
7.90	0.071439	0.338154	0.117958	0.053813	0.194250	0.084278	0.073385	0.387400	0.123395	47
6.29	0.082162	0.309813	0.129880	0.056294	0.155163	0.082615	0.087565	0.362823	0.141081	47
4.98	0.095904	0.286324	0.143682	0.059750	0.124371	0.080721	0.105963	0.342295	0.161829	47
3.92	0.112826	0.264971	0.158263	0.063008	0.102885	0.078154	0.127766	0.323387	0.183165	47
3.08	0.132680	0.245123	0.172169	0.066460	0.086074	0.075006	0.149947	0.305612	0.201184	47
2.45	0.157135	0.230273	0.186800	0.070495	0.075327	0.072831	0.174636	0.291967	0.218549	47
1.99	0.183116	0.218432	0.199221	0.074647	0.060346	0.066739	0.200668	0.282250	0.234568	46
1.66	0.205345	0.204698	0.205021	0.073883	0.054303	0.062598	0.218220	0.270832	0.241696	46
1.43	0.231061	0.198340	0.213454	0.074724	0.052046	0.061356	0.239006	0.266094	0.251824	46
1.29	0.249827	0.192517	0.217459	0.078291	0.049109	0.060358	0.254388	0.261681	0.257983	46
1.19	0.264694	0.188392	0.220118	0.081731	0.047096	0.059757	0.266348	0.259333	0.262794	46
1.12	0.277440	0.185965	0.222674	0.082656	0.046000	0.059106	0.277543	0.258401	0.267631	46
1.08	0.284588	0.183878	0.223408	0.089327	0.045432	0.060231	0.284423	0.257916	0.270522	45
1.05	0.291017	0.183781	0.225289	0.094522	0.044632	0.060634	0.291324	0.259009	0.274218	42
1.04	0.300367	0.186742	0.230302	0.095535	0.043548	0.059826	0.300986	0.263139	0.280793	41
1.03	0.303556	0.186839	0.231308	0.095865	0.041231	0.057662	0.304272	0.264718	0.283120	39
1.02	0.304389	0.186111	0.230989	0.095029	0.040655	0.056947	0.304910	0.265204	0.283674	38
1.01	0.306710	0.186548	0.231993	0.092049	0.038331	0.054124	0.306643	0.266945	0.285420	34
1.01	0.308640	0.187227	0.233070	0.099026	0.037953	0.054874	0.308600	0.269172	0.287540	32
1.01	0.309510	0.187470	0.233506	0.099342	0.037656	0.054611	0.309528	0.270062	0.288452	31
1.01	0.310724	0.187858	0.234152	0.098995	0.037016	0.053884	0.310519	0.271237	0.289552	28
1.01	0.313495	0.189168	0.235956	0.099936	0.037244	0.054265	0.313183	0.273099	0.291771	26
1.00	0.314500	0.189362	0.236392	0.101596	0.036852	0.054086	0.314081	0.273787	0.292553	25
1.00	0.314816	0.189217	0.236367	0.098631	0.035947	0.052690	0.314391	0.273868	0.292734	23
1.00	0.312581	0.187615	0.234488	0.087464	0.034755	0.049744	0.312319	0.272654	0.291142	22
1.00	0.305333	0.183102	0.228923	0.087692	0.033118	0.048079	0.305207	0.269010	0.285967	18
1.00	0.296308	0.177618	0.222101	0.069137	0.031894	0.043651	0.296259	0.264596	0.279534	14
1.00	0.286154	0.171503	0.214468	0.070504	0.029887	0.041979	0.286137	0.259414	0.272121	12
1.00	0.275385	0.165049	0.206396	0.063844	0.027602	0.038542	0.275366	0.254029	0.264268	10
1.00	0.266823	0.159905	0.199970	0.061868	0.025883	0.036498	0.266823	0.249696	0.257976	8
1.00	0.260183	0.155925	0.194993	0.059210	0.025023	0.035179	0.260183	0.246376	0.253091	7
1.00	0.255000	0.152820	0.191109	0.066280	0.024200	0.035455	0.255000	0.243744	0.249245	7
1.00	0.252004	0.151024	0.188864	0.068956	0.023754	0.035336	0.252004	0.242246	0.247029	7
1.00	0.248603	0.148986	0.186315	0.044499	0.023081	0.030396	0.248603	0.240424	0.244445	5
1.00	0.246012	0.147433	0.184373	0.048637	0.022781	0.031029	0.246012	0.239048	0.242480	5
1.00	0.243987	0.146220	0.182855	0.045426	0.022554	0.030142	0.243987	0.238035	0.240975	5
1.00	0.242368	0.145249	0.181642	0.035342	0.022363	0.027393	0.242368	0.237185	0.239748	4
1.00	0.240829	0.144327	0.180489	0.035822	0.022188	0.027403	0.240829	0.236416	0.238602	4
1.00	0.239291	0.143405	0.179335	0.035569	0.022013	0.027195	0.239291	0.235647	0.237455	4
1.00	0.238238	0.142774	0.178547	0.035160	0.021906	0.026994	0.238238	0.235120	0.236669	3
1.00	0.237266	0.142192	0.177818	0.033528	0.021821	0.026436	0.237266	0.234634	0.235943	3
1.00	0.236618	0.141803	0.177333	0.034147	0.021745	0.026570	0.236618	0.234310	0.235459	3
1.00	0.235566	0.141172	0.176544	0.033575	0.021638	0.026316	0.235566	0.233784	0.234671	3
1.00	0.234918	0.140784	0.176058	0.034417	0.021562	0.026514	0.234918	0.233460	0.234187	3
1.00	0.234999	0.140833	0.176119	0.034902	0.021566	0.026659	0.234999	0.233501	0.234247	3
1.00	0.234999	0.140833	0.176119	0.035235	0.021566	0.026756	0.234999	0.233501	0.234247	3
1.00	0.234999	0.140833	0.176119	0.035235	0.021566	0.026756	0.234999	0.233501	0.234247	3
1.00	0.235161	0.140930	0.176240	0.035773	0.021573	0.026915	0.235161	0.233582	0.234369	3
1.00	0.235242	0.140978	0.176301	0.035844	0.021577	0.026938	0.235242	0.233622	0.234429	3
1.00	0.235809	0.141318	0.176726	0.036877	0.021621	0.027260	0.235809	0.233906	0.234853	3
1.00	0.236294	0.141609	0.177090	0.036139	0.021667	0.027091	0.236294	0.234149	0.235217	3
1.00	0.237266	0.142192	0.177818	0.036383	0.021726	0.027206	0.237266	0.234594	0.235922	3
1.00	0.239372	0.143453	0.179396	0.038135	0.021843	0.027776	0.239372	0.235647	0.237495	3
1.00	0.244878	0.146753	0.183523	0.040208	0.022125	0.028544	0.244878	0.238400	0.241596	3
1.00	0.257085	0.154081	0.192681	0.041983	0.022713	0.029478	0.257065	0.244433	0.250590	3
1.00	0.280071	0.167912	0.209951	0.043017	0.023816	0.030658	0.279982	0.255810	0.267351	3
1.00	0.314078	0.188392	0.235515	0.043775	0.025438	0.032178	0.313912	0.272654	0.291832	3
1.00	0.354776	0.213045	0.266222	0.044148	0.027383	0.033801	0.354482	0.292331	0.320421	3
1.00	0.396916	0.238620	0.298054	0.044352	0.029667	0.035553	0.396591	0.313386	0.350113	3
1.00	0.440761	0.265214	0.331162	0.044504	0.032563	0.037608	0.440522	0.334481	0.380246	3
1.00	0.501572	0.301951	0.376965	0.044957	0.037013	0.040600	0.501579	0.364726	0.422343	3
1.01	0.551763	0.332622	0.415042	0.045217	0.040622	0.042796	0.552069	0.389667	0.456865	3
1.01	0.582200	0.351111	0.438047	0.045554	0.043010	0.044245	0.582719	0.404446	0.477485	3
1.01	0.599083	0.361497	0.450908	0.045699	0.044462	0.045072	0.599806	0.412948	0.489139	3
1.01	0.618553	0.373095	0.465446	0.045816	0.046256	0.046035	0.619362	0.422423	0.502278	4
1.01	0.639720	0.385956	0.481446	0.045948	0.048004	0.046954	0.640700	0.433031	0.516783	3
1.01	0.653339	0.394109	0.491645	0.067309	0.049212	0.056856	0.654385	0.439550	0.525872	5
1.01	0.663581	0.400126	0.499228	0.060256	0.050271	0.054812	0.664629	0.443761	0.532189	5
1.01	0.668866	0.403378	0.503254	0.059468	0.050706	0.054738	0.669973	0.445907	0.535444	6
1.01	0.673451	0.406241	0.506780	0.057802	0.051069	0.054227	0.674630	0.447526	0.538097	6
1.01	0.675832	0.407939	0.508776	0.057527	0.051618	0.054412	0.677140	0.449146	0.540066	6
1.01	0.678901	0.410220	0.511420	0.058036	0.052102	0.054909	0.680419	0.451049	0.542485	6
1.01	0.678677	0.410414	0.511507	0.058465	0.052121	0.055111	0.680339	0.451089	0.542489	6
1.01	0.680703	0.411870	0.513213	0.060076	0.052827	0.056218	0.682484	0.452182	0.543961	6
1.01	0.684122	0.414006	0.515842	0.060204	0.053573	0.056695	0.685966	0.453964	0.546356	6
1.01	0.684544	0.414394	0.516264	0.058891	0.053991	0.056335	0.686452	0.455017	0.547272	6
1.01	0.682292	0.413229	0.514719	0.058923	0.054432	0.056588	0.684266	0.455421	0.546868	6
1.01	0.675879	0.409444	0.509958	0.058713	0.054383	0.056466	0.677828	0.453397	0.543349	6
1.01	0.673897	0.408570	0.508716	0.060275	0.054442	0.057210	0.675939	0.452911	0.542393	6
1.01	0.672986	0.408279	0.508231	0.061837	0.054648	0.058020	0.675102	0.453114	0.542268	6
1.01	0.671198	0.407357	0.507007	0.062263	0.054702	0.058238	0.673334	0.452749	0.541437	6
1.01	0.671278	0.407406	0.507067	0.062123	0.054831	0.058249	0.673415	0.452871	0.541550	6
1.01	0.672822	0.408473	0.508334	0.083991	0.054953	0.066438	0.675007	0.453599	0.542586	7
1.01	0.677133	0.411288	0.511744	0.084955	0.055324	0.067010	0.679407	0.455624	0.545455	7
1.01	0.677710	0.411967	0.512435	0.085762	0.055659	0.067506	0.680082	0.456191	0.546079	7
1.02	0.674930	0.410900	0.510814	0.086586	0.055496	0.067640	0.677504	0.455705	0.544899	7
1.02	0.671734	0.409541	0.508849	0.087107	0.055591	0.067869	0.674508	0.454976	0.543407	7
1.02	0.667832	0.407745	0.506343	0.088852	0.055562	0.068370	0.670783	0.453761	0.541331	7
1.02	0.665290	0.406581	0.504714	0.089548	0.055628	0.068626	0.668300	0.452790	0.539831	7
1.02	0.663281	0.405610	0.503388	0.091379	0.055597	0.069133	0.666302	0.452061	0.538661	7
1.02	0.662781	0.405659	0.503281	0.092933	0.055729	0.069676	0.665857	0.452304	0.538688	7
1.02	0.662077	0.405998	0.503339	0.093432	0.055757	0.069837	0.665371	0.452911	0.538959	7
1.02	0.660661	0.405707	0.502706	0.094340	0.055811	0.070132	0.664102	0.452628	0.538342	7
1.03	0.663879	0.408425	0.505724	0.116536	0.056302	0.075924	0.667490	0.454855	0.541030	8
1.03	0.666273	0.410706	0.508166	0.117652	0.056717	0.076538	0.669987	0.456596	0.543082	8
1.03	0.667321	0.412453	0.509807	0.118960	0.057082	0.077146	0.671093	0.458175	0.544562	8
1.03	0.667502	0.413569	0.510712	0.118637	0.057398	0.077365	0.671525	0.459146	0.545390	8
1.04	0.669194	0.415559	0.512724	0.119133	0.057874	0.077903	0.673185	0.460523	0.546909	8
1.04	0.673255	0.419878	0.517201	0.119616	0.058400	0.078482	0.677194	0.463924	0.550629	8
1.05	0.676528	0.423954	0.521257	0.120108	0.058805	0.078954	0.680257	0.467163	0.553923	8
1.05	0.680531	0.427982	0.525488	0.120111	0.059588	0.079657	0.684091	0.470362	0.557442	8
1.05	0.685842	0.432787	0.530691	0.120410	0.060531	0.080562	0.689206	0.474168	0.561813	8
1.06	0.690767	0.436766	0.535157	0.119822	0.061117	0.080946	0.693821	0.477124	0.565421	8
1.06	0.693492	0.439532	0.538050	0.119541	0.061638	0.081337	0.696399	0.479432	0.567898	8
1.06	0.696768	0.442590	0.541327	0.119495	0.062198	0.081812	0.699355	0.481780	0.570528	8
1.06	0.699962	0.445841	0.544721	0.119631	0.062952	0.082494	0.702041	0.484290	0.573181	8
1.07	0.701680	0.448025	0.546871	0.119385	0.063826	0.083182	0.703404	0.485910	0.574770	8
1.07	0.706511	0.452344	0.551555	0.140417	0.065365	0.089204	0.707804	0.489513	0.578759	9
1.07	0.708899	0.456178	0.555129	0.140069	0.066338	0.090034	0.709261	0.492752	0.581508	9
1.08	0.709917	0.458556	0.557200	0.140030	0.066839	0.090487	0.709680	0.494817	0.583085	9
1.08	0.708311	0.458653	0.556776	0.139547	0.067509	0.090997	0.707763	0.494817	0.582437	9
1.08	0.709367	0.460885	0.558746	0.139174	0.068723	0.092012	0.708195	0.496761	0.583928	9
1.09	0.709103	0.461953	0.559448	0.139175	0.069675	0.092861	0.707439	0.497895	0.584452	9
1.09	0.707422	0.461613	0.558675	0.138945	0.069833	0.092950	0.705577	0.497611	0.583621	9
1.09	0.704601	0.460012	0.556622	0.138681	0.069738	0.092806	0.702688	0.496518	0.581881	9
1.09	0.701541	0.459478	0.555275	0.138357	0.069436	0.092467	0.699476	0.496032	0.580444	9
1.10	0.700399	0.460157	0.555412	0.138406	0.069511	0.092544	0.697668	0.496882	0.580401	9
1.10	0.693935	0.456954	0.551046	0.138320	0.068838	0.091927	0.690515	0.494129	0.576044	9
1.10	0.688148	0.454479	0.547421	0.138385	0.068943	0.092034	0.684158	0.492550	0.572754	9
1.10	0.686500	0.454091	0.546618	0.138207	0.069526	0.092512	0.682147	0.492550	0.572048	9
1.11	0.684575	0.455110	0.546742	0.137986	0.069299	0.092263	0.679151	0.493360	0.571536	9
1.11	0.680808	0.453266	0.544210	0.137946	0.068562	0.091598	0.675035	0.491983	0.569153	9
1.11	0.679145	0.453412	0.543783	0.137893	0.068905	0.091892	0.672686	0.492348	0.568559	9
1.11	0.675627	0.451325	0.541154	0.137832	0.068570	0.091580	0.668799	0.490971	0.566252	9
1.12	0.674832	0.451907	0.541317	0.137754	0.068782	0.091752	0.667206	0.491538	0.566056	9
1.12	0.674803	0.452150	0.541481	0.137940	0.069351	0.092298	0.666869	0.492024	0.566257	9
1.12	0.675170	0.453412	0.542504	0.158457	0.069840	0.096950	0.666599	0.492955	0.566775	10
1.12	0.677331	0.456178	0.545180	0.158218	0.071389	0.098385	0.668138	0.495425	0.568963	10
1.13	0.681220	0.461904	0.550523	0.158013	0.073187	0.100039	0.670540	0.500243	0.573006	10
1.14	0.683460	0.465447	0.553769	0.158021	0.074628	0.101378	0.671687	0.503320	0.575441	10
1.14	0.686726	0.470737	0.558579	0.157807	0.077211	0.103690	0.673455	0.507936	0.579101	10
1.15	0.689274	0.474959	0.562390	0.157945	0.079101	0.105411	0.674603	0.511701	0.581967	10
1.16	0.693880	0.482578	0.569253	0.157237	0.080943	0.106871	0.677383	0.518382	0.587311	10
1.17	0.698615	0.489566	0.575701	0.156114	0.082810	0.108217	0.680716	0.524658	0.592585	10
1.18	0.702483	0.495584	0.581168	0.155704	0.084600	0.109633	0.683713	0.530124	0.597201	10
1.18	0.705548	0.499903	0.585184	0.155695	0.086079	0.110864	0.686169	0.534173	0.600705	10
1.19	0.709231	0.504853	0.589840	0.155424	0.087419	0.111900	0.689314	0.539072	0.605005	10
1.20	0.716447	0.514753	0.599079	0.155112	0.089212	0.113275	0.695414	0.547777	0.612829	10
1.21	0.723190	0.523634	0.607442	0.155435	0.092021	0.115603	0.701393	0.555430	0.619935	10
1.22	0.729225	0.532321	0.615406	0.154767	0.092989	0.116176	0.706427	0.562880	0.626536	10
1.23	0.733298	0.538532	0.621002	0.154759	0.094359	0.117237	0.709923	0.568143	0.631169	10
1.23	0.737312	0.544987	0.626727	0.154513	0.096124	0.118517	0.713499	0.573812	0.636077	10
1.24	0.741190	0.551199	0.632229	0.154343	0.097245	0.119314	0.717251	0.579561	0.641096	10
1.25	0.746356	0.559060	0.639272	0.154097	0.098318	0.120044	0.721934	0.586039	0.646927	10
1.26	0.750756	0.566146	0.645511	0.153738	0.098779	0.120278	0.726294	0.592437	0.652572	10
1.27	0.755077	0.573765	0.652052	0.155947	0.099043	0.121146	0.730774	0.599158	0.658453	10
1.28	0.758295	0.580074	0.657318	0.155846	0.099252	0.121271	0.734324	0.604583	0.663168	10
1.29	0.761549	0.588033	0.663636	0.155696	0.100476	0.122134	0.738062	0.611143	0.668633	10
1.30	0.765182	0.596186	0.670195	0.155793	0.102089	0.123349	0.741571	0.617823	0.674065	10
1.31	0.766597	0.601864	0.674315	0.155642	0.102661	0.123718	0.743245	0.622642	0.677619	10
1.32	0.767133	0.606231	0.677257	0.155611	0.103270	0.124149	0.743947	0.626164	0.679993	10
1.33	0.769395	0.612686	0.682156	0.177086	0.104763	0.131646	0.746471	0.631833	0.684384	11
1.34	0.770960	0.617636	0.685833	0.177085	0.105418	0.132161	0.748090	0.635841	0.687413	11
1.34	0.771277	0.620547	0.687750	0.176873	0.105412	0.132097	0.748306	0.638189	0.688875	11
1.35	0.770934	0.621955	0.688477	0.176741	0.105863	0.132414	0.747847	0.639444	0.689411	12
1.35	0.770815	0.623168	0.689172	0.176715	0.106118	0.132606	0.748063	0.640659	0.690208	12
1.35	0.770170	0.624478	0.689714	0.176610	0.106255	0.132683	0.747348	0.641833	0.690583	12
1.36	0.770126	0.626274	0.690790	0.176519	0.106798	0.133080	0.747456	0.643493	0.691589	12
1.36	0.769331	0.628167	0.691619	0.176393	0.106103	0.132503	0.746876	0.645113	0.692275	12
1.37	0.768113	0.628700	0.691450	0.176259	0.105692	0.132144	0.745782	0.645599	0.692084	12
1.37	0.766119	0.629671	0.691226	0.175734	0.105807	0.132087	0.744028	0.646530	0.691861	12
1.38	0.764976	0.630884	0.691489	0.175686	0.106090	0.132293	0.743137	0.647704	0.692147	12
1.38	0.763538	0.630884	0.690901	0.165039	0.106384	0.129374	0.741437	0.647947	0.691546	12
1.38	0.761734	0.630059	0.689668	0.164784	0.106492	0.129376	0.739439	0.647502	0.690423	12
1.38	0.760853	0.630253	0.689423	0.164708	0.107299	0.129946	0.738144	0.647826	0.690042	12
1.38	0.759085	0.629525	0.688261	0.164299	0.107870	0.130235	0.735888	0.647340	0.688780	12
1.38	0.757618	0.628603	0.687107	0.160395	0.107944	0.129044	0.733850	0.646611	0.687474	12
1.38	0.757067	0.627778	0.686387	0.158665	0.109086	0.129285	0.733108	0.646652	0.687171	12
1.38	0.756397	0.626856	0.685561	0.158613	0.109365	0.129464	0.732163	0.646125	0.686459	12
1.38	0.756639	0.626322	0.685341	0.161887	0.110510	0.131353	0.732447	0.646004	0.686515	12
1.38	0.756873	0.625303	0.684826	0.166585	0.111740	0.133759	0.732393	0.645437	0.686171	12
1.38	0.756401	0.625061	0.684487	0.167221	0.112556	0.134548	0.731569	0.645194	0.685672	12
1.38	0.756410	0.625692	0.684869	0.166938	0.112881	0.134688	0.731677	0.645761	0.686040	12
1.38	0.755781	0.624915	0.684146	0.166200	0.113757	0.135067	0.730409	0.645113	0.685116	12
1.38	0.755990	0.624721	0.684115	0.165100	0.115489	0.135909	0.730287	0.645032	0.685017	12
1.38	0.756411	0.625546	0.684782	0.164825	0.116204	0.136309	0.730490	0.645720	0.685494	12
1.38	0.757024	0.627633	0.686283	0.165183	0.117731	0.137478	0.731165	0.647542	0.686817	12
1.39	0.758564	0.629719	0.688163	0.164167	0.119393	0.138245	0.732501	0.649445	0.688477	12
1.39	0.760717	0.632097	0.690469	0.163835	0.120591	0.138926	0.734943	0.651510	0.690717	12
1.39	0.761541	0.634039	0.691965	0.163075	0.121524	0.139266	0.736064	0.653211	0.692167	12
1.39	0.761980	0.635106	0.692782	0.162712	0.122060	0.139484	0.736563	0.654142	0.692910	12
1.39	0.762621	0.637047	0.694201	0.163373	0.122497	0.140012	0.737494	0.655640	0.694162	12
1.40	0.763083	0.638989	0.695544	0.163435	0.124606	0.141403	0.738304	0.657219	0.695406	12
1.40	0.763443	0.642143	0.697559	0.161589	0.125806	0.141470	0.739249	0.659730	0.697229	12
1.41	0.764132	0.646171	0.700218	0.160803	0.127782	0.142403	0.740733	0.663090	0.699765	12
1.42	0.763708	0.648889	0.701632	0.160795	0.129775	0.143630	0.740909	0.665358	0.701104	12
1.43	0.764646	0.653062	0.704463	0.160470	0.130668	0.144044	0.742110	0.668354	0.703303	12
1.43	0.765048	0.657527	0.707224	0.160511	0.132328	0.145064	0.742960	0.671957	0.705677	12
1.44	0.765083	0.660342	0.708864	0.183770	0.133158	0.154423	0.743298	0.674063	0.706989	13
1.45	0.764640	0.662186	0.709734	0.183050	0.133566	0.154441	0.743001	0.675561	0.707678	13
1.45	0.764210	0.664855	0.711079	0.182314	0.133974	0.154450	0.742663	0.677464	0.708567	13
1.46	0.764173	0.667233	0.712420	0.181526	0.134507	0.154519	0.742312	0.679164	0.709336	13
1.46	0.765028	0.671358	0.715139	0.182408	0.136074	0.155871	0.743311	0.682444	0.711578	13
1.47	0.765357	0.674173	0.716877	0.183168	0.136749	0.156591	0.744107	0.684833	0.713241	13
1.47	0.765090	0.676017	0.717801	0.183072	0.137343	0.156944	0.743824	0.686331	0.713922	13
1.48	0.765341	0.677278	0.718622	0.183779	0.137374	0.157224	0.744121	0.687384	0.714628	13
1.48	0.765514	0.678880	0.719599	0.182809	0.138809	0.157799	0.744202	0.688760	0.715409	13
1.48	0.766237	0.680190	0.720654	0.183616	0.140657	0.159291	0.744931	0.690015	0.716422	13
1.48	0.766474	0.681889	0.721711	0.182666	0.141778	0.159645	0.745025	0.691594	0.717316	13
1.48	0.766730	0.682229	0.722015	0.181175	0.143300	0.160027	0.745039	0.692080	0.717584	13
1.48	0.766661	0.681646	0.721659	0.181723	0.144694	0.161109	0.744553	0.691918	0.717271	13
1.48	0.766483	0.680967	0.721199	0.181701	0.145464	0.161576	0.744040	0.691513	0.716816	13
1.48	0.766065	0.679220	0.720033	0.180731	0.146066	0.161560	0.742974	0.690299	0.715668	13
1.48	0.765509	0.677909	0.719051	0.180205	0.146658	0.161710	0.741800	0.689287	0.714580	13
1.47	0.764922	0.676017	0.717727	0.180083	0.146893	0.161804	0.741206	0.688234	0.713738	13
1.47	0.764314	0.674367	0.716529	0.179870	0.148068	0.162427	0.740099	0.687343	0.712746	13
1.47	0.763437	0.673445	0.715623	0.179681	0.148519	0.162620	0.739073	0.686817	0.711987	13
1.47	0.763235	0.672377	0.714931	0.180193	0.149420	0.163370	0.738587	0.686371	0.711523	13
1.47	0.762448	0.671018	0.713817	0.180029	0.148915	0.163000	0.737744	0.685521	0.710674	14
1.47	0.762275	0.670533	0.713467	0.179889	0.148493	0.162690	0.737272	0.685116	0.710238	14
1.47	0.761726	0.670678	0.713309	0.179026	0.148315	0.162230	0.736799	0.685238	0.710084	14
1.47	0.761402	0.671649	0.713715	0.179641	0.149655	0.163283	0.736651	0.686331	0.710601	14
1.47	0.761205	0.671698	0.713656	0.179329	0.149110	0.162830	0.736408	0.686452	0.710553	14
1.48	0.760836	0.672959	0.714205	0.179466	0.149505	0.163121	0.735611	0.687546	0.710767	14
1.48	0.760705	0.674173	0.714830	0.178761	0.149198	0.162647	0.735578	0.688679	0.711356	14
1.48	0.760081	0.675095	0.715071	0.179116	0.149512	0.162981	0.735119	0.689530	0.711595	15
1.48	0.759695	0.675968	0.715390	0.179374	0.150170	0.163478	0.734917	0.690501	0.712017	15

Thu Sep  9 02:19:30 2021
21.93	0.036471	0.493827	0.067926	0.032673	0.210402	0.056563	0.036994	0.530000	0.069160	47
18.61	0.045228	0.504368	0.083012	0.035793	0.353742	0.065009	0.046057	0.550085	0.084998	47
15.51	0.051015	0.474279	0.092121	0.038089	0.310122	0.067846	0.052686	0.521986	0.095711	47
12.55	0.060867	0.457925	0.107451	0.040954	0.253565	0.070519	0.064802	0.505588	0.114879	47
9.97	0.074087	0.442590	0.126928	0.044144	0.210841	0.073004	0.082160	0.490161	0.140731	47
7.74	0.092239	0.427691	0.151751	0.047867	0.172115	0.074903	0.108259	0.475545	0.176368	47
5.92	0.117103	0.415704	0.182732	0.051540	0.147598	0.076401	0.145229	0.463722	0.221186	47
4.54	0.145396	0.395807	0.212670	0.054932	0.130696	0.077353	0.188900	0.445097	0.265234	47
3.47	0.183831	0.382025	0.248218	0.059464	0.109974	0.077191	0.242270	0.431857	0.310404	47
2.66	0.233629	0.372416	0.287131	0.064049	0.086548	0.073618	0.305638	0.422747	0.354778	47
2.08	0.295536	0.367563	0.327638	0.069300	0.072653	0.070937	0.372821	0.418091	0.394160	47
1.69	0.357899	0.362710	0.360288	0.075690	0.064336	0.069553	0.431085	0.414001	0.422370	47
1.43	0.419099	0.359507	0.387023	0.081996	0.061374	0.070202	0.478549	0.411167	0.442306	47
1.26	0.474261	0.356789	0.407223	0.094840	0.060402	0.073801	0.512681	0.409993	0.455623	46
1.16	0.511905	0.354751	0.419079	0.104432	0.057526	0.074186	0.535355	0.409142	0.463816	44
1.10	0.535340	0.352130	0.424824	0.088117	0.058740	0.070490	0.549474	0.408333	0.468504	42
1.06	0.554885	0.352519	0.431136	0.095047	0.059482	0.073171	0.563361	0.409750	0.474431	40
1.04	0.564049	0.351305	0.432955	0.099189	0.060386	0.075070	0.568585	0.410276	0.476629	37
1.03	0.567977	0.349122	0.432436	0.103191	0.061014	0.076686	0.570181	0.410074	0.477052	37
1.02	0.570087	0.347569	0.431849	0.117008	0.058860	0.078321	0.570680	0.410033	0.477199	36
1.01	0.565712	0.343007	0.427069	0.116428	0.057753	0.077208	0.565430	0.407401	0.473581	35
1.01	0.556975	0.336358	0.419425	0.117581	0.056818	0.076614	0.555956	0.402543	0.466972	29
1.01	0.548054	0.330147	0.412066	0.120578	0.055834	0.076325	0.546846	0.398372	0.460948	28
1.00	0.538008	0.323547	0.404085	0.129496	0.054449	0.076663	0.536724	0.393392	0.454014	26
1.00	0.523302	0.314423	0.392821	0.110157	0.051866	0.070526	0.522229	0.386428	0.444180	23
1.00	0.511154	0.306901	0.383528	0.111431	0.050710	0.069701	0.510284	0.380881	0.436188	21
1.00	0.496362	0.297971	0.372392	0.113232	0.048116	0.067534	0.495546	0.373229	0.425777	18
1.00	0.476348	0.285888	0.357323	0.114501	0.045182	0.064796	0.475626	0.362823	0.411636	17
1.00	0.456207	0.273755	0.342180	0.113729	0.042798	0.062192	0.455543	0.352579	0.397502	15
1.00	0.432166	0.259245	0.324082	0.116420	0.040209	0.059774	0.431614	0.340189	0.380487	11
1.00	0.401861	0.241046	0.301341	0.116115	0.037244	0.056398	0.401328	0.324439	0.358811	11
1.00	0.369690	0.221732	0.277203	0.114994	0.033763	0.052200	0.369180	0.307798	0.335706	11
1.00	0.348252	0.208823	0.261089	0.091706	0.031033	0.046374	0.347882	0.296299	0.320026	9
1.00	0.332524	0.199359	0.249272	0.084896	0.028943	0.043169	0.332254	0.287635	0.308338	9
1.00	0.316949	0.189945	0.237536	0.098284	0.027285	0.042712	0.316949	0.278687	0.296589	9
1.00	0.305693	0.183199	0.229100	0.075081	0.025885	0.038497	0.305693	0.272370	0.288071	8
1.00	0.295651	0.177181	0.221575	0.072962	0.025003	0.037243	0.295651	0.266904	0.280543	6
1.00	0.288040	0.172620	0.215870	0.072594	0.024289	0.036400	0.288040	0.262531	0.274695	6
1.00	0.283667	0.169999	0.212593	0.074789	0.023902	0.036226	0.283667	0.260183	0.271418	5
1.00	0.278322	0.166796	0.208587	0.053684	0.023592	0.032779	0.278322	0.257349	0.267425	4
1.00	0.269819	0.161700	0.202215	0.054279	0.023161	0.032468	0.269819	0.252895	0.261083	4
1.00	0.262450	0.157284	0.196692	0.054050	0.022749	0.032021	0.262450	0.249049	0.255574	4
1.00	0.256539	0.153742	0.192262	0.043062	0.022441	0.029506	0.256539	0.245890	0.251102	3
1.00	0.254434	0.152480	0.190684	0.043088	0.022342	0.029426	0.254434	0.244716	0.249480	3
1.00	0.251842	0.150927	0.188742	0.043360	0.022219	0.029382	0.251842	0.243259	0.247476	3
1.00	0.249575	0.149568	0.187043	0.022147	0.022107	0.022127	0.249575	0.242003	0.245731	2
1.00	0.247874	0.148549	0.185768	0.022057	0.022026	0.022042	0.247874	0.241072	0.244426	2
1.00	0.246903	0.147967	0.185040	0.021978	0.021980	0.021979	0.246903	0.240465	0.243641	2
1.00	0.245121	0.146899	0.183705	0.021592	0.021896	0.021743	0.245121	0.239412	0.242233	2
1.00	0.244959	0.146802	0.183584	0.021545	0.021889	0.021716	0.244959	0.239250	0.242071	2
1.00	0.244878	0.146753	0.183523	0.021442	0.021885	0.021661	0.244878	0.239169	0.241990	2
1.00	0.244311	0.146414	0.183098	0.021269	0.021858	0.021559	0.244311	0.238805	0.241527	2
1.00	0.242287	0.145200	0.181581	0.021580	0.021762	0.021671	0.242287	0.237793	0.240019	2
1.00	0.240505	0.144133	0.180246	0.021662	0.021678	0.021670	0.240505	0.236780	0.238628	2
1.00	0.239129	0.143308	0.179214	0.021849	0.021613	0.021730	0.239129	0.236051	0.237580	2
1.00	0.237752	0.142483	0.178182	0.021757	0.021548	0.021652	0.237752	0.235323	0.236531	2
1.00	0.236699	0.141852	0.177393	0.021642	0.021498	0.021570	0.236699	0.234715	0.235703	2
1.00	0.235566	0.141172	0.176544	0.021676	0.021445	0.021560	0.235566	0.234068	0.234814	2
1.00	0.234756	0.140687	0.175937	0.021030	0.021407	0.021217	0.234756	0.233622	0.234188	2
1.00	0.234270	0.140396	0.175573	0.021052	0.021384	0.021217	0.234270	0.233379	0.233824	2
1.00	0.234108	0.140299	0.175451	0.021220	0.021376	0.021298	0.234108	0.233298	0.233702	2
1.00	0.234027	0.140250	0.175391	0.021068	0.021372	0.021219	0.234027	0.233258	0.233642	2
1.00	0.234108	0.140299	0.175451	0.021220	0.021376	0.021298	0.234108	0.233298	0.233702	2
1.00	0.234594	0.140590	0.175816	0.021559	0.021399	0.021479	0.234594	0.233541	0.234066	2
1.00	0.235323	0.141027	0.176362	0.021733	0.021433	0.021582	0.235323	0.233946	0.234632	2
1.00	0.236537	0.141755	0.177272	0.022232	0.021491	0.021855	0.236537	0.234634	0.235582	2
1.00	0.238157	0.142725	0.178486	0.021819	0.021567	0.021693	0.238157	0.235606	0.236875	3
1.00	0.240910	0.144375	0.180549	0.021026	0.021697	0.021357	0.240910	0.237023	0.238951	3
1.00	0.244635	0.146608	0.183341	0.028812	0.021890	0.024879	0.244635	0.239007	0.241788	3
1.00	0.248765	0.149083	0.186436	0.025833	0.022097	0.023819	0.248765	0.241315	0.244983	3
1.00	0.259454	0.155489	0.194447	0.051643	0.022676	0.031514	0.259454	0.247429	0.253299	4
1.00	0.282128	0.169077	0.211440	0.057882	0.023998	0.033929	0.282128	0.259535	0.270360	4
1.00	0.321484	0.192662	0.240935	0.061794	0.026747	0.037335	0.321484	0.280104	0.299370	4
1.00	0.384323	0.230321	0.288029	0.064155	0.031179	0.041964	0.384323	0.312333	0.344608	4
1.00	0.469512	0.281374	0.351874	0.065875	0.037632	0.047901	0.469512	0.355697	0.404755	4
1.00	0.541825	0.324711	0.406069	0.066548	0.043537	0.052638	0.541825	0.393595	0.455965	4
1.00	0.605555	0.362904	0.453831	0.067101	0.048773	0.056488	0.605555	0.426917	0.500782	4
1.00	0.659163	0.395031	0.494007	0.067914	0.052962	0.059513	0.659163	0.454490	0.538019	4
1.00	0.694712	0.416335	0.520649	0.068469	0.055758	0.061463	0.694712	0.472589	0.562517	4
1.00	0.720868	0.432010	0.540252	0.090368	0.058716	0.071182	0.720868	0.486153	0.580689	5
1.00	0.734068	0.439920	0.550144	0.090604	0.060310	0.072416	0.734068	0.492429	0.589445	5
1.00	0.738197	0.442395	0.553239	0.090547	0.061602	0.073321	0.738197	0.494736	0.592429	5
1.00	0.740222	0.443609	0.554757	0.090636	0.062681	0.074110	0.740222	0.496235	0.594155	5
1.00	0.737631	0.442056	0.552814	0.090478	0.063269	0.074466	0.737631	0.495425	0.592740	5
1.00	0.739292	0.443123	0.554116	0.111692	0.064093	0.081448	0.739250	0.496680	0.594161	6
1.00	0.735589	0.440940	0.551368	0.111593	0.064567	0.081803	0.735525	0.495182	0.591885	6
1.00	0.728973	0.437009	0.546436	0.111280	0.064162	0.081393	0.728885	0.492024	0.587478	6
1.00	0.722739	0.433272	0.541764	0.111146	0.064563	0.081680	0.722650	0.489756	0.583834	6
1.00	0.715292	0.428807	0.536181	0.110971	0.064625	0.081682	0.715200	0.486031	0.578755	6
1.00	0.706168	0.423372	0.529369	0.110727	0.064664	0.081647	0.706049	0.481820	0.572771	6
1.00	0.701902	0.420848	0.526198	0.109252	0.065684	0.082043	0.701757	0.479755	0.569900	6
1.00	0.698689	0.418956	0.523815	0.109424	0.066160	0.082462	0.698518	0.478460	0.567917	6
1.00	0.696261	0.417500	0.521995	0.108359	0.066376	0.082324	0.696089	0.477286	0.566287	6
1.00	0.697904	0.418519	0.523253	0.107646	0.067214	0.082755	0.697708	0.478460	0.567649	6
1.00	0.695258	0.416966	0.521296	0.107708	0.067505	0.082994	0.695036	0.477205	0.565881	6
1.00	0.697443	0.418276	0.522934	0.108002	0.068104	0.083533	0.697222	0.478379	0.567431	6
1.00	0.696521	0.417791	0.522296	0.107565	0.068724	0.083866	0.696251	0.478217	0.566995	6
1.00	0.696595	0.417937	0.522430	0.107891	0.069386	0.084457	0.696251	0.478217	0.566995	6
1.00	0.700703	0.420606	0.525671	0.107572	0.069997	0.084809	0.700219	0.480646	0.570019	6
1.00	0.703548	0.422450	0.527912	0.107616	0.070531	0.085214	0.703053	0.482306	0.572125	6
1.00	0.709376	0.426672	0.532848	0.106815	0.071250	0.085481	0.708438	0.485829	0.576386	6
1.01	0.710512	0.428079	0.534266	0.107149	0.071556	0.085808	0.709099	0.487003	0.577431	6
1.01	0.713022	0.430214	0.536639	0.107529	0.072664	0.086724	0.711205	0.488946	0.579495	6
1.01	0.714573	0.431428	0.538022	0.106952	0.073520	0.087140	0.712581	0.490040	0.580720	6
1.01	0.720447	0.435359	0.542743	0.106170	0.074927	0.087853	0.718304	0.493684	0.585179	7
1.01	0.726427	0.439678	0.547796	0.106233	0.076327	0.088831	0.724026	0.497733	0.589922	7
1.01	0.731912	0.443317	0.552181	0.106486	0.078626	0.090460	0.729425	0.500972	0.593989	7
1.01	0.734599	0.445016	0.554263	0.106304	0.079516	0.090979	0.732097	0.502470	0.595928	7
1.01	0.737445	0.446812	0.556466	0.106427	0.081649	0.092406	0.734931	0.504211	0.598092	7
1.01	0.735341	0.445501	0.554850	0.105687	0.082277	0.092524	0.732826	0.503118	0.596625	7
1.01	0.733461	0.444434	0.553487	0.105182	0.082408	0.092413	0.730882	0.502186	0.595326	7
1.01	0.732506	0.443997	0.552876	0.126525	0.082769	0.100073	0.729938	0.501863	0.594785	8
1.01	0.731914	0.443851	0.552595	0.126466	0.083426	0.100533	0.729263	0.501984	0.594646	8
1.01	0.730400	0.443075	0.551562	0.147678	0.083641	0.106795	0.727751	0.501417	0.593746	9
1.01	0.728828	0.442298	0.550512	0.147808	0.084246	0.107322	0.726226	0.500972	0.592926	9
1.01	0.726750	0.441425	0.549242	0.147578	0.084464	0.107438	0.724202	0.500283	0.591769	9
1.01	0.726961	0.441765	0.549565	0.147547	0.084608	0.107546	0.724431	0.500526	0.592016	9
1.01	0.728731	0.443123	0.551123	0.147520	0.085059	0.107902	0.726145	0.501782	0.593466	9
1.01	0.730131	0.444045	0.552236	0.147588	0.085505	0.108279	0.727576	0.502672	0.594567	9
1.02	0.733647	0.446326	0.555006	0.147542	0.086449	0.109020	0.731058	0.504656	0.597117	9
1.02	0.737044	0.448607	0.557741	0.147084	0.086821	0.109189	0.734391	0.506762	0.599703	9
1.02	0.739522	0.450403	0.559838	0.146765	0.087782	0.109857	0.736834	0.508381	0.601651	9
1.02	0.742036	0.452150	0.561908	0.144615	0.088576	0.109862	0.739345	0.510082	0.603679	9
1.02	0.745819	0.454528	0.564829	0.144381	0.089135	0.110223	0.743151	0.512147	0.606394	9
1.02	0.748528	0.456469	0.567105	0.144136	0.090229	0.110983	0.745850	0.513969	0.608569	9
1.02	0.752505	0.459187	0.570344	0.144339	0.090695	0.111395	0.749926	0.516358	0.611601	11
1.02	0.753736	0.460157	0.571446	0.142140	0.090830	0.110834	0.751302	0.517167	0.612627	11
1.02	0.755241	0.461516	0.572926	0.142318	0.091038	0.111044	0.752720	0.518220	0.613836	11
1.02	0.754841	0.461565	0.572848	0.142355	0.090833	0.110902	0.752369	0.518220	0.613720	11
1.02	0.754081	0.461759	0.572779	0.142804	0.090964	0.111136	0.751856	0.518342	0.613634	11
1.02	0.752474	0.461322	0.571979	0.142960	0.090935	0.111161	0.750506	0.517977	0.612929	11
1.02	0.750652	0.460643	0.570930	0.141865	0.090911	0.110811	0.748819	0.517410	0.611969	11
1.02	0.750198	0.460691	0.570836	0.140805	0.090892	0.110472	0.748536	0.517451	0.611903	11
1.03	0.750809	0.461468	0.571609	0.141008	0.090707	0.110398	0.749143	0.518018	0.612502	11
1.03	0.754336	0.464331	0.574827	0.141881	0.091111	0.110965	0.752801	0.520487	0.615451	11
1.03	0.758067	0.467437	0.578290	0.142346	0.091812	0.111626	0.756634	0.522917	0.618430	11
1.03	0.763073	0.470931	0.582421	0.142591	0.092190	0.111981	0.761708	0.525832	0.622164	11
1.03	0.766384	0.473309	0.585203	0.142790	0.092566	0.112319	0.765123	0.528059	0.624862	12
1.03	0.770138	0.475590	0.588041	0.142732	0.092973	0.112600	0.768821	0.529840	0.627342	12
1.03	0.773751	0.478647	0.591431	0.142723	0.093668	0.113106	0.772532	0.532351	0.630337	12
1.03	0.776246	0.480831	0.593827	0.142228	0.094538	0.113580	0.775083	0.534092	0.632407	12
1.04	0.779792	0.484276	0.597491	0.145028	0.096183	0.115660	0.779037	0.537088	0.635823	12
1.04	0.782035	0.486315	0.599701	0.144214	0.096448	0.115591	0.781561	0.538829	0.637884	12
1.04	0.784980	0.488984	0.602596	0.144632	0.097262	0.116309	0.784746	0.540935	0.640420	12
1.04	0.787487	0.491119	0.604956	0.144435	0.097960	0.116742	0.787371	0.542756	0.642571	12
1.04	0.790741	0.494031	0.608124	0.144414	0.099156	0.117580	0.790664	0.545145	0.645342	12
1.04	0.793082	0.496263	0.610507	0.145095	0.100136	0.118494	0.793134	0.547210	0.647611	12
1.04	0.794713	0.497476	0.611909	0.145569	0.100915	0.119197	0.794821	0.548384	0.648996	12
1.04	0.794482	0.497525	0.611877	0.145319	0.102063	0.119909	0.794511	0.548425	0.648921	12
1.05	0.793742	0.497331	0.611511	0.145509	0.102835	0.120505	0.793593	0.548465	0.648643	12
1.05	0.793109	0.498204	0.611982	0.146393	0.104349	0.121846	0.792770	0.549559	0.649131	12
1.05	0.790436	0.497331	0.610527	0.146851	0.104999	0.122448	0.789841	0.548951	0.647725	13
1.05	0.788502	0.497185	0.609840	0.147266	0.106160	0.123379	0.787075	0.548911	0.646764	13
1.05	0.787453	0.497671	0.609890	0.147848	0.107215	0.124295	0.785549	0.549478	0.646641	13
1.06	0.785468	0.496797	0.608639	0.147687	0.107614	0.124506	0.783188	0.548911	0.645448	13
1.06	0.783295	0.496069	0.607440	0.147128	0.108267	0.124741	0.780772	0.548627	0.644431	13
1.06	0.781750	0.495584	0.606611	0.147679	0.109034	0.125448	0.779085	0.548344	0.643660	13
1.06	0.778899	0.494419	0.604880	0.148084	0.109669	0.126014	0.775805	0.547575	0.642010	13
1.06	0.775317	0.492672	0.602493	0.147272	0.109841	0.125832	0.771918	0.546077	0.639648	13
1.06	0.774358	0.493303	0.602674	0.147673	0.111698	0.127191	0.770622	0.546684	0.639619	13
1.06	0.771939	0.492624	0.601434	0.148459	0.113383	0.128572	0.767748	0.546036	0.638184	13
1.07	0.771606	0.493497	0.601983	0.148861	0.116929	0.130977	0.767174	0.546886	0.638566	13
1.07	0.771850	0.495001	0.603176	0.148138	0.118188	0.131479	0.767255	0.548182	0.639476	13
1.07	0.772532	0.496263	0.604320	0.148186	0.120225	0.132749	0.767768	0.549316	0.640426	13
1.07	0.772337	0.497525	0.605195	0.148221	0.122162	0.133936	0.767215	0.550368	0.640947	13
1.08	0.772929	0.499369	0.606740	0.147538	0.122938	0.134119	0.768038	0.551664	0.642113	13
1.08	0.774957	0.502184	0.609441	0.147684	0.124129	0.134886	0.769995	0.554093	0.644442	13
1.08	0.775818	0.503834	0.610922	0.147210	0.125626	0.135564	0.770980	0.555551	0.645773	13
1.09	0.776958	0.505969	0.612843	0.146972	0.126640	0.136051	0.772181	0.557495	0.647506	13
1.09	0.777662	0.507862	0.614450	0.146863	0.128482	0.137059	0.772951	0.559155	0.648896	13
1.09	0.776879	0.508104	0.614383	0.146489	0.128555	0.136937	0.772073	0.559317	0.648696	13
1.09	0.775596	0.508056	0.613946	0.146138	0.127854	0.136386	0.770926	0.559195	0.648209	13
1.09	0.774635	0.507765	0.613432	0.145995	0.127895	0.136347	0.769914	0.559033	0.647742	13
1.10	0.773984	0.508201	0.613546	0.145867	0.127656	0.136155	0.769387	0.559398	0.647800	13
1.10	0.773036	0.508104	0.613177	0.145002	0.127718	0.135812	0.768672	0.559357	0.647519	13
1.10	0.772851	0.508396	0.613331	0.144643	0.127676	0.135631	0.768483	0.559600	0.647615	13
1.10	0.771936	0.508056	0.612796	0.144366	0.127541	0.135433	0.767660	0.559155	0.647024	13
1.10	0.770081	0.507134	0.611540	0.143427	0.127065	0.134751	0.765919	0.558345	0.645864	13
1.10	0.768466	0.506406	0.610502	0.143355	0.127071	0.134723	0.764218	0.557899	0.644961	13
1.10	0.767651	0.506018	0.609962	0.143652	0.128205	0.135489	0.763071	0.557737	0.644444	13
1.10	0.765687	0.505727	0.609130	0.143308	0.128232	0.135352	0.761141	0.557373	0.643512	13
1.10	0.764693	0.505775	0.608851	0.142526	0.128352	0.135068	0.759967	0.557414	0.643119	13
1.11	0.763720	0.506503	0.609069	0.142832	0.129577	0.135882	0.759211	0.558021	0.643252	13
1.11	0.763062	0.507474	0.609560	0.142915	0.130430	0.136387	0.758833	0.558831	0.643653	13
1.11	0.761012	0.508104	0.609359	0.142717	0.130828	0.136514	0.757241	0.559357	0.643428	13
1.12	0.759528	0.508735	0.609335	0.142274	0.131090	0.136453	0.756310	0.559924	0.643466	13
1.12	0.760298	0.510579	0.610905	0.141938	0.131169	0.136342	0.757187	0.561462	0.644799	13
1.12	0.761737	0.513394	0.613382	0.141520	0.131347	0.136244	0.759144	0.563649	0.646950	13
1.13	0.763948	0.517665	0.617142	0.143085	0.132097	0.137372	0.761762	0.567131	0.650194	13
1.14	0.764053	0.521110	0.619619	0.144528	0.134637	0.139407	0.761965	0.570006	0.652153	13
1.15	0.764244	0.524653	0.622180	0.144308	0.135168	0.139589	0.762356	0.572880	0.654175	13
1.15	0.765243	0.528681	0.625337	0.143550	0.135657	0.139492	0.763598	0.576200	0.656793	13
1.16	0.766177	0.533825	0.629237	0.143165	0.137108	0.140071	0.764745	0.580573	0.660053	13
1.18	0.768012	0.541105	0.634894	0.142638	0.137869	0.140213	0.766823	0.586566	0.664690	13
1.19	0.769488	0.546588	0.639162	0.142889	0.139496	0.141172	0.768429	0.591262	0.668303	13
1.19	0.769580	0.550762	0.642039	0.143501	0.141855	0.142673	0.769415	0.594906	0.671000	13
1.20	0.768842	0.552994	0.643295	0.144492	0.143437	0.143963	0.769226	0.596890	0.672188	13
1.20	0.767165	0.553091	0.642773	0.145332	0.145560	0.145446	0.767815	0.597093	0.671777	13
1.20	0.765165	0.552169	0.641448	0.145304	0.145876	0.145589	0.765440	0.596243	0.670329	13
1.20	0.763767	0.550568	0.639876	0.145041	0.146196	0.145616	0.764144	0.594987	0.669039	13
1.20	0.759825	0.547947	0.636723	0.144815	0.146315	0.145561	0.760541	0.592882	0.666327	13
1.20	0.754090	0.543628	0.631793	0.144249	0.146248	0.145241	0.755628	0.589359	0.662217	13
1.20	0.751350	0.540231	0.628536	0.145266	0.146397	0.145829	0.752882	0.586687	0.659475	13
1.20	0.748110	0.537756	0.625727	0.145007	0.146354	0.145677	0.749939	0.584865	0.657195	13
1.20	0.742137	0.535912	0.622386	0.144745	0.146471	0.145603	0.744709	0.583367	0.654238	13
1.21	0.736804	0.536494	0.620893	0.144772	0.146870	0.145814	0.740714	0.583772	0.652945	13
1.22	0.732381	0.535087	0.618379	0.144481	0.147008	0.145734	0.737327	0.582638	0.650919	13
1.22	0.728634	0.533728	0.616134	0.144468	0.146847	0.145648	0.734236	0.581383	0.648930	13
1.22	0.726516	0.533340	0.615118	0.144861	0.147125	0.145984	0.732758	0.581140	0.648201	13
1.23	0.723952	0.533777	0.614487	0.146205	0.148037	0.147115	0.730923	0.581505	0.647708	13
1.23	0.720901	0.532612	0.612615	0.146707	0.148675	0.147684	0.728858	0.580492	0.646269	13
1.24	0.717122	0.531107	0.610255	0.167957	0.148322	0.157530	0.726091	0.579278	0.644428	14
1.24	0.713371	0.529749	0.607998	0.167665	0.147944	0.157189	0.722825	0.578023	0.642365	14
1.24	0.708407	0.527128	0.604469	0.167453	0.148518	0.157418	0.718236	0.575836	0.639201	14
1.24	0.706143	0.526643	0.603325	0.167623	0.149312	0.157939	0.715861	0.575269	0.637911	14
1.25	0.705474	0.527274	0.603494	0.167416	0.149661	0.158042	0.715254	0.575674	0.637918	14
1.25	0.705161	0.527177	0.603316	0.167103	0.150479	0.158356	0.714768	0.575512	0.637625	14
1.25	0.703258	0.524799	0.601062	0.166441	0.149489	0.157510	0.712892	0.573447	0.635611	14
1.24	0.701569	0.522857	0.599171	0.165769	0.149306	0.157107	0.710759	0.571787	0.633744	14
1.24	0.700639	0.521790	0.598131	0.165571	0.149245	0.156984	0.709410	0.570937	0.632685	14
1.24	0.700573	0.522421	0.598521	0.165421	0.149329	0.156964	0.709059	0.571585	0.632943	14
1.24	0.700515	0.521935	0.598181	0.165271	0.148982	0.156704	0.708384	0.571139	0.632401	14
1.24	0.700398	0.521304	0.597724	0.165066	0.148357	0.156266	0.707858	0.570735	0.631943	14
1.24	0.701452	0.520625	0.597660	0.164383	0.147501	0.155485	0.708384	0.570127	0.631780	14
1.24	0.702519	0.521110	0.598367	0.165149	0.148439	0.156349	0.709302	0.570653	0.632468	14
1.24	0.702821	0.521062	0.598445	0.164765	0.148487	0.156203	0.709639	0.570613	0.632577	14
1.24	0.701356	0.519703	0.597017	0.164380	0.148684	0.156138	0.708478	0.569439	0.631395	14
1.24	0.700354	0.518587	0.595918	0.163861	0.148805	0.155970	0.707466	0.568670	0.630520	14
1.24	0.698729	0.517519	0.594625	0.163228	0.149168	0.155882	0.705941	0.567779	0.629367	14
1.24	0.698481	0.517810	0.594727	0.163163	0.150395	0.156519	0.706089	0.568062	0.629600	14
1.24	0.698370	0.517762	0.594655	0.162891	0.150754	0.156588	0.705955	0.567981	0.629496	14
1.23	0.698426	0.516888	0.594099	0.162637	0.150782	0.156486	0.705577	0.567252	0.628898	14
1.24	0.700046	0.518393	0.595678	0.162127	0.150909	0.156317	0.706899	0.568346	0.630096	14
1.24	0.702574	0.521935	0.598931	0.161916	0.151336	0.156447	0.708816	0.571261	0.632648	14
1.24	0.704162	0.524653	0.601296	0.161720	0.150819	0.156079	0.710219	0.573447	0.634547	14
1.25	0.706630	0.529166	0.605156	0.162224	0.151461	0.156658	0.712163	0.577294	0.637675	14
1.26	0.710103	0.535524	0.610579	0.162456	0.152327	0.157229	0.715254	0.582679	0.642195	14
1.27	0.713536	0.541056	0.615440	0.163102	0.153634	0.158227	0.718992	0.587173	0.646431	14
1.27	0.715459	0.545327	0.618914	0.162535	0.154558	0.158446	0.721071	0.590615	0.649355	14
1.28	0.714503	0.546782	0.619491	0.162431	0.155511	0.158896	0.720706	0.591748	0.649892	14
1.28	0.714421	0.549597	0.621263	0.162410	0.156811	0.159561	0.720909	0.594056	0.651364	14
1.29	0.715971	0.553674	0.624449	0.161911	0.156781	0.159305	0.722677	0.597538	0.654177	14
1.30	0.717777	0.557265	0.627418	0.161965	0.158623	0.160276	0.724674	0.600332	0.656669	14
1.30	0.720025	0.561002	0.630643	0.160930	0.159637	0.160281	0.726523	0.603247	0.659171	14
1.30	0.721101	0.563380	0.632557	0.161429	0.160078	0.160751	0.727022	0.605231	0.660560	14
1.31	0.721809	0.564738	0.633686	0.161064	0.159146	0.160099	0.727184	0.606324	0.661277	14
1.30	0.722657	0.564981	0.634165	0.160871	0.159084	0.159973	0.727535	0.606567	0.661567	14
1.30	0.722916	0.564447	0.633928	0.160640	0.158599	0.159613	0.727306	0.606122	0.661207	14
1.30	0.722498	0.564156	0.633584	0.160181	0.158384	0.159278	0.726631	0.606000	0.660856	14
1.30	0.721512	0.561390	0.631458	0.159831	0.156752	0.158277	0.725146	0.603855	0.658966	14
1.30	0.720132	0.559303	0.629609	0.160165	0.156811	0.158470	0.723365	0.602235	0.657266	14
1.30	0.719043	0.558527	0.628701	0.159853	0.156752	0.158287	0.722137	0.601709	0.656445	14
1.30	0.717087	0.557216	0.627123	0.159525	0.156678	0.158089	0.719842	0.600534	0.654798	14
1.30	0.713698	0.555275	0.624597	0.159088	0.156685	0.157877	0.716171	0.598915	0.652316	14
1.30	0.711323	0.554256	0.623043	0.158867	0.157102	0.157979	0.713904	0.598308	0.651014	14
1.31	0.709343	0.555227	0.622894	0.159009	0.158301	0.158654	0.711744	0.599198	0.650640	14
1.31	0.707056	0.553916	0.621187	0.158701	0.157206	0.157950	0.709167	0.598146	0.648942	14
1.31	0.706312	0.553916	0.620900	0.159120	0.158224	0.158671	0.708060	0.598146	0.648478	14
1.31	0.703834	0.552315	0.618936	0.159363	0.158743	0.159053	0.705455	0.597052	0.646743	14
1.31	0.700366	0.547996	0.614882	0.159228	0.158592	0.158909	0.701460	0.593489	0.642974	14
1.31	0.698393	0.546249	0.613022	0.159379	0.159308	0.159344	0.699004	0.592194	0.641181	14
1.31	0.695291	0.543822	0.610299	0.159720	0.159816	0.159768	0.695637	0.590169	0.638577	14
1.30	0.692088	0.540813	0.607170	0.181170	0.159314	0.169541	0.692087	0.587780	0.635683	15
1.30	0.689019	0.536543	0.603296	0.181440	0.161022	0.170622	0.688848	0.584339	0.632304	15
1.30	0.686076	0.533485	0.600235	0.180922	0.160524	0.170114	0.685825	0.581707	0.629490	15
1.29	0.682834	0.529506	0.596474	0.180938	0.160973	0.170372	0.682437	0.578265	0.626047	15
1.29	0.679218	0.526109	0.592939	0.180655	0.161323	0.170442	0.678280	0.575269	0.622542	15
1.29	0.680783	0.528147	0.594829	0.180835	0.163272	0.171605	0.680413	0.577132	0.624531	15
1.30	0.682696	0.531884	0.597927	0.180589	0.164048	0.171921	0.682478	0.580249	0.627225	15
1.30	0.683841	0.534602	0.600082	0.179965	0.164476	0.171872	0.684097	0.582598	0.629281	15
1.31	0.684396	0.536397	0.601426	0.179431	0.165537	0.172205	0.684893	0.584015	0.630444	15
1.32	0.689119	0.543677	0.607818	0.179108	0.166670	0.172666	0.690683	0.590169	0.636482	15
1.32	0.692972	0.549306	0.612832	0.178993	0.168597	0.173640	0.695434	0.594704	0.641137	15
1.33	0.697283	0.555566	0.618410	0.178532	0.169568	0.173935	0.700968	0.599806	0.646453	15
1.33	0.700467	0.560177	0.622516	0.178330	0.170053	0.174093	0.705151	0.603247	0.650231	15
1.34	0.702344	0.564302	0.625801	0.178063	0.170726	0.174317	0.708161	0.606648	0.653486	15
1.35	0.702473	0.566485	0.627193	0.177951	0.171616	0.174726	0.708634	0.608389	0.654696	15
1.35	0.703003	0.568038	0.628355	0.178042	0.172054	0.174997	0.709403	0.609725	0.655798	15
1.36	0.702228	0.570513	0.629555	0.178167	0.172294	0.175181	0.709403	0.611669	0.656921	15
1.36	0.700125	0.570368	0.628620	0.178340	0.173155	0.175709	0.707864	0.611628	0.656237	15
1.36	0.698173	0.571047	0.628243	0.178173	0.173301	0.175703	0.706467	0.612276	0.656008	15
1.37	0.697422	0.571144	0.627998	0.178245	0.172922	0.175543	0.705961	0.612398	0.655859	15
1.37	0.695915	0.569640	0.626478	0.178508	0.173232	0.175830	0.704470	0.611102	0.654473	15
1.36	0.694057	0.565660	0.623315	0.178532	0.172454	0.175440	0.702020	0.607661	0.651441	15
1.35	0.693338	0.562652	0.621196	0.179077	0.172379	0.175664	0.700428	0.605272	0.649382	15
1.35	0.691019	0.558624	0.617808	0.179086	0.172627	0.175797	0.697121	0.602154	0.646167	15
1.34	0.689861	0.554741	0.614967	0.179240	0.172898	0.176012	0.695394	0.599077	0.643652	15
1.34	0.688072	0.551199	0.612077	0.179241	0.172904	0.176015	0.692924	0.596283	0.640981	15
1.33	0.686034	0.547802	0.609174	0.179814	0.173526	0.176614	0.690380	0.593732	0.638419	15
1.33	0.684060	0.545860	0.607196	0.179868	0.173416	0.176583	0.688382	0.592113	0.636629	15
1.33	0.682751	0.543822	0.605419	0.180144	0.173482	0.176750	0.686871	0.590412	0.634999	15
1.33	0.683037	0.544016	0.605651	0.179865	0.173331	0.176537	0.687046	0.590574	0.635168	15
1.33	0.684134	0.544890	0.606624	0.180058	0.173357	0.176644	0.688180	0.591465	0.636168	15
1.33	0.684095	0.545424	0.606939	0.180303	0.173142	0.176650	0.688342	0.591910	0.636494	15
1.34	0.683243	0.546734	0.607413	0.179595	0.173289	0.176386	0.687640	0.592963	0.636802	15
1.34	0.683998	0.549694	0.609536	0.179872	0.173970	0.176872	0.689475	0.595433	0.639013	15
1.35	0.685085	0.554159	0.612706	0.179883	0.174567	0.177185	0.691392	0.599198	0.642002	15
1.36	0.686131	0.557702	0.615286	0.180318	0.175460	0.177856	0.692931	0.602194	0.644384	15
1.36	0.686213	0.559400	0.616351	0.180440	0.175878	0.178130	0.693565	0.603450	0.645377	15
1.37	0.687245	0.562943	0.618914	0.180656	0.176644	0.178628	0.695292	0.606405	0.647814	15
1.37	0.687958	0.565030	0.620464	0.180181	0.177319	0.178738	0.697168	0.608146	0.649622	15
1.38	0.687879	0.567602	0.621979	0.179910	0.177960	0.178930	0.697951	0.610130	0.651093	15
1.38	0.688649	0.570611	0.624098	0.179153	0.178398	0.178775	0.699031	0.612519	0.652922	15
1.39	0.688161	0.574347	0.626124	0.178798	0.179730	0.179263	0.699058	0.615475	0.654609	15
1.40	0.686827	0.575900	0.626491	0.178282	0.180575	0.179421	0.698464	0.616771	0.655080	15
1.40	0.686303	0.577259	0.627076	0.178027	0.181485	0.179739	0.698572	0.617904	0.655767	15
1.41	0.684762	0.577259	0.626432	0.177823	0.181582	0.179683	0.697088	0.617783	0.655044	15
1.41	0.683811	0.576822	0.625777	0.177300	0.181760	0.179502	0.696372	0.617418	0.654523	15
1.41	0.682315	0.575561	0.624408	0.175648	0.182032	0.178783	0.694651	0.616366	0.653171	15
1.41	0.681049	0.574493	0.623249	0.175446	0.182021	0.178673	0.693113	0.615475	0.651991	15
1.41	0.679786	0.572503	0.621549	0.175306	0.182404	0.178784	0.691777	0.613774	0.650445	15
1.41	0.678084	0.571630	0.620323	0.175440	0.182864	0.179075	0.690211	0.612924	0.649276	15
1.41	0.676569	0.571436	0.619574	0.175665	0.183330	0.179416	0.688511	0.612681	0.648386	15
1.41	0.674517	0.569834	0.617772	0.176792	0.182711	0.179703	0.686196	0.611305	0.646589	15
1.41	0.672461	0.566922	0.615198	0.176773	0.182422	0.179553	0.683470	0.608713	0.643929	15
1.41	0.671212	0.566097	0.614190	0.176634	0.182616	0.179575	0.681931	0.608065	0.642883	15
1.41	0.670732	0.565758	0.613789	0.177038	0.182641	0.179796	0.680946	0.607944	0.642377	15
1.41	0.668989	0.563962	0.612002	0.176828	0.182794	0.179762	0.678543	0.606284	0.640382	15
1.40	0.667898	0.561681	0.610202	0.176463	0.182242	0.179306	0.676829	0.604502	0.638625	15
1.40	0.666937	0.559060	0.608253	0.176560	0.181939	0.179209	0.674967	0.602518	0.636688	15
1.39	0.666105	0.556294	0.606267	0.176538	0.181334	0.178904	0.673280	0.600413	0.634762	15
1.39	0.665226	0.552655	0.603738	0.176159	0.179902	0.178011	0.671471	0.597498	0.632328	15
1.38	0.664201	0.549063	0.601169	0.176093	0.179429	0.177746	0.669238	0.594623	0.629728	15
1.37	0.662542	0.545666	0.598451	0.175917	0.179454	0.177667	0.666363	0.591910	0.626934	15
1.37	0.662222	0.544696	0.597737	0.175833	0.179833	0.177811	0.665837	0.591141	0.626269	15
1.37	0.660685	0.541347	0.595092	0.197094	0.179996	0.188158	0.663826	0.588550	0.623925	16
1.36	0.659172	0.539212	0.593188	0.197067	0.179787	0.188031	0.661896	0.586849	0.622117	16
1.37	0.660716	0.540668	0.594694	0.197012	0.180307	0.188289	0.663353	0.588064	0.623444	16
1.37	0.663399	0.545181	0.598508	0.197319	0.181388	0.189019	0.666417	0.591789	0.626890	16
1.38	0.666176	0.549209	0.602064	0.197658	0.182211	0.189620	0.669508	0.595068	0.630097	16
1.38	0.668093	0.552994	0.605119	0.197661	0.182959	0.190026	0.671789	0.598308	0.632922	16
1.39	0.669898	0.556731	0.608094	0.197656	0.183319	0.190218	0.674137	0.601263	0.635618	16
1.39	0.671433	0.560613	0.611039	0.197320	0.183984	0.190419	0.675797	0.604300	0.638052	16
1.40	0.674459	0.565660	0.615287	0.197605	0.184366	0.190756	0.679171	0.608349	0.641812	16
1.41	0.676676	0.569785	0.618647	0.197091	0.184224	0.190441	0.681519	0.611628	0.644685	16
1.41	0.678906	0.573377	0.621695	0.197020	0.184185	0.190386	0.683503	0.614625	0.647237	16
1.41	0.679855	0.574541	0.622777	0.196850	0.183267	0.189816	0.684246	0.615434	0.648018	16
1.41	0.680780	0.575852	0.623935	0.196838	0.183827	0.190110	0.685339	0.616609	0.649160	16
1.41	0.681115	0.576531	0.624474	0.196768	0.184010	0.190175	0.685474	0.617175	0.649534	16
1.41	0.681242	0.576871	0.624727	0.196707	0.183778	0.190023	0.685474	0.617256	0.649579	16
1.41	0.681873	0.577405	0.625305	0.196709	0.184073	0.190181	0.686054	0.617742	0.650109	16
1.41	0.682222	0.577502	0.625509	0.196675	0.184024	0.190139	0.686108	0.617904	0.650223	16
1.41	0.683294	0.577016	0.625674	0.196704	0.184147	0.190218	0.686648	0.617540	0.650263	16
1.41	0.683310	0.575803	0.624967	0.196625	0.184111	0.190162	0.686176	0.616730	0.649602	16
1.40	0.683779	0.574638	0.624476	0.196738	0.182745	0.189484	0.686068	0.615677	0.648969	16
1.40	0.683961	0.573231	0.623720	0.197109	0.182475	0.189510	0.686014	0.614544	0.648315	16
1.39	0.683280	0.570174	0.621624	0.197068	0.181767	0.189108	0.685285	0.612236	0.646704	16
1.39	0.683280	0.568184	0.620439	0.197112	0.180795	0.188601	0.684597	0.610657	0.645516	16
1.38	0.682763	0.566097	0.618981	0.197508	0.181544	0.189190	0.683962	0.609118	0.644374	16
1.38	0.681282	0.563283	0.616688	0.196722	0.181977	0.189062	0.682019	0.606810	0.642220	16
1.37	0.679882	0.560080	0.614193	0.196555	0.181468	0.188710	0.680602	0.604219	0.640140	16
1.37	0.678751	0.557896	0.612418	0.196541	0.181749	0.188856	0.679023	0.602559	0.638510	16
1.37	0.677511	0.554838	0.610069	0.196689	0.181737	0.188918	0.677781	0.600049	0.636550	16
1.36	0.676185	0.551587	0.607564	0.197198	0.182166	0.189384	0.676202	0.597498	0.634418	16
1.36	0.674822	0.548772	0.605305	0.197098	0.181698	0.189085	0.674447	0.595230	0.632368	16
1.35	0.673510	0.546103	0.603152	0.196852	0.180682	0.188421	0.673206	0.593125	0.630633	16
1.35	0.672321	0.544356	0.601609	0.197144	0.181112	0.188788	0.671735	0.591829	0.629255	16
1.35	0.671202	0.543385	0.600569	0.197523	0.180464	0.188609	0.670182	0.591020	0.628117	16
1.35	0.672469	0.545521	0.602379	0.197700	0.181584	0.189300	0.671424	0.592842	0.629691	16
1.36	0.673817	0.547268	0.603985	0.198093	0.183166	0.190338	0.672909	0.594461	0.631257	16
1.36	0.674902	0.548869	0.605396	0.198199	0.183353	0.190487	0.674393	0.595757	0.632641	16
1.36	0.675623	0.550374	0.606600	0.197939	0.183628	0.190515	0.675581	0.596809	0.633757	16
1.36	0.677402	0.553237	0.609056	0.197942	0.184040	0.190738	0.677808	0.599117	0.636038	16
1.37	0.678182	0.555421	0.610693	0.197765	0.184231	0.190758	0.678780	0.600615	0.637310	16
1.37	0.679057	0.557653	0.612396	0.197734	0.184563	0.190922	0.679981	0.602397	0.638842	16
1.37	0.679941	0.560128	0.614247	0.197957	0.186544	0.192081	0.681277	0.604421	0.640552	16
1.38	0.681850	0.565175	0.618054	0.198362	0.188175	0.193134	0.683976	0.608632	0.644108	16
1.39	0.681648	0.566728	0.618899	0.198098	0.188379	0.193116	0.684178	0.609645	0.644764	16
1.39	0.681599	0.569300	0.620409	0.198049	0.189499	0.193679	0.684543	0.611709	0.646080	16
1.40	0.682667	0.571484	0.622147	0.198131	0.190086	0.194025	0.686108	0.613491	0.647771	16
1.40	0.682210	0.572260	0.622417	0.197146	0.190475	0.193753	0.686378	0.614139	0.648252	16
1.40	0.681865	0.572600	0.622474	0.196999	0.190920	0.193911	0.686257	0.614301	0.648288	16
1.40	0.681679	0.572940	0.622597	0.195795	0.190673	0.193200	0.686176	0.614706	0.648477	16
1.40	0.683027	0.574736	0.624219	0.195544	0.191583	0.193543	0.687647	0.616285	0.650013	16
1.40	0.683543	0.575269	0.624750	0.195384	0.192730	0.194048	0.687971	0.616771	0.650428	16
1.40	0.683330	0.575124	0.624575	0.194651	0.192157	0.193396	0.687822	0.616649	0.650294	16
1.40	0.683764	0.575124	0.624756	0.194447	0.192338	0.193387	0.688403	0.616730	0.650598	16
1.40	0.683348	0.574541	0.624239	0.193975	0.192610	0.193290	0.687863	0.616244	0.650087	16
1.40	0.682563	0.573716	0.623425	0.193786	0.192360	0.193070	0.687093	0.615596	0.649383	16
1.40	0.682614	0.573328	0.623216	0.194086	0.193020	0.193552	0.687174	0.615475	0.649351	16
