
Wed Jul 28 17:22:48 2021

Wed Jul 28 17:44:23 2021
24.36	0.029756	0.447531	0.055801	0.037620	0.298469	0.066818	0.029567	0.425000	0.055288	46
2.07	0.037796	0.046928	0.041870	0.040568	0.034750	0.037435	0.048006	0.040611	0.044000	41
1.00	0.114009	0.068524	0.085599	0.042654	0.018780	0.026078	0.114341	0.075472	0.090927	34
1.00	0.301158	0.180481	0.225702	0.051530	0.032370	0.039762	0.301158	0.237307	0.265447	23
1.00	0.350866	0.210424	0.263075	0.035848	0.039069	0.037389	0.350798	0.260385	0.298904	10
1.01	0.376230	0.228137	0.284040	0.037212	0.040444	0.038761	0.374889	0.260062	0.307092	12
1.02	0.373676	0.227749	0.283009	0.043369	0.041916	0.042630	0.371474	0.261357	0.306835	13
1.02	0.369028	0.225274	0.279765	0.044544	0.041173	0.042792	0.366089	0.263706	0.306575	14
1.02	0.368567	0.225565	0.279857	0.048036	0.041578	0.044574	0.365333	0.262896	0.305763	13
1.03	0.365288	0.225420	0.278795	0.048363	0.042352	0.045158	0.359395	0.264232	0.304553	14
1.03	0.365493	0.225759	0.279114	0.052646	0.044257	0.048089	0.359071	0.263179	0.303736	13
1.03	0.369541	0.228332	0.282261	0.051243	0.045064	0.047955	0.363781	0.265568	0.307011	14
1.03	0.367043	0.227215	0.280679	0.050107	0.044957	0.047393	0.360690	0.265001	0.305529	14

Wed Jul 28 17:50:55 2021
25.62	0.041179	0.651235	0.077460	0.038423	0.325932	0.068742	0.040909	0.622500	0.076772	47
2.89	0.141163	0.244880	0.179089	0.036547	0.045129	0.040387	0.145315	0.215483	0.173576	39
1.07	0.373548	0.240415	0.292548	0.038799	0.024140	0.029762	0.358275	0.227832	0.278538	21
1.15	0.431813	0.297341	0.352177	0.032095	0.028812	0.030365	0.398899	0.281075	0.329779	8
1.29	0.459526	0.354557	0.400274	0.036502	0.035104	0.035790	0.414447	0.327071	0.365611	5
1.30	0.499596	0.390129	0.438128	0.068628	0.043173	0.053003	0.462507	0.358086	0.403653	8
1.32	0.514004	0.405222	0.453176	0.091416	0.048496	0.063373	0.477596	0.374443	0.419776	10
1.37	0.518207	0.424731	0.466836	0.111994	0.051708	0.070751	0.480592	0.392137	0.431882	11
1.36	0.525147	0.428176	0.471730	0.116021	0.053984	0.073683	0.488879	0.394647	0.436738	11
1.35	0.533972	0.432884	0.478143	0.107164	0.056500	0.073990	0.499568	0.400275	0.444444	11
1.39	0.533046	0.443463	0.484145	0.123496	0.056945	0.077948	0.499541	0.408900	0.449698	11
1.36	0.534235	0.436960	0.480726	0.105444	0.056847	0.073870	0.498488	0.407077	0.448169	11
1.36	0.539632	0.440745	0.485201	0.103435	0.058911	0.075068	0.505115	0.407766	0.451250	11
1.38	0.540032	0.445501	0.488233	0.102316	0.059270	0.075060	0.506991	0.411734	0.454424	11
1.40	0.538653	0.452101	0.491597	0.104781	0.059463	0.075870	0.505830	0.418617	0.458110	11
1.40	0.535991	0.449529	0.488967	0.105626	0.058994	0.075705	0.502200	0.418010	0.456253	11
1.40	0.537994	0.450791	0.490547	0.102307	0.059137	0.074950	0.503954	0.417645	0.456758	11
1.39	0.539482	0.449917	0.490646	0.102607	0.059444	0.075277	0.505385	0.417119	0.457029	11
1.38	0.539980	0.447345	0.489317	0.101991	0.060035	0.075581	0.505749	0.417402	0.457348	11
1.38	0.542350	0.449335	0.491480	0.100300	0.060700	0.075630	0.508705	0.419589	0.459869	11
1.39	0.541749	0.452150	0.492911	0.101631	0.060776	0.076065	0.508179	0.421249	0.460648	11

Wed Jul 28 18:00:46 2021
20.72	0.047056	0.601852	0.087287	0.032322	0.316722	0.058658	0.047479	0.560000	0.087536	42
2.89	0.122655	0.212268	0.155473	0.032464	0.036495	0.034362	0.151768	0.185643	0.167005	37
1.03	0.207144	0.127487	0.157835	0.081681	0.021990	0.034651	0.210354	0.124221	0.156200	16
1.00	0.241988	0.145103	0.181421	0.052575	0.023318	0.032308	0.241841	0.212608	0.226285	11
1.01	0.265634	0.160584	0.200163	0.080079	0.027269	0.040684	0.263179	0.224998	0.242595	11
1.02	0.298078	0.182180	0.226145	0.083918	0.035506	0.049899	0.291454	0.226253	0.254748	13
1.03	0.312011	0.191740	0.237518	0.093052	0.043197	0.059003	0.303871	0.227589	0.260256	14
1.03	0.308133	0.190479	0.235425	0.103629	0.051777	0.069052	0.297622	0.228480	0.258508	15
1.04	0.316452	0.196496	0.242448	0.100259	0.054431	0.070557	0.304195	0.234391	0.264770	15
1.04	0.328134	0.204164	0.251713	0.098923	0.056861	0.072214	0.315707	0.238602	0.271792	14
1.04	0.330325	0.206056	0.253796	0.101307	0.057854	0.073649	0.317381	0.240019	0.273332	13
1.04	0.334577	0.208823	0.257149	0.101715	0.058586	0.074349	0.321686	0.239048	0.274277	13

Wed Jul 28 18:07:11 2021
19.88	0.029434	0.361111	0.054431	0.026097	0.271761	0.047621	0.028840	0.430000	0.054054	43
2.02	0.117848	0.142531	0.129020	0.032693	0.043913	0.037482	0.134619	0.216860	0.166118	33
1.00	0.207498	0.124624	0.155721	0.053270	0.028328	0.036987	0.207790	0.201352	0.204521	27
1.00	0.209231	0.125400	0.156815	0.066353	0.029882	0.041207	0.209167	0.199854	0.204404	13
1.01	0.209502	0.126468	0.157724	0.058744	0.039044	0.046910	0.208262	0.190461	0.198964	9
1.02	0.209186	0.127536	0.158461	0.075464	0.046719	0.057711	0.207041	0.184873	0.195330	12
1.03	0.222257	0.136756	0.169326	0.096272	0.050664	0.066389	0.219505	0.194348	0.206162	13
1.03	0.224755	0.139231	0.171946	0.109413	0.052935	0.071350	0.222312	0.196332	0.208516	14
1.04	0.220019	0.137290	0.169077	0.110713	0.053040	0.071720	0.218499	0.193457	0.205217	14
1.05	0.229339	0.143696	0.176686	0.111786	0.053278	0.072163	0.228494	0.201595	0.214203	14
1.06	0.221875	0.141464	0.172771	0.111340	0.051924	0.070820	0.223405	0.197951	0.209909	14
1.07	0.226562	0.145540	0.177230	0.110937	0.052999	0.071730	0.228763	0.201190	0.214093	14
