
Mon Jan 24 12:53:44 2022
59.28	0.009700	0.358255	0.018888	0.006272	0.092052	0.011743	0.009715	0.456667	0.019026	83
49.09	0.010529	0.346429	0.020436	0.006519	0.112148	0.012322	0.010561	0.438395	0.020625	78
39.18	0.007753	0.203571	0.014936	0.006742	0.084679	0.012489	0.007761	0.251747	0.015058	68
30.49	0.003670	0.075000	0.006998	0.005453	0.059312	0.009988	0.003688	0.086560	0.007074	62
22.59	0.002123	0.032143	0.003983	0.005182	0.046097	0.009317	0.002197	0.034044	0.004128	51
16.20	0.001645	0.017857	0.003012	0.007591	0.025062	0.011652	0.001653	0.018502	0.003035	41
11.48	0.001392	0.010714	0.002464	0.000403	0.021763	0.000792	0.001280	0.013025	0.002331	32
7.96	0.000893	0.004762	0.001503	0.000499	0.013811	0.000963	0.000835	0.005033	0.001432	28
4.92	0.000361	0.001190	0.000554	0.000977	0.001116	0.001042	0.000296	0.000888	0.000444	20
3.29	0.000539	0.001190	0.000742	0.007812	0.001116	0.001953	0.000444	0.000888	0.000592	16
2.50	0.000000	0.000000	0.000000	0.000000	0.000000	0.000000	0.000000	0.000000	0.000000	7
2.15	0.000000	0.000000	0.000000	0.000000	0.000000	0.000000	0.000000	0.000000	0.000000	5
2.01	0.000000	0.000000	0.000000	0.000000	0.000000	0.000000	0.000000	0.000000	0.000000	3
1.99	0.000000	0.000000	0.000000	0.000000	0.000000	0.000000	0.000000	0.000000	0.000000	2
1.97	0.000000	0.000000	0.000000	0.000000	0.000000	0.000000	0.000000	0.000000	0.000000	2
1.81	0.000000	0.000000	0.000000	0.000000	0.000000	0.000000	0.000000	0.000000	0.000000	2
1.44	0.000000	0.000000	0.000000	0.000000	0.000000	0.000000	0.000000	0.000000	0.000000	2
1.13	0.000000	0.000000	0.000000	0.000000	0.000000	0.000000	0.000000	0.000000	0.000000	2
1.01	0.000000	0.000000	0.000000	0.000000	0.000000	0.000000	0.000000	0.000000	0.000000	2
1.00	0.000000	0.000000	0.000000	0.000000	0.000000	0.000000	0.000000	0.000000	0.000000	2
1.00	0.000000	0.000000	0.000000	0.000000	0.000000	0.000000	0.000000	0.000000	0.000000	2
1.00	0.000000	0.000000	0.000000	0.000000	0.000000	0.000000	0.000000	0.000000	0.000000	2
1.00	0.000000	0.000000	0.000000	0.000000	0.000000	0.000000	0.000000	0.000000	0.000000	2
1.00	0.000000	0.000000	0.000000	0.000000	0.000000	0.000000	0.000000	0.000000	0.000000	2
1.00	0.000000	0.000000	0.000000	0.000000	0.000000	0.000000	0.000000	0.000000	0.000000	2
1.00	0.000000	0.000000	0.000000	0.000000	0.000000	0.000000	0.000000	0.000000	0.000000	3
1.00	0.003552	0.002381	0.002851	0.001116	0.000153	0.000269	0.003552	0.001480	0.002090	3
1.00	0.012433	0.008333	0.009979	0.001953	0.000536	0.000841	0.012433	0.004737	0.006860	3
1.00	0.042629	0.028571	0.034212	0.001894	0.001838	0.001866	0.042629	0.019834	0.027072	3
1.00	0.083481	0.055952	0.066999	0.001740	0.003600	0.002346	0.083481	0.040853	0.054859	3
1.00	0.138544	0.092857	0.111190	0.001579	0.005974	0.002497	0.138544	0.074216	0.096655	2
1.00	0.177620	0.119048	0.142552	0.001547	0.007659	0.002574	0.177620	0.095234	0.123989	2
1.00	0.181172	0.121429	0.145403	0.001454	0.007812	0.002452	0.181172	0.097010	0.126360	2
1.00	0.181172	0.121429	0.145403	0.001423	0.007812	0.002407	0.181172	0.097010	0.126360	2
1.00	0.181172	0.121429	0.145403	0.001415	0.007812	0.002397	0.181172	0.097010	0.126360	1
1.00	0.181172	0.121429	0.145403	0.001415	0.007812	0.002397	0.181172	0.097010	0.126360	1
1.00	0.181172	0.121429	0.145403	0.001415	0.007812	0.002397	0.181172	0.097010	0.126360	1
1.00	0.181172	0.121429	0.145403	0.001415	0.007812	0.002397	0.181172	0.097010	0.126360	1
1.00	0.181172	0.121429	0.145403	0.001415	0.007812	0.002397	0.181172	0.097010	0.126360	1
1.00	0.181172	0.121429	0.145403	0.001415	0.007812	0.002397	0.181172	0.097010	0.126360	1
1.00	0.181172	0.121429	0.145403	0.001415	0.007812	0.002397	0.181172	0.097010	0.126360	1
1.00	0.181172	0.121429	0.145403	0.001415	0.007812	0.002397	0.181172	0.097010	0.126360	1
1.00	0.181172	0.121429	0.145403	0.001415	0.007812	0.002397	0.181172	0.097010	0.126360	1
1.00	0.181172	0.121429	0.145403	0.001415	0.007812	0.002397	0.181172	0.097010	0.126360	1
1.00	0.181172	0.121429	0.145403	0.001415	0.007812	0.002397	0.181172	0.097010	0.126360	1
1.00	0.181172	0.121429	0.145403	0.001415	0.007812	0.002397	0.181172	0.097010	0.126360	1
1.00	0.181172	0.121429	0.145403	0.001415	0.007812	0.002397	0.181172	0.097010	0.126360	1
1.00	0.181172	0.121429	0.145403	0.001415	0.007812	0.002397	0.181172	0.097010	0.126360	1
1.00	0.181172	0.121429	0.145403	0.001415	0.007812	0.002397	0.181172	0.097010	0.126360	1
1.00	0.181172	0.121429	0.145403	0.001415	0.007812	0.002397	0.181172	0.097010	0.126360	1
1.00	0.181172	0.121429	0.145403	0.001415	0.007812	0.002397	0.181172	0.097010	0.126360	1
1.00	0.181172	0.121429	0.145403	0.001415	0.007812	0.002397	0.181172	0.097010	0.126360	1
1.00	0.181172	0.121429	0.145403	0.001415	0.007812	0.002397	0.181172	0.097010	0.126360	1
1.00	0.181172	0.121429	0.145403	0.001415	0.007812	0.002397	0.181172	0.097010	0.126360	1
1.00	0.181172	0.121429	0.145403	0.001415	0.007812	0.002397	0.181172	0.097010	0.126360	1
1.00	0.181172	0.121429	0.145403	0.001415	0.007812	0.002397	0.181172	0.097010	0.126360	1
1.00	0.181172	0.121429	0.145403	0.001415	0.007812	0.002397	0.181172	0.097010	0.126360	1
1.00	0.181172	0.121429	0.145403	0.001415	0.007812	0.002397	0.181172	0.097010	0.126360	1
1.00	0.181172	0.121429	0.145403	0.001415	0.007812	0.002397	0.181172	0.097010	0.126360	1
1.00	0.181172	0.121429	0.145403	0.001415	0.007812	0.002397	0.181172	0.097010	0.126360	1
1.00	0.181172	0.121429	0.145403	0.001415	0.007812	0.002397	0.181172	0.097010	0.126360	1
1.00	0.181172	0.121429	0.145403	0.001415	0.007812	0.002397	0.181172	0.097010	0.126360	1
1.00	0.181172	0.121429	0.145403	0.001415	0.007812	0.002397	0.181172	0.097010	0.126360	1
1.00	0.181172	0.121429	0.145403	0.001415	0.007812	0.002397	0.181172	0.097010	0.126360	1
1.00	0.181172	0.121429	0.145403	0.001415	0.007812	0.002397	0.181172	0.097010	0.126360	1
1.00	0.181172	0.121429	0.145403	0.001415	0.007812	0.002397	0.181172	0.097010	0.126360	1
1.00	0.181172	0.121429	0.145403	0.001415	0.007812	0.002397	0.181172	0.097010	0.126360	1
1.00	0.181172	0.121429	0.145403	0.001415	0.007812	0.002397	0.181172	0.097010	0.126360	1
1.00	0.181172	0.121429	0.145403	0.001415	0.007812	0.002397	0.181172	0.097010	0.126360	1
1.00	0.181172	0.121429	0.145403	0.001415	0.007812	0.002397	0.181172	0.097010	0.126360	1
1.00	0.181172	0.121429	0.145403	0.001415	0.007812	0.002397	0.181172	0.097010	0.126360	1
1.00	0.181172	0.121429	0.145403	0.001415	0.007812	0.002397	0.181172	0.097010	0.126360	1
1.00	0.181172	0.121429	0.145403	0.001415	0.007812	0.002397	0.181172	0.097010	0.126360	1
1.00	0.181172	0.121429	0.145403	0.001415	0.007812	0.002397	0.181172	0.097010	0.126360	1
1.00	0.181172	0.121429	0.145403	0.001415	0.007812	0.002397	0.181172	0.097010	0.126360	1
1.00	0.181172	0.121429	0.145403	0.001415	0.007812	0.002397	0.181172	0.097010	0.126360	1

Mon Jan 24 13:02:32 2022
72.03	0.018882	0.847352	0.036941	0.011695	0.142264	0.021612	0.018849	0.864833	0.036894	100
60.81	0.018169	0.740476	0.035468	0.014696	0.190534	0.027287	0.018094	0.758733	0.035346	97
49.31	0.020135	0.665476	0.039087	0.017960	0.146923	0.032008	0.020147	0.692362	0.039154	82
37.21	0.022623	0.564286	0.043502	0.009554	0.113608	0.017626	0.022608	0.590764	0.043549	76
24.83	0.024317	0.404762	0.045878	0.009067	0.084714	0.016381	0.024548	0.427294	0.046430	66
16.38	0.026790	0.294048	0.049105	0.008484	0.060648	0.014885	0.026682	0.312729	0.049170	56
11.21	0.029305	0.220238	0.051727	0.008068	0.044044	0.013638	0.029136	0.233096	0.051797	41
7.76	0.028833	0.150000	0.048369	0.007938	0.029847	0.012541	0.028938	0.160065	0.049014	28
5.42	0.030144	0.109524	0.047276	0.005979	0.017403	0.008900	0.030208	0.116696	0.047993	21
3.81	0.024242	0.061905	0.034841	0.005851	0.013265	0.008120	0.023543	0.064831	0.034542	14
2.46	0.014420	0.023810	0.017961	0.004979	0.009416	0.006513	0.012552	0.026643	0.017064	11
1.49	0.009524	0.009524	0.009524	0.004948	0.000301	0.000567	0.009473	0.011545	0.010407	9
1.11	0.014423	0.010714	0.012295	0.006027	0.000333	0.000631	0.012137	0.013321	0.012702	8
1.02	0.010471	0.007143	0.008493	0.004557	0.000237	0.000450	0.010657	0.008881	0.009688	8
1.01	0.014134	0.009524	0.011380	0.002604	0.000256	0.000466	0.014210	0.011545	0.012740	8
1.00	0.019538	0.013095	0.015681	0.002455	0.000352	0.000616	0.019538	0.016874	0.018109	7
1.00	0.030195	0.020238	0.024234	0.002767	0.000544	0.000910	0.030195	0.026643	0.028308	7
1.00	0.035524	0.023810	0.028510	0.002894	0.000640	0.001049	0.035524	0.031972	0.033654	5
1.00	0.056838	0.038095	0.045617	0.003425	0.001025	0.001577	0.056838	0.053286	0.055005	5
1.00	0.076377	0.051190	0.061297	0.003536	0.001377	0.001982	0.076377	0.071048	0.073616	4
1.00	0.085258	0.057143	0.068425	0.003571	0.001537	0.002149	0.085258	0.079041	0.082032	4
1.00	0.110124	0.073810	0.088382	0.003588	0.001985	0.002556	0.110124	0.103020	0.106454	3
1.00	0.134991	0.090476	0.108339	0.003493	0.002433	0.002868	0.134991	0.126998	0.130873	3
1.00	0.175844	0.117857	0.141126	0.003500	0.003170	0.003327	0.175844	0.166075	0.170820	3
1.00	0.234458	0.157143	0.188168	0.003508	0.004226	0.003834	0.234458	0.222913	0.228540	2
1.00	0.312611	0.209524	0.250891	0.003628	0.005635	0.004414	0.312611	0.296625	0.304408	2
1.00	0.349911	0.234524	0.280827	0.003506	0.006308	0.004507	0.349911	0.331261	0.340331	2
1.00	0.413854	0.277381	0.332145	0.003555	0.007460	0.004816	0.413854	0.389876	0.401507	2
1.00	0.426288	0.285714	0.342124	0.003453	0.007684	0.004765	0.426288	0.401421	0.413481	2
1.00	0.433393	0.290476	0.347826	0.003386	0.007812	0.004724	0.433393	0.408526	0.420592	1
1.00	0.433393	0.290476	0.347826	0.003386	0.007812	0.004724	0.433393	0.408526	0.420592	1
1.00	0.433393	0.290476	0.347826	0.003386	0.007812	0.004724	0.433393	0.408526	0.420592	1
1.00	0.433393	0.290476	0.347826	0.003386	0.007812	0.004724	0.433393	0.408526	0.420592	1
1.00	0.433393	0.290476	0.347826	0.003386	0.007812	0.004724	0.433393	0.408526	0.420592	1
1.00	0.433393	0.290476	0.347826	0.003386	0.007812	0.004724	0.433393	0.408526	0.420592	1
1.00	0.433393	0.290476	0.347826	0.003386	0.007812	0.004724	0.433393	0.408526	0.420592	1
1.00	0.433393	0.290476	0.347826	0.003386	0.007812	0.004724	0.433393	0.408526	0.420592	1
1.00	0.433393	0.290476	0.347826	0.003386	0.007812	0.004724	0.433393	0.408526	0.420592	1
1.00	0.433393	0.290476	0.347826	0.003386	0.007812	0.004724	0.433393	0.408526	0.420592	1
1.00	0.433393	0.290476	0.347826	0.003386	0.007812	0.004724	0.433393	0.408526	0.420592	1
1.00	0.433393	0.290476	0.347826	0.003386	0.007812	0.004724	0.433393	0.408526	0.420592	1
1.00	0.433393	0.290476	0.347826	0.003386	0.007812	0.004724	0.433393	0.408526	0.420592	1
1.00	0.433393	0.290476	0.347826	0.003386	0.007812	0.004724	0.433393	0.408526	0.420592	1
1.00	0.433393	0.290476	0.347826	0.003386	0.007812	0.004724	0.433393	0.408526	0.420592	1
1.00	0.433393	0.290476	0.347826	0.003386	0.007812	0.004724	0.433393	0.408526	0.420592	1
1.00	0.433393	0.290476	0.347826	0.003386	0.007812	0.004724	0.433393	0.408526	0.420592	1
1.00	0.433393	0.290476	0.347826	0.003386	0.007812	0.004724	0.433393	0.408526	0.420592	1
1.00	0.433393	0.290476	0.347826	0.003386	0.007812	0.004724	0.433393	0.408526	0.420592	1
1.00	0.433393	0.290476	0.347826	0.003386	0.007812	0.004724	0.433393	0.408526	0.420592	1
1.00	0.433393	0.290476	0.347826	0.003386	0.007812	0.004724	0.433393	0.408526	0.420592	1
1.00	0.433393	0.290476	0.347826	0.003386	0.007812	0.004724	0.433393	0.408526	0.420592	1
1.00	0.433393	0.290476	0.347826	0.003386	0.007812	0.004724	0.433393	0.408526	0.420592	1
1.00	0.433393	0.290476	0.347826	0.003386	0.007812	0.004724	0.433393	0.408526	0.420592	1
1.00	0.433393	0.290476	0.347826	0.003386	0.007812	0.004724	0.433393	0.408526	0.420592	1
1.00	0.433393	0.290476	0.347826	0.003386	0.007812	0.004724	0.433393	0.408526	0.420592	1
1.00	0.433393	0.290476	0.347826	0.003386	0.007812	0.004724	0.433393	0.408526	0.420592	1
1.00	0.433393	0.290476	0.347826	0.003386	0.007812	0.004724	0.433393	0.408526	0.420592	1
1.00	0.433393	0.290476	0.347826	0.003386	0.007812	0.004724	0.433393	0.408526	0.420592	1
1.00	0.433393	0.290476	0.347826	0.003386	0.007812	0.004724	0.433393	0.408526	0.420592	1
1.00	0.433393	0.290476	0.347826	0.003386	0.007812	0.004724	0.433393	0.408526	0.420592	1
1.00	0.433393	0.290476	0.347826	0.003386	0.007812	0.004724	0.433393	0.408526	0.420592	1
1.00	0.433393	0.290476	0.347826	0.003386	0.007812	0.004724	0.433393	0.408526	0.420592	1
1.00	0.433393	0.290476	0.347826	0.003386	0.007812	0.004724	0.433393	0.408526	0.420592	1
1.00	0.433393	0.290476	0.347826	0.003386	0.007812	0.004724	0.433393	0.408526	0.420592	1
1.00	0.433393	0.290476	0.347826	0.003386	0.007812	0.004724	0.433393	0.408526	0.420592	1
1.00	0.433393	0.290476	0.347826	0.003386	0.007812	0.004724	0.433393	0.408526	0.420592	1
1.00	0.433393	0.290476	0.347826	0.003386	0.007812	0.004724	0.433393	0.408526	0.420592	1
1.00	0.433393	0.290476	0.347826	0.003386	0.007812	0.004724	0.433393	0.408526	0.420592	1
1.00	0.433393	0.290476	0.347826	0.003386	0.007812	0.004724	0.433393	0.408526	0.420592	1
1.00	0.433393	0.290476	0.347826	0.003386	0.007812	0.004724	0.433393	0.408526	0.420592	1
1.00	0.433393	0.290476	0.347826	0.003386	0.007812	0.004724	0.433393	0.408526	0.420592	1
1.00	0.433393	0.290476	0.347826	0.003386	0.007812	0.004724	0.433393	0.408526	0.420592	1
1.00	0.433393	0.290476	0.347826	0.003386	0.007812	0.004724	0.433393	0.408526	0.420592	1
1.00	0.433393	0.290476	0.347826	0.003386	0.007812	0.004724	0.433393	0.408526	0.420592	1
1.00	0.433393	0.290476	0.347826	0.003386	0.007812	0.004724	0.433393	0.408526	0.420592	1
1.00	0.433393	0.290476	0.347826	0.003386	0.007812	0.004724	0.433393	0.408526	0.420592	1
1.00	0.433393	0.290476	0.347826	0.003386	0.007812	0.004724	0.433393	0.408526	0.420592	1
1.00	0.433393	0.290476	0.347826	0.003386	0.007812	0.004724	0.433393	0.408526	0.420592	1
1.00	0.433393	0.290476	0.347826	0.003386	0.007812	0.004724	0.433393	0.408526	0.420592	1
1.00	0.433393	0.290476	0.347826	0.003386	0.007812	0.004724	0.433393	0.408526	0.420592	1
1.00	0.433393	0.290476	0.347826	0.003386	0.007812	0.004724	0.433393	0.408526	0.420592	1
1.00	0.433393	0.290476	0.347826	0.003386	0.007812	0.004724	0.433393	0.408526	0.420592	1
1.00	0.433393	0.290476	0.347826	0.003386	0.007812	0.004724	0.433393	0.408526	0.420592	1
1.00	0.433393	0.290476	0.347826	0.003386	0.007812	0.004724	0.433393	0.408526	0.420592	1
1.00	0.433393	0.290476	0.347826	0.003386	0.007812	0.004724	0.433393	0.408526	0.420592	1
1.00	0.433393	0.290476	0.347826	0.003386	0.007812	0.004724	0.433393	0.408526	0.420592	1
1.00	0.433393	0.290476	0.347826	0.003386	0.007812	0.004724	0.433393	0.408526	0.420592	1
1.00	0.433393	0.290476	0.347826	0.003386	0.007812	0.004724	0.433393	0.408526	0.420592	1
1.00	0.433393	0.290476	0.347826	0.003386	0.007812	0.004724	0.433393	0.408526	0.420592	1
1.00	0.433393	0.290476	0.347826	0.003386	0.007812	0.004724	0.433393	0.408526	0.420592	1
1.00	0.433393	0.290476	0.347826	0.003386	0.007812	0.004724	0.433393	0.408526	0.420592	1
1.00	0.433393	0.290476	0.347826	0.003386	0.007812	0.004724	0.433393	0.408526	0.420592	1
1.00	0.433393	0.290476	0.347826	0.003386	0.007812	0.004724	0.433393	0.408526	0.420592	1
1.00	0.433393	0.290476	0.347826	0.003386	0.007812	0.004724	0.433393	0.408526	0.420592	1
1.00	0.433393	0.290476	0.347826	0.003386	0.007812	0.004724	0.433393	0.408526	0.420592	1
1.00	0.433393	0.290476	0.347826	0.003386	0.007812	0.004724	0.433393	0.408526	0.420592	1
1.00	0.433393	0.290476	0.347826	0.003386	0.007812	0.004724	0.433393	0.408526	0.420592	1
1.00	0.433393	0.290476	0.347826	0.003386	0.007812	0.004724	0.433393	0.408526	0.420592	1
1.00	0.433393	0.290476	0.347826	0.003386	0.007812	0.004724	0.433393	0.408526	0.420592	1
1.00	0.433393	0.290476	0.347826	0.003386	0.007812	0.004724	0.433393	0.408526	0.420592	1
1.00	0.433393	0.290476	0.347826	0.003386	0.007812	0.004724	0.433393	0.408526	0.420592	1
1.00	0.433393	0.290476	0.347826	0.003386	0.007812	0.004724	0.433393	0.408526	0.420592	1
1.00	0.433393	0.290476	0.347826	0.003386	0.007812	0.004724	0.433393	0.408526	0.420592	1
1.00	0.433393	0.290476	0.347826	0.003386	0.007812	0.004724	0.433393	0.408526	0.420592	1
1.00	0.433393	0.290476	0.347826	0.003386	0.007812	0.004724	0.433393	0.408526	0.420592	1
1.00	0.433393	0.290476	0.347826	0.003386	0.007812	0.004724	0.433393	0.408526	0.420592	1
1.00	0.433393	0.290476	0.347826	0.003386	0.007812	0.004724	0.433393	0.408526	0.420592	1
1.00	0.433393	0.290476	0.347826	0.003386	0.007812	0.004724	0.433393	0.408526	0.420592	1
1.00	0.433393	0.290476	0.347826	0.003386	0.007812	0.004724	0.433393	0.408526	0.420592	1
1.00	0.433393	0.290476	0.347826	0.003386	0.007812	0.004724	0.433393	0.408526	0.420592	1
1.00	0.433393	0.290476	0.347826	0.003386	0.007812	0.004724	0.433393	0.408526	0.420592	1
1.00	0.433393	0.290476	0.347826	0.003386	0.007812	0.004724	0.433393	0.408526	0.420592	1
1.00	0.433393	0.290476	0.347826	0.003386	0.007812	0.004724	0.433393	0.408526	0.420592	1
1.00	0.433393	0.290476	0.347826	0.003386	0.007812	0.004724	0.433393	0.408526	0.420592	1
1.00	0.433393	0.290476	0.347826	0.003386	0.007812	0.004724	0.433393	0.408526	0.420592	1
1.00	0.433393	0.290476	0.347826	0.003386	0.007812	0.004724	0.433393	0.408526	0.420592	1
1.00	0.433393	0.290476	0.347826	0.003386	0.007812	0.004724	0.433393	0.408526	0.420592	1
1.00	0.433393	0.290476	0.347826	0.003386	0.007812	0.004724	0.433393	0.408526	0.420592	1
1.00	0.433393	0.290476	0.347826	0.003386	0.007812	0.004724	0.433393	0.408526	0.420592	1
1.00	0.433393	0.290476	0.347826	0.003386	0.007812	0.004724	0.433393	0.408526	0.420592	1
1.00	0.433393	0.290476	0.347826	0.003386	0.007812	0.004724	0.433393	0.408526	0.420592	1
1.00	0.433393	0.290476	0.347826	0.003386	0.007812	0.004724	0.433393	0.408526	0.420592	1
1.00	0.433393	0.290476	0.347826	0.003386	0.007812	0.004724	0.433393	0.408526	0.420592	1
1.00	0.433393	0.290476	0.347826	0.003386	0.007812	0.004724	0.433393	0.408526	0.420592	1
1.00	0.433393	0.290476	0.347826	0.003386	0.007812	0.004724	0.433393	0.408526	0.420592	1
1.00	0.433393	0.290476	0.347826	0.003386	0.007812	0.004724	0.433393	0.408526	0.420592	1
1.00	0.433393	0.290476	0.347826	0.003386	0.007812	0.004724	0.433393	0.408526	0.420592	1
1.00	0.433393	0.290476	0.347826	0.003386	0.007812	0.004724	0.433393	0.408526	0.420592	1
1.00	0.433393	0.290476	0.347826	0.003386	0.007812	0.004724	0.433393	0.408526	0.420592	1
1.00	0.433393	0.290476	0.347826	0.003386	0.007812	0.004724	0.433393	0.408526	0.420592	1
1.00	0.433393	0.290476	0.347826	0.003386	0.007812	0.004724	0.433393	0.408526	0.420592	1
1.00	0.433393	0.290476	0.347826	0.003386	0.007812	0.004724	0.433393	0.408526	0.420592	1
1.00	0.433393	0.290476	0.347826	0.003386	0.007812	0.004724	0.433393	0.408526	0.420592	1
1.00	0.433393	0.290476	0.347826	0.003386	0.007812	0.004724	0.433393	0.408526	0.420592	1
1.00	0.433393	0.290476	0.347826	0.003386	0.007812	0.004724	0.433393	0.408526	0.420592	1
1.00	0.433393	0.290476	0.347826	0.003386	0.007812	0.004724	0.433393	0.408526	0.420592	1
1.00	0.433393	0.290476	0.347826	0.003386	0.007812	0.004724	0.433393	0.408526	0.420592	1
1.00	0.433393	0.290476	0.347826	0.003386	0.007812	0.004724	0.433393	0.408526	0.420592	1
1.00	0.433393	0.290476	0.347826	0.003386	0.007812	0.004724	0.433393	0.408526	0.420592	1
1.00	0.433393	0.290476	0.347826	0.003386	0.007812	0.004724	0.433393	0.408526	0.420592	1
1.00	0.433393	0.290476	0.347826	0.003386	0.007812	0.004724	0.433393	0.408526	0.420592	1
1.00	0.433393	0.290476	0.347826	0.003386	0.007812	0.004724	0.433393	0.408526	0.420592	1

Mon Jan 24 13:20:52 2022
60.59	0.011801	0.445483	0.022992	0.015615	0.094395	0.026798	0.011947	0.359333	0.023125	97
49.17	0.010223	0.336905	0.019843	0.007564	0.130445	0.014299	0.010264	0.288988	0.019823	90
40.33	0.009381	0.253571	0.018093	0.006881	0.109572	0.012949	0.009470	0.220012	0.018159	74
32.89	0.008748	0.192857	0.016736	0.008245	0.096276	0.015190	0.008839	0.159325	0.016749	62
24.95	0.009752	0.163095	0.018403	0.010054	0.080675	0.017879	0.010072	0.128834	0.018683	49
17.16	0.012732	0.146429	0.023426	0.009748	0.054735	0.016549	0.013439	0.113292	0.024028	45
11.04	0.018671	0.138095	0.032894	0.002418	0.041016	0.004567	0.019552	0.107075	0.033066	39
7.70	0.026304	0.135714	0.044066	0.001585	0.031250	0.003018	0.027355	0.105595	0.043453	27
6.20	0.032683	0.135714	0.052680	0.001599	0.031250	0.003042	0.035797	0.105595	0.053468	17
4.86	0.041667	0.135714	0.063758	0.001661	0.031250	0.003155	0.046832	0.105595	0.064887	11
3.60	0.053854	0.129762	0.076117	0.001724	0.022266	0.003201	0.059799	0.102043	0.075407	9
2.53	0.073633	0.125000	0.092674	0.001483	0.014974	0.002699	0.077324	0.099378	0.086975	6
1.85	0.099904	0.123810	0.110579	0.001455	0.013021	0.002617	0.104648	0.098786	0.101633	5
1.47	0.125452	0.123810	0.124626	0.001479	0.013021	0.002657	0.132919	0.098786	0.113339	3
1.18	0.156156	0.123810	0.138114	0.001570	0.013021	0.002803	0.162522	0.098786	0.122881	2
1.04	0.174957	0.121429	0.143359	0.001423	0.007812	0.002407	0.178508	0.097010	0.125706	2
1.01	0.180212	0.121429	0.145092	0.001415	0.007812	0.002397	0.181172	0.097010	0.126360	2
1.00	0.181172	0.121429	0.145403	0.001415	0.007812	0.002397	0.181172	0.097010	0.126360	1
1.00	0.181172	0.121429	0.145403	0.001415	0.007812	0.002397	0.181172	0.097010	0.126360	1
1.00	0.181172	0.121429	0.145403	0.001415	0.007812	0.002397	0.181172	0.097010	0.126360	1
1.00	0.181172	0.121429	0.145403	0.001415	0.007812	0.002397	0.181172	0.097010	0.126360	1
1.00	0.181172	0.121429	0.145403	0.001415	0.007812	0.002397	0.181172	0.097010	0.126360	1
1.00	0.181172	0.121429	0.145403	0.001415	0.007812	0.002397	0.181172	0.097010	0.126360	1
1.00	0.181172	0.121429	0.145403	0.001415	0.007812	0.002397	0.181172	0.097010	0.126360	1
1.00	0.181172	0.121429	0.145403	0.001415	0.007812	0.002397	0.181172	0.097010	0.126360	1
1.00	0.181172	0.121429	0.145403	0.001415	0.007812	0.002397	0.181172	0.097010	0.126360	1
1.00	0.181172	0.121429	0.145403	0.001415	0.007812	0.002397	0.181172	0.097010	0.126360	1
1.00	0.181172	0.121429	0.145403	0.001415	0.007812	0.002397	0.181172	0.097010	0.126360	1
1.00	0.181172	0.121429	0.145403	0.001415	0.007812	0.002397	0.181172	0.097010	0.126360	1
1.00	0.181172	0.121429	0.145403	0.001415	0.007812	0.002397	0.181172	0.097010	0.126360	1
1.00	0.181172	0.121429	0.145403	0.001415	0.007812	0.002397	0.181172	0.097010	0.126360	1
1.00	0.181172	0.121429	0.145403	0.001415	0.007812	0.002397	0.181172	0.097010	0.126360	1
1.00	0.181172	0.121429	0.145403	0.001415	0.007812	0.002397	0.181172	0.097010	0.126360	1
1.00	0.181172	0.121429	0.145403	0.001415	0.007812	0.002397	0.181172	0.097010	0.126360	1
1.00	0.181172	0.121429	0.145403	0.001415	0.007812	0.002397	0.181172	0.097010	0.126360	1
1.00	0.181172	0.121429	0.145403	0.001415	0.007812	0.002397	0.181172	0.097010	0.126360	1
1.00	0.181172	0.121429	0.145403	0.001415	0.007812	0.002397	0.181172	0.097010	0.126360	1
1.00	0.181172	0.121429	0.145403	0.001415	0.007812	0.002397	0.181172	0.097010	0.126360	1
1.00	0.181172	0.121429	0.145403	0.001415	0.007812	0.002397	0.181172	0.097010	0.126360	1
1.00	0.181172	0.121429	0.145403	0.001415	0.007812	0.002397	0.181172	0.097010	0.126360	1
1.00	0.181172	0.121429	0.145403	0.001415	0.007812	0.002397	0.181172	0.097010	0.126360	1
1.00	0.181172	0.121429	0.145403	0.001415	0.007812	0.002397	0.181172	0.097010	0.126360	1
1.00	0.181172	0.121429	0.145403	0.001415	0.007812	0.002397	0.181172	0.097010	0.126360	1
1.00	0.181172	0.121429	0.145403	0.001415	0.007812	0.002397	0.181172	0.097010	0.126360	1
1.00	0.181172	0.121429	0.145403	0.001415	0.007812	0.002397	0.181172	0.097010	0.126360	1
1.00	0.181172	0.121429	0.145403	0.001415	0.007812	0.002397	0.181172	0.097010	0.126360	1
1.00	0.181172	0.121429	0.145403	0.001415	0.007812	0.002397	0.181172	0.097010	0.126360	1
1.00	0.181172	0.121429	0.145403	0.001415	0.007812	0.002397	0.181172	0.097010	0.126360	1
1.00	0.181172	0.121429	0.145403	0.001415	0.007812	0.002397	0.181172	0.097010	0.126360	1
1.00	0.181172	0.121429	0.145403	0.001415	0.007812	0.002397	0.181172	0.097010	0.126360	1
1.00	0.181172	0.121429	0.145403	0.001415	0.007812	0.002397	0.181172	0.097010	0.126360	1
1.00	0.181172	0.121429	0.145403	0.001415	0.007812	0.002397	0.181172	0.097010	0.126360	1
1.00	0.181172	0.121429	0.145403	0.001415	0.007812	0.002397	0.181172	0.097010	0.126360	1
1.00	0.181172	0.121429	0.145403	0.001415	0.007812	0.002397	0.181172	0.097010	0.126360	1
1.00	0.181172	0.121429	0.145403	0.001415	0.007812	0.002397	0.181172	0.097010	0.126360	1
1.00	0.181172	0.121429	0.145403	0.001415	0.007812	0.002397	0.181172	0.097010	0.126360	1
1.00	0.181172	0.121429	0.145403	0.001415	0.007812	0.002397	0.181172	0.097010	0.126360	1
1.00	0.181172	0.121429	0.145403	0.001415	0.007812	0.002397	0.181172	0.097010	0.126360	1
1.00	0.181172	0.121429	0.145403	0.001415	0.007812	0.002397	0.181172	0.097010	0.126360	1
1.00	0.181172	0.121429	0.145403	0.001415	0.007812	0.002397	0.181172	0.097010	0.126360	1
1.00	0.181172	0.121429	0.145403	0.001415	0.007812	0.002397	0.181172	0.097010	0.126360	1
1.00	0.181172	0.121429	0.145403	0.001415	0.007812	0.002397	0.181172	0.097010	0.126360	1
1.00	0.181172	0.121429	0.145403	0.001415	0.007812	0.002397	0.181172	0.097010	0.126360	1
1.00	0.181172	0.121429	0.145403	0.001415	0.007812	0.002397	0.181172	0.097010	0.126360	1
1.00	0.181172	0.121429	0.145403	0.001415	0.007812	0.002397	0.181172	0.097010	0.126360	1
1.00	0.181172	0.121429	0.145403	0.001415	0.007812	0.002397	0.181172	0.097010	0.126360	1
1.00	0.181172	0.121429	0.145403	0.001415	0.007812	0.002397	0.181172	0.097010	0.126360	1
1.00	0.181172	0.121429	0.145403	0.001415	0.007812	0.002397	0.181172	0.097010	0.126360	1
1.00	0.181172	0.121429	0.145403	0.001415	0.007812	0.002397	0.181172	0.097010	0.126360	1
1.00	0.181172	0.121429	0.145403	0.001415	0.007812	0.002397	0.181172	0.097010	0.126360	1
1.00	0.181172	0.121429	0.145403	0.001415	0.007812	0.002397	0.181172	0.097010	0.126360	1
1.00	0.181172	0.121429	0.145403	0.001415	0.007812	0.002397	0.181172	0.097010	0.126360	1
1.00	0.181172	0.121429	0.145403	0.001415	0.007812	0.002397	0.181172	0.097010	0.126360	1
1.00	0.181172	0.121429	0.145403	0.001415	0.007812	0.002397	0.181172	0.097010	0.126360	1
1.00	0.181172	0.121429	0.145403	0.001415	0.007812	0.002397	0.181172	0.097010	0.126360	1
1.00	0.181172	0.121429	0.145403	0.001415	0.007812	0.002397	0.181172	0.097010	0.126360	1
1.00	0.181172	0.121429	0.145403	0.001415	0.007812	0.002397	0.181172	0.097010	0.126360	1
1.00	0.181172	0.121429	0.145403	0.001415	0.007812	0.002397	0.181172	0.097010	0.126360	1
1.00	0.181172	0.121429	0.145403	0.001415	0.007812	0.002397	0.181172	0.097010	0.126360	1
1.00	0.181172	0.121429	0.145403	0.001415	0.007812	0.002397	0.181172	0.097010	0.126360	1
1.00	0.181172	0.121429	0.145403	0.001415	0.007812	0.002397	0.181172	0.097010	0.126360	1
1.00	0.181172	0.121429	0.145403	0.001415	0.007812	0.002397	0.181172	0.097010	0.126360	1
1.00	0.181172	0.121429	0.145403	0.001415	0.007812	0.002397	0.181172	0.097010	0.126360	1
1.00	0.181172	0.121429	0.145403	0.001415	0.007812	0.002397	0.181172	0.097010	0.126360	1
1.00	0.181172	0.121429	0.145403	0.001415	0.007812	0.002397	0.181172	0.097010	0.126360	1
1.00	0.181172	0.121429	0.145403	0.001415	0.007812	0.002397	0.181172	0.097010	0.126360	1
1.00	0.181172	0.121429	0.145403	0.001415	0.007812	0.002397	0.181172	0.097010	0.126360	1
1.00	0.181172	0.121429	0.145403	0.001415	0.007812	0.002397	0.181172	0.097010	0.126360	1
1.00	0.181172	0.121429	0.145403	0.001415	0.007812	0.002397	0.181172	0.097010	0.126360	1
1.00	0.181172	0.121429	0.145403	0.001415	0.007812	0.002397	0.181172	0.097010	0.126360	1
1.00	0.181172	0.121429	0.145403	0.001415	0.007812	0.002397	0.181172	0.097010	0.126360	1

Mon Jan 24 13:34:27 2022
59.35	0.008510	0.314642	0.016571	0.009882	0.070202	0.017326	0.008522	0.305333	0.016581	93
48.94	0.006424	0.210714	0.012467	0.004039	0.092913	0.007742	0.006431	0.171433	0.012397	86
40.49	0.007107	0.192857	0.013708	0.003688	0.087932	0.007079	0.007168	0.151303	0.013688	77
32.98	0.007810	0.172619	0.014943	0.004072	0.065516	0.007668	0.007955	0.136738	0.015035	66
24.87	0.009144	0.152381	0.017252	0.001919	0.047151	0.003688	0.009337	0.123416	0.017360	56
18.16	0.011932	0.145238	0.022052	0.001985	0.040043	0.003783	0.012401	0.118680	0.022455	48
13.40	0.015374	0.138095	0.027668	0.001786	0.033701	0.003392	0.016630	0.115068	0.029060	41
9.50	0.019996	0.127381	0.034566	0.002562	0.029259	0.004711	0.022676	0.108496	0.037511	30
6.17	0.025922	0.107143	0.041744	0.001525	0.013193	0.002733	0.029623	0.093398	0.044980	21
3.65	0.031599	0.077381	0.044874	0.001425	0.008578	0.002444	0.031143	0.067348	0.042591	15
2.41	0.030169	0.048810	0.037290	0.001384	0.005840	0.002238	0.025933	0.041593	0.031947	10
1.85	0.025024	0.030952	0.027674	0.001302	0.001991	0.001575	0.019242	0.023535	0.021173	9
1.49	0.010727	0.010714	0.010721	0.000868	0.000689	0.000768	0.006513	0.008437	0.007351	5
1.19	0.008969	0.007143	0.007952	0.001143	0.000460	0.000656	0.008881	0.005773	0.006997	4
1.05	0.005076	0.003571	0.004193	0.000937	0.000230	0.000369	0.005329	0.003552	0.004263	4
1.00	0.003552	0.002381	0.002851	0.000579	0.000153	0.000242	0.003552	0.002664	0.003045	4
1.00	0.003552	0.002381	0.002851	0.000473	0.000153	0.000231	0.003552	0.001776	0.002368	4
1.00	0.008881	0.005952	0.007128	0.000977	0.000383	0.000550	0.008881	0.004885	0.006303	3
1.00	0.008881	0.005952	0.007128	0.000908	0.000383	0.000539	0.008881	0.004885	0.006303	4
1.00	0.012433	0.008333	0.009979	0.001052	0.000536	0.000710	0.012433	0.006365	0.008419	4
1.00	0.010657	0.007143	0.008553	0.000822	0.000460	0.000590	0.010657	0.005477	0.007235	4
1.00	0.010657	0.007143	0.008553	0.000721	0.000460	0.000561	0.010657	0.005477	0.007235	4
1.00	0.012433	0.008333	0.009979	0.000804	0.000536	0.000643	0.012433	0.006365	0.008419	4
1.00	0.015986	0.010714	0.012830	0.000901	0.000689	0.000781	0.015986	0.009029	0.011540	4
1.00	0.023091	0.015476	0.018532	0.000996	0.000996	0.000996	0.023091	0.012581	0.016288	3
1.00	0.042629	0.028571	0.034212	0.001420	0.001838	0.001603	0.042629	0.022351	0.029325	3
1.00	0.053286	0.035714	0.042766	0.001429	0.002298	0.001762	0.053286	0.027383	0.036176	3
1.00	0.081705	0.054762	0.065574	0.001556	0.003523	0.002158	0.081705	0.043665	0.056914	3
1.00	0.103020	0.069048	0.082680	0.001429	0.004442	0.002163	0.103020	0.055506	0.072143	2
1.00	0.126110	0.084524	0.101212	0.001380	0.005438	0.002201	0.126110	0.069124	0.089300	2
1.00	0.143872	0.096429	0.115467	0.001346	0.006204	0.002213	0.143872	0.077709	0.100912	2
1.00	0.170515	0.114286	0.136850	0.001420	0.007353	0.002381	0.170515	0.091681	0.119247	2
1.00	0.175844	0.117857	0.141126	0.001394	0.007583	0.002354	0.175844	0.094346	0.122804	2
1.00	0.181172	0.121429	0.145403	0.001415	0.007812	0.002397	0.181172	0.097010	0.126360	1
1.00	0.181172	0.121429	0.145403	0.001415	0.007812	0.002397	0.181172	0.097010	0.126360	1
1.00	0.181172	0.121429	0.145403	0.001415	0.007812	0.002397	0.181172	0.097010	0.126360	1
1.00	0.181172	0.121429	0.145403	0.001415	0.007812	0.002397	0.181172	0.097010	0.126360	1
1.00	0.181172	0.121429	0.145403	0.001415	0.007812	0.002397	0.181172	0.097010	0.126360	1
1.00	0.181172	0.121429	0.145403	0.001415	0.007812	0.002397	0.181172	0.097010	0.126360	1
1.00	0.181172	0.121429	0.145403	0.001415	0.007812	0.002397	0.181172	0.097010	0.126360	1
1.00	0.181172	0.121429	0.145403	0.001415	0.007812	0.002397	0.181172	0.097010	0.126360	1
1.00	0.181172	0.121429	0.145403	0.001415	0.007812	0.002397	0.181172	0.097010	0.126360	1
1.00	0.181172	0.121429	0.145403	0.001415	0.007812	0.002397	0.181172	0.097010	0.126360	1
1.00	0.181172	0.121429	0.145403	0.001415	0.007812	0.002397	0.181172	0.097010	0.126360	1
1.00	0.181172	0.121429	0.145403	0.001415	0.007812	0.002397	0.181172	0.097010	0.126360	1
1.00	0.181172	0.121429	0.145403	0.001415	0.007812	0.002397	0.181172	0.097010	0.126360	1
1.00	0.181172	0.121429	0.145403	0.001415	0.007812	0.002397	0.181172	0.097010	0.126360	1
1.00	0.181172	0.121429	0.145403	0.001415	0.007812	0.002397	0.181172	0.097010	0.126360	1
1.00	0.181172	0.121429	0.145403	0.001415	0.007812	0.002397	0.181172	0.097010	0.126360	1
1.00	0.181172	0.121429	0.145403	0.001415	0.007812	0.002397	0.181172	0.097010	0.126360	1
1.00	0.181172	0.121429	0.145403	0.001415	0.007812	0.002397	0.181172	0.097010	0.126360	1
1.00	0.181172	0.121429	0.145403	0.001415	0.007812	0.002397	0.181172	0.097010	0.126360	1
1.00	0.181172	0.121429	0.145403	0.001415	0.007812	0.002397	0.181172	0.097010	0.126360	1
1.00	0.181172	0.121429	0.145403	0.001415	0.007812	0.002397	0.181172	0.097010	0.126360	1
1.00	0.181172	0.121429	0.145403	0.001415	0.007812	0.002397	0.181172	0.097010	0.126360	1
1.00	0.181172	0.121429	0.145403	0.001415	0.007812	0.002397	0.181172	0.097010	0.126360	1
1.00	0.181172	0.121429	0.145403	0.001415	0.007812	0.002397	0.181172	0.097010	0.126360	1
1.00	0.181172	0.121429	0.145403	0.001415	0.007812	0.002397	0.181172	0.097010	0.126360	1
1.00	0.181172	0.121429	0.145403	0.001415	0.007812	0.002397	0.181172	0.097010	0.126360	1
1.00	0.181172	0.121429	0.145403	0.001415	0.007812	0.002397	0.181172	0.097010	0.126360	1
1.00	0.181172	0.121429	0.145403	0.001415	0.007812	0.002397	0.181172	0.097010	0.126360	1
1.00	0.181172	0.121429	0.145403	0.001415	0.007812	0.002397	0.181172	0.097010	0.126360	1
1.00	0.181172	0.121429	0.145403	0.001415	0.007812	0.002397	0.181172	0.097010	0.126360	1
1.00	0.181172	0.121429	0.145403	0.001415	0.007812	0.002397	0.181172	0.097010	0.126360	1
1.00	0.181172	0.121429	0.145403	0.001415	0.007812	0.002397	0.181172	0.097010	0.126360	1
