
Mon Jan 24 14:52:02 2022
59.28	0.009700	0.358255	0.018888	0.006272	0.092052	0.011743	0.009715	0.456667	0.019026	83
49.37	0.011010	0.364286	0.021373	0.006101	0.112673	0.011574	0.011042	0.462374	0.021568	77
39.81	0.010307	0.275000	0.019869	0.006075	0.085610	0.011345	0.010344	0.347069	0.020088	69
31.03	0.006870	0.142857	0.013109	0.005559	0.061931	0.010203	0.006856	0.176258	0.013199	61
22.89	0.003880	0.059524	0.007284	0.005911	0.048157	0.010529	0.003870	0.066015	0.007312	52
16.35	0.002172	0.023810	0.003982	0.006871	0.024893	0.010770	0.002076	0.025311	0.003838	42
11.54	0.002000	0.015476	0.003543	0.012131	0.022070	0.015656	0.001860	0.014950	0.003309	34
7.85	0.000905	0.004762	0.001521	0.004326	0.012911	0.006481	0.000815	0.004144	0.001362	29
4.71	0.000377	0.001190	0.000573	0.000977	0.001116	0.001042	0.000444	0.000888	0.000592	21
3.18	0.000559	0.001190	0.000761	0.007812	0.001116	0.001953	0.000444	0.000888	0.000592	14
2.66	0.000000	0.000000	0.000000	0.000000	0.000000	0.000000	0.000000	0.000000	0.000000	8
2.31	0.000000	0.000000	0.000000	0.000000	0.000000	0.000000	0.000000	0.000000	0.000000	3
2.08	0.000000	0.000000	0.000000	0.000000	0.000000	0.000000	0.000000	0.000000	0.000000	3
2.00	0.000000	0.000000	0.000000	0.000000	0.000000	0.000000	0.000000	0.000000	0.000000	3
1.94	0.000000	0.000000	0.000000	0.000000	0.000000	0.000000	0.000000	0.000000	0.000000	2
1.69	0.000000	0.000000	0.000000	0.000000	0.000000	0.000000	0.000000	0.000000	0.000000	2
1.33	0.000000	0.000000	0.000000	0.000000	0.000000	0.000000	0.000000	0.000000	0.000000	2
1.07	0.000000	0.000000	0.000000	0.000000	0.000000	0.000000	0.000000	0.000000	0.000000	2
1.00	0.000000	0.000000	0.000000	0.000000	0.000000	0.000000	0.000000	0.000000	0.000000	2
1.00	0.000000	0.000000	0.000000	0.000000	0.000000	0.000000	0.000000	0.000000	0.000000	2
1.00	0.000000	0.000000	0.000000	0.000000	0.000000	0.000000	0.000000	0.000000	0.000000	2
1.00	0.000000	0.000000	0.000000	0.000000	0.000000	0.000000	0.000000	0.000000	0.000000	2
1.00	0.000000	0.000000	0.000000	0.000000	0.000000	0.000000	0.000000	0.000000	0.000000	2
1.00	0.000000	0.000000	0.000000	0.000000	0.000000	0.000000	0.000000	0.000000	0.000000	2
1.00	0.000000	0.000000	0.000000	0.000000	0.000000	0.000000	0.000000	0.000000	0.000000	2
1.00	0.000000	0.000000	0.000000	0.000000	0.000000	0.000000	0.000000	0.000000	0.000000	2
1.00	0.000000	0.000000	0.000000	0.000000	0.000000	0.000000	0.000000	0.000000	0.000000	3
1.00	0.007105	0.004762	0.005702	0.001838	0.000306	0.000525	0.007105	0.002664	0.003875	3
1.00	0.035524	0.023810	0.028510	0.002264	0.001532	0.001827	0.035524	0.015690	0.021766	3
1.00	0.078153	0.052381	0.062723	0.001858	0.003370	0.002395	0.078153	0.037596	0.050769	3
1.00	0.138544	0.092857	0.111190	0.001683	0.005974	0.002627	0.138544	0.070367	0.093331	3
1.00	0.175844	0.117857	0.141126	0.001541	0.007583	0.002561	0.175844	0.094346	0.122804	2
1.00	0.181172	0.121429	0.145403	0.001441	0.007812	0.002433	0.181172	0.097010	0.126360	2
1.00	0.181172	0.121429	0.145403	0.001420	0.007812	0.002404	0.181172	0.097010	0.126360	2
1.00	0.181172	0.121429	0.145403	0.001415	0.007812	0.002397	0.181172	0.097010	0.126360	1
1.00	0.181172	0.121429	0.145403	0.001415	0.007812	0.002397	0.181172	0.097010	0.126360	1
1.00	0.181172	0.121429	0.145403	0.001415	0.007812	0.002397	0.181172	0.097010	0.126360	1
1.00	0.181172	0.121429	0.145403	0.001415	0.007812	0.002397	0.181172	0.097010	0.126360	1
1.00	0.181172	0.121429	0.145403	0.001415	0.007812	0.002397	0.181172	0.097010	0.126360	1
1.00	0.181172	0.121429	0.145403	0.001415	0.007812	0.002397	0.181172	0.097010	0.126360	1
1.00	0.181172	0.121429	0.145403	0.001415	0.007812	0.002397	0.181172	0.097010	0.126360	1
1.00	0.181172	0.121429	0.145403	0.001415	0.007812	0.002397	0.181172	0.097010	0.126360	1
1.00	0.181172	0.121429	0.145403	0.001415	0.007812	0.002397	0.181172	0.097010	0.126360	1
1.00	0.181172	0.121429	0.145403	0.001415	0.007812	0.002397	0.181172	0.097010	0.126360	1
1.00	0.181172	0.121429	0.145403	0.001415	0.007812	0.002397	0.181172	0.097010	0.126360	1
1.00	0.181172	0.121429	0.145403	0.001415	0.007812	0.002397	0.181172	0.097010	0.126360	1
1.00	0.181172	0.121429	0.145403	0.001415	0.007812	0.002397	0.181172	0.097010	0.126360	1
1.00	0.181172	0.121429	0.145403	0.001415	0.007812	0.002397	0.181172	0.097010	0.126360	1
1.00	0.181172	0.121429	0.145403	0.001415	0.007812	0.002397	0.181172	0.097010	0.126360	1
1.00	0.181172	0.121429	0.145403	0.001415	0.007812	0.002397	0.181172	0.097010	0.126360	1
1.00	0.181172	0.121429	0.145403	0.001415	0.007812	0.002397	0.181172	0.097010	0.126360	1
1.00	0.181172	0.121429	0.145403	0.001415	0.007812	0.002397	0.181172	0.097010	0.126360	1
1.00	0.181172	0.121429	0.145403	0.001415	0.007812	0.002397	0.181172	0.097010	0.126360	1
1.00	0.181172	0.121429	0.145403	0.001415	0.007812	0.002397	0.181172	0.097010	0.126360	1
1.00	0.181172	0.121429	0.145403	0.001415	0.007812	0.002397	0.181172	0.097010	0.126360	1
1.00	0.181172	0.121429	0.145403	0.001415	0.007812	0.002397	0.181172	0.097010	0.126360	1
1.00	0.181172	0.121429	0.145403	0.001415	0.007812	0.002397	0.181172	0.097010	0.126360	1
1.00	0.181172	0.121429	0.145403	0.001415	0.007812	0.002397	0.181172	0.097010	0.126360	1
1.00	0.181172	0.121429	0.145403	0.001415	0.007812	0.002397	0.181172	0.097010	0.126360	1
1.00	0.181172	0.121429	0.145403	0.001415	0.007812	0.002397	0.181172	0.097010	0.126360	1
1.00	0.181172	0.121429	0.145403	0.001415	0.007812	0.002397	0.181172	0.097010	0.126360	1
1.00	0.181172	0.121429	0.145403	0.001415	0.007812	0.002397	0.181172	0.097010	0.126360	1
1.00	0.181172	0.121429	0.145403	0.001415	0.007812	0.002397	0.181172	0.097010	0.126360	1
1.00	0.181172	0.121429	0.145403	0.001415	0.007812	0.002397	0.181172	0.097010	0.126360	1
1.00	0.181172	0.121429	0.145403	0.001415	0.007812	0.002397	0.181172	0.097010	0.126360	1
1.00	0.181172	0.121429	0.145403	0.001415	0.007812	0.002397	0.181172	0.097010	0.126360	1
1.00	0.181172	0.121429	0.145403	0.001415	0.007812	0.002397	0.181172	0.097010	0.126360	1
1.00	0.181172	0.121429	0.145403	0.001415	0.007812	0.002397	0.181172	0.097010	0.126360	1
1.00	0.181172	0.121429	0.145403	0.001415	0.007812	0.002397	0.181172	0.097010	0.126360	1
1.00	0.181172	0.121429	0.145403	0.001415	0.007812	0.002397	0.181172	0.097010	0.126360	1
1.00	0.181172	0.121429	0.145403	0.001415	0.007812	0.002397	0.181172	0.097010	0.126360	1
1.00	0.181172	0.121429	0.145403	0.001415	0.007812	0.002397	0.181172	0.097010	0.126360	1
1.00	0.181172	0.121429	0.145403	0.001415	0.007812	0.002397	0.181172	0.097010	0.126360	1
1.00	0.181172	0.121429	0.145403	0.001415	0.007812	0.002397	0.181172	0.097010	0.126360	1
1.00	0.181172	0.121429	0.145403	0.001415	0.007812	0.002397	0.181172	0.097010	0.126360	1
1.00	0.181172	0.121429	0.145403	0.001415	0.007812	0.002397	0.181172	0.097010	0.126360	1
1.00	0.181172	0.121429	0.145403	0.001415	0.007812	0.002397	0.181172	0.097010	0.126360	1
1.00	0.181172	0.121429	0.145403	0.001415	0.007812	0.002397	0.181172	0.097010	0.126360	1
1.00	0.181172	0.121429	0.145403	0.001415	0.007812	0.002397	0.181172	0.097010	0.126360	1
1.00	0.181172	0.121429	0.145403	0.001415	0.007812	0.002397	0.181172	0.097010	0.126360	1
1.00	0.181172	0.121429	0.145403	0.001415	0.007812	0.002397	0.181172	0.097010	0.126360	1
1.00	0.181172	0.121429	0.145403	0.001415	0.007812	0.002397	0.181172	0.097010	0.126360	1
1.00	0.181172	0.121429	0.145403	0.001415	0.007812	0.002397	0.181172	0.097010	0.126360	1
1.00	0.181172	0.121429	0.145403	0.001415	0.007812	0.002397	0.181172	0.097010	0.126360	1
1.00	0.181172	0.121429	0.145403	0.001415	0.007812	0.002397	0.181172	0.097010	0.126360	1
1.00	0.181172	0.121429	0.145403	0.001415	0.007812	0.002397	0.181172	0.097010	0.126360	1
1.00	0.181172	0.121429	0.145403	0.001415	0.007812	0.002397	0.181172	0.097010	0.126360	1
1.00	0.181172	0.121429	0.145403	0.001415	0.007812	0.002397	0.181172	0.097010	0.126360	1
1.00	0.181172	0.121429	0.145403	0.001415	0.007812	0.002397	0.181172	0.097010	0.126360	1
1.00	0.181172	0.121429	0.145403	0.001415	0.007812	0.002397	0.181172	0.097010	0.126360	1
1.00	0.181172	0.121429	0.145403	0.001415	0.007812	0.002397	0.181172	0.097010	0.126360	1
1.00	0.181172	0.121429	0.145403	0.001415	0.007812	0.002397	0.181172	0.097010	0.126360	1
1.00	0.181172	0.121429	0.145403	0.001415	0.007812	0.002397	0.181172	0.097010	0.126360	1
1.00	0.181172	0.121429	0.145403	0.001415	0.007812	0.002397	0.181172	0.097010	0.126360	1
1.00	0.181172	0.121429	0.145403	0.001415	0.007812	0.002397	0.181172	0.097010	0.126360	1
1.00	0.181172	0.121429	0.145403	0.001415	0.007812	0.002397	0.181172	0.097010	0.126360	1
1.00	0.181172	0.121429	0.145403	0.001415	0.007812	0.002397	0.181172	0.097010	0.126360	1
1.00	0.181172	0.121429	0.145403	0.001415	0.007812	0.002397	0.181172	0.097010	0.126360	1
1.00	0.181172	0.121429	0.145403	0.001415	0.007812	0.002397	0.181172	0.097010	0.126360	1
1.00	0.181172	0.121429	0.145403	0.001415	0.007812	0.002397	0.181172	0.097010	0.126360	1
1.00	0.181172	0.121429	0.145403	0.001415	0.007812	0.002397	0.181172	0.097010	0.126360	1
1.00	0.181172	0.121429	0.145403	0.001415	0.007812	0.002397	0.181172	0.097010	0.126360	1
1.00	0.181172	0.121429	0.145403	0.001415	0.007812	0.002397	0.181172	0.097010	0.126360	1
1.00	0.181172	0.121429	0.145403	0.001415	0.007812	0.002397	0.181172	0.097010	0.126360	1
1.00	0.181172	0.121429	0.145403	0.001415	0.007812	0.002397	0.181172	0.097010	0.126360	1
1.00	0.181172	0.121429	0.145403	0.001415	0.007812	0.002397	0.181172	0.097010	0.126360	1
1.00	0.181172	0.121429	0.145403	0.001415	0.007812	0.002397	0.181172	0.097010	0.126360	1
1.00	0.181172	0.121429	0.145403	0.001415	0.007812	0.002397	0.181172	0.097010	0.126360	1
1.00	0.181172	0.121429	0.145403	0.001415	0.007812	0.002397	0.181172	0.097010	0.126360	1
1.00	0.181172	0.121429	0.145403	0.001415	0.007812	0.002397	0.181172	0.097010	0.126360	1
1.00	0.181172	0.121429	0.145403	0.001415	0.007812	0.002397	0.181172	0.097010	0.126360	1
1.00	0.181172	0.121429	0.145403	0.001415	0.007812	0.002397	0.181172	0.097010	0.126360	1
1.00	0.236234	0.158333	0.189594	0.005100	0.008181	0.006283	0.236234	0.152013	0.184989	2
1.00	0.452931	0.303571	0.363507	0.008560	0.008744	0.008651	0.452931	0.414742	0.432996	2
1.00	0.433393	0.290476	0.347826	0.003386	0.007812	0.004724	0.433393	0.408526	0.420592	1
1.00	0.433393	0.290476	0.347826	0.003386	0.007812	0.004724	0.433393	0.408526	0.420592	1
1.00	0.433393	0.290476	0.347826	0.003386	0.007812	0.004724	0.433393	0.408526	0.420592	1
1.00	0.433393	0.290476	0.347826	0.003386	0.007812	0.004724	0.433393	0.408526	0.420592	1
1.00	0.433393	0.290476	0.347826	0.003386	0.007812	0.004724	0.433393	0.408526	0.420592	1
1.00	0.433393	0.290476	0.347826	0.003386	0.007812	0.004724	0.433393	0.408526	0.420592	1
1.00	0.433393	0.290476	0.347826	0.003386	0.007812	0.004724	0.433393	0.408526	0.420592	1
1.00	0.433393	0.290476	0.347826	0.003386	0.007812	0.004724	0.433393	0.408526	0.420592	1
1.00	0.433393	0.290476	0.347826	0.003386	0.007812	0.004724	0.433393	0.408526	0.420592	1
1.00	0.433393	0.290476	0.347826	0.003386	0.007812	0.004724	0.433393	0.408526	0.420592	1
1.00	0.433393	0.290476	0.347826	0.003386	0.007812	0.004724	0.433393	0.408526	0.420592	1
1.00	0.433393	0.290476	0.347826	0.003386	0.007812	0.004724	0.433393	0.408526	0.420592	1
1.00	0.433393	0.290476	0.347826	0.003386	0.007812	0.004724	0.433393	0.408526	0.420592	1
1.00	0.433393	0.290476	0.347826	0.003386	0.007812	0.004724	0.433393	0.408526	0.420592	1
1.00	0.433393	0.290476	0.347826	0.003386	0.007812	0.004724	0.433393	0.408526	0.420592	1
1.00	0.433393	0.290476	0.347826	0.003386	0.007812	0.004724	0.433393	0.408526	0.420592	1
1.00	0.433393	0.290476	0.347826	0.003386	0.007812	0.004724	0.433393	0.408526	0.420592	1
1.00	0.436945	0.292857	0.350677	0.011210	0.007966	0.009314	0.436945	0.410302	0.423205	2
1.00	0.452931	0.303571	0.363507	0.008325	0.008744	0.008529	0.452931	0.414742	0.432996	2
1.00	0.380107	0.254762	0.305061	0.005456	0.008902	0.006766	0.380107	0.320900	0.348003	2
1.00	0.198934	0.133333	0.159658	0.004837	0.007999	0.006028	0.198934	0.111220	0.142674	2
1.00	0.182948	0.122619	0.146828	0.009230	0.007845	0.008481	0.182948	0.097898	0.127545	2
1.00	0.181172	0.121429	0.145403	0.001415	0.007812	0.002397	0.181172	0.097010	0.126360	1
1.00	0.181172	0.121429	0.145403	0.001415	0.007812	0.002397	0.181172	0.097010	0.126360	1
1.00	0.181172	0.121429	0.145403	0.001415	0.007812	0.002397	0.181172	0.097010	0.126360	1
1.00	0.181172	0.121429	0.145403	0.001415	0.007812	0.002397	0.181172	0.097010	0.126360	1
1.00	0.181172	0.121429	0.145403	0.001415	0.007812	0.002397	0.181172	0.097010	0.126360	1
1.00	0.181172	0.121429	0.145403	0.001415	0.007812	0.002397	0.181172	0.097010	0.126360	1
1.00	0.181172	0.121429	0.145403	0.001415	0.007812	0.002397	0.181172	0.097010	0.126360	1
1.00	0.181172	0.121429	0.145403	0.001415	0.007812	0.002397	0.181172	0.097010	0.126360	1
1.00	0.181172	0.121429	0.145403	0.001415	0.007812	0.002397	0.181172	0.097010	0.126360	1
1.00	0.181172	0.121429	0.145403	0.001415	0.007812	0.002397	0.181172	0.097010	0.126360	1
1.00	0.181172	0.121429	0.145403	0.001415	0.007812	0.002397	0.181172	0.097010	0.126360	1
1.00	0.181172	0.121429	0.145403	0.001415	0.007812	0.002397	0.181172	0.097010	0.126360	1
1.00	0.181172	0.121429	0.145403	0.001415	0.007812	0.002397	0.181172	0.097010	0.126360	1
1.00	0.181172	0.121429	0.145403	0.001415	0.007812	0.002397	0.181172	0.097010	0.126360	1
1.00	0.181172	0.121429	0.145403	0.001415	0.007812	0.002397	0.181172	0.097010	0.126360	1
1.00	0.181172	0.121429	0.145403	0.001415	0.007812	0.002397	0.181172	0.097010	0.126360	1
1.00	0.181172	0.121429	0.145403	0.001415	0.007812	0.002397	0.181172	0.097010	0.126360	1
1.00	0.181172	0.121429	0.145403	0.001415	0.007812	0.002397	0.181172	0.097010	0.126360	1
1.00	0.181172	0.121429	0.145403	0.001415	0.007812	0.002397	0.181172	0.097010	0.126360	1
1.00	0.181172	0.121429	0.145403	0.001415	0.007812	0.002397	0.181172	0.097010	0.126360	1
1.00	0.181172	0.121429	0.145403	0.001415	0.007812	0.002397	0.181172	0.097010	0.126360	1
1.00	0.181172	0.121429	0.145403	0.001415	0.007812	0.002397	0.181172	0.097010	0.126360	1
1.00	0.181172	0.121429	0.145403	0.001415	0.007812	0.002397	0.181172	0.097010	0.126360	1
1.00	0.181172	0.121429	0.145403	0.001415	0.007812	0.002397	0.181172	0.097010	0.126360	1
1.00	0.181172	0.121429	0.145403	0.001415	0.007812	0.002397	0.181172	0.097010	0.126360	1
1.00	0.181172	0.121429	0.145403	0.001415	0.007812	0.002397	0.181172	0.097010	0.126360	1

Mon Jan 24 15:14:58 2022
72.03	0.018882	0.847352	0.036941	0.011695	0.142264	0.021612	0.018849	0.864833	0.036894	100
60.94	0.017545	0.716667	0.034252	0.014571	0.189225	0.027058	0.017456	0.724156	0.034090	96
49.95	0.019274	0.645238	0.037430	0.017711	0.145666	0.031582	0.019270	0.664535	0.037453	82
37.84	0.021920	0.555952	0.042177	0.009526	0.112678	0.017567	0.021928	0.573446	0.042242	76
25.46	0.024351	0.415476	0.046006	0.009526	0.088564	0.017202	0.024640	0.426998	0.046591	66
16.64	0.025510	0.284524	0.046821	0.008069	0.060092	0.014227	0.025761	0.285790	0.047262	56
11.41	0.029728	0.227381	0.052581	0.007845	0.042996	0.013269	0.029862	0.232208	0.052919	42
8.00	0.035096	0.188095	0.059154	0.010038	0.032018	0.015284	0.035600	0.194553	0.060187	29
5.84	0.044404	0.173810	0.070736	0.005459	0.024477	0.008928	0.044429	0.182860	0.071488	23
4.39	0.050930	0.150000	0.076041	0.005410	0.017150	0.008226	0.050863	0.164358	0.077685	16
3.10	0.058958	0.122619	0.079629	0.005591	0.012956	0.007811	0.058234	0.139491	0.082166	11
1.82	0.076923	0.094048	0.084628	0.005852	0.003822	0.004624	0.075340	0.113144	0.090451	10
1.21	0.114875	0.092857	0.102699	0.006056	0.003344	0.004309	0.119153	0.118709	0.118931	8
1.04	0.172945	0.120238	0.141854	0.005739	0.004215	0.004860	0.175844	0.157490	0.166161	8
1.01	0.231041	0.155952	0.186212	0.005875	0.005264	0.005553	0.230906	0.208467	0.219113	7
1.00	0.257549	0.172619	0.206700	0.005866	0.005757	0.005811	0.257549	0.230965	0.243534	6
1.00	0.269982	0.180952	0.216679	0.005809	0.005981	0.005894	0.269982	0.243398	0.256002	6
1.00	0.273535	0.183333	0.219530	0.005720	0.006001	0.005857	0.273535	0.246951	0.259564	4
1.00	0.278863	0.186905	0.223806	0.005565	0.005918	0.005736	0.278863	0.253700	0.265687	4
1.00	0.294849	0.197619	0.236636	0.005518	0.006117	0.005802	0.294849	0.269982	0.281868	4
1.00	0.321492	0.215476	0.258019	0.005635	0.006642	0.006097	0.321492	0.293961	0.307111	3
1.00	0.348135	0.233333	0.279401	0.005697	0.007123	0.006330	0.348135	0.316163	0.331380	3
1.00	0.378330	0.253571	0.303635	0.005766	0.007533	0.006532	0.378330	0.345767	0.361316	3
1.00	0.404973	0.271429	0.325018	0.005406	0.007701	0.006353	0.404973	0.373594	0.388651	3
1.00	0.413854	0.277381	0.332145	0.005183	0.007772	0.006219	0.413854	0.383659	0.398185	3
1.00	0.426288	0.285714	0.342124	0.004964	0.007907	0.006099	0.426288	0.397869	0.411588	3
1.00	0.428064	0.286905	0.343550	0.004400	0.007850	0.005639	0.428064	0.401421	0.414315	3
1.00	0.428064	0.286905	0.343550	0.003436	0.007716	0.004755	0.428064	0.403197	0.415259	2
1.00	0.431616	0.289286	0.346401	0.003402	0.007780	0.004734	0.431616	0.406750	0.418814	2
1.00	0.433393	0.290476	0.347826	0.003404	0.007812	0.004742	0.433393	0.408526	0.420592	2
1.00	0.433393	0.290476	0.347826	0.003404	0.007812	0.004742	0.433393	0.408526	0.420592	2
1.00	0.429840	0.288095	0.344975	0.003425	0.007748	0.004750	0.429840	0.404973	0.417036	2
1.00	0.435169	0.291667	0.349252	0.005171	0.008067	0.006302	0.435169	0.406454	0.420321	2
1.00	0.429840	0.288095	0.344975	0.005294	0.008640	0.006565	0.429840	0.393724	0.410990	2
1.00	0.428064	0.286905	0.343550	0.005400	0.008831	0.006702	0.428064	0.389343	0.407786	2
1.00	0.426288	0.285714	0.342124	0.005568	0.009066	0.006899	0.426288	0.382830	0.403392	2
1.00	0.401421	0.269048	0.322167	0.005662	0.009108	0.006983	0.401421	0.352931	0.375617	2
1.00	0.348135	0.233333	0.279401	0.005964	0.009218	0.007242	0.348135	0.281735	0.311435	2
1.00	0.296625	0.198810	0.238061	0.006449	0.009002	0.007515	0.296625	0.224008	0.255253	2
1.00	0.243339	0.163095	0.195296	0.006523	0.008532	0.007393	0.243339	0.163025	0.195246	2
1.00	0.193606	0.129762	0.155381	0.006012	0.007903	0.006829	0.193606	0.110628	0.140801	2
1.00	0.190053	0.127381	0.152530	0.005873	0.007839	0.006715	0.190053	0.107963	0.137702	2
1.00	0.190053	0.127381	0.152530	0.006387	0.007883	0.007057	0.190053	0.106779	0.136735	2
1.00	0.211368	0.141667	0.169637	0.006348	0.008045	0.007096	0.211368	0.131054	0.161792	2
1.00	0.216696	0.145238	0.173913	0.006021	0.008141	0.006922	0.216696	0.136382	0.167405	2
1.00	0.216696	0.145238	0.173913	0.006166	0.008185	0.007034	0.216696	0.135494	0.166734	2
1.00	0.213144	0.142857	0.171062	0.006010	0.008121	0.006908	0.213144	0.131942	0.162989	2
1.00	0.227353	0.152381	0.182466	0.006116	0.008199	0.007006	0.227353	0.150000	0.180748	2
1.00	0.289520	0.194048	0.232359	0.006192	0.008830	0.007280	0.289520	0.217792	0.248585	2
1.00	0.349911	0.234524	0.280827	0.005867	0.009071	0.007126	0.349911	0.292984	0.318927	2
1.00	0.342806	0.229762	0.275125	0.005818	0.008943	0.007050	0.342806	0.286767	0.312293	2
1.00	0.378330	0.253571	0.303635	0.005428	0.008647	0.006670	0.378330	0.333393	0.354443	2
1.00	0.342806	0.229762	0.275125	0.005869	0.009032	0.007115	0.342806	0.284695	0.311060	2
1.00	0.328597	0.220238	0.263721	0.005836	0.008821	0.007024	0.328597	0.269301	0.296009	2
1.00	0.325044	0.217857	0.260870	0.005901	0.008890	0.007094	0.325044	0.263973	0.291342	2
1.00	0.310835	0.208333	0.249465	0.005939	0.008813	0.007096	0.310835	0.246211	0.274774	2
1.00	0.291297	0.195238	0.233785	0.006172	0.008772	0.007246	0.291297	0.221344	0.251548	2
1.00	0.225577	0.151190	0.181041	0.006133	0.008256	0.007038	0.225577	0.146448	0.177597	2
1.00	0.206039	0.138095	0.165360	0.006066	0.008038	0.006914	0.206039	0.123653	0.154552	2
1.00	0.184725	0.123810	0.148254	0.005314	0.007787	0.006317	0.184725	0.101451	0.130972	2
1.00	0.181172	0.121429	0.145403	0.001415	0.007812	0.002397	0.181172	0.097010	0.126360	1
1.00	0.184725	0.123810	0.148254	0.007271	0.007832	0.007541	0.184725	0.100562	0.130229	2
1.00	0.184725	0.123810	0.148254	0.004538	0.007787	0.005734	0.184725	0.101451	0.130972	2
1.00	0.182948	0.122619	0.146828	0.004242	0.007711	0.005473	0.182948	0.100562	0.129785	2
1.00	0.202487	0.135714	0.162509	0.005849	0.007974	0.006748	0.202487	0.120101	0.150773	2
1.00	0.207815	0.139286	0.166785	0.006165	0.008070	0.006990	0.207815	0.125429	0.156438	2
1.00	0.287744	0.192857	0.230934	0.005936	0.008619	0.007031	0.287744	0.219864	0.249265	2
1.00	0.435169	0.291667	0.349252	0.005048	0.008067	0.006210	0.435169	0.407638	0.420954	2
1.00	0.433393	0.290476	0.347826	0.003386	0.007812	0.004724	0.433393	0.408526	0.420592	1
1.00	0.433393	0.290476	0.347826	0.003386	0.007812	0.004724	0.433393	0.408526	0.420592	1
1.00	0.433393	0.290476	0.347826	0.003386	0.007812	0.004724	0.433393	0.408526	0.420592	1
1.00	0.433393	0.290476	0.347826	0.003386	0.007812	0.004724	0.433393	0.408526	0.420592	1
1.00	0.433393	0.290476	0.347826	0.003386	0.007812	0.004724	0.433393	0.408526	0.420592	1
1.00	0.433393	0.290476	0.347826	0.003386	0.007812	0.004724	0.433393	0.408526	0.420592	1
1.00	0.433393	0.290476	0.347826	0.003386	0.007812	0.004724	0.433393	0.408526	0.420592	1
1.00	0.433393	0.290476	0.347826	0.003386	0.007812	0.004724	0.433393	0.408526	0.420592	1
1.00	0.433393	0.290476	0.347826	0.003386	0.007812	0.004724	0.433393	0.408526	0.420592	1
1.00	0.433393	0.290476	0.347826	0.003386	0.007812	0.004724	0.433393	0.408526	0.420592	1
1.00	0.433393	0.290476	0.347826	0.003386	0.007812	0.004724	0.433393	0.408526	0.420592	1
1.00	0.433393	0.290476	0.347826	0.003386	0.007812	0.004724	0.433393	0.408526	0.420592	1
1.00	0.245115	0.164286	0.196721	0.005864	0.008297	0.006871	0.245115	0.171610	0.201880	2
1.00	0.181172	0.121429	0.145403	0.001415	0.007812	0.002397	0.181172	0.097010	0.126360	1
1.00	0.181172	0.121429	0.145403	0.001415	0.007812	0.002397	0.181172	0.097010	0.126360	1
1.00	0.181172	0.121429	0.145403	0.001415	0.007812	0.002397	0.181172	0.097010	0.126360	1
1.00	0.181172	0.121429	0.145403	0.001415	0.007812	0.002397	0.181172	0.097010	0.126360	1
1.00	0.181172	0.121429	0.145403	0.001415	0.007812	0.002397	0.181172	0.097010	0.126360	1
1.00	0.181172	0.121429	0.145403	0.001415	0.007812	0.002397	0.181172	0.097010	0.126360	1
1.00	0.181172	0.121429	0.145403	0.001415	0.007812	0.002397	0.181172	0.097010	0.126360	1
1.00	0.181172	0.121429	0.145403	0.001415	0.007812	0.002397	0.181172	0.097010	0.126360	1
1.00	0.181172	0.121429	0.145403	0.001415	0.007812	0.002397	0.181172	0.097010	0.126360	1
1.00	0.181172	0.121429	0.145403	0.001415	0.007812	0.002397	0.181172	0.097010	0.126360	1
1.00	0.181172	0.121429	0.145403	0.001415	0.007812	0.002397	0.181172	0.097010	0.126360	1
1.00	0.181172	0.121429	0.145403	0.001415	0.007812	0.002397	0.181172	0.097010	0.126360	1
1.00	0.181172	0.121429	0.145403	0.001415	0.007812	0.002397	0.181172	0.097010	0.126360	1
1.00	0.181172	0.121429	0.145403	0.001415	0.007812	0.002397	0.181172	0.097010	0.126360	1
1.00	0.181172	0.121429	0.145403	0.001415	0.007812	0.002397	0.181172	0.097010	0.126360	1
1.00	0.181172	0.121429	0.145403	0.001415	0.007812	0.002397	0.181172	0.097010	0.126360	1
1.00	0.181172	0.121429	0.145403	0.001415	0.007812	0.002397	0.181172	0.097010	0.126360	1
1.00	0.181172	0.121429	0.145403	0.001415	0.007812	0.002397	0.181172	0.097010	0.126360	1
1.00	0.181172	0.121429	0.145403	0.001415	0.007812	0.002397	0.181172	0.097010	0.126360	1
1.00	0.181172	0.121429	0.145403	0.001415	0.007812	0.002397	0.181172	0.097010	0.126360	1
1.00	0.181172	0.121429	0.145403	0.001415	0.007812	0.002397	0.181172	0.097010	0.126360	1
1.00	0.181172	0.121429	0.145403	0.001415	0.007812	0.002397	0.181172	0.097010	0.126360	1
1.00	0.181172	0.121429	0.145403	0.001415	0.007812	0.002397	0.181172	0.097010	0.126360	1
1.00	0.181172	0.121429	0.145403	0.001415	0.007812	0.002397	0.181172	0.097010	0.126360	1
1.00	0.181172	0.121429	0.145403	0.001415	0.007812	0.002397	0.181172	0.097010	0.126360	1
1.00	0.181172	0.121429	0.145403	0.001415	0.007812	0.002397	0.181172	0.097010	0.126360	1
1.00	0.181172	0.121429	0.145403	0.001415	0.007812	0.002397	0.181172	0.097010	0.126360	1
1.00	0.181172	0.121429	0.145403	0.001415	0.007812	0.002397	0.181172	0.097010	0.126360	1
1.00	0.181172	0.121429	0.145403	0.001415	0.007812	0.002397	0.181172	0.097010	0.126360	1
1.00	0.181172	0.121429	0.145403	0.001415	0.007812	0.002397	0.181172	0.097010	0.126360	1
1.00	0.181172	0.121429	0.145403	0.001415	0.007812	0.002397	0.181172	0.097010	0.126360	1
1.00	0.181172	0.121429	0.145403	0.001415	0.007812	0.002397	0.181172	0.097010	0.126360	1
1.00	0.181172	0.121429	0.145403	0.001415	0.007812	0.002397	0.181172	0.097010	0.126360	1
1.00	0.181172	0.121429	0.145403	0.001415	0.007812	0.002397	0.181172	0.097010	0.126360	1

Mon Jan 24 15:33:05 2022
60.59	0.011801	0.445483	0.022992	0.015615	0.094395	0.026798	0.011947	0.359333	0.023125	97
49.35	0.010005	0.330952	0.019423	0.008373	0.129384	0.015728	0.010059	0.283659	0.019429	89
40.51	0.008856	0.240476	0.017083	0.006995	0.108444	0.013143	0.008968	0.209947	0.017202	74
32.93	0.008198	0.180952	0.015686	0.008799	0.094787	0.016103	0.008307	0.146004	0.015719	62
24.75	0.009400	0.155952	0.017731	0.009791	0.072021	0.017239	0.009716	0.120249	0.017979	49
17.08	0.012585	0.144048	0.023147	0.001903	0.052734	0.003673	0.013315	0.110924	0.023776	45
11.12	0.018521	0.138095	0.032662	0.002427	0.041016	0.004582	0.019347	0.107075	0.032772	38
7.70	0.026310	0.135714	0.044075	0.001596	0.031250	0.003037	0.027320	0.105595	0.043409	25
6.15	0.032612	0.134524	0.052497	0.001651	0.031173	0.003136	0.035006	0.105003	0.052507	17
4.86	0.038391	0.125000	0.058741	0.001697	0.030561	0.003215	0.041948	0.098194	0.058784	10
3.66	0.044153	0.108333	0.062737	0.001757	0.020887	0.003242	0.045885	0.086353	0.059927	8
2.35	0.052075	0.082143	0.063741	0.001492	0.012217	0.002659	0.047869	0.064446	0.054934	6
1.36	0.054902	0.050000	0.052336	0.001329	0.008272	0.002291	0.045737	0.039224	0.042231	5
1.07	0.064892	0.046429	0.054129	0.001337	0.008042	0.002293	0.058911	0.036264	0.044893	5
1.01	0.077193	0.052381	0.062411	0.001291	0.005898	0.002118	0.075488	0.040409	0.052639	4
1.00	0.095745	0.064286	0.076923	0.001331	0.004136	0.002014	0.095915	0.051954	0.067400	4
1.00	0.124113	0.083333	0.099715	0.001350	0.005362	0.002157	0.124334	0.066163	0.086367	3
1.00	0.147425	0.098810	0.118318	0.001397	0.006357	0.002291	0.147425	0.077413	0.101518	3
1.00	0.165186	0.110714	0.132573	0.001468	0.007123	0.002434	0.165186	0.087774	0.114635	2
1.00	0.172291	0.115476	0.138275	0.001474	0.007430	0.002460	0.172291	0.092214	0.120131	2
1.00	0.179396	0.120238	0.143977	0.001478	0.007736	0.002481	0.179396	0.095234	0.124419	2
1.00	0.181172	0.121429	0.145403	0.001438	0.007812	0.002429	0.181172	0.097010	0.126360	2
1.00	0.181172	0.121429	0.145403	0.001418	0.007812	0.002400	0.181172	0.097010	0.126360	2
1.00	0.181172	0.121429	0.145403	0.001415	0.007812	0.002397	0.181172	0.097010	0.126360	1
1.00	0.181172	0.121429	0.145403	0.001415	0.007812	0.002397	0.181172	0.097010	0.126360	1
1.00	0.181172	0.121429	0.145403	0.001415	0.007812	0.002397	0.181172	0.097010	0.126360	1
1.00	0.181172	0.121429	0.145403	0.001415	0.007812	0.002397	0.181172	0.097010	0.126360	1
1.00	0.181172	0.121429	0.145403	0.001415	0.007812	0.002397	0.181172	0.097010	0.126360	1
1.00	0.181172	0.121429	0.145403	0.001415	0.007812	0.002397	0.181172	0.097010	0.126360	1
1.00	0.181172	0.121429	0.145403	0.001415	0.007812	0.002397	0.181172	0.097010	0.126360	1
1.00	0.181172	0.121429	0.145403	0.001415	0.007812	0.002397	0.181172	0.097010	0.126360	1
1.00	0.181172	0.121429	0.145403	0.001415	0.007812	0.002397	0.181172	0.097010	0.126360	1
1.00	0.181172	0.121429	0.145403	0.001415	0.007812	0.002397	0.181172	0.097010	0.126360	1
1.00	0.181172	0.121429	0.145403	0.001415	0.007812	0.002397	0.181172	0.097010	0.126360	1
1.00	0.181172	0.121429	0.145403	0.001415	0.007812	0.002397	0.181172	0.097010	0.126360	1
1.00	0.181172	0.121429	0.145403	0.001415	0.007812	0.002397	0.181172	0.097010	0.126360	1
1.00	0.181172	0.121429	0.145403	0.001415	0.007812	0.002397	0.181172	0.097010	0.126360	1
1.00	0.181172	0.121429	0.145403	0.001415	0.007812	0.002397	0.181172	0.097010	0.126360	1
1.00	0.181172	0.121429	0.145403	0.001415	0.007812	0.002397	0.181172	0.097010	0.126360	1
1.00	0.181172	0.121429	0.145403	0.001415	0.007812	0.002397	0.181172	0.097010	0.126360	1
1.00	0.181172	0.121429	0.145403	0.001415	0.007812	0.002397	0.181172	0.097010	0.126360	1
1.00	0.181172	0.121429	0.145403	0.001415	0.007812	0.002397	0.181172	0.097010	0.126360	1
1.00	0.181172	0.121429	0.145403	0.001415	0.007812	0.002397	0.181172	0.097010	0.126360	1
1.00	0.181172	0.121429	0.145403	0.001415	0.007812	0.002397	0.181172	0.097010	0.126360	1
1.00	0.181172	0.121429	0.145403	0.001415	0.007812	0.002397	0.181172	0.097010	0.126360	1
1.00	0.181172	0.121429	0.145403	0.001415	0.007812	0.002397	0.181172	0.097010	0.126360	1
1.00	0.181172	0.121429	0.145403	0.001415	0.007812	0.002397	0.181172	0.097010	0.126360	1
1.00	0.181172	0.121429	0.145403	0.001415	0.007812	0.002397	0.181172	0.097010	0.126360	1
1.00	0.181172	0.121429	0.145403	0.001415	0.007812	0.002397	0.181172	0.097010	0.126360	1
1.00	0.181172	0.121429	0.145403	0.001415	0.007812	0.002397	0.181172	0.097010	0.126360	1
1.00	0.181172	0.121429	0.145403	0.001415	0.007812	0.002397	0.181172	0.097010	0.126360	1
1.00	0.181172	0.121429	0.145403	0.001415	0.007812	0.002397	0.181172	0.097010	0.126360	1
1.00	0.181172	0.121429	0.145403	0.001415	0.007812	0.002397	0.181172	0.097010	0.126360	1
1.00	0.181172	0.121429	0.145403	0.001415	0.007812	0.002397	0.181172	0.097010	0.126360	1
1.00	0.181172	0.121429	0.145403	0.001415	0.007812	0.002397	0.181172	0.097010	0.126360	1
1.00	0.181172	0.121429	0.145403	0.001415	0.007812	0.002397	0.181172	0.097010	0.126360	1
1.00	0.181172	0.121429	0.145403	0.001415	0.007812	0.002397	0.181172	0.097010	0.126360	1
1.00	0.181172	0.121429	0.145403	0.001415	0.007812	0.002397	0.181172	0.097010	0.126360	1
1.00	0.181172	0.121429	0.145403	0.001415	0.007812	0.002397	0.181172	0.097010	0.126360	1
1.00	0.181172	0.121429	0.145403	0.001415	0.007812	0.002397	0.181172	0.097010	0.126360	1
1.00	0.181172	0.121429	0.145403	0.001415	0.007812	0.002397	0.181172	0.097010	0.126360	1
1.00	0.181172	0.121429	0.145403	0.001415	0.007812	0.002397	0.181172	0.097010	0.126360	1
1.00	0.181172	0.121429	0.145403	0.001415	0.007812	0.002397	0.181172	0.097010	0.126360	1
1.00	0.181172	0.121429	0.145403	0.001415	0.007812	0.002397	0.181172	0.097010	0.126360	1
1.00	0.181172	0.121429	0.145403	0.001415	0.007812	0.002397	0.181172	0.097010	0.126360	1
1.00	0.181172	0.121429	0.145403	0.001415	0.007812	0.002397	0.181172	0.097010	0.126360	1
1.00	0.181172	0.121429	0.145403	0.001415	0.007812	0.002397	0.181172	0.097010	0.126360	1
1.00	0.181172	0.121429	0.145403	0.001415	0.007812	0.002397	0.181172	0.097010	0.126360	1
1.00	0.181172	0.121429	0.145403	0.001415	0.007812	0.002397	0.181172	0.097010	0.126360	1
1.00	0.181172	0.121429	0.145403	0.001415	0.007812	0.002397	0.181172	0.097010	0.126360	1
1.00	0.181172	0.121429	0.145403	0.001415	0.007812	0.002397	0.181172	0.097010	0.126360	1
1.00	0.181172	0.121429	0.145403	0.001415	0.007812	0.002397	0.181172	0.097010	0.126360	1
1.00	0.181172	0.121429	0.145403	0.001415	0.007812	0.002397	0.181172	0.097010	0.126360	1
1.00	0.181172	0.121429	0.145403	0.001415	0.007812	0.002397	0.181172	0.097010	0.126360	1
1.00	0.181172	0.121429	0.145403	0.001415	0.007812	0.002397	0.181172	0.097010	0.126360	1
1.00	0.181172	0.121429	0.145403	0.001415	0.007812	0.002397	0.181172	0.097010	0.126360	1
1.00	0.181172	0.121429	0.145403	0.001415	0.007812	0.002397	0.181172	0.097010	0.126360	1
1.00	0.181172	0.121429	0.145403	0.001415	0.007812	0.002397	0.181172	0.097010	0.126360	1
1.00	0.181172	0.121429	0.145403	0.001415	0.007812	0.002397	0.181172	0.097010	0.126360	1
1.00	0.181172	0.121429	0.145403	0.001415	0.007812	0.002397	0.181172	0.097010	0.126360	1
1.00	0.181172	0.121429	0.145403	0.001415	0.007812	0.002397	0.181172	0.097010	0.126360	1
1.00	0.181172	0.121429	0.145403	0.001415	0.007812	0.002397	0.181172	0.097010	0.126360	1
1.00	0.181172	0.121429	0.145403	0.001415	0.007812	0.002397	0.181172	0.097010	0.126360	1
1.00	0.181172	0.121429	0.145403	0.001415	0.007812	0.002397	0.181172	0.097010	0.126360	1
1.00	0.181172	0.121429	0.145403	0.001415	0.007812	0.002397	0.181172	0.097010	0.126360	1
1.00	0.181172	0.121429	0.145403	0.001415	0.007812	0.002397	0.181172	0.097010	0.126360	1
1.00	0.181172	0.121429	0.145403	0.001415	0.007812	0.002397	0.181172	0.097010	0.126360	1
1.00	0.181172	0.121429	0.145403	0.001415	0.007812	0.002397	0.181172	0.097010	0.126360	1
1.00	0.181172	0.121429	0.145403	0.001415	0.007812	0.002397	0.181172	0.097010	0.126360	1
1.00	0.181172	0.121429	0.145403	0.001415	0.007812	0.002397	0.181172	0.097010	0.126360	1
1.00	0.181172	0.121429	0.145403	0.001415	0.007812	0.002397	0.181172	0.097010	0.126360	1
1.00	0.181172	0.121429	0.145403	0.001415	0.007812	0.002397	0.181172	0.097010	0.126360	1
1.00	0.181172	0.121429	0.145403	0.001415	0.007812	0.002397	0.181172	0.097010	0.126360	1
1.00	0.181172	0.121429	0.145403	0.001415	0.007812	0.002397	0.181172	0.097010	0.126360	1
1.00	0.181172	0.121429	0.145403	0.001415	0.007812	0.002397	0.181172	0.097010	0.126360	1
1.00	0.181172	0.121429	0.145403	0.001415	0.007812	0.002397	0.181172	0.097010	0.126360	1
1.00	0.181172	0.121429	0.145403	0.001415	0.007812	0.002397	0.181172	0.097010	0.126360	1
1.00	0.181172	0.121429	0.145403	0.001415	0.007812	0.002397	0.181172	0.097010	0.126360	1
1.00	0.181172	0.121429	0.145403	0.001415	0.007812	0.002397	0.181172	0.097010	0.126360	1
1.00	0.181172	0.121429	0.145403	0.001415	0.007812	0.002397	0.181172	0.097010	0.126360	1
1.00	0.181172	0.121429	0.145403	0.001415	0.007812	0.002397	0.181172	0.097010	0.126360	1
1.00	0.181172	0.121429	0.145403	0.001415	0.007812	0.002397	0.181172	0.097010	0.126360	1
1.00	0.181172	0.121429	0.145403	0.001415	0.007812	0.002397	0.181172	0.097010	0.126360	1
1.00	0.181172	0.121429	0.145403	0.001415	0.007812	0.002397	0.181172	0.097010	0.126360	1
1.00	0.181172	0.121429	0.145403	0.001415	0.007812	0.002397	0.181172	0.097010	0.126360	1
1.00	0.181172	0.121429	0.145403	0.001415	0.007812	0.002397	0.181172	0.097010	0.126360	1
1.00	0.181172	0.121429	0.145403	0.001415	0.007812	0.002397	0.181172	0.097010	0.126360	1
1.00	0.181172	0.121429	0.145403	0.001415	0.007812	0.002397	0.181172	0.097010	0.126360	1
1.00	0.181172	0.121429	0.145403	0.001415	0.007812	0.002397	0.181172	0.097010	0.126360	1
1.00	0.181172	0.121429	0.145403	0.001415	0.007812	0.002397	0.181172	0.097010	0.126360	1
1.00	0.181172	0.121429	0.145403	0.001415	0.007812	0.002397	0.181172	0.097010	0.126360	1
1.00	0.181172	0.121429	0.145403	0.001415	0.007812	0.002397	0.181172	0.097010	0.126360	1
1.00	0.181172	0.121429	0.145403	0.001415	0.007812	0.002397	0.181172	0.097010	0.126360	1
1.00	0.181172	0.121429	0.145403	0.001415	0.007812	0.002397	0.181172	0.097010	0.126360	1
1.00	0.181172	0.121429	0.145403	0.001415	0.007812	0.002397	0.181172	0.097010	0.126360	1
1.00	0.181172	0.121429	0.145403	0.001415	0.007812	0.002397	0.181172	0.097010	0.126360	1
1.00	0.181172	0.121429	0.145403	0.001415	0.007812	0.002397	0.181172	0.097010	0.126360	1
1.00	0.181172	0.121429	0.145403	0.001415	0.007812	0.002397	0.181172	0.097010	0.126360	1
1.00	0.181172	0.121429	0.145403	0.001415	0.007812	0.002397	0.181172	0.097010	0.126360	1
1.00	0.181172	0.121429	0.145403	0.001415	0.007812	0.002397	0.181172	0.097010	0.126360	1
1.00	0.181172	0.121429	0.145403	0.001415	0.007812	0.002397	0.181172	0.097010	0.126360	1
1.00	0.181172	0.121429	0.145403	0.001415	0.007812	0.002397	0.181172	0.097010	0.126360	1
1.00	0.181172	0.121429	0.145403	0.001415	0.007812	0.002397	0.181172	0.097010	0.126360	1

Mon Jan 24 15:53:12 2022
59.35	0.008510	0.314642	0.016571	0.009882	0.070202	0.017326	0.008522	0.305333	0.016581	93
49.02	0.006414	0.210714	0.012449	0.003829	0.092913	0.007354	0.006407	0.171433	0.012353	85
40.62	0.007128	0.194048	0.013750	0.004615	0.088132	0.008771	0.007195	0.152191	0.013740	77
33.07	0.007734	0.171429	0.014800	0.004045	0.064555	0.007612	0.007864	0.135554	0.014865	67
24.93	0.009191	0.153571	0.017343	0.001956	0.053860	0.003774	0.009429	0.124304	0.017528	57
18.29	0.011849	0.145238	0.021911	0.001934	0.041085	0.003694	0.012399	0.118976	0.022457	48
13.47	0.015038	0.135714	0.027075	0.002229	0.033931	0.004184	0.016424	0.113292	0.028688	40
9.36	0.019158	0.120238	0.033050	0.002163	0.028799	0.004023	0.021404	0.102575	0.035418	30
5.97	0.025305	0.101190	0.040486	0.001586	0.016563	0.002895	0.027793	0.089550	0.042421	21
3.57	0.027888	0.066667	0.039326	0.001386	0.007889	0.002358	0.025269	0.058467	0.035287	15
2.34	0.027314	0.042857	0.033364	0.001432	0.005457	0.002269	0.023357	0.037448	0.028770	11
1.78	0.014940	0.017857	0.016269	0.000961	0.001149	0.001046	0.010657	0.013173	0.011782	9
1.45	0.009804	0.009524	0.009662	0.000947	0.000613	0.000744	0.005921	0.007549	0.006636	4
1.17	0.006079	0.004762	0.005340	0.001078	0.000306	0.000477	0.005329	0.003108	0.003926	4
1.05	0.003390	0.002381	0.002797	0.000868	0.000153	0.000260	0.003552	0.001776	0.002368	4
1.00	0.001776	0.001190	0.001426	0.000460	0.000077	0.000131	0.001776	0.000888	0.001184	4
1.00	0.010657	0.007143	0.008553	0.001172	0.000460	0.000660	0.010657	0.005921	0.007612	4
1.00	0.019538	0.013095	0.015681	0.001386	0.000843	0.001048	0.019538	0.009917	0.013156	4
1.00	0.026643	0.017857	0.021383	0.001317	0.001149	0.001227	0.026643	0.014062	0.018408	4
1.00	0.033748	0.022619	0.027085	0.003220	0.002355	0.002721	0.033748	0.019094	0.024389	4
1.00	0.044405	0.029762	0.035638	0.002515	0.002815	0.002657	0.044405	0.024127	0.031266	4
1.00	0.053286	0.035714	0.042766	0.002727	0.003198	0.002944	0.053286	0.027975	0.036689	4
1.00	0.058615	0.039286	0.047042	0.002731	0.003428	0.003040	0.058615	0.030935	0.040497	4
1.00	0.076377	0.051190	0.061297	0.001302	0.003294	0.001866	0.076377	0.040409	0.052854	3
1.00	0.108348	0.072619	0.086957	0.001406	0.004672	0.002161	0.108348	0.059059	0.076447	3
1.00	0.127886	0.085714	0.102637	0.001382	0.005515	0.002210	0.127886	0.070900	0.091225	3
1.00	0.154529	0.103571	0.124020	0.001419	0.006664	0.002340	0.154529	0.084221	0.109023	2
1.00	0.170515	0.114286	0.136850	0.001429	0.007353	0.002392	0.170515	0.091681	0.119247	2
1.00	0.174067	0.116667	0.139701	0.001387	0.007506	0.002341	0.174067	0.093458	0.121618	2
1.00	0.181172	0.121429	0.145403	0.001415	0.007812	0.002397	0.181172	0.097010	0.126360	1
1.00	0.181172	0.121429	0.145403	0.001415	0.007812	0.002397	0.181172	0.097010	0.126360	1
1.00	0.181172	0.121429	0.145403	0.001415	0.007812	0.002397	0.181172	0.097010	0.126360	1
1.00	0.181172	0.121429	0.145403	0.001415	0.007812	0.002397	0.181172	0.097010	0.126360	1
1.00	0.181172	0.121429	0.145403	0.001415	0.007812	0.002397	0.181172	0.097010	0.126360	1
1.00	0.181172	0.121429	0.145403	0.001415	0.007812	0.002397	0.181172	0.097010	0.126360	1
1.00	0.181172	0.121429	0.145403	0.001415	0.007812	0.002397	0.181172	0.097010	0.126360	1
1.00	0.181172	0.121429	0.145403	0.001415	0.007812	0.002397	0.181172	0.097010	0.126360	1
1.00	0.181172	0.121429	0.145403	0.001415	0.007812	0.002397	0.181172	0.097010	0.126360	1
1.00	0.181172	0.121429	0.145403	0.001415	0.007812	0.002397	0.181172	0.097010	0.126360	1
1.00	0.181172	0.121429	0.145403	0.001415	0.007812	0.002397	0.181172	0.097010	0.126360	1
1.00	0.181172	0.121429	0.145403	0.001415	0.007812	0.002397	0.181172	0.097010	0.126360	1
1.00	0.181172	0.121429	0.145403	0.001415	0.007812	0.002397	0.181172	0.097010	0.126360	1
1.00	0.181172	0.121429	0.145403	0.001415	0.007812	0.002397	0.181172	0.097010	0.126360	1
1.00	0.181172	0.121429	0.145403	0.001415	0.007812	0.002397	0.181172	0.097010	0.126360	1
1.00	0.181172	0.121429	0.145403	0.001415	0.007812	0.002397	0.181172	0.097010	0.126360	1
1.00	0.181172	0.121429	0.145403	0.001415	0.007812	0.002397	0.181172	0.097010	0.126360	1
1.00	0.181172	0.121429	0.145403	0.001415	0.007812	0.002397	0.181172	0.097010	0.126360	1
1.00	0.181172	0.121429	0.145403	0.001415	0.007812	0.002397	0.181172	0.097010	0.126360	1
1.00	0.181172	0.121429	0.145403	0.001415	0.007812	0.002397	0.181172	0.097010	0.126360	1
1.00	0.181172	0.121429	0.145403	0.001415	0.007812	0.002397	0.181172	0.097010	0.126360	1
1.00	0.181172	0.121429	0.145403	0.001415	0.007812	0.002397	0.181172	0.097010	0.126360	1
1.00	0.181172	0.121429	0.145403	0.001415	0.007812	0.002397	0.181172	0.097010	0.126360	1
1.00	0.181172	0.121429	0.145403	0.001415	0.007812	0.002397	0.181172	0.097010	0.126360	1
1.00	0.181172	0.121429	0.145403	0.001415	0.007812	0.002397	0.181172	0.097010	0.126360	1
1.00	0.181172	0.121429	0.145403	0.001415	0.007812	0.002397	0.181172	0.097010	0.126360	1
1.00	0.181172	0.121429	0.145403	0.001415	0.007812	0.002397	0.181172	0.097010	0.126360	1
1.00	0.181172	0.121429	0.145403	0.001415	0.007812	0.002397	0.181172	0.097010	0.126360	1
1.00	0.181172	0.121429	0.145403	0.001415	0.007812	0.002397	0.181172	0.097010	0.126360	1
1.00	0.181172	0.121429	0.145403	0.001415	0.007812	0.002397	0.181172	0.097010	0.126360	1
1.00	0.181172	0.121429	0.145403	0.001415	0.007812	0.002397	0.181172	0.097010	0.126360	1
1.00	0.181172	0.121429	0.145403	0.001415	0.007812	0.002397	0.181172	0.097010	0.126360	1
1.00	0.181172	0.121429	0.145403	0.001415	0.007812	0.002397	0.181172	0.097010	0.126360	1
1.00	0.181172	0.121429	0.145403	0.001415	0.007812	0.002397	0.181172	0.097010	0.126360	1
1.00	0.181172	0.121429	0.145403	0.001415	0.007812	0.002397	0.181172	0.097010	0.126360	1
1.00	0.181172	0.121429	0.145403	0.001415	0.007812	0.002397	0.181172	0.097010	0.126360	1
1.00	0.181172	0.121429	0.145403	0.001415	0.007812	0.002397	0.181172	0.097010	0.126360	1
1.00	0.181172	0.121429	0.145403	0.001415	0.007812	0.002397	0.181172	0.097010	0.126360	1
1.00	0.181172	0.121429	0.145403	0.001415	0.007812	0.002397	0.181172	0.097010	0.126360	1
1.00	0.181172	0.121429	0.145403	0.001415	0.007812	0.002397	0.181172	0.097010	0.126360	1
1.00	0.181172	0.121429	0.145403	0.001415	0.007812	0.002397	0.181172	0.097010	0.126360	1
1.00	0.181172	0.121429	0.145403	0.001415	0.007812	0.002397	0.181172	0.097010	0.126360	1
1.00	0.181172	0.121429	0.145403	0.001415	0.007812	0.002397	0.181172	0.097010	0.126360	1
1.00	0.181172	0.121429	0.145403	0.001415	0.007812	0.002397	0.181172	0.097010	0.126360	1
1.00	0.181172	0.121429	0.145403	0.001415	0.007812	0.002397	0.181172	0.097010	0.126360	1
1.00	0.181172	0.121429	0.145403	0.001415	0.007812	0.002397	0.181172	0.097010	0.126360	1
1.00	0.181172	0.121429	0.145403	0.001415	0.007812	0.002397	0.181172	0.097010	0.126360	1
1.00	0.181172	0.121429	0.145403	0.001415	0.007812	0.002397	0.181172	0.097010	0.126360	1
1.00	0.181172	0.121429	0.145403	0.001415	0.007812	0.002397	0.181172	0.097010	0.126360	1
1.00	0.181172	0.121429	0.145403	0.001415	0.007812	0.002397	0.181172	0.097010	0.126360	1
1.00	0.181172	0.121429	0.145403	0.001415	0.007812	0.002397	0.181172	0.097010	0.126360	1
1.00	0.181172	0.121429	0.145403	0.001415	0.007812	0.002397	0.181172	0.097010	0.126360	1
1.00	0.181172	0.121429	0.145403	0.001415	0.007812	0.002397	0.181172	0.097010	0.126360	1
1.00	0.181172	0.121429	0.145403	0.001415	0.007812	0.002397	0.181172	0.097010	0.126360	1
1.00	0.181172	0.121429	0.145403	0.001415	0.007812	0.002397	0.181172	0.097010	0.126360	1
1.00	0.181172	0.121429	0.145403	0.001415	0.007812	0.002397	0.181172	0.097010	0.126360	1
1.00	0.181172	0.121429	0.145403	0.001415	0.007812	0.002397	0.181172	0.097010	0.126360	1
1.00	0.181172	0.121429	0.145403	0.001415	0.007812	0.002397	0.181172	0.097010	0.126360	1
1.00	0.181172	0.121429	0.145403	0.001415	0.007812	0.002397	0.181172	0.097010	0.126360	1
1.00	0.181172	0.121429	0.145403	0.001415	0.007812	0.002397	0.181172	0.097010	0.126360	1
1.00	0.181172	0.121429	0.145403	0.001415	0.007812	0.002397	0.181172	0.097010	0.126360	1
1.00	0.181172	0.121429	0.145403	0.001415	0.007812	0.002397	0.181172	0.097010	0.126360	1
1.00	0.181172	0.121429	0.145403	0.001415	0.007812	0.002397	0.181172	0.097010	0.126360	1
1.00	0.181172	0.121429	0.145403	0.001415	0.007812	0.002397	0.181172	0.097010	0.126360	1
1.00	0.181172	0.121429	0.145403	0.001415	0.007812	0.002397	0.181172	0.097010	0.126360	1
1.00	0.181172	0.121429	0.145403	0.001415	0.007812	0.002397	0.181172	0.097010	0.126360	1
1.00	0.181172	0.121429	0.145403	0.001415	0.007812	0.002397	0.181172	0.097010	0.126360	1
1.00	0.181172	0.121429	0.145403	0.001415	0.007812	0.002397	0.181172	0.097010	0.126360	1
1.00	0.181172	0.121429	0.145403	0.001415	0.007812	0.002397	0.181172	0.097010	0.126360	1
1.00	0.181172	0.121429	0.145403	0.001415	0.007812	0.002397	0.181172	0.097010	0.126360	1
1.00	0.181172	0.121429	0.145403	0.001415	0.007812	0.002397	0.181172	0.097010	0.126360	1
1.00	0.181172	0.121429	0.145403	0.001415	0.007812	0.002397	0.181172	0.097010	0.126360	1
1.00	0.181172	0.121429	0.145403	0.001415	0.007812	0.002397	0.181172	0.097010	0.126360	1
1.00	0.181172	0.121429	0.145403	0.001415	0.007812	0.002397	0.181172	0.097010	0.126360	1
1.00	0.181172	0.121429	0.145403	0.001415	0.007812	0.002397	0.181172	0.097010	0.126360	1
1.00	0.181172	0.121429	0.145403	0.001415	0.007812	0.002397	0.181172	0.097010	0.126360	1
1.00	0.181172	0.121429	0.145403	0.001415	0.007812	0.002397	0.181172	0.097010	0.126360	1
1.00	0.181172	0.121429	0.145403	0.001415	0.007812	0.002397	0.181172	0.097010	0.126360	1
1.00	0.181172	0.121429	0.145403	0.001415	0.007812	0.002397	0.181172	0.097010	0.126360	1
