
Mon Jan 24 20:50:53 2022
59.28	0.009700	0.358255	0.018888	0.006272	0.092052	0.011743	0.009715	0.456667	0.019026	83
49.56	0.011541	0.383333	0.022408	0.005878	0.115467	0.011187	0.011567	0.467407	0.022575	77
40.07	0.009797	0.263095	0.018891	0.005429	0.087979	0.010227	0.009791	0.295915	0.018955	68
31.48	0.008801	0.185714	0.016805	0.005000	0.069984	0.009333	0.008764	0.195856	0.016777	62
23.74	0.006809	0.108333	0.012812	0.003314	0.052658	0.006235	0.006797	0.096862	0.012702	52
17.20	0.006816	0.078571	0.012544	0.004356	0.029932	0.007605	0.006707	0.065571	0.012169	42
12.19	0.007432	0.060714	0.013243	0.001851	0.021290	0.003406	0.007082	0.048697	0.012365	35
8.35	0.007655	0.042857	0.012989	0.002109	0.016402	0.003737	0.007472	0.030935	0.012037	29
5.17	0.008591	0.029762	0.013333	0.002070	0.002954	0.002434	0.008639	0.019390	0.011952	20
3.35	0.009554	0.021429	0.013216	0.005677	0.002418	0.003392	0.007401	0.013766	0.009626	15
2.68	0.010610	0.019048	0.013629	0.002358	0.001225	0.001613	0.007223	0.011989	0.009015	10
2.29	0.009295	0.014286	0.011262	0.002404	0.000919	0.001330	0.006365	0.008733	0.007363	5
2.10	0.007601	0.010714	0.008893	0.002604	0.000689	0.001090	0.005181	0.006365	0.005712	4
2.02	0.004401	0.005952	0.005061	0.002790	0.000383	0.000673	0.002960	0.003404	0.003167	4
1.99	0.003568	0.004762	0.004080	0.003125	0.000306	0.000558	0.002664	0.002812	0.002736	3
1.83	0.002904	0.003571	0.003203	0.002930	0.000230	0.000426	0.002368	0.001924	0.002123	3
1.47	0.001205	0.001190	0.001198	0.002604	0.000077	0.000149	0.000888	0.000888	0.000888	3
1.17	0.000000	0.000000	0.000000	0.000000	0.000000	0.000000	0.000000	0.000000	0.000000	2
1.02	0.000000	0.000000	0.000000	0.000000	0.000000	0.000000	0.000000	0.000000	0.000000	3
1.00	0.000000	0.000000	0.000000	0.000000	0.000000	0.000000	0.000000	0.000000	0.000000	3
1.00	0.001776	0.001190	0.001426	0.001953	0.000077	0.000147	0.001776	0.000592	0.000888	3
1.00	0.005329	0.003571	0.004277	0.001803	0.000230	0.000408	0.005329	0.002072	0.002984	3
1.00	0.007105	0.004762	0.005702	0.001645	0.000306	0.000517	0.007105	0.002664	0.003875	3
1.00	0.019538	0.013095	0.015681	0.002604	0.000843	0.001273	0.019538	0.008585	0.011929	3
1.00	0.033748	0.022619	0.027085	0.002356	0.001455	0.001799	0.033748	0.014506	0.020290	3
1.00	0.044405	0.029762	0.035638	0.001973	0.001915	0.001943	0.044405	0.019538	0.027136	3
1.00	0.069272	0.046429	0.055595	0.001966	0.002987	0.002371	0.069272	0.031676	0.043473	3
1.00	0.106572	0.071429	0.085531	0.001705	0.004596	0.002487	0.106572	0.053197	0.070969	3
1.00	0.152753	0.102381	0.122594	0.001588	0.006587	0.002560	0.152753	0.081616	0.106389	3
1.00	0.174067	0.116667	0.139701	0.001513	0.007506	0.002519	0.174067	0.093458	0.121618	3
1.00	0.181172	0.121429	0.145403	0.001454	0.007812	0.002452	0.181172	0.097010	0.126360	3
1.00	0.181172	0.121429	0.145403	0.001423	0.007812	0.002407	0.181172	0.097010	0.126360	2
1.00	0.181172	0.121429	0.145403	0.001415	0.007812	0.002397	0.181172	0.097010	0.126360	1
1.00	0.181172	0.121429	0.145403	0.001415	0.007812	0.002397	0.181172	0.097010	0.126360	1
1.00	0.181172	0.121429	0.145403	0.001415	0.007812	0.002397	0.181172	0.097010	0.126360	1
1.00	0.181172	0.121429	0.145403	0.001415	0.007812	0.002397	0.181172	0.097010	0.126360	1
1.00	0.181172	0.121429	0.145403	0.001415	0.007812	0.002397	0.181172	0.097010	0.126360	1
1.00	0.181172	0.121429	0.145403	0.001415	0.007812	0.002397	0.181172	0.097010	0.126360	1
1.00	0.181172	0.121429	0.145403	0.001415	0.007812	0.002397	0.181172	0.097010	0.126360	1
1.00	0.181172	0.121429	0.145403	0.001415	0.007812	0.002397	0.181172	0.097010	0.126360	1
1.00	0.181172	0.121429	0.145403	0.001415	0.007812	0.002397	0.181172	0.097010	0.126360	1
1.00	0.181172	0.121429	0.145403	0.001415	0.007812	0.002397	0.181172	0.097010	0.126360	1
1.00	0.181172	0.121429	0.145403	0.001415	0.007812	0.002397	0.181172	0.097010	0.126360	1
1.00	0.181172	0.121429	0.145403	0.001415	0.007812	0.002397	0.181172	0.097010	0.126360	1
1.00	0.181172	0.121429	0.145403	0.001415	0.007812	0.002397	0.181172	0.097010	0.126360	1
1.00	0.181172	0.121429	0.145403	0.001415	0.007812	0.002397	0.181172	0.097010	0.126360	1
1.00	0.181172	0.121429	0.145403	0.001415	0.007812	0.002397	0.181172	0.097010	0.126360	1
1.00	0.181172	0.121429	0.145403	0.001415	0.007812	0.002397	0.181172	0.097010	0.126360	1
1.00	0.181172	0.121429	0.145403	0.001415	0.007812	0.002397	0.181172	0.097010	0.126360	1
1.00	0.181172	0.121429	0.145403	0.001415	0.007812	0.002397	0.181172	0.097010	0.126360	1
1.00	0.181172	0.121429	0.145403	0.001415	0.007812	0.002397	0.181172	0.097010	0.126360	1
1.00	0.181172	0.121429	0.145403	0.001415	0.007812	0.002397	0.181172	0.097010	0.126360	1
1.00	0.181172	0.121429	0.145403	0.001415	0.007812	0.002397	0.181172	0.097010	0.126360	1
1.00	0.181172	0.121429	0.145403	0.001415	0.007812	0.002397	0.181172	0.097010	0.126360	1
1.00	0.181172	0.121429	0.145403	0.001415	0.007812	0.002397	0.181172	0.097010	0.126360	1
1.00	0.181172	0.121429	0.145403	0.001415	0.007812	0.002397	0.181172	0.097010	0.126360	1
1.00	0.181172	0.121429	0.145403	0.001415	0.007812	0.002397	0.181172	0.097010	0.126360	1
1.00	0.181172	0.121429	0.145403	0.001415	0.007812	0.002397	0.181172	0.097010	0.126360	1
1.00	0.181172	0.121429	0.145403	0.001415	0.007812	0.002397	0.181172	0.097010	0.126360	1
1.00	0.181172	0.121429	0.145403	0.001415	0.007812	0.002397	0.181172	0.097010	0.126360	1
1.00	0.181172	0.121429	0.145403	0.001415	0.007812	0.002397	0.181172	0.097010	0.126360	1
1.00	0.181172	0.121429	0.145403	0.001415	0.007812	0.002397	0.181172	0.097010	0.126360	1
1.00	0.181172	0.121429	0.145403	0.001415	0.007812	0.002397	0.181172	0.097010	0.126360	1
1.00	0.181172	0.121429	0.145403	0.001415	0.007812	0.002397	0.181172	0.097010	0.126360	1
1.00	0.181172	0.121429	0.145403	0.001415	0.007812	0.002397	0.181172	0.097010	0.126360	1
1.00	0.181172	0.121429	0.145403	0.001415	0.007812	0.002397	0.181172	0.097010	0.126360	1
1.00	0.181172	0.121429	0.145403	0.001415	0.007812	0.002397	0.181172	0.097010	0.126360	1
1.00	0.181172	0.121429	0.145403	0.001415	0.007812	0.002397	0.181172	0.097010	0.126360	1
1.00	0.181172	0.121429	0.145403	0.001415	0.007812	0.002397	0.181172	0.097010	0.126360	1
1.00	0.181172	0.121429	0.145403	0.001415	0.007812	0.002397	0.181172	0.097010	0.126360	1
1.00	0.181172	0.121429	0.145403	0.001415	0.007812	0.002397	0.181172	0.097010	0.126360	1
1.00	0.181172	0.121429	0.145403	0.001415	0.007812	0.002397	0.181172	0.097010	0.126360	1
1.00	0.181172	0.121429	0.145403	0.001415	0.007812	0.002397	0.181172	0.097010	0.126360	1
1.00	0.181172	0.121429	0.145403	0.001415	0.007812	0.002397	0.181172	0.097010	0.126360	1
1.00	0.181172	0.121429	0.145403	0.001415	0.007812	0.002397	0.181172	0.097010	0.126360	1
1.00	0.181172	0.121429	0.145403	0.001415	0.007812	0.002397	0.181172	0.097010	0.126360	1
1.00	0.181172	0.121429	0.145403	0.001415	0.007812	0.002397	0.181172	0.097010	0.126360	1
1.00	0.181172	0.121429	0.145403	0.001415	0.007812	0.002397	0.181172	0.097010	0.126360	1
1.00	0.181172	0.121429	0.145403	0.001415	0.007812	0.002397	0.181172	0.097010	0.126360	1
1.00	0.181172	0.121429	0.145403	0.001415	0.007812	0.002397	0.181172	0.097010	0.126360	1
1.00	0.181172	0.121429	0.145403	0.001415	0.007812	0.002397	0.181172	0.097010	0.126360	1
1.00	0.181172	0.121429	0.145403	0.001415	0.007812	0.002397	0.181172	0.097010	0.126360	1
1.00	0.181172	0.121429	0.145403	0.001415	0.007812	0.002397	0.181172	0.097010	0.126360	1
1.00	0.181172	0.121429	0.145403	0.001415	0.007812	0.002397	0.181172	0.097010	0.126360	1
1.00	0.181172	0.121429	0.145403	0.001415	0.007812	0.002397	0.181172	0.097010	0.126360	1
1.00	0.181172	0.121429	0.145403	0.001415	0.007812	0.002397	0.181172	0.097010	0.126360	1
1.00	0.181172	0.121429	0.145403	0.001415	0.007812	0.002397	0.181172	0.097010	0.126360	1
1.00	0.181172	0.121429	0.145403	0.001415	0.007812	0.002397	0.181172	0.097010	0.126360	1
1.00	0.181172	0.121429	0.145403	0.001415	0.007812	0.002397	0.181172	0.097010	0.126360	1
1.00	0.181172	0.121429	0.145403	0.001415	0.007812	0.002397	0.181172	0.097010	0.126360	1
1.00	0.181172	0.121429	0.145403	0.001415	0.007812	0.002397	0.181172	0.097010	0.126360	1
1.00	0.181172	0.121429	0.145403	0.001415	0.007812	0.002397	0.181172	0.097010	0.126360	1
1.00	0.181172	0.121429	0.145403	0.001415	0.007812	0.002397	0.181172	0.097010	0.126360	1
1.00	0.181172	0.121429	0.145403	0.001415	0.007812	0.002397	0.181172	0.097010	0.126360	1
1.00	0.181172	0.121429	0.145403	0.001415	0.007812	0.002397	0.181172	0.097010	0.126360	1
1.00	0.181172	0.121429	0.145403	0.001415	0.007812	0.002397	0.181172	0.097010	0.126360	1
1.00	0.181172	0.121429	0.145403	0.001415	0.007812	0.002397	0.181172	0.097010	0.126360	1
1.00	0.181172	0.121429	0.145403	0.001415	0.007812	0.002397	0.181172	0.097010	0.126360	1
1.00	0.181172	0.121429	0.145403	0.001415	0.007812	0.002397	0.181172	0.097010	0.126360	1
1.00	0.181172	0.121429	0.145403	0.001415	0.007812	0.002397	0.181172	0.097010	0.126360	1
1.00	0.181172	0.121429	0.145403	0.001415	0.007812	0.002397	0.181172	0.097010	0.126360	1
1.00	0.181172	0.121429	0.145403	0.001415	0.007812	0.002397	0.181172	0.097010	0.126360	1
1.00	0.181172	0.121429	0.145403	0.001415	0.007812	0.002397	0.181172	0.097010	0.126360	1
1.00	0.181172	0.121429	0.145403	0.001415	0.007812	0.002397	0.181172	0.097010	0.126360	1
1.00	0.181172	0.121429	0.145403	0.001415	0.007812	0.002397	0.181172	0.097010	0.126360	1
1.00	0.181172	0.121429	0.145403	0.001415	0.007812	0.002397	0.181172	0.097010	0.126360	1
1.00	0.181172	0.121429	0.145403	0.001415	0.007812	0.002397	0.181172	0.097010	0.126360	1
1.00	0.181172	0.121429	0.145403	0.001415	0.007812	0.002397	0.181172	0.097010	0.126360	1
1.00	0.181172	0.121429	0.145403	0.001415	0.007812	0.002397	0.181172	0.097010	0.126360	1
1.00	0.181172	0.121429	0.145403	0.001415	0.007812	0.002397	0.181172	0.097010	0.126360	1
1.00	0.181172	0.121429	0.145403	0.001415	0.007812	0.002397	0.181172	0.097010	0.126360	1
1.00	0.181172	0.121429	0.145403	0.001415	0.007812	0.002397	0.181172	0.097010	0.126360	1
1.00	0.181172	0.121429	0.145403	0.001415	0.007812	0.002397	0.181172	0.097010	0.126360	1
1.00	0.181172	0.121429	0.145403	0.001415	0.007812	0.002397	0.181172	0.097010	0.126360	1
1.00	0.181172	0.121429	0.145403	0.001415	0.007812	0.002397	0.181172	0.097010	0.126360	1
1.00	0.181172	0.121429	0.145403	0.001415	0.007812	0.002397	0.181172	0.097010	0.126360	1
1.00	0.181172	0.121429	0.145403	0.001415	0.007812	0.002397	0.181172	0.097010	0.126360	1
1.00	0.181172	0.121429	0.145403	0.001415	0.007812	0.002397	0.181172	0.097010	0.126360	1
1.00	0.181172	0.121429	0.145403	0.001415	0.007812	0.002397	0.181172	0.097010	0.126360	1
1.00	0.181172	0.121429	0.145403	0.001415	0.007812	0.002397	0.181172	0.097010	0.126360	1
1.00	0.181172	0.121429	0.145403	0.001415	0.007812	0.002397	0.181172	0.097010	0.126360	1
1.00	0.181172	0.121429	0.145403	0.001415	0.007812	0.002397	0.181172	0.097010	0.126360	1
1.00	0.181172	0.121429	0.145403	0.001415	0.007812	0.002397	0.181172	0.097010	0.126360	1
1.00	0.181172	0.121429	0.145403	0.001415	0.007812	0.002397	0.181172	0.097010	0.126360	1
1.00	0.181172	0.121429	0.145403	0.001415	0.007812	0.002397	0.181172	0.097010	0.126360	1
1.00	0.181172	0.121429	0.145403	0.001415	0.007812	0.002397	0.181172	0.097010	0.126360	1
1.00	0.181172	0.121429	0.145403	0.001415	0.007812	0.002397	0.181172	0.097010	0.126360	1
1.00	0.181172	0.121429	0.145403	0.001415	0.007812	0.002397	0.181172	0.097010	0.126360	1
1.00	0.181172	0.121429	0.145403	0.001415	0.007812	0.002397	0.181172	0.097010	0.126360	1
1.00	0.181172	0.121429	0.145403	0.001415	0.007812	0.002397	0.181172	0.097010	0.126360	1
1.00	0.181172	0.121429	0.145403	0.001415	0.007812	0.002397	0.181172	0.097010	0.126360	1
1.00	0.181172	0.121429	0.145403	0.001415	0.007812	0.002397	0.181172	0.097010	0.126360	1
1.00	0.181172	0.121429	0.145403	0.001415	0.007812	0.002397	0.181172	0.097010	0.126360	1
1.00	0.181172	0.121429	0.145403	0.001415	0.007812	0.002397	0.181172	0.097010	0.126360	1
1.00	0.181172	0.121429	0.145403	0.001415	0.007812	0.002397	0.181172	0.097010	0.126360	1
1.00	0.181172	0.121429	0.145403	0.001415	0.007812	0.002397	0.181172	0.097010	0.126360	1
1.00	0.181172	0.121429	0.145403	0.001415	0.007812	0.002397	0.181172	0.097010	0.126360	1
1.00	0.181172	0.121429	0.145403	0.001415	0.007812	0.002397	0.181172	0.097010	0.126360	1
1.00	0.181172	0.121429	0.145403	0.001415	0.007812	0.002397	0.181172	0.097010	0.126360	1
1.00	0.181172	0.121429	0.145403	0.001415	0.007812	0.002397	0.181172	0.097010	0.126360	1
1.00	0.181172	0.121429	0.145403	0.001415	0.007812	0.002397	0.181172	0.097010	0.126360	1
1.00	0.181172	0.121429	0.145403	0.001415	0.007812	0.002397	0.181172	0.097010	0.126360	1
1.00	0.181172	0.121429	0.145403	0.001415	0.007812	0.002397	0.181172	0.097010	0.126360	1
1.00	0.181172	0.121429	0.145403	0.001415	0.007812	0.002397	0.181172	0.097010	0.126360	1
1.00	0.181172	0.121429	0.145403	0.001415	0.007812	0.002397	0.181172	0.097010	0.126360	1
1.00	0.181172	0.121429	0.145403	0.001415	0.007812	0.002397	0.181172	0.097010	0.126360	1
1.00	0.181172	0.121429	0.145403	0.001415	0.007812	0.002397	0.181172	0.097010	0.126360	1
1.00	0.181172	0.121429	0.145403	0.001415	0.007812	0.002397	0.181172	0.097010	0.126360	1
1.00	0.181172	0.121429	0.145403	0.001415	0.007812	0.002397	0.181172	0.097010	0.126360	1
1.00	0.181172	0.121429	0.145403	0.001415	0.007812	0.002397	0.181172	0.097010	0.126360	1
1.00	0.181172	0.121429	0.145403	0.001415	0.007812	0.002397	0.181172	0.097010	0.126360	1
1.00	0.181172	0.121429	0.145403	0.001415	0.007812	0.002397	0.181172	0.097010	0.126360	1
1.00	0.181172	0.121429	0.145403	0.001415	0.007812	0.002397	0.181172	0.097010	0.126360	1
1.00	0.181172	0.121429	0.145403	0.001415	0.007812	0.002397	0.181172	0.097010	0.126360	1
1.00	0.181172	0.121429	0.145403	0.001415	0.007812	0.002397	0.181172	0.097010	0.126360	1
1.00	0.181172	0.121429	0.145403	0.001415	0.007812	0.002397	0.181172	0.097010	0.126360	1
1.00	0.181172	0.121429	0.145403	0.001415	0.007812	0.002397	0.181172	0.097010	0.126360	1
1.00	0.181172	0.121429	0.145403	0.001415	0.007812	0.002397	0.181172	0.097010	0.126360	1
1.00	0.181172	0.121429	0.145403	0.001415	0.007812	0.002397	0.181172	0.097010	0.126360	1
1.00	0.181172	0.121429	0.145403	0.001415	0.007812	0.002397	0.181172	0.097010	0.126360	1
1.00	0.181172	0.121429	0.145403	0.001415	0.007812	0.002397	0.181172	0.097010	0.126360	1
1.00	0.181172	0.121429	0.145403	0.001415	0.007812	0.002397	0.181172	0.097010	0.126360	1
1.00	0.181172	0.121429	0.145403	0.001415	0.007812	0.002397	0.181172	0.097010	0.126360	1
1.00	0.181172	0.121429	0.145403	0.001415	0.007812	0.002397	0.181172	0.097010	0.126360	1
1.00	0.181172	0.121429	0.145403	0.001415	0.007812	0.002397	0.181172	0.097010	0.126360	1
1.00	0.181172	0.121429	0.145403	0.001415	0.007812	0.002397	0.181172	0.097010	0.126360	1
1.00	0.181172	0.121429	0.145403	0.001415	0.007812	0.002397	0.181172	0.097010	0.126360	1
1.00	0.181172	0.121429	0.145403	0.001415	0.007812	0.002397	0.181172	0.097010	0.126360	1
1.00	0.181172	0.121429	0.145403	0.001415	0.007812	0.002397	0.181172	0.097010	0.126360	1
1.00	0.181172	0.121429	0.145403	0.001415	0.007812	0.002397	0.181172	0.097010	0.126360	1
1.00	0.181172	0.121429	0.145403	0.001415	0.007812	0.002397	0.181172	0.097010	0.126360	1
1.00	0.181172	0.121429	0.145403	0.001415	0.007812	0.002397	0.181172	0.097010	0.126360	1
1.00	0.181172	0.121429	0.145403	0.001415	0.007812	0.002397	0.181172	0.097010	0.126360	1
1.00	0.181172	0.121429	0.145403	0.001415	0.007812	0.002397	0.181172	0.097010	0.126360	1
1.00	0.181172	0.121429	0.145403	0.001415	0.007812	0.002397	0.181172	0.097010	0.126360	1
1.00	0.181172	0.121429	0.145403	0.001415	0.007812	0.002397	0.181172	0.097010	0.126360	1
1.00	0.181172	0.121429	0.145403	0.001415	0.007812	0.002397	0.181172	0.097010	0.126360	1
1.00	0.181172	0.121429	0.145403	0.001415	0.007812	0.002397	0.181172	0.097010	0.126360	1
1.00	0.181172	0.121429	0.145403	0.001415	0.007812	0.002397	0.181172	0.097010	0.126360	1
1.00	0.181172	0.121429	0.145403	0.001415	0.007812	0.002397	0.181172	0.097010	0.126360	1
1.00	0.181172	0.121429	0.145403	0.001415	0.007812	0.002397	0.181172	0.097010	0.126360	1
1.00	0.181172	0.121429	0.145403	0.001415	0.007812	0.002397	0.181172	0.097010	0.126360	1
1.00	0.181172	0.121429	0.145403	0.001415	0.007812	0.002397	0.181172	0.097010	0.126360	1
1.00	0.181172	0.121429	0.145403	0.001415	0.007812	0.002397	0.181172	0.097010	0.126360	1
1.00	0.181172	0.121429	0.145403	0.001415	0.007812	0.002397	0.181172	0.097010	0.126360	1
1.00	0.181172	0.121429	0.145403	0.001415	0.007812	0.002397	0.181172	0.097010	0.126360	1
1.00	0.181172	0.121429	0.145403	0.001415	0.007812	0.002397	0.181172	0.097010	0.126360	1
1.00	0.181172	0.121429	0.145403	0.001415	0.007812	0.002397	0.181172	0.097010	0.126360	1
1.00	0.181172	0.121429	0.145403	0.001415	0.007812	0.002397	0.181172	0.097010	0.126360	1
1.00	0.181172	0.121429	0.145403	0.001415	0.007812	0.002397	0.181172	0.097010	0.126360	1
1.00	0.181172	0.121429	0.145403	0.001415	0.007812	0.002397	0.181172	0.097010	0.126360	1
1.00	0.181172	0.121429	0.145403	0.001415	0.007812	0.002397	0.181172	0.097010	0.126360	1
1.00	0.181172	0.121429	0.145403	0.001415	0.007812	0.002397	0.181172	0.097010	0.126360	1
1.00	0.181172	0.121429	0.145403	0.001415	0.007812	0.002397	0.181172	0.097010	0.126360	1
1.00	0.181172	0.121429	0.145403	0.001415	0.007812	0.002397	0.181172	0.097010	0.126360	1
1.00	0.181172	0.121429	0.145403	0.001415	0.007812	0.002397	0.181172	0.097010	0.126360	1
1.00	0.181172	0.121429	0.145403	0.001415	0.007812	0.002397	0.181172	0.097010	0.126360	1
1.00	0.181172	0.121429	0.145403	0.001415	0.007812	0.002397	0.181172	0.097010	0.126360	1
1.00	0.181172	0.121429	0.145403	0.001415	0.007812	0.002397	0.181172	0.097010	0.126360	1
1.00	0.181172	0.121429	0.145403	0.001415	0.007812	0.002397	0.181172	0.097010	0.126360	1
1.00	0.181172	0.121429	0.145403	0.001415	0.007812	0.002397	0.181172	0.097010	0.126360	1
1.00	0.181172	0.121429	0.145403	0.001415	0.007812	0.002397	0.181172	0.097010	0.126360	1
1.00	0.181172	0.121429	0.145403	0.001415	0.007812	0.002397	0.181172	0.097010	0.126360	1
1.00	0.181172	0.121429	0.145403	0.001415	0.007812	0.002397	0.181172	0.097010	0.126360	1
1.00	0.181172	0.121429	0.145403	0.001415	0.007812	0.002397	0.181172	0.097010	0.126360	1
1.00	0.181172	0.121429	0.145403	0.001415	0.007812	0.002397	0.181172	0.097010	0.126360	1
1.00	0.181172	0.121429	0.145403	0.001415	0.007812	0.002397	0.181172	0.097010	0.126360	1
1.00	0.181172	0.121429	0.145403	0.001415	0.007812	0.002397	0.181172	0.097010	0.126360	1
1.00	0.181172	0.121429	0.145403	0.001415	0.007812	0.002397	0.181172	0.097010	0.126360	1
1.00	0.181172	0.121429	0.145403	0.001415	0.007812	0.002397	0.181172	0.097010	0.126360	1
1.00	0.181172	0.121429	0.145403	0.001415	0.007812	0.002397	0.181172	0.097010	0.126360	1
1.00	0.181172	0.121429	0.145403	0.001415	0.007812	0.002397	0.181172	0.097010	0.126360	1
1.00	0.181172	0.121429	0.145403	0.001415	0.007812	0.002397	0.181172	0.097010	0.126360	1
1.00	0.181172	0.121429	0.145403	0.001415	0.007812	0.002397	0.181172	0.097010	0.126360	1
1.00	0.181172	0.121429	0.145403	0.001415	0.007812	0.002397	0.181172	0.097010	0.126360	1
1.00	0.181172	0.121429	0.145403	0.001415	0.007812	0.002397	0.181172	0.097010	0.126360	1
1.00	0.181172	0.121429	0.145403	0.001415	0.007812	0.002397	0.181172	0.097010	0.126360	1
1.00	0.181172	0.121429	0.145403	0.001415	0.007812	0.002397	0.181172	0.097010	0.126360	1
1.00	0.181172	0.121429	0.145403	0.001415	0.007812	0.002397	0.181172	0.097010	0.126360	1
1.00	0.181172	0.121429	0.145403	0.001415	0.007812	0.002397	0.181172	0.097010	0.126360	1
1.00	0.181172	0.121429	0.145403	0.001415	0.007812	0.002397	0.181172	0.097010	0.126360	1
1.00	0.181172	0.121429	0.145403	0.001415	0.007812	0.002397	0.181172	0.097010	0.126360	1
1.00	0.181172	0.121429	0.145403	0.001415	0.007812	0.002397	0.181172	0.097010	0.126360	1
1.00	0.181172	0.121429	0.145403	0.001415	0.007812	0.002397	0.181172	0.097010	0.126360	1
1.00	0.181172	0.121429	0.145403	0.001415	0.007812	0.002397	0.181172	0.097010	0.126360	1
1.00	0.181172	0.121429	0.145403	0.001415	0.007812	0.002397	0.181172	0.097010	0.126360	1
1.00	0.181172	0.121429	0.145403	0.001415	0.007812	0.002397	0.181172	0.097010	0.126360	1
1.00	0.181172	0.121429	0.145403	0.001415	0.007812	0.002397	0.181172	0.097010	0.126360	1

Mon Jan 24 21:27:41 2022
72.03	0.018882	0.847352	0.036941	0.011695	0.142264	0.021612	0.018849	0.864833	0.036894	100
60.77	0.018356	0.747619	0.035832	0.014571	0.188441	0.027050	0.018280	0.772054	0.035714	97
49.54	0.019826	0.658333	0.038494	0.010419	0.144507	0.019437	0.019844	0.682001	0.038566	81
37.57	0.022974	0.578571	0.044194	0.009557	0.117258	0.017673	0.022996	0.604825	0.044307	76
25.78	0.027558	0.476190	0.052100	0.009135	0.089591	0.016580	0.027919	0.498786	0.052879	66
17.09	0.030665	0.351190	0.056405	0.010108	0.061277	0.017353	0.030869	0.371344	0.057000	58
11.57	0.034552	0.267857	0.061208	0.010865	0.047712	0.017699	0.034638	0.288751	0.061855	37
7.77	0.037723	0.196429	0.063291	0.008831	0.031181	0.013763	0.038667	0.205565	0.065091	27
5.28	0.038681	0.136905	0.060320	0.005622	0.020895	0.008860	0.040243	0.144079	0.062913	23
3.47	0.037340	0.086905	0.052236	0.005874	0.014562	0.008371	0.037112	0.089461	0.052461	15
1.95	0.034640	0.045238	0.039236	0.005740	0.006774	0.006214	0.032860	0.048253	0.039096	10
1.20	0.031204	0.025000	0.027759	0.005485	0.001974	0.002903	0.030195	0.028419	0.029280	9
1.02	0.045061	0.030952	0.036697	0.005940	0.002223	0.003235	0.044405	0.034636	0.038917	8
1.01	0.060071	0.040476	0.048364	0.005609	0.001534	0.002410	0.060391	0.048253	0.053644	8
1.00	0.085258	0.057143	0.068425	0.005618	0.001983	0.002931	0.085258	0.072528	0.078379	8
1.00	0.119005	0.079762	0.095510	0.005696	0.002636	0.003604	0.119005	0.104796	0.111449	7
1.00	0.149201	0.100000	0.119743	0.005638	0.003180	0.004066	0.149201	0.134695	0.141577	5
1.00	0.165186	0.110714	0.132573	0.005455	0.003602	0.004339	0.165186	0.147721	0.155966	5
1.00	0.184725	0.123810	0.148254	0.005316	0.004132	0.004650	0.184725	0.164002	0.173748	5
1.00	0.197158	0.132143	0.158232	0.005361	0.004624	0.004965	0.197158	0.171995	0.183719	4
1.00	0.243339	0.163095	0.195296	0.005477	0.005456	0.005467	0.243339	0.217288	0.229577	4
1.00	0.280639	0.188095	0.225232	0.005635	0.006262	0.005932	0.280639	0.248076	0.263355	3
1.00	0.326821	0.219048	0.262295	0.005700	0.007273	0.006391	0.326821	0.286560	0.305369	3
1.00	0.348135	0.233333	0.279401	0.005671	0.007880	0.006595	0.348135	0.304322	0.324758	3
1.00	0.351687	0.235714	0.282252	0.006014	0.008925	0.007186	0.351687	0.292984	0.319663	3
1.00	0.328597	0.220238	0.263721	0.006193	0.009267	0.007424	0.328597	0.254204	0.286652	3
1.00	0.252220	0.169048	0.202423	0.006656	0.008603	0.007505	0.252220	0.171906	0.204459	3
1.00	0.182948	0.122619	0.146828	0.004245	0.007711	0.005475	0.182948	0.100859	0.130031	3
1.00	0.181172	0.121429	0.145403	0.001415	0.007812	0.002397	0.181172	0.097010	0.126360	1
1.00	0.181172	0.121429	0.145403	0.001415	0.007812	0.002397	0.181172	0.097010	0.126360	1
1.00	0.181172	0.121429	0.145403	0.001415	0.007812	0.002397	0.181172	0.097010	0.126360	1
1.00	0.181172	0.121429	0.145403	0.001415	0.007812	0.002397	0.181172	0.097010	0.126360	1
1.00	0.181172	0.121429	0.145403	0.001415	0.007812	0.002397	0.181172	0.097010	0.126360	1
1.00	0.181172	0.121429	0.145403	0.001415	0.007812	0.002397	0.181172	0.097010	0.126360	1
1.00	0.181172	0.121429	0.145403	0.001415	0.007812	0.002397	0.181172	0.097010	0.126360	1
1.00	0.181172	0.121429	0.145403	0.001415	0.007812	0.002397	0.181172	0.097010	0.126360	1
1.00	0.181172	0.121429	0.145403	0.001415	0.007812	0.002397	0.181172	0.097010	0.126360	1
1.00	0.181172	0.121429	0.145403	0.001415	0.007812	0.002397	0.181172	0.097010	0.126360	1
1.00	0.181172	0.121429	0.145403	0.001415	0.007812	0.002397	0.181172	0.097010	0.126360	1
1.00	0.181172	0.121429	0.145403	0.001415	0.007812	0.002397	0.181172	0.097010	0.126360	1
1.00	0.181172	0.121429	0.145403	0.001415	0.007812	0.002397	0.181172	0.097010	0.126360	1
1.00	0.181172	0.121429	0.145403	0.001415	0.007812	0.002397	0.181172	0.097010	0.126360	1
1.00	0.181172	0.121429	0.145403	0.001415	0.007812	0.002397	0.181172	0.097010	0.126360	1
1.00	0.181172	0.121429	0.145403	0.001415	0.007812	0.002397	0.181172	0.097010	0.126360	1
1.00	0.181172	0.121429	0.145403	0.001415	0.007812	0.002397	0.181172	0.097010	0.126360	1
1.00	0.181172	0.121429	0.145403	0.001415	0.007812	0.002397	0.181172	0.097010	0.126360	1
1.00	0.181172	0.121429	0.145403	0.001415	0.007812	0.002397	0.181172	0.097010	0.126360	1
1.00	0.181172	0.121429	0.145403	0.001415	0.007812	0.002397	0.181172	0.097010	0.126360	1
1.00	0.181172	0.121429	0.145403	0.001415	0.007812	0.002397	0.181172	0.097010	0.126360	1
1.00	0.181172	0.121429	0.145403	0.001415	0.007812	0.002397	0.181172	0.097010	0.126360	1
1.00	0.181172	0.121429	0.145403	0.001415	0.007812	0.002397	0.181172	0.097010	0.126360	1
1.00	0.181172	0.121429	0.145403	0.001415	0.007812	0.002397	0.181172	0.097010	0.126360	1
1.00	0.181172	0.121429	0.145403	0.001415	0.007812	0.002397	0.181172	0.097010	0.126360	1
1.00	0.181172	0.121429	0.145403	0.001415	0.007812	0.002397	0.181172	0.097010	0.126360	1
1.00	0.181172	0.121429	0.145403	0.001415	0.007812	0.002397	0.181172	0.097010	0.126360	1
1.00	0.181172	0.121429	0.145403	0.001415	0.007812	0.002397	0.181172	0.097010	0.126360	1
1.00	0.181172	0.121429	0.145403	0.001415	0.007812	0.002397	0.181172	0.097010	0.126360	1
1.00	0.181172	0.121429	0.145403	0.001415	0.007812	0.002397	0.181172	0.097010	0.126360	1
1.00	0.181172	0.121429	0.145403	0.001415	0.007812	0.002397	0.181172	0.097010	0.126360	1
1.00	0.181172	0.121429	0.145403	0.001415	0.007812	0.002397	0.181172	0.097010	0.126360	1
1.00	0.181172	0.121429	0.145403	0.001415	0.007812	0.002397	0.181172	0.097010	0.126360	1
1.00	0.181172	0.121429	0.145403	0.001415	0.007812	0.002397	0.181172	0.097010	0.126360	1
1.00	0.181172	0.121429	0.145403	0.001415	0.007812	0.002397	0.181172	0.097010	0.126360	1
1.00	0.181172	0.121429	0.145403	0.001415	0.007812	0.002397	0.181172	0.097010	0.126360	1
1.00	0.181172	0.121429	0.145403	0.001415	0.007812	0.002397	0.181172	0.097010	0.126360	1
1.00	0.181172	0.121429	0.145403	0.001415	0.007812	0.002397	0.181172	0.097010	0.126360	1
1.00	0.181172	0.121429	0.145403	0.001415	0.007812	0.002397	0.181172	0.097010	0.126360	1
1.00	0.181172	0.121429	0.145403	0.001415	0.007812	0.002397	0.181172	0.097010	0.126360	1
1.00	0.181172	0.121429	0.145403	0.001415	0.007812	0.002397	0.181172	0.097010	0.126360	1
1.00	0.181172	0.121429	0.145403	0.001415	0.007812	0.002397	0.181172	0.097010	0.126360	1
1.00	0.181172	0.121429	0.145403	0.001415	0.007812	0.002397	0.181172	0.097010	0.126360	1
1.00	0.181172	0.121429	0.145403	0.001415	0.007812	0.002397	0.181172	0.097010	0.126360	1
1.00	0.181172	0.121429	0.145403	0.001415	0.007812	0.002397	0.181172	0.097010	0.126360	1
1.00	0.181172	0.121429	0.145403	0.001415	0.007812	0.002397	0.181172	0.097010	0.126360	1
1.00	0.181172	0.121429	0.145403	0.001415	0.007812	0.002397	0.181172	0.097010	0.126360	1
1.00	0.181172	0.121429	0.145403	0.001415	0.007812	0.002397	0.181172	0.097010	0.126360	1
1.00	0.181172	0.121429	0.145403	0.001415	0.007812	0.002397	0.181172	0.097010	0.126360	1
1.00	0.181172	0.121429	0.145403	0.001415	0.007812	0.002397	0.181172	0.097010	0.126360	1
1.00	0.181172	0.121429	0.145403	0.001415	0.007812	0.002397	0.181172	0.097010	0.126360	1
1.00	0.181172	0.121429	0.145403	0.001415	0.007812	0.002397	0.181172	0.097010	0.126360	1
1.00	0.181172	0.121429	0.145403	0.001415	0.007812	0.002397	0.181172	0.097010	0.126360	1
1.00	0.181172	0.121429	0.145403	0.001415	0.007812	0.002397	0.181172	0.097010	0.126360	1
1.00	0.181172	0.121429	0.145403	0.001415	0.007812	0.002397	0.181172	0.097010	0.126360	1
1.00	0.181172	0.121429	0.145403	0.001415	0.007812	0.002397	0.181172	0.097010	0.126360	1
1.00	0.181172	0.121429	0.145403	0.001415	0.007812	0.002397	0.181172	0.097010	0.126360	1
1.00	0.181172	0.121429	0.145403	0.001415	0.007812	0.002397	0.181172	0.097010	0.126360	1
1.00	0.181172	0.121429	0.145403	0.001415	0.007812	0.002397	0.181172	0.097010	0.126360	1
1.00	0.181172	0.121429	0.145403	0.001415	0.007812	0.002397	0.181172	0.097010	0.126360	1
1.00	0.181172	0.121429	0.145403	0.001415	0.007812	0.002397	0.181172	0.097010	0.126360	1
1.00	0.181172	0.121429	0.145403	0.001415	0.007812	0.002397	0.181172	0.097010	0.126360	1
1.00	0.181172	0.121429	0.145403	0.001415	0.007812	0.002397	0.181172	0.097010	0.126360	1
1.00	0.181172	0.121429	0.145403	0.001415	0.007812	0.002397	0.181172	0.097010	0.126360	1
1.00	0.181172	0.121429	0.145403	0.001415	0.007812	0.002397	0.181172	0.097010	0.126360	1
1.00	0.181172	0.121429	0.145403	0.001415	0.007812	0.002397	0.181172	0.097010	0.126360	1
1.00	0.181172	0.121429	0.145403	0.001415	0.007812	0.002397	0.181172	0.097010	0.126360	1
1.00	0.181172	0.121429	0.145403	0.001415	0.007812	0.002397	0.181172	0.097010	0.126360	1
1.00	0.181172	0.121429	0.145403	0.001415	0.007812	0.002397	0.181172	0.097010	0.126360	1
1.00	0.181172	0.121429	0.145403	0.001415	0.007812	0.002397	0.181172	0.097010	0.126360	1
1.00	0.181172	0.121429	0.145403	0.001415	0.007812	0.002397	0.181172	0.097010	0.126360	1
1.00	0.181172	0.121429	0.145403	0.001415	0.007812	0.002397	0.181172	0.097010	0.126360	1
1.00	0.181172	0.121429	0.145403	0.001415	0.007812	0.002397	0.181172	0.097010	0.126360	1
1.00	0.181172	0.121429	0.145403	0.001415	0.007812	0.002397	0.181172	0.097010	0.126360	1
1.00	0.181172	0.121429	0.145403	0.001415	0.007812	0.002397	0.181172	0.097010	0.126360	1
1.00	0.181172	0.121429	0.145403	0.001415	0.007812	0.002397	0.181172	0.097010	0.126360	1
1.00	0.181172	0.121429	0.145403	0.001415	0.007812	0.002397	0.181172	0.097010	0.126360	1
1.00	0.181172	0.121429	0.145403	0.001415	0.007812	0.002397	0.181172	0.097010	0.126360	1
1.00	0.181172	0.121429	0.145403	0.001415	0.007812	0.002397	0.181172	0.097010	0.126360	1
1.00	0.181172	0.121429	0.145403	0.001415	0.007812	0.002397	0.181172	0.097010	0.126360	1
1.00	0.181172	0.121429	0.145403	0.001415	0.007812	0.002397	0.181172	0.097010	0.126360	1
1.00	0.181172	0.121429	0.145403	0.001415	0.007812	0.002397	0.181172	0.097010	0.126360	1
1.00	0.181172	0.121429	0.145403	0.001415	0.007812	0.002397	0.181172	0.097010	0.126360	1
1.00	0.181172	0.121429	0.145403	0.001415	0.007812	0.002397	0.181172	0.097010	0.126360	1
1.00	0.181172	0.121429	0.145403	0.001415	0.007812	0.002397	0.181172	0.097010	0.126360	1
1.00	0.181172	0.121429	0.145403	0.001415	0.007812	0.002397	0.181172	0.097010	0.126360	1
1.00	0.181172	0.121429	0.145403	0.001415	0.007812	0.002397	0.181172	0.097010	0.126360	1
1.00	0.181172	0.121429	0.145403	0.001415	0.007812	0.002397	0.181172	0.097010	0.126360	1
1.00	0.181172	0.121429	0.145403	0.001415	0.007812	0.002397	0.181172	0.097010	0.126360	1
1.00	0.181172	0.121429	0.145403	0.001415	0.007812	0.002397	0.181172	0.097010	0.126360	1
1.00	0.181172	0.121429	0.145403	0.001415	0.007812	0.002397	0.181172	0.097010	0.126360	1
1.00	0.181172	0.121429	0.145403	0.001415	0.007812	0.002397	0.181172	0.097010	0.126360	1
1.00	0.181172	0.121429	0.145403	0.001415	0.007812	0.002397	0.181172	0.097010	0.126360	1
1.00	0.181172	0.121429	0.145403	0.001415	0.007812	0.002397	0.181172	0.097010	0.126360	1
1.00	0.181172	0.121429	0.145403	0.001415	0.007812	0.002397	0.181172	0.097010	0.126360	1
1.00	0.181172	0.121429	0.145403	0.001415	0.007812	0.002397	0.181172	0.097010	0.126360	1
1.00	0.181172	0.121429	0.145403	0.001415	0.007812	0.002397	0.181172	0.097010	0.126360	1
1.00	0.181172	0.121429	0.145403	0.001415	0.007812	0.002397	0.181172	0.097010	0.126360	1
1.00	0.181172	0.121429	0.145403	0.001415	0.007812	0.002397	0.181172	0.097010	0.126360	1
1.00	0.181172	0.121429	0.145403	0.001415	0.007812	0.002397	0.181172	0.097010	0.126360	1
1.00	0.181172	0.121429	0.145403	0.001415	0.007812	0.002397	0.181172	0.097010	0.126360	1
1.00	0.181172	0.121429	0.145403	0.001415	0.007812	0.002397	0.181172	0.097010	0.126360	1
1.00	0.181172	0.121429	0.145403	0.001415	0.007812	0.002397	0.181172	0.097010	0.126360	1
1.00	0.181172	0.121429	0.145403	0.001415	0.007812	0.002397	0.181172	0.097010	0.126360	1
1.00	0.181172	0.121429	0.145403	0.001415	0.007812	0.002397	0.181172	0.097010	0.126360	1
1.00	0.181172	0.121429	0.145403	0.001415	0.007812	0.002397	0.181172	0.097010	0.126360	1
1.00	0.181172	0.121429	0.145403	0.001415	0.007812	0.002397	0.181172	0.097010	0.126360	1
1.00	0.181172	0.121429	0.145403	0.001415	0.007812	0.002397	0.181172	0.097010	0.126360	1
1.00	0.181172	0.121429	0.145403	0.001415	0.007812	0.002397	0.181172	0.097010	0.126360	1
1.00	0.181172	0.121429	0.145403	0.001415	0.007812	0.002397	0.181172	0.097010	0.126360	1
1.00	0.181172	0.121429	0.145403	0.001415	0.007812	0.002397	0.181172	0.097010	0.126360	1
1.00	0.181172	0.121429	0.145403	0.001415	0.007812	0.002397	0.181172	0.097010	0.126360	1
1.00	0.181172	0.121429	0.145403	0.001415	0.007812	0.002397	0.181172	0.097010	0.126360	1
1.00	0.181172	0.121429	0.145403	0.001415	0.007812	0.002397	0.181172	0.097010	0.126360	1
1.00	0.181172	0.121429	0.145403	0.001415	0.007812	0.002397	0.181172	0.097010	0.126360	1
1.00	0.181172	0.121429	0.145403	0.001415	0.007812	0.002397	0.181172	0.097010	0.126360	1
1.00	0.181172	0.121429	0.145403	0.001415	0.007812	0.002397	0.181172	0.097010	0.126360	1
1.00	0.181172	0.121429	0.145403	0.001415	0.007812	0.002397	0.181172	0.097010	0.126360	1
1.00	0.181172	0.121429	0.145403	0.001415	0.007812	0.002397	0.181172	0.097010	0.126360	1
1.00	0.181172	0.121429	0.145403	0.001415	0.007812	0.002397	0.181172	0.097010	0.126360	1
1.00	0.181172	0.121429	0.145403	0.001415	0.007812	0.002397	0.181172	0.097010	0.126360	1
1.00	0.181172	0.121429	0.145403	0.001415	0.007812	0.002397	0.181172	0.097010	0.126360	1
1.00	0.181172	0.121429	0.145403	0.001415	0.007812	0.002397	0.181172	0.097010	0.126360	1
1.00	0.181172	0.121429	0.145403	0.001415	0.007812	0.002397	0.181172	0.097010	0.126360	1
1.00	0.181172	0.121429	0.145403	0.001415	0.007812	0.002397	0.181172	0.097010	0.126360	1
1.00	0.181172	0.121429	0.145403	0.001415	0.007812	0.002397	0.181172	0.097010	0.126360	1
1.00	0.181172	0.121429	0.145403	0.001415	0.007812	0.002397	0.181172	0.097010	0.126360	1
1.00	0.181172	0.121429	0.145403	0.001415	0.007812	0.002397	0.181172	0.097010	0.126360	1
1.00	0.181172	0.121429	0.145403	0.001415	0.007812	0.002397	0.181172	0.097010	0.126360	1
1.00	0.181172	0.121429	0.145403	0.001415	0.007812	0.002397	0.181172	0.097010	0.126360	1
1.00	0.181172	0.121429	0.145403	0.001415	0.007812	0.002397	0.181172	0.097010	0.126360	1
1.00	0.181172	0.121429	0.145403	0.001415	0.007812	0.002397	0.181172	0.097010	0.126360	1
1.00	0.181172	0.121429	0.145403	0.001415	0.007812	0.002397	0.181172	0.097010	0.126360	1
1.00	0.181172	0.121429	0.145403	0.001415	0.007812	0.002397	0.181172	0.097010	0.126360	1
1.00	0.181172	0.121429	0.145403	0.001415	0.007812	0.002397	0.181172	0.097010	0.126360	1
1.00	0.181172	0.121429	0.145403	0.001415	0.007812	0.002397	0.181172	0.097010	0.126360	1
1.00	0.181172	0.121429	0.145403	0.001415	0.007812	0.002397	0.181172	0.097010	0.126360	1
1.00	0.181172	0.121429	0.145403	0.001415	0.007812	0.002397	0.181172	0.097010	0.126360	1
1.00	0.181172	0.121429	0.145403	0.001415	0.007812	0.002397	0.181172	0.097010	0.126360	1
1.00	0.181172	0.121429	0.145403	0.001415	0.007812	0.002397	0.181172	0.097010	0.126360	1
1.00	0.181172	0.121429	0.145403	0.001415	0.007812	0.002397	0.181172	0.097010	0.126360	1
1.00	0.181172	0.121429	0.145403	0.001415	0.007812	0.002397	0.181172	0.097010	0.126360	1
1.00	0.181172	0.121429	0.145403	0.001415	0.007812	0.002397	0.181172	0.097010	0.126360	1
1.00	0.181172	0.121429	0.145403	0.001415	0.007812	0.002397	0.181172	0.097010	0.126360	1
1.00	0.181172	0.121429	0.145403	0.001415	0.007812	0.002397	0.181172	0.097010	0.126360	1
1.00	0.181172	0.121429	0.145403	0.001415	0.007812	0.002397	0.181172	0.097010	0.126360	1
1.00	0.181172	0.121429	0.145403	0.001415	0.007812	0.002397	0.181172	0.097010	0.126360	1
1.00	0.181172	0.121429	0.145403	0.001415	0.007812	0.002397	0.181172	0.097010	0.126360	1
1.00	0.181172	0.121429	0.145403	0.001415	0.007812	0.002397	0.181172	0.097010	0.126360	1
1.00	0.181172	0.121429	0.145403	0.001415	0.007812	0.002397	0.181172	0.097010	0.126360	1
1.00	0.181172	0.121429	0.145403	0.001415	0.007812	0.002397	0.181172	0.097010	0.126360	1
1.00	0.181172	0.121429	0.145403	0.001415	0.007812	0.002397	0.181172	0.097010	0.126360	1
1.00	0.181172	0.121429	0.145403	0.001415	0.007812	0.002397	0.181172	0.097010	0.126360	1
1.00	0.181172	0.121429	0.145403	0.001415	0.007812	0.002397	0.181172	0.097010	0.126360	1
1.00	0.181172	0.121429	0.145403	0.001415	0.007812	0.002397	0.181172	0.097010	0.126360	1
1.00	0.181172	0.121429	0.145403	0.001415	0.007812	0.002397	0.181172	0.097010	0.126360	1
1.00	0.181172	0.121429	0.145403	0.001415	0.007812	0.002397	0.181172	0.097010	0.126360	1
1.00	0.181172	0.121429	0.145403	0.001415	0.007812	0.002397	0.181172	0.097010	0.126360	1
1.00	0.181172	0.121429	0.145403	0.001415	0.007812	0.002397	0.181172	0.097010	0.126360	1
1.00	0.181172	0.121429	0.145403	0.001415	0.007812	0.002397	0.181172	0.097010	0.126360	1
1.00	0.181172	0.121429	0.145403	0.001415	0.007812	0.002397	0.181172	0.097010	0.126360	1
1.00	0.181172	0.121429	0.145403	0.001415	0.007812	0.002397	0.181172	0.097010	0.126360	1
1.00	0.181172	0.121429	0.145403	0.001415	0.007812	0.002397	0.181172	0.097010	0.126360	1

Mon Jan 24 22:01:39 2022
60.59	0.011801	0.445483	0.022992	0.015615	0.094395	0.026798	0.011947	0.359333	0.023125	97
49.32	0.009688	0.320238	0.018808	0.008431	0.128079	0.015820	0.009730	0.275370	0.018795	90
40.36	0.009109	0.246429	0.017569	0.006838	0.108478	0.012864	0.009203	0.214091	0.017647	74
32.82	0.008660	0.190476	0.016567	0.008526	0.095772	0.015657	0.008767	0.157549	0.016610	62
24.83	0.009514	0.158333	0.017950	0.009702	0.079014	0.017281	0.009874	0.124393	0.018297	49
17.19	0.012607	0.145238	0.023201	0.001987	0.054688	0.003835	0.013373	0.111516	0.023883	45
11.09	0.018572	0.138095	0.032741	0.002942	0.041016	0.005491	0.019462	0.107075	0.032937	40
7.68	0.026364	0.135714	0.044152	0.001650	0.031250	0.003134	0.027205	0.105595	0.043263	24
6.18	0.029623	0.122619	0.047718	0.001623	0.030407	0.003081	0.031238	0.096418	0.047188	19
4.81	0.032866	0.105952	0.050169	0.001753	0.029335	0.003308	0.034801	0.081024	0.048689	11
3.31	0.025793	0.057143	0.035542	0.001616	0.019079	0.002979	0.023002	0.045737	0.030610	7
1.90	0.023386	0.029762	0.026192	0.001622	0.009498	0.002771	0.016489	0.023831	0.019491	6
1.12	0.019078	0.014286	0.016338	0.001648	0.008502	0.002761	0.013470	0.011989	0.012686	6
1.01	0.017575	0.011905	0.014194	0.001568	0.008349	0.002641	0.014210	0.009029	0.011042	5
1.00	0.015986	0.010714	0.012830	0.001510	0.005744	0.002392	0.015986	0.008289	0.010917	5
1.00	0.017762	0.011905	0.014255	0.001485	0.005821	0.002367	0.017762	0.009177	0.012102	5
1.00	0.024867	0.016667	0.019957	0.001373	0.006127	0.002243	0.024867	0.012433	0.016578	4
1.00	0.031972	0.021429	0.025659	0.001142	0.006434	0.001940	0.031972	0.015098	0.020510	3
1.00	0.055062	0.036905	0.044191	0.001405	0.007430	0.002364	0.055062	0.027383	0.036576	3
1.00	0.085258	0.057143	0.068425	0.001330	0.006204	0.002191	0.085258	0.044257	0.058267	3
1.00	0.136767	0.091667	0.109765	0.001426	0.005898	0.002296	0.136767	0.072084	0.094409	3
1.00	0.172291	0.115476	0.138275	0.001483	0.007430	0.002472	0.172291	0.091681	0.119678	2
1.00	0.181172	0.121429	0.145403	0.001457	0.007812	0.002456	0.181172	0.097010	0.126360	2
1.00	0.181172	0.121429	0.145403	0.001418	0.007812	0.002400	0.181172	0.097010	0.126360	2
1.00	0.181172	0.121429	0.145403	0.001415	0.007812	0.002397	0.181172	0.097010	0.126360	1
1.00	0.181172	0.121429	0.145403	0.001415	0.007812	0.002397	0.181172	0.097010	0.126360	1
1.00	0.181172	0.121429	0.145403	0.001415	0.007812	0.002397	0.181172	0.097010	0.126360	1
1.00	0.181172	0.121429	0.145403	0.001415	0.007812	0.002397	0.181172	0.097010	0.126360	1
1.00	0.181172	0.121429	0.145403	0.001415	0.007812	0.002397	0.181172	0.097010	0.126360	1
1.00	0.181172	0.121429	0.145403	0.001415	0.007812	0.002397	0.181172	0.097010	0.126360	1
1.00	0.181172	0.121429	0.145403	0.001415	0.007812	0.002397	0.181172	0.097010	0.126360	1
1.00	0.181172	0.121429	0.145403	0.001415	0.007812	0.002397	0.181172	0.097010	0.126360	1
1.00	0.181172	0.121429	0.145403	0.001415	0.007812	0.002397	0.181172	0.097010	0.126360	1
1.00	0.181172	0.121429	0.145403	0.001415	0.007812	0.002397	0.181172	0.097010	0.126360	1
1.00	0.181172	0.121429	0.145403	0.001415	0.007812	0.002397	0.181172	0.097010	0.126360	1
1.00	0.181172	0.121429	0.145403	0.001415	0.007812	0.002397	0.181172	0.097010	0.126360	1
1.00	0.181172	0.121429	0.145403	0.001415	0.007812	0.002397	0.181172	0.097010	0.126360	1
1.00	0.181172	0.121429	0.145403	0.001415	0.007812	0.002397	0.181172	0.097010	0.126360	1
1.00	0.181172	0.121429	0.145403	0.001415	0.007812	0.002397	0.181172	0.097010	0.126360	1
1.00	0.181172	0.121429	0.145403	0.001415	0.007812	0.002397	0.181172	0.097010	0.126360	1
1.00	0.181172	0.121429	0.145403	0.001415	0.007812	0.002397	0.181172	0.097010	0.126360	1
1.00	0.181172	0.121429	0.145403	0.001415	0.007812	0.002397	0.181172	0.097010	0.126360	1
1.00	0.181172	0.121429	0.145403	0.001415	0.007812	0.002397	0.181172	0.097010	0.126360	1
1.00	0.181172	0.121429	0.145403	0.001415	0.007812	0.002397	0.181172	0.097010	0.126360	1
1.00	0.181172	0.121429	0.145403	0.001415	0.007812	0.002397	0.181172	0.097010	0.126360	1
1.00	0.181172	0.121429	0.145403	0.001415	0.007812	0.002397	0.181172	0.097010	0.126360	1
1.00	0.181172	0.121429	0.145403	0.001415	0.007812	0.002397	0.181172	0.097010	0.126360	1
1.00	0.181172	0.121429	0.145403	0.001415	0.007812	0.002397	0.181172	0.097010	0.126360	1
1.00	0.181172	0.121429	0.145403	0.001415	0.007812	0.002397	0.181172	0.097010	0.126360	1
1.00	0.181172	0.121429	0.145403	0.001415	0.007812	0.002397	0.181172	0.097010	0.126360	1
1.00	0.181172	0.121429	0.145403	0.001415	0.007812	0.002397	0.181172	0.097010	0.126360	1
1.00	0.181172	0.121429	0.145403	0.001415	0.007812	0.002397	0.181172	0.097010	0.126360	1
1.00	0.181172	0.121429	0.145403	0.001415	0.007812	0.002397	0.181172	0.097010	0.126360	1
1.00	0.181172	0.121429	0.145403	0.001415	0.007812	0.002397	0.181172	0.097010	0.126360	1
1.00	0.181172	0.121429	0.145403	0.001415	0.007812	0.002397	0.181172	0.097010	0.126360	1
1.00	0.181172	0.121429	0.145403	0.001415	0.007812	0.002397	0.181172	0.097010	0.126360	1
1.00	0.181172	0.121429	0.145403	0.001415	0.007812	0.002397	0.181172	0.097010	0.126360	1
1.00	0.181172	0.121429	0.145403	0.001415	0.007812	0.002397	0.181172	0.097010	0.126360	1
1.00	0.181172	0.121429	0.145403	0.001415	0.007812	0.002397	0.181172	0.097010	0.126360	1
1.00	0.181172	0.121429	0.145403	0.001415	0.007812	0.002397	0.181172	0.097010	0.126360	1
1.00	0.181172	0.121429	0.145403	0.001415	0.007812	0.002397	0.181172	0.097010	0.126360	1
1.00	0.181172	0.121429	0.145403	0.001415	0.007812	0.002397	0.181172	0.097010	0.126360	1
1.00	0.181172	0.121429	0.145403	0.001415	0.007812	0.002397	0.181172	0.097010	0.126360	1
1.00	0.181172	0.121429	0.145403	0.001415	0.007812	0.002397	0.181172	0.097010	0.126360	1
1.00	0.181172	0.121429	0.145403	0.001415	0.007812	0.002397	0.181172	0.097010	0.126360	1
1.00	0.181172	0.121429	0.145403	0.001415	0.007812	0.002397	0.181172	0.097010	0.126360	1
1.00	0.181172	0.121429	0.145403	0.001415	0.007812	0.002397	0.181172	0.097010	0.126360	1
1.00	0.181172	0.121429	0.145403	0.001415	0.007812	0.002397	0.181172	0.097010	0.126360	1
1.00	0.181172	0.121429	0.145403	0.001415	0.007812	0.002397	0.181172	0.097010	0.126360	1
1.00	0.181172	0.121429	0.145403	0.001415	0.007812	0.002397	0.181172	0.097010	0.126360	1
1.00	0.181172	0.121429	0.145403	0.001415	0.007812	0.002397	0.181172	0.097010	0.126360	1
1.00	0.181172	0.121429	0.145403	0.001415	0.007812	0.002397	0.181172	0.097010	0.126360	1
1.00	0.181172	0.121429	0.145403	0.001415	0.007812	0.002397	0.181172	0.097010	0.126360	1
1.00	0.181172	0.121429	0.145403	0.001415	0.007812	0.002397	0.181172	0.097010	0.126360	1
1.00	0.181172	0.121429	0.145403	0.001415	0.007812	0.002397	0.181172	0.097010	0.126360	1
1.00	0.181172	0.121429	0.145403	0.001415	0.007812	0.002397	0.181172	0.097010	0.126360	1
1.00	0.181172	0.121429	0.145403	0.001415	0.007812	0.002397	0.181172	0.097010	0.126360	1
1.00	0.181172	0.121429	0.145403	0.001415	0.007812	0.002397	0.181172	0.097010	0.126360	1
1.00	0.181172	0.121429	0.145403	0.001415	0.007812	0.002397	0.181172	0.097010	0.126360	1
1.00	0.181172	0.121429	0.145403	0.001415	0.007812	0.002397	0.181172	0.097010	0.126360	1
1.00	0.181172	0.121429	0.145403	0.001415	0.007812	0.002397	0.181172	0.097010	0.126360	1
1.00	0.181172	0.121429	0.145403	0.001415	0.007812	0.002397	0.181172	0.097010	0.126360	1
1.00	0.181172	0.121429	0.145403	0.001415	0.007812	0.002397	0.181172	0.097010	0.126360	1
1.00	0.181172	0.121429	0.145403	0.001415	0.007812	0.002397	0.181172	0.097010	0.126360	1
1.00	0.181172	0.121429	0.145403	0.001415	0.007812	0.002397	0.181172	0.097010	0.126360	1
1.00	0.181172	0.121429	0.145403	0.001415	0.007812	0.002397	0.181172	0.097010	0.126360	1
1.00	0.181172	0.121429	0.145403	0.001415	0.007812	0.002397	0.181172	0.097010	0.126360	1
1.00	0.181172	0.121429	0.145403	0.001415	0.007812	0.002397	0.181172	0.097010	0.126360	1
1.00	0.181172	0.121429	0.145403	0.001415	0.007812	0.002397	0.181172	0.097010	0.126360	1
1.00	0.181172	0.121429	0.145403	0.001415	0.007812	0.002397	0.181172	0.097010	0.126360	1
1.00	0.181172	0.121429	0.145403	0.001415	0.007812	0.002397	0.181172	0.097010	0.126360	1
1.00	0.181172	0.121429	0.145403	0.001415	0.007812	0.002397	0.181172	0.097010	0.126360	1
1.00	0.181172	0.121429	0.145403	0.001415	0.007812	0.002397	0.181172	0.097010	0.126360	1
1.00	0.181172	0.121429	0.145403	0.001415	0.007812	0.002397	0.181172	0.097010	0.126360	1
1.00	0.181172	0.121429	0.145403	0.001415	0.007812	0.002397	0.181172	0.097010	0.126360	1
1.00	0.181172	0.121429	0.145403	0.001415	0.007812	0.002397	0.181172	0.097010	0.126360	1
1.00	0.181172	0.121429	0.145403	0.001415	0.007812	0.002397	0.181172	0.097010	0.126360	1
1.00	0.181172	0.121429	0.145403	0.001415	0.007812	0.002397	0.181172	0.097010	0.126360	1
1.00	0.181172	0.121429	0.145403	0.001415	0.007812	0.002397	0.181172	0.097010	0.126360	1
1.00	0.181172	0.121429	0.145403	0.001415	0.007812	0.002397	0.181172	0.097010	0.126360	1
1.00	0.181172	0.121429	0.145403	0.001415	0.007812	0.002397	0.181172	0.097010	0.126360	1
1.00	0.181172	0.121429	0.145403	0.001415	0.007812	0.002397	0.181172	0.097010	0.126360	1
1.00	0.181172	0.121429	0.145403	0.001415	0.007812	0.002397	0.181172	0.097010	0.126360	1
1.00	0.181172	0.121429	0.145403	0.001415	0.007812	0.002397	0.181172	0.097010	0.126360	1
1.00	0.181172	0.121429	0.145403	0.001415	0.007812	0.002397	0.181172	0.097010	0.126360	1
1.00	0.181172	0.121429	0.145403	0.001415	0.007812	0.002397	0.181172	0.097010	0.126360	1
1.00	0.181172	0.121429	0.145403	0.001415	0.007812	0.002397	0.181172	0.097010	0.126360	1
1.00	0.181172	0.121429	0.145403	0.001415	0.007812	0.002397	0.181172	0.097010	0.126360	1
1.00	0.181172	0.121429	0.145403	0.001415	0.007812	0.002397	0.181172	0.097010	0.126360	1
1.00	0.181172	0.121429	0.145403	0.001415	0.007812	0.002397	0.181172	0.097010	0.126360	1
1.00	0.181172	0.121429	0.145403	0.001415	0.007812	0.002397	0.181172	0.097010	0.126360	1
1.00	0.181172	0.121429	0.145403	0.001415	0.007812	0.002397	0.181172	0.097010	0.126360	1
1.00	0.181172	0.121429	0.145403	0.001415	0.007812	0.002397	0.181172	0.097010	0.126360	1
1.00	0.181172	0.121429	0.145403	0.001415	0.007812	0.002397	0.181172	0.097010	0.126360	1
1.00	0.181172	0.121429	0.145403	0.001415	0.007812	0.002397	0.181172	0.097010	0.126360	1
1.00	0.181172	0.121429	0.145403	0.001415	0.007812	0.002397	0.181172	0.097010	0.126360	1
1.00	0.181172	0.121429	0.145403	0.001415	0.007812	0.002397	0.181172	0.097010	0.126360	1
1.00	0.181172	0.121429	0.145403	0.001415	0.007812	0.002397	0.181172	0.097010	0.126360	1
1.00	0.181172	0.121429	0.145403	0.001415	0.007812	0.002397	0.181172	0.097010	0.126360	1
1.00	0.181172	0.121429	0.145403	0.001415	0.007812	0.002397	0.181172	0.097010	0.126360	1
1.00	0.181172	0.121429	0.145403	0.001415	0.007812	0.002397	0.181172	0.097010	0.126360	1
1.00	0.181172	0.121429	0.145403	0.001415	0.007812	0.002397	0.181172	0.097010	0.126360	1
1.00	0.181172	0.121429	0.145403	0.001415	0.007812	0.002397	0.181172	0.097010	0.126360	1
1.00	0.181172	0.121429	0.145403	0.001415	0.007812	0.002397	0.181172	0.097010	0.126360	1
1.00	0.181172	0.121429	0.145403	0.001415	0.007812	0.002397	0.181172	0.097010	0.126360	1
1.00	0.181172	0.121429	0.145403	0.001415	0.007812	0.002397	0.181172	0.097010	0.126360	1
1.00	0.181172	0.121429	0.145403	0.001415	0.007812	0.002397	0.181172	0.097010	0.126360	1
1.00	0.181172	0.121429	0.145403	0.001415	0.007812	0.002397	0.181172	0.097010	0.126360	1
1.00	0.181172	0.121429	0.145403	0.001415	0.007812	0.002397	0.181172	0.097010	0.126360	1
1.00	0.181172	0.121429	0.145403	0.001415	0.007812	0.002397	0.181172	0.097010	0.126360	1
1.00	0.181172	0.121429	0.145403	0.001415	0.007812	0.002397	0.181172	0.097010	0.126360	1
1.00	0.181172	0.121429	0.145403	0.001415	0.007812	0.002397	0.181172	0.097010	0.126360	1
1.00	0.181172	0.121429	0.145403	0.001415	0.007812	0.002397	0.181172	0.097010	0.126360	1
1.00	0.181172	0.121429	0.145403	0.001415	0.007812	0.002397	0.181172	0.097010	0.126360	1
1.00	0.181172	0.121429	0.145403	0.001415	0.007812	0.002397	0.181172	0.097010	0.126360	1
1.00	0.181172	0.121429	0.145403	0.001415	0.007812	0.002397	0.181172	0.097010	0.126360	1
1.00	0.181172	0.121429	0.145403	0.001415	0.007812	0.002397	0.181172	0.097010	0.126360	1
1.00	0.181172	0.121429	0.145403	0.001415	0.007812	0.002397	0.181172	0.097010	0.126360	1
1.00	0.181172	0.121429	0.145403	0.001415	0.007812	0.002397	0.181172	0.097010	0.126360	1
1.00	0.181172	0.121429	0.145403	0.001415	0.007812	0.002397	0.181172	0.097010	0.126360	1
1.00	0.181172	0.121429	0.145403	0.001415	0.007812	0.002397	0.181172	0.097010	0.126360	1
1.00	0.181172	0.121429	0.145403	0.001415	0.007812	0.002397	0.181172	0.097010	0.126360	1
1.00	0.181172	0.121429	0.145403	0.001415	0.007812	0.002397	0.181172	0.097010	0.126360	1
1.00	0.181172	0.121429	0.145403	0.001415	0.007812	0.002397	0.181172	0.097010	0.126360	1
1.00	0.181172	0.121429	0.145403	0.001415	0.007812	0.002397	0.181172	0.097010	0.126360	1
1.00	0.181172	0.121429	0.145403	0.001415	0.007812	0.002397	0.181172	0.097010	0.126360	1
1.00	0.181172	0.121429	0.145403	0.001415	0.007812	0.002397	0.181172	0.097010	0.126360	1
1.00	0.181172	0.121429	0.145403	0.001415	0.007812	0.002397	0.181172	0.097010	0.126360	1
1.00	0.181172	0.121429	0.145403	0.001415	0.007812	0.002397	0.181172	0.097010	0.126360	1
1.00	0.181172	0.121429	0.145403	0.001415	0.007812	0.002397	0.181172	0.097010	0.126360	1
1.00	0.181172	0.121429	0.145403	0.001415	0.007812	0.002397	0.181172	0.097010	0.126360	1
1.00	0.181172	0.121429	0.145403	0.001415	0.007812	0.002397	0.181172	0.097010	0.126360	1
1.00	0.181172	0.121429	0.145403	0.001415	0.007812	0.002397	0.181172	0.097010	0.126360	1
1.00	0.181172	0.121429	0.145403	0.001415	0.007812	0.002397	0.181172	0.097010	0.126360	1
1.00	0.181172	0.121429	0.145403	0.001415	0.007812	0.002397	0.181172	0.097010	0.126360	1
1.00	0.181172	0.121429	0.145403	0.001415	0.007812	0.002397	0.181172	0.097010	0.126360	1
1.00	0.181172	0.121429	0.145403	0.001415	0.007812	0.002397	0.181172	0.097010	0.126360	1
1.00	0.181172	0.121429	0.145403	0.001415	0.007812	0.002397	0.181172	0.097010	0.126360	1
1.00	0.181172	0.121429	0.145403	0.001415	0.007812	0.002397	0.181172	0.097010	0.126360	1
1.00	0.181172	0.121429	0.145403	0.001415	0.007812	0.002397	0.181172	0.097010	0.126360	1
1.00	0.181172	0.121429	0.145403	0.001415	0.007812	0.002397	0.181172	0.097010	0.126360	1
1.00	0.181172	0.121429	0.145403	0.001415	0.007812	0.002397	0.181172	0.097010	0.126360	1
1.00	0.181172	0.121429	0.145403	0.001415	0.007812	0.002397	0.181172	0.097010	0.126360	1

Mon Jan 24 22:29:55 2022
59.35	0.008510	0.314642	0.016571	0.009882	0.070202	0.017326	0.008522	0.305333	0.016581	93
49.10	0.006439	0.211905	0.012498	0.003889	0.093213	0.007466	0.006442	0.173209	0.012421	85
40.70	0.007113	0.194048	0.013723	0.004599	0.088132	0.008742	0.007193	0.152191	0.013736	77
33.25	0.008067	0.179762	0.015440	0.004155	0.076629	0.007882	0.008190	0.141770	0.015485	64
25.32	0.009188	0.155952	0.017354	0.001995	0.048529	0.003832	0.009373	0.125785	0.017447	57
18.31	0.011833	0.145238	0.021883	0.001973	0.040043	0.003761	0.012278	0.118680	0.022254	48
13.56	0.015588	0.141667	0.028086	0.002135	0.034314	0.004020	0.016903	0.116904	0.029536	39
9.70	0.021245	0.138095	0.036825	0.003352	0.029948	0.006029	0.024018	0.115364	0.039759	31
6.63	0.029475	0.130952	0.048119	0.001571	0.017253	0.002881	0.034281	0.110036	0.052275	21
4.32	0.043961	0.127381	0.065363	0.001576	0.012695	0.002804	0.050894	0.105891	0.068747	14
3.14	0.059356	0.125000	0.080491	0.001643	0.010742	0.002850	0.065601	0.102339	0.079952	12
2.71	0.066798	0.121429	0.086185	0.001415	0.007812	0.002397	0.072972	0.097010	0.083291	9
2.43	0.074616	0.121429	0.092433	0.001415	0.007812	0.002397	0.086738	0.097010	0.091587	6
2.05	0.088388	0.121429	0.102307	0.001418	0.007812	0.002400	0.106276	0.097010	0.101432	4
1.53	0.118743	0.121429	0.120071	0.001420	0.007812	0.002404	0.145352	0.097010	0.116360	3
1.12	0.161905	0.121429	0.138776	0.001423	0.007812	0.002407	0.174067	0.097010	0.124586	3
1.03	0.175559	0.121429	0.143561	0.001420	0.007812	0.002404	0.177620	0.097010	0.125485	2
1.01	0.175439	0.119048	0.141844	0.001403	0.007659	0.002371	0.175844	0.095234	0.123553	2
1.00	0.173451	0.116667	0.139502	0.001382	0.007506	0.002334	0.174067	0.093458	0.121618	2
1.00	0.175844	0.117857	0.141126	0.001396	0.007583	0.002358	0.175844	0.094346	0.122804	2
1.00	0.174067	0.116667	0.139701	0.001384	0.007506	0.002338	0.174067	0.093458	0.121618	2
1.00	0.177620	0.119048	0.142552	0.001405	0.007659	0.002375	0.177620	0.095234	0.123989	2
1.00	0.177620	0.119048	0.142552	0.001400	0.007659	0.002367	0.177620	0.095234	0.123989	2
1.00	0.179396	0.120238	0.143977	0.001404	0.007736	0.002377	0.179396	0.096122	0.125174	2
1.00	0.181172	0.121429	0.145403	0.001415	0.007812	0.002397	0.181172	0.097010	0.126360	1
1.00	0.181172	0.121429	0.145403	0.001415	0.007812	0.002397	0.181172	0.097010	0.126360	1
1.00	0.181172	0.121429	0.145403	0.001415	0.007812	0.002397	0.181172	0.097010	0.126360	1
1.00	0.181172	0.121429	0.145403	0.001415	0.007812	0.002397	0.181172	0.097010	0.126360	1
1.00	0.181172	0.121429	0.145403	0.001415	0.007812	0.002397	0.181172	0.097010	0.126360	1
1.00	0.181172	0.121429	0.145403	0.001415	0.007812	0.002397	0.181172	0.097010	0.126360	1
1.00	0.181172	0.121429	0.145403	0.001415	0.007812	0.002397	0.181172	0.097010	0.126360	1
1.00	0.181172	0.121429	0.145403	0.001415	0.007812	0.002397	0.181172	0.097010	0.126360	1
1.00	0.181172	0.121429	0.145403	0.001415	0.007812	0.002397	0.181172	0.097010	0.126360	1
1.00	0.181172	0.121429	0.145403	0.001415	0.007812	0.002397	0.181172	0.097010	0.126360	1
1.00	0.181172	0.121429	0.145403	0.001415	0.007812	0.002397	0.181172	0.097010	0.126360	1
1.00	0.181172	0.121429	0.145403	0.001415	0.007812	0.002397	0.181172	0.097010	0.126360	1
1.00	0.181172	0.121429	0.145403	0.001415	0.007812	0.002397	0.181172	0.097010	0.126360	1
1.00	0.181172	0.121429	0.145403	0.001415	0.007812	0.002397	0.181172	0.097010	0.126360	1
1.00	0.181172	0.121429	0.145403	0.001415	0.007812	0.002397	0.181172	0.097010	0.126360	1
1.00	0.181172	0.121429	0.145403	0.001415	0.007812	0.002397	0.181172	0.097010	0.126360	1
1.00	0.181172	0.121429	0.145403	0.001415	0.007812	0.002397	0.181172	0.097010	0.126360	1
1.00	0.181172	0.121429	0.145403	0.001415	0.007812	0.002397	0.181172	0.097010	0.126360	1
1.00	0.181172	0.121429	0.145403	0.001415	0.007812	0.002397	0.181172	0.097010	0.126360	1
1.00	0.181172	0.121429	0.145403	0.001415	0.007812	0.002397	0.181172	0.097010	0.126360	1
1.00	0.181172	0.121429	0.145403	0.001415	0.007812	0.002397	0.181172	0.097010	0.126360	1
1.00	0.181172	0.121429	0.145403	0.001415	0.007812	0.002397	0.181172	0.097010	0.126360	1
1.00	0.181172	0.121429	0.145403	0.001415	0.007812	0.002397	0.181172	0.097010	0.126360	1
1.00	0.181172	0.121429	0.145403	0.001415	0.007812	0.002397	0.181172	0.097010	0.126360	1
1.00	0.181172	0.121429	0.145403	0.001415	0.007812	0.002397	0.181172	0.097010	0.126360	1
1.00	0.181172	0.121429	0.145403	0.001415	0.007812	0.002397	0.181172	0.097010	0.126360	1
1.00	0.181172	0.121429	0.145403	0.001415	0.007812	0.002397	0.181172	0.097010	0.126360	1
1.00	0.181172	0.121429	0.145403	0.001415	0.007812	0.002397	0.181172	0.097010	0.126360	1
1.00	0.181172	0.121429	0.145403	0.001415	0.007812	0.002397	0.181172	0.097010	0.126360	1
1.00	0.181172	0.121429	0.145403	0.001415	0.007812	0.002397	0.181172	0.097010	0.126360	1
1.00	0.181172	0.121429	0.145403	0.001415	0.007812	0.002397	0.181172	0.097010	0.126360	1
1.00	0.181172	0.121429	0.145403	0.001415	0.007812	0.002397	0.181172	0.097010	0.126360	1
1.00	0.181172	0.121429	0.145403	0.001415	0.007812	0.002397	0.181172	0.097010	0.126360	1
1.00	0.181172	0.121429	0.145403	0.001415	0.007812	0.002397	0.181172	0.097010	0.126360	1
1.00	0.181172	0.121429	0.145403	0.001415	0.007812	0.002397	0.181172	0.097010	0.126360	1
1.00	0.181172	0.121429	0.145403	0.001415	0.007812	0.002397	0.181172	0.097010	0.126360	1
1.00	0.181172	0.121429	0.145403	0.001415	0.007812	0.002397	0.181172	0.097010	0.126360	1
1.00	0.181172	0.121429	0.145403	0.001415	0.007812	0.002397	0.181172	0.097010	0.126360	1
1.00	0.181172	0.121429	0.145403	0.001415	0.007812	0.002397	0.181172	0.097010	0.126360	1
1.00	0.181172	0.121429	0.145403	0.001415	0.007812	0.002397	0.181172	0.097010	0.126360	1
1.00	0.181172	0.121429	0.145403	0.001415	0.007812	0.002397	0.181172	0.097010	0.126360	1
1.00	0.181172	0.121429	0.145403	0.001415	0.007812	0.002397	0.181172	0.097010	0.126360	1
1.00	0.181172	0.121429	0.145403	0.001415	0.007812	0.002397	0.181172	0.097010	0.126360	1
1.00	0.181172	0.121429	0.145403	0.001415	0.007812	0.002397	0.181172	0.097010	0.126360	1
1.00	0.181172	0.121429	0.145403	0.001415	0.007812	0.002397	0.181172	0.097010	0.126360	1
1.00	0.181172	0.121429	0.145403	0.001415	0.007812	0.002397	0.181172	0.097010	0.126360	1
1.00	0.181172	0.121429	0.145403	0.001415	0.007812	0.002397	0.181172	0.097010	0.126360	1
1.00	0.181172	0.121429	0.145403	0.001415	0.007812	0.002397	0.181172	0.097010	0.126360	1
1.00	0.181172	0.121429	0.145403	0.001415	0.007812	0.002397	0.181172	0.097010	0.126360	1
1.00	0.181172	0.121429	0.145403	0.001415	0.007812	0.002397	0.181172	0.097010	0.126360	1
1.00	0.181172	0.121429	0.145403	0.001415	0.007812	0.002397	0.181172	0.097010	0.126360	1
1.00	0.181172	0.121429	0.145403	0.001415	0.007812	0.002397	0.181172	0.097010	0.126360	1
1.00	0.181172	0.121429	0.145403	0.001415	0.007812	0.002397	0.181172	0.097010	0.126360	1
1.00	0.181172	0.121429	0.145403	0.001415	0.007812	0.002397	0.181172	0.097010	0.126360	1
1.00	0.181172	0.121429	0.145403	0.001415	0.007812	0.002397	0.181172	0.097010	0.126360	1
1.00	0.181172	0.121429	0.145403	0.001415	0.007812	0.002397	0.181172	0.097010	0.126360	1
1.00	0.181172	0.121429	0.145403	0.001415	0.007812	0.002397	0.181172	0.097010	0.126360	1
1.00	0.181172	0.121429	0.145403	0.001415	0.007812	0.002397	0.181172	0.097010	0.126360	1
1.00	0.181172	0.121429	0.145403	0.001415	0.007812	0.002397	0.181172	0.097010	0.126360	1
1.00	0.181172	0.121429	0.145403	0.001415	0.007812	0.002397	0.181172	0.097010	0.126360	1
1.00	0.181172	0.121429	0.145403	0.001415	0.007812	0.002397	0.181172	0.097010	0.126360	1
1.00	0.181172	0.121429	0.145403	0.001415	0.007812	0.002397	0.181172	0.097010	0.126360	1
1.00	0.181172	0.121429	0.145403	0.001415	0.007812	0.002397	0.181172	0.097010	0.126360	1
1.00	0.181172	0.121429	0.145403	0.001415	0.007812	0.002397	0.181172	0.097010	0.126360	1
1.00	0.181172	0.121429	0.145403	0.001415	0.007812	0.002397	0.181172	0.097010	0.126360	1
1.00	0.181172	0.121429	0.145403	0.001415	0.007812	0.002397	0.181172	0.097010	0.126360	1
1.00	0.181172	0.121429	0.145403	0.001415	0.007812	0.002397	0.181172	0.097010	0.126360	1
1.00	0.181172	0.121429	0.145403	0.001415	0.007812	0.002397	0.181172	0.097010	0.126360	1
1.00	0.181172	0.121429	0.145403	0.001415	0.007812	0.002397	0.181172	0.097010	0.126360	1
1.00	0.181172	0.121429	0.145403	0.001415	0.007812	0.002397	0.181172	0.097010	0.126360	1
1.00	0.181172	0.121429	0.145403	0.001415	0.007812	0.002397	0.181172	0.097010	0.126360	1
1.00	0.181172	0.121429	0.145403	0.001415	0.007812	0.002397	0.181172	0.097010	0.126360	1
1.00	0.181172	0.121429	0.145403	0.001415	0.007812	0.002397	0.181172	0.097010	0.126360	1
1.00	0.181172	0.121429	0.145403	0.001415	0.007812	0.002397	0.181172	0.097010	0.126360	1
1.00	0.181172	0.121429	0.145403	0.001415	0.007812	0.002397	0.181172	0.097010	0.126360	1
1.00	0.181172	0.121429	0.145403	0.001415	0.007812	0.002397	0.181172	0.097010	0.126360	1
1.00	0.181172	0.121429	0.145403	0.001415	0.007812	0.002397	0.181172	0.097010	0.126360	1
1.00	0.181172	0.121429	0.145403	0.001415	0.007812	0.002397	0.181172	0.097010	0.126360	1
1.00	0.181172	0.121429	0.145403	0.001415	0.007812	0.002397	0.181172	0.097010	0.126360	1
1.00	0.181172	0.121429	0.145403	0.001415	0.007812	0.002397	0.181172	0.097010	0.126360	1
1.00	0.181172	0.121429	0.145403	0.001415	0.007812	0.002397	0.181172	0.097010	0.126360	1
1.00	0.181172	0.121429	0.145403	0.001415	0.007812	0.002397	0.181172	0.097010	0.126360	1
1.00	0.181172	0.121429	0.145403	0.001415	0.007812	0.002397	0.181172	0.097010	0.126360	1
1.00	0.181172	0.121429	0.145403	0.001415	0.007812	0.002397	0.181172	0.097010	0.126360	1
1.00	0.181172	0.121429	0.145403	0.001415	0.007812	0.002397	0.181172	0.097010	0.126360	1
1.00	0.181172	0.121429	0.145403	0.001415	0.007812	0.002397	0.181172	0.097010	0.126360	1
1.00	0.181172	0.121429	0.145403	0.001415	0.007812	0.002397	0.181172	0.097010	0.126360	1
1.00	0.181172	0.121429	0.145403	0.001415	0.007812	0.002397	0.181172	0.097010	0.126360	1
1.00	0.181172	0.121429	0.145403	0.001415	0.007812	0.002397	0.181172	0.097010	0.126360	1
1.00	0.181172	0.121429	0.145403	0.001415	0.007812	0.002397	0.181172	0.097010	0.126360	1
1.00	0.181172	0.121429	0.145403	0.001415	0.007812	0.002397	0.181172	0.097010	0.126360	1
1.00	0.181172	0.121429	0.145403	0.001415	0.007812	0.002397	0.181172	0.097010	0.126360	1
1.00	0.181172	0.121429	0.145403	0.001415	0.007812	0.002397	0.181172	0.097010	0.126360	1
1.00	0.181172	0.121429	0.145403	0.001415	0.007812	0.002397	0.181172	0.097010	0.126360	1
1.00	0.181172	0.121429	0.145403	0.001415	0.007812	0.002397	0.181172	0.097010	0.126360	1
1.00	0.181172	0.121429	0.145403	0.001415	0.007812	0.002397	0.181172	0.097010	0.126360	1
1.00	0.181172	0.121429	0.145403	0.001415	0.007812	0.002397	0.181172	0.097010	0.126360	1
1.00	0.181172	0.121429	0.145403	0.001415	0.007812	0.002397	0.181172	0.097010	0.126360	1
1.00	0.181172	0.121429	0.145403	0.001415	0.007812	0.002397	0.181172	0.097010	0.126360	1
1.00	0.181172	0.121429	0.145403	0.001415	0.007812	0.002397	0.181172	0.097010	0.126360	1
1.00	0.181172	0.121429	0.145403	0.001415	0.007812	0.002397	0.181172	0.097010	0.126360	1
1.00	0.181172	0.121429	0.145403	0.001415	0.007812	0.002397	0.181172	0.097010	0.126360	1
1.00	0.181172	0.121429	0.145403	0.001415	0.007812	0.002397	0.181172	0.097010	0.126360	1
1.00	0.181172	0.121429	0.145403	0.001415	0.007812	0.002397	0.181172	0.097010	0.126360	1
1.00	0.181172	0.121429	0.145403	0.001415	0.007812	0.002397	0.181172	0.097010	0.126360	1
1.00	0.181172	0.121429	0.145403	0.001415	0.007812	0.002397	0.181172	0.097010	0.126360	1
1.00	0.181172	0.121429	0.145403	0.001415	0.007812	0.002397	0.181172	0.097010	0.126360	1
1.00	0.181172	0.121429	0.145403	0.001415	0.007812	0.002397	0.181172	0.097010	0.126360	1
1.00	0.181172	0.121429	0.145403	0.001415	0.007812	0.002397	0.181172	0.097010	0.126360	1
1.00	0.181172	0.121429	0.145403	0.001415	0.007812	0.002397	0.181172	0.097010	0.126360	1
1.00	0.181172	0.121429	0.145403	0.001415	0.007812	0.002397	0.181172	0.097010	0.126360	1
1.00	0.181172	0.121429	0.145403	0.001415	0.007812	0.002397	0.181172	0.097010	0.126360	1
1.00	0.181172	0.121429	0.145403	0.001415	0.007812	0.002397	0.181172	0.097010	0.126360	1
1.00	0.181172	0.121429	0.145403	0.001415	0.007812	0.002397	0.181172	0.097010	0.126360	1
1.00	0.181172	0.121429	0.145403	0.001415	0.007812	0.002397	0.181172	0.097010	0.126360	1
1.00	0.181172	0.121429	0.145403	0.001415	0.007812	0.002397	0.181172	0.097010	0.126360	1
1.00	0.181172	0.121429	0.145403	0.001415	0.007812	0.002397	0.181172	0.097010	0.126360	1
1.00	0.181172	0.121429	0.145403	0.001415	0.007812	0.002397	0.181172	0.097010	0.126360	1
1.00	0.181172	0.121429	0.145403	0.001415	0.007812	0.002397	0.181172	0.097010	0.126360	1
1.00	0.181172	0.121429	0.145403	0.001415	0.007812	0.002397	0.181172	0.097010	0.126360	1
1.00	0.181172	0.121429	0.145403	0.001415	0.007812	0.002397	0.181172	0.097010	0.126360	1
1.00	0.181172	0.121429	0.145403	0.001415	0.007812	0.002397	0.181172	0.097010	0.126360	1
1.00	0.181172	0.121429	0.145403	0.001415	0.007812	0.002397	0.181172	0.097010	0.126360	1
1.00	0.181172	0.121429	0.145403	0.001415	0.007812	0.002397	0.181172	0.097010	0.126360	1
1.00	0.181172	0.121429	0.145403	0.001415	0.007812	0.002397	0.181172	0.097010	0.126360	1
1.00	0.181172	0.121429	0.145403	0.001415	0.007812	0.002397	0.181172	0.097010	0.126360	1
1.00	0.181172	0.121429	0.145403	0.001415	0.007812	0.002397	0.181172	0.097010	0.126360	1
1.00	0.181172	0.121429	0.145403	0.001415	0.007812	0.002397	0.181172	0.097010	0.126360	1
1.00	0.181172	0.121429	0.145403	0.001415	0.007812	0.002397	0.181172	0.097010	0.126360	1
1.00	0.181172	0.121429	0.145403	0.001415	0.007812	0.002397	0.181172	0.097010	0.126360	1
1.00	0.181172	0.121429	0.145403	0.001415	0.007812	0.002397	0.181172	0.097010	0.126360	1
1.00	0.181172	0.121429	0.145403	0.001415	0.007812	0.002397	0.181172	0.097010	0.126360	1
1.00	0.181172	0.121429	0.145403	0.001415	0.007812	0.002397	0.181172	0.097010	0.126360	1
1.00	0.181172	0.121429	0.145403	0.001415	0.007812	0.002397	0.181172	0.097010	0.126360	1
1.00	0.181172	0.121429	0.145403	0.001415	0.007812	0.002397	0.181172	0.097010	0.126360	1
1.00	0.181172	0.121429	0.145403	0.001415	0.007812	0.002397	0.181172	0.097010	0.126360	1
1.00	0.181172	0.121429	0.145403	0.001415	0.007812	0.002397	0.181172	0.097010	0.126360	1
1.00	0.181172	0.121429	0.145403	0.001415	0.007812	0.002397	0.181172	0.097010	0.126360	1
1.00	0.181172	0.121429	0.145403	0.001415	0.007812	0.002397	0.181172	0.097010	0.126360	1
1.00	0.181172	0.121429	0.145403	0.001415	0.007812	0.002397	0.181172	0.097010	0.126360	1
1.00	0.181172	0.121429	0.145403	0.001415	0.007812	0.002397	0.181172	0.097010	0.126360	1
1.00	0.181172	0.121429	0.145403	0.001415	0.007812	0.002397	0.181172	0.097010	0.126360	1
1.00	0.181172	0.121429	0.145403	0.001415	0.007812	0.002397	0.181172	0.097010	0.126360	1
