
Mon Jan 24 13:44:46 2022
59.28	0.009700	0.358255	0.018888	0.006272	0.092052	0.011743	0.009715	0.456667	0.019026	83
49.25	0.010748	0.354762	0.020864	0.005963	0.112595	0.011326	0.010769	0.446092	0.021031	78
39.56	0.008846	0.234524	0.017048	0.005419	0.084081	0.010182	0.008848	0.286382	0.017166	68
30.80	0.006920	0.142857	0.013201	0.005618	0.064119	0.010332	0.006893	0.172410	0.013255	60
22.85	0.004276	0.065476	0.008028	0.005156	0.047966	0.009312	0.004243	0.069864	0.008000	52
16.35	0.002607	0.028571	0.004778	0.006555	0.026055	0.010475	0.002502	0.030343	0.004622	42
11.67	0.001979	0.015476	0.003509	0.003037	0.021170	0.005312	0.001816	0.014654	0.003232	33
8.13	0.001311	0.007143	0.002215	0.004381	0.013065	0.006562	0.001234	0.005181	0.001994	29
5.01	0.000709	0.002381	0.001093	0.005208	0.001193	0.001941	0.000651	0.001776	0.000953	20
3.24	0.000548	0.001190	0.000750	0.007812	0.001116	0.001953	0.000444	0.000888	0.000592	14
2.57	0.000000	0.000000	0.000000	0.000000	0.000000	0.000000	0.000000	0.000000	0.000000	9
2.20	0.000000	0.000000	0.000000	0.000000	0.000000	0.000000	0.000000	0.000000	0.000000	4
2.04	0.000000	0.000000	0.000000	0.000000	0.000000	0.000000	0.000000	0.000000	0.000000	3
2.00	0.000000	0.000000	0.000000	0.000000	0.000000	0.000000	0.000000	0.000000	0.000000	3
1.98	0.000000	0.000000	0.000000	0.000000	0.000000	0.000000	0.000000	0.000000	0.000000	2
1.89	0.000000	0.000000	0.000000	0.000000	0.000000	0.000000	0.000000	0.000000	0.000000	2
1.56	0.000000	0.000000	0.000000	0.000000	0.000000	0.000000	0.000000	0.000000	0.000000	2
1.21	0.000000	0.000000	0.000000	0.000000	0.000000	0.000000	0.000000	0.000000	0.000000	2
1.04	0.000000	0.000000	0.000000	0.000000	0.000000	0.000000	0.000000	0.000000	0.000000	2
1.00	0.000000	0.000000	0.000000	0.000000	0.000000	0.000000	0.000000	0.000000	0.000000	2
1.00	0.000000	0.000000	0.000000	0.000000	0.000000	0.000000	0.000000	0.000000	0.000000	2
1.00	0.000000	0.000000	0.000000	0.000000	0.000000	0.000000	0.000000	0.000000	0.000000	2
1.00	0.000000	0.000000	0.000000	0.000000	0.000000	0.000000	0.000000	0.000000	0.000000	2
1.00	0.000000	0.000000	0.000000	0.000000	0.000000	0.000000	0.000000	0.000000	0.000000	2
1.00	0.000000	0.000000	0.000000	0.000000	0.000000	0.000000	0.000000	0.000000	0.000000	2
1.00	0.000000	0.000000	0.000000	0.000000	0.000000	0.000000	0.000000	0.000000	0.000000	2
1.00	0.000000	0.000000	0.000000	0.000000	0.000000	0.000000	0.000000	0.000000	0.000000	2
1.00	0.000000	0.000000	0.000000	0.000000	0.000000	0.000000	0.000000	0.000000	0.000000	3
1.00	0.008881	0.005952	0.007128	0.001447	0.000383	0.000606	0.008881	0.003552	0.005075	3
1.00	0.031972	0.021429	0.025659	0.001926	0.001379	0.001607	0.031972	0.014210	0.019675	3
1.00	0.071048	0.047619	0.057021	0.004393	0.002975	0.003547	0.071048	0.032564	0.044659	4
1.00	0.143872	0.096429	0.115467	0.004350	0.005402	0.004819	0.143872	0.082504	0.104870	3
1.00	0.253996	0.170238	0.203849	0.005005	0.007565	0.006025	0.253996	0.188721	0.216547	3
1.00	0.333925	0.223810	0.267997	0.005296	0.008248	0.006450	0.333925	0.277679	0.303216	2
1.00	0.403197	0.270238	0.323592	0.005225	0.008516	0.006476	0.403197	0.359088	0.379867	2
1.00	0.429840	0.288095	0.344975	0.005207	0.008373	0.006421	0.429840	0.392836	0.410506	2
1.00	0.436945	0.292857	0.350677	0.005956	0.008233	0.006912	0.436945	0.404677	0.420193	2
1.00	0.440497	0.295238	0.353528	0.009666	0.008119	0.008825	0.440497	0.411190	0.425339	2
1.00	0.435169	0.291667	0.349252	0.011204	0.007889	0.009259	0.435169	0.409118	0.421741	2
1.00	0.435169	0.291667	0.349252	0.011204	0.007889	0.009259	0.435169	0.409118	0.421741	2
1.00	0.433393	0.290476	0.347826	0.003386	0.007812	0.004724	0.433393	0.408526	0.420592	1
1.00	0.433393	0.290476	0.347826	0.003386	0.007812	0.004724	0.433393	0.408526	0.420592	1
1.00	0.433393	0.290476	0.347826	0.003386	0.007812	0.004724	0.433393	0.408526	0.420592	1
1.00	0.433393	0.290476	0.347826	0.003386	0.007812	0.004724	0.433393	0.408526	0.420592	1
1.00	0.433393	0.290476	0.347826	0.003386	0.007812	0.004724	0.433393	0.408526	0.420592	1
1.00	0.433393	0.290476	0.347826	0.003386	0.007812	0.004724	0.433393	0.408526	0.420592	1
1.00	0.433393	0.290476	0.347826	0.003386	0.007812	0.004724	0.433393	0.408526	0.420592	1
1.00	0.433393	0.290476	0.347826	0.003386	0.007812	0.004724	0.433393	0.408526	0.420592	1
1.00	0.433393	0.290476	0.347826	0.003386	0.007812	0.004724	0.433393	0.408526	0.420592	1
1.00	0.433393	0.290476	0.347826	0.003386	0.007812	0.004724	0.433393	0.408526	0.420592	1
1.00	0.433393	0.290476	0.347826	0.003386	0.007812	0.004724	0.433393	0.408526	0.420592	1
1.00	0.433393	0.290476	0.347826	0.003386	0.007812	0.004724	0.433393	0.408526	0.420592	1
1.00	0.433393	0.290476	0.347826	0.003386	0.007812	0.004724	0.433393	0.408526	0.420592	1
1.00	0.433393	0.290476	0.347826	0.003386	0.007812	0.004724	0.433393	0.408526	0.420592	1
1.00	0.433393	0.290476	0.347826	0.003386	0.007812	0.004724	0.433393	0.408526	0.420592	1
1.00	0.433393	0.290476	0.347826	0.003386	0.007812	0.004724	0.433393	0.408526	0.420592	1
1.00	0.433393	0.290476	0.347826	0.003386	0.007812	0.004724	0.433393	0.408526	0.420592	1
1.00	0.433393	0.290476	0.347826	0.003386	0.007812	0.004724	0.433393	0.408526	0.420592	1
1.00	0.433393	0.290476	0.347826	0.003386	0.007812	0.004724	0.433393	0.408526	0.420592	1
1.00	0.433393	0.290476	0.347826	0.003386	0.007812	0.004724	0.433393	0.408526	0.420592	1
1.00	0.433393	0.290476	0.347826	0.003386	0.007812	0.004724	0.433393	0.408526	0.420592	1
1.00	0.433393	0.290476	0.347826	0.003386	0.007812	0.004724	0.433393	0.408526	0.420592	1
1.00	0.438721	0.294048	0.352103	0.011217	0.008042	0.009368	0.438721	0.410894	0.424352	2
1.00	0.445826	0.298810	0.357805	0.005872	0.009017	0.007112	0.445826	0.402013	0.422787	2
1.00	0.353464	0.236905	0.283678	0.005207	0.008378	0.006422	0.353464	0.296921	0.322735	2
1.00	0.337478	0.226190	0.270848	0.005237	0.008446	0.006465	0.337478	0.278863	0.305383	2
1.00	0.388988	0.260714	0.312188	0.005136	0.008349	0.006360	0.388988	0.341030	0.363434	2
1.00	0.449378	0.301190	0.360656	0.006188	0.008725	0.007241	0.449378	0.411190	0.429437	2
1.00	0.445826	0.298810	0.357805	0.006691	0.008438	0.007463	0.445826	0.411782	0.428128	2
1.00	0.445826	0.298810	0.357805	0.005958	0.008750	0.007089	0.445826	0.406749	0.425392	2
1.00	0.378330	0.253571	0.303635	0.005271	0.008514	0.006511	0.378330	0.327413	0.351035	2
1.00	0.206039	0.138095	0.165360	0.004847	0.007993	0.006035	0.206039	0.118620	0.150561	2
1.00	0.181172	0.121429	0.145403	0.001415	0.007812	0.002397	0.181172	0.097010	0.126360	1
1.00	0.181172	0.121429	0.145403	0.001415	0.007812	0.002397	0.181172	0.097010	0.126360	1
1.00	0.181172	0.121429	0.145403	0.001415	0.007812	0.002397	0.181172	0.097010	0.126360	1
1.00	0.181172	0.121429	0.145403	0.001415	0.007812	0.002397	0.181172	0.097010	0.126360	1
1.00	0.181172	0.121429	0.145403	0.001415	0.007812	0.002397	0.181172	0.097010	0.126360	1
1.00	0.181172	0.121429	0.145403	0.001415	0.007812	0.002397	0.181172	0.097010	0.126360	1

Mon Jan 24 13:56:49 2022
72.03	0.018882	0.847352	0.036941	0.011695	0.142264	0.021612	0.018849	0.864833	0.036894	100
60.87	0.017508	0.714286	0.034177	0.014628	0.187726	0.027141	0.017417	0.721433	0.034014	95
49.96	0.019447	0.651190	0.037766	0.017995	0.152685	0.032195	0.019440	0.666903	0.037780	82
38.13	0.022357	0.571429	0.043030	0.009447	0.114170	0.017450	0.022339	0.595796	0.043062	76
26.10	0.026946	0.471429	0.050978	0.009090	0.086466	0.016450	0.027151	0.511072	0.051563	65
17.26	0.032527	0.376190	0.059877	0.007973	0.061793	0.014123	0.032499	0.427886	0.060410	58
11.81	0.041955	0.332143	0.074499	0.008891	0.044922	0.014844	0.041538	0.391178	0.075102	38
8.15	0.052276	0.285714	0.088382	0.005708	0.032856	0.009726	0.052364	0.353227	0.091207	30
5.67	0.065142	0.247619	0.103149	0.006000	0.024590	0.009647	0.062586	0.314742	0.104410	21
4.16	0.071795	0.200000	0.105660	0.006279	0.016623	0.009115	0.068128	0.261989	0.108136	15
3.02	0.085781	0.173810	0.114870	0.005637	0.011516	0.007569	0.082504	0.239491	0.122729	11
1.97	0.128159	0.169048	0.145791	0.004102	0.008389	0.005510	0.125222	0.234458	0.163252	10
1.33	0.204819	0.182143	0.192817	0.004095	0.006820	0.005118	0.210776	0.252220	0.229643	6
1.08	0.301639	0.219048	0.253793	0.003734	0.005891	0.004571	0.308171	0.305506	0.306833	6
1.03	0.370242	0.254762	0.301834	0.003666	0.006852	0.004777	0.372114	0.356128	0.363945	5
1.01	0.401408	0.271429	0.323864	0.003548	0.007300	0.004775	0.401421	0.380107	0.390473	4
1.00	0.420213	0.282143	0.337607	0.003547	0.007588	0.004834	0.420071	0.396092	0.407729	2
1.00	0.424512	0.284524	0.340699	0.003477	0.007652	0.004782	0.424512	0.399645	0.411703	2
1.00	0.428064	0.286905	0.343550	0.003405	0.007716	0.004725	0.428064	0.403197	0.415259	2
1.00	0.433393	0.290476	0.347826	0.003386	0.007812	0.004724	0.433393	0.408526	0.420592	1
1.00	0.433393	0.290476	0.347826	0.003386	0.007812	0.004724	0.433393	0.408526	0.420592	1
1.00	0.433393	0.290476	0.347826	0.003386	0.007812	0.004724	0.433393	0.408526	0.420592	1
1.00	0.433393	0.290476	0.347826	0.003386	0.007812	0.004724	0.433393	0.408526	0.420592	1
1.00	0.433393	0.290476	0.347826	0.003386	0.007812	0.004724	0.433393	0.408526	0.420592	1
1.00	0.433393	0.290476	0.347826	0.003386	0.007812	0.004724	0.433393	0.408526	0.420592	1
1.00	0.433393	0.290476	0.347826	0.003386	0.007812	0.004724	0.433393	0.408526	0.420592	1
1.00	0.433393	0.290476	0.347826	0.003386	0.007812	0.004724	0.433393	0.408526	0.420592	1
1.00	0.433393	0.290476	0.347826	0.003386	0.007812	0.004724	0.433393	0.408526	0.420592	1
1.00	0.433393	0.290476	0.347826	0.003386	0.007812	0.004724	0.433393	0.408526	0.420592	1
1.00	0.433393	0.290476	0.347826	0.003386	0.007812	0.004724	0.433393	0.408526	0.420592	1
1.00	0.433393	0.290476	0.347826	0.003386	0.007812	0.004724	0.433393	0.408526	0.420592	1
1.00	0.433393	0.290476	0.347826	0.003386	0.007812	0.004724	0.433393	0.408526	0.420592	1
1.00	0.433393	0.290476	0.347826	0.003386	0.007812	0.004724	0.433393	0.408526	0.420592	1
1.00	0.433393	0.290476	0.347826	0.003386	0.007812	0.004724	0.433393	0.408526	0.420592	1
1.00	0.433393	0.290476	0.347826	0.003386	0.007812	0.004724	0.433393	0.408526	0.420592	1
1.00	0.433393	0.290476	0.347826	0.003386	0.007812	0.004724	0.433393	0.408526	0.420592	1
1.00	0.433393	0.290476	0.347826	0.003386	0.007812	0.004724	0.433393	0.408526	0.420592	1
1.00	0.433393	0.290476	0.347826	0.003386	0.007812	0.004724	0.433393	0.408526	0.420592	1
1.00	0.433393	0.290476	0.347826	0.003386	0.007812	0.004724	0.433393	0.408526	0.420592	1
1.00	0.433393	0.290476	0.347826	0.003386	0.007812	0.004724	0.433393	0.408526	0.420592	1
1.00	0.433393	0.290476	0.347826	0.003386	0.007812	0.004724	0.433393	0.408526	0.420592	1
1.00	0.433393	0.290476	0.347826	0.003386	0.007812	0.004724	0.433393	0.408526	0.420592	1
1.00	0.433393	0.290476	0.347826	0.003386	0.007812	0.004724	0.433393	0.408526	0.420592	1
1.00	0.433393	0.290476	0.347826	0.003386	0.007812	0.004724	0.433393	0.408526	0.420592	1
1.00	0.433393	0.290476	0.347826	0.003386	0.007812	0.004724	0.433393	0.408526	0.420592	1
1.00	0.433393	0.290476	0.347826	0.003386	0.007812	0.004724	0.433393	0.408526	0.420592	1
1.00	0.433393	0.290476	0.347826	0.003386	0.007812	0.004724	0.433393	0.408526	0.420592	1
1.00	0.433393	0.290476	0.347826	0.003386	0.007812	0.004724	0.433393	0.408526	0.420592	1
1.00	0.433393	0.290476	0.347826	0.003386	0.007812	0.004724	0.433393	0.408526	0.420592	1
1.00	0.433393	0.290476	0.347826	0.003386	0.007812	0.004724	0.433393	0.408526	0.420592	1
1.00	0.433393	0.290476	0.347826	0.003386	0.007812	0.004724	0.433393	0.408526	0.420592	1
1.00	0.433393	0.290476	0.347826	0.003386	0.007812	0.004724	0.433393	0.408526	0.420592	1
1.00	0.433393	0.290476	0.347826	0.003386	0.007812	0.004724	0.433393	0.408526	0.420592	1
1.00	0.433393	0.290476	0.347826	0.003386	0.007812	0.004724	0.433393	0.408526	0.420592	1
1.00	0.433393	0.290476	0.347826	0.003386	0.007812	0.004724	0.433393	0.408526	0.420592	1
1.00	0.433393	0.290476	0.347826	0.003386	0.007812	0.004724	0.433393	0.408526	0.420592	1
1.00	0.433393	0.290476	0.347826	0.003386	0.007812	0.004724	0.433393	0.408526	0.420592	1
1.00	0.433393	0.290476	0.347826	0.003386	0.007812	0.004724	0.433393	0.408526	0.420592	1
1.00	0.433393	0.290476	0.347826	0.003386	0.007812	0.004724	0.433393	0.408526	0.420592	1
1.00	0.433393	0.290476	0.347826	0.003386	0.007812	0.004724	0.433393	0.408526	0.420592	1
1.00	0.433393	0.290476	0.347826	0.003386	0.007812	0.004724	0.433393	0.408526	0.420592	1
1.00	0.433393	0.290476	0.347826	0.003386	0.007812	0.004724	0.433393	0.408526	0.420592	1
1.00	0.433393	0.290476	0.347826	0.003386	0.007812	0.004724	0.433393	0.408526	0.420592	1
1.00	0.433393	0.290476	0.347826	0.003386	0.007812	0.004724	0.433393	0.408526	0.420592	1
1.00	0.433393	0.290476	0.347826	0.003386	0.007812	0.004724	0.433393	0.408526	0.420592	1
1.00	0.433393	0.290476	0.347826	0.003386	0.007812	0.004724	0.433393	0.408526	0.420592	1
1.00	0.433393	0.290476	0.347826	0.003386	0.007812	0.004724	0.433393	0.408526	0.420592	1
1.00	0.433393	0.290476	0.347826	0.003386	0.007812	0.004724	0.433393	0.408526	0.420592	1
1.00	0.433393	0.290476	0.347826	0.003386	0.007812	0.004724	0.433393	0.408526	0.420592	1
1.00	0.433393	0.290476	0.347826	0.003386	0.007812	0.004724	0.433393	0.408526	0.420592	1
1.00	0.433393	0.290476	0.347826	0.003386	0.007812	0.004724	0.433393	0.408526	0.420592	1
1.00	0.433393	0.290476	0.347826	0.003386	0.007812	0.004724	0.433393	0.408526	0.420592	1
1.00	0.433393	0.290476	0.347826	0.003386	0.007812	0.004724	0.433393	0.408526	0.420592	1
1.00	0.433393	0.290476	0.347826	0.003386	0.007812	0.004724	0.433393	0.408526	0.420592	1
1.00	0.433393	0.290476	0.347826	0.003386	0.007812	0.004724	0.433393	0.408526	0.420592	1
1.00	0.433393	0.290476	0.347826	0.003386	0.007812	0.004724	0.433393	0.408526	0.420592	1
1.00	0.433393	0.290476	0.347826	0.003386	0.007812	0.004724	0.433393	0.408526	0.420592	1
1.00	0.433393	0.290476	0.347826	0.003386	0.007812	0.004724	0.433393	0.408526	0.420592	1
1.00	0.433393	0.290476	0.347826	0.003386	0.007812	0.004724	0.433393	0.408526	0.420592	1
1.00	0.433393	0.290476	0.347826	0.003386	0.007812	0.004724	0.433393	0.408526	0.420592	1
1.00	0.433393	0.290476	0.347826	0.003386	0.007812	0.004724	0.433393	0.408526	0.420592	1
1.00	0.433393	0.290476	0.347826	0.003386	0.007812	0.004724	0.433393	0.408526	0.420592	1
1.00	0.433393	0.290476	0.347826	0.003386	0.007812	0.004724	0.433393	0.408526	0.420592	1
1.00	0.433393	0.290476	0.347826	0.003386	0.007812	0.004724	0.433393	0.408526	0.420592	1
1.00	0.433393	0.290476	0.347826	0.003386	0.007812	0.004724	0.433393	0.408526	0.420592	1
1.00	0.433393	0.290476	0.347826	0.003386	0.007812	0.004724	0.433393	0.408526	0.420592	1
1.00	0.433393	0.290476	0.347826	0.003386	0.007812	0.004724	0.433393	0.408526	0.420592	1
1.00	0.433393	0.290476	0.347826	0.003386	0.007812	0.004724	0.433393	0.408526	0.420592	1
1.00	0.433393	0.290476	0.347826	0.003386	0.007812	0.004724	0.433393	0.408526	0.420592	1
1.00	0.433393	0.290476	0.347826	0.003386	0.007812	0.004724	0.433393	0.408526	0.420592	1
1.00	0.433393	0.290476	0.347826	0.003386	0.007812	0.004724	0.433393	0.408526	0.420592	1
1.00	0.433393	0.290476	0.347826	0.003386	0.007812	0.004724	0.433393	0.408526	0.420592	1
1.00	0.433393	0.290476	0.347826	0.003386	0.007812	0.004724	0.433393	0.408526	0.420592	1
1.00	0.433393	0.290476	0.347826	0.003386	0.007812	0.004724	0.433393	0.408526	0.420592	1
1.00	0.433393	0.290476	0.347826	0.003386	0.007812	0.004724	0.433393	0.408526	0.420592	1
1.00	0.433393	0.290476	0.347826	0.003386	0.007812	0.004724	0.433393	0.408526	0.420592	1
1.00	0.433393	0.290476	0.347826	0.003386	0.007812	0.004724	0.433393	0.408526	0.420592	1
1.00	0.433393	0.290476	0.347826	0.003386	0.007812	0.004724	0.433393	0.408526	0.420592	1
1.00	0.433393	0.290476	0.347826	0.003386	0.007812	0.004724	0.433393	0.408526	0.420592	1
1.00	0.433393	0.290476	0.347826	0.003386	0.007812	0.004724	0.433393	0.408526	0.420592	1
1.00	0.433393	0.290476	0.347826	0.003386	0.007812	0.004724	0.433393	0.408526	0.420592	1
1.00	0.433393	0.290476	0.347826	0.003386	0.007812	0.004724	0.433393	0.408526	0.420592	1
1.00	0.433393	0.290476	0.347826	0.003386	0.007812	0.004724	0.433393	0.408526	0.420592	1
1.00	0.433393	0.290476	0.347826	0.003386	0.007812	0.004724	0.433393	0.408526	0.420592	1
1.00	0.433393	0.290476	0.347826	0.003386	0.007812	0.004724	0.433393	0.408526	0.420592	1
1.00	0.433393	0.290476	0.347826	0.003386	0.007812	0.004724	0.433393	0.408526	0.420592	1
1.00	0.433393	0.290476	0.347826	0.003386	0.007812	0.004724	0.433393	0.408526	0.420592	1
1.00	0.433393	0.290476	0.347826	0.003386	0.007812	0.004724	0.433393	0.408526	0.420592	1
1.00	0.433393	0.290476	0.347826	0.003386	0.007812	0.004724	0.433393	0.408526	0.420592	1
1.00	0.433393	0.290476	0.347826	0.003386	0.007812	0.004724	0.433393	0.408526	0.420592	1
1.00	0.433393	0.290476	0.347826	0.003386	0.007812	0.004724	0.433393	0.408526	0.420592	1
1.00	0.433393	0.290476	0.347826	0.003386	0.007812	0.004724	0.433393	0.408526	0.420592	1

Mon Jan 24 14:13:48 2022
60.59	0.011801	0.445483	0.022992	0.015615	0.094395	0.026798	0.011947	0.359333	0.023125	97
49.22	0.009779	0.322619	0.018982	0.008352	0.129050	0.015688	0.009833	0.277146	0.018991	89
40.18	0.008663	0.233333	0.016706	0.007332	0.107351	0.013727	0.008763	0.201066	0.016794	74
32.47	0.008260	0.179762	0.015795	0.009157	0.094740	0.016700	0.008400	0.144227	0.015875	62
24.40	0.009391	0.153571	0.017699	0.009674	0.071059	0.017029	0.009769	0.118472	0.018049	51
16.79	0.012802	0.144048	0.023513	0.001901	0.052734	0.003670	0.013616	0.110924	0.024254	45
10.89	0.018926	0.138095	0.033290	0.002433	0.041016	0.004593	0.019912	0.107075	0.033579	39
7.60	0.026654	0.135714	0.044557	0.001625	0.031250	0.003089	0.027664	0.105595	0.043842	25
6.05	0.031690	0.128571	0.050847	0.001654	0.030790	0.003140	0.033771	0.100859	0.050600	15
4.61	0.033141	0.102381	0.050073	0.001700	0.029105	0.003213	0.034133	0.077472	0.047387	10
3.10	0.022896	0.047619	0.030924	0.001525	0.016981	0.002799	0.020722	0.036323	0.026390	9
1.71	0.023909	0.027381	0.025527	0.001906	0.009344	0.003167	0.016193	0.022351	0.018780	6
1.08	0.014803	0.010714	0.012431	0.001924	0.008272	0.003122	0.010361	0.008437	0.009301	5
1.01	0.008834	0.005952	0.007112	0.000871	0.007966	0.001570	0.007105	0.004440	0.005465	5
1.00	0.010657	0.007143	0.008553	0.001066	0.008042	0.001882	0.010657	0.005329	0.007105	5
1.00	0.014210	0.009524	0.011404	0.001394	0.008195	0.002382	0.014210	0.007697	0.009985	5
1.00	0.014210	0.009524	0.011404	0.001230	0.008195	0.002140	0.014210	0.007697	0.009985	3
1.00	0.014210	0.009524	0.011404	0.001230	0.008195	0.002139	0.014210	0.007697	0.009985	3
1.00	0.015986	0.010714	0.012830	0.001558	0.008272	0.002622	0.015986	0.008585	0.011171	3
1.00	0.017762	0.011905	0.014255	0.001413	0.008349	0.002417	0.017762	0.009473	0.012356	3
1.00	0.019538	0.013095	0.015681	0.001376	0.008425	0.002365	0.019538	0.010065	0.013286	4
1.00	0.021314	0.014286	0.017106	0.001373	0.008502	0.002365	0.021314	0.010953	0.014470	4
1.00	0.023091	0.015476	0.018532	0.001210	0.006051	0.002016	0.023091	0.011545	0.015394	4
1.00	0.040853	0.027381	0.032787	0.001392	0.006817	0.002311	0.040853	0.020130	0.026971	4
1.00	0.074600	0.050000	0.059872	0.001584	0.005744	0.002484	0.074600	0.038336	0.050646	3
1.00	0.101243	0.067857	0.081254	0.001358	0.004366	0.002071	0.101243	0.054026	0.070455	2
1.00	0.152753	0.102381	0.122594	0.001461	0.006587	0.002391	0.152753	0.079544	0.104613	2
1.00	0.177620	0.119048	0.142552	0.001505	0.007659	0.002516	0.177620	0.094346	0.123234	2
1.00	0.181172	0.121429	0.145403	0.001457	0.007812	0.002456	0.181172	0.097010	0.126360	2
1.00	0.181172	0.121429	0.145403	0.001415	0.007812	0.002397	0.181172	0.097010	0.126360	1
1.00	0.181172	0.121429	0.145403	0.001415	0.007812	0.002397	0.181172	0.097010	0.126360	1
1.00	0.181172	0.121429	0.145403	0.001415	0.007812	0.002397	0.181172	0.097010	0.126360	1
1.00	0.181172	0.121429	0.145403	0.001415	0.007812	0.002397	0.181172	0.097010	0.126360	1
1.00	0.181172	0.121429	0.145403	0.001415	0.007812	0.002397	0.181172	0.097010	0.126360	1
1.00	0.181172	0.121429	0.145403	0.001415	0.007812	0.002397	0.181172	0.097010	0.126360	1
1.00	0.181172	0.121429	0.145403	0.001415	0.007812	0.002397	0.181172	0.097010	0.126360	1
1.00	0.181172	0.121429	0.145403	0.001415	0.007812	0.002397	0.181172	0.097010	0.126360	1
1.00	0.181172	0.121429	0.145403	0.001415	0.007812	0.002397	0.181172	0.097010	0.126360	1
1.00	0.181172	0.121429	0.145403	0.001415	0.007812	0.002397	0.181172	0.097010	0.126360	1
1.00	0.181172	0.121429	0.145403	0.001415	0.007812	0.002397	0.181172	0.097010	0.126360	1
1.00	0.181172	0.121429	0.145403	0.001415	0.007812	0.002397	0.181172	0.097010	0.126360	1
1.00	0.181172	0.121429	0.145403	0.001415	0.007812	0.002397	0.181172	0.097010	0.126360	1
1.00	0.181172	0.121429	0.145403	0.001415	0.007812	0.002397	0.181172	0.097010	0.126360	1
1.00	0.181172	0.121429	0.145403	0.001415	0.007812	0.002397	0.181172	0.097010	0.126360	1
1.00	0.181172	0.121429	0.145403	0.001415	0.007812	0.002397	0.181172	0.097010	0.126360	1
1.00	0.181172	0.121429	0.145403	0.001415	0.007812	0.002397	0.181172	0.097010	0.126360	1
1.00	0.181172	0.121429	0.145403	0.001415	0.007812	0.002397	0.181172	0.097010	0.126360	1
1.00	0.181172	0.121429	0.145403	0.001415	0.007812	0.002397	0.181172	0.097010	0.126360	1
1.00	0.181172	0.121429	0.145403	0.001415	0.007812	0.002397	0.181172	0.097010	0.126360	1
1.00	0.181172	0.121429	0.145403	0.001415	0.007812	0.002397	0.181172	0.097010	0.126360	1
1.00	0.181172	0.121429	0.145403	0.001415	0.007812	0.002397	0.181172	0.097010	0.126360	1
1.00	0.181172	0.121429	0.145403	0.001415	0.007812	0.002397	0.181172	0.097010	0.126360	1
1.00	0.181172	0.121429	0.145403	0.001415	0.007812	0.002397	0.181172	0.097010	0.126360	1
1.00	0.181172	0.121429	0.145403	0.001415	0.007812	0.002397	0.181172	0.097010	0.126360	1
1.00	0.181172	0.121429	0.145403	0.001415	0.007812	0.002397	0.181172	0.097010	0.126360	1
1.00	0.181172	0.121429	0.145403	0.001415	0.007812	0.002397	0.181172	0.097010	0.126360	1
1.00	0.181172	0.121429	0.145403	0.001415	0.007812	0.002397	0.181172	0.097010	0.126360	1
1.00	0.181172	0.121429	0.145403	0.001415	0.007812	0.002397	0.181172	0.097010	0.126360	1
1.00	0.181172	0.121429	0.145403	0.001415	0.007812	0.002397	0.181172	0.097010	0.126360	1
1.00	0.181172	0.121429	0.145403	0.001415	0.007812	0.002397	0.181172	0.097010	0.126360	1
1.00	0.181172	0.121429	0.145403	0.001415	0.007812	0.002397	0.181172	0.097010	0.126360	1
1.00	0.181172	0.121429	0.145403	0.001415	0.007812	0.002397	0.181172	0.097010	0.126360	1
1.00	0.181172	0.121429	0.145403	0.001415	0.007812	0.002397	0.181172	0.097010	0.126360	1
1.00	0.181172	0.121429	0.145403	0.001415	0.007812	0.002397	0.181172	0.097010	0.126360	1
1.00	0.181172	0.121429	0.145403	0.001415	0.007812	0.002397	0.181172	0.097010	0.126360	1
1.00	0.181172	0.121429	0.145403	0.001415	0.007812	0.002397	0.181172	0.097010	0.126360	1
1.00	0.181172	0.121429	0.145403	0.001415	0.007812	0.002397	0.181172	0.097010	0.126360	1
1.00	0.181172	0.121429	0.145403	0.001415	0.007812	0.002397	0.181172	0.097010	0.126360	1
1.00	0.181172	0.121429	0.145403	0.001415	0.007812	0.002397	0.181172	0.097010	0.126360	1
1.00	0.181172	0.121429	0.145403	0.001415	0.007812	0.002397	0.181172	0.097010	0.126360	1
1.00	0.181172	0.121429	0.145403	0.001415	0.007812	0.002397	0.181172	0.097010	0.126360	1
1.00	0.181172	0.121429	0.145403	0.001415	0.007812	0.002397	0.181172	0.097010	0.126360	1
1.00	0.181172	0.121429	0.145403	0.001415	0.007812	0.002397	0.181172	0.097010	0.126360	1
1.00	0.181172	0.121429	0.145403	0.001415	0.007812	0.002397	0.181172	0.097010	0.126360	1
1.00	0.181172	0.121429	0.145403	0.001415	0.007812	0.002397	0.181172	0.097010	0.126360	1
1.00	0.181172	0.121429	0.145403	0.001415	0.007812	0.002397	0.181172	0.097010	0.126360	1
1.00	0.181172	0.121429	0.145403	0.001415	0.007812	0.002397	0.181172	0.097010	0.126360	1
1.00	0.181172	0.121429	0.145403	0.001415	0.007812	0.002397	0.181172	0.097010	0.126360	1
1.00	0.181172	0.121429	0.145403	0.001415	0.007812	0.002397	0.181172	0.097010	0.126360	1
1.00	0.181172	0.121429	0.145403	0.001415	0.007812	0.002397	0.181172	0.097010	0.126360	1
1.00	0.181172	0.121429	0.145403	0.001415	0.007812	0.002397	0.181172	0.097010	0.126360	1
1.00	0.181172	0.121429	0.145403	0.001415	0.007812	0.002397	0.181172	0.097010	0.126360	1
1.00	0.181172	0.121429	0.145403	0.001415	0.007812	0.002397	0.181172	0.097010	0.126360	1
1.00	0.181172	0.121429	0.145403	0.001415	0.007812	0.002397	0.181172	0.097010	0.126360	1
1.00	0.181172	0.121429	0.145403	0.001415	0.007812	0.002397	0.181172	0.097010	0.126360	1
1.00	0.181172	0.121429	0.145403	0.001415	0.007812	0.002397	0.181172	0.097010	0.126360	1
1.00	0.181172	0.121429	0.145403	0.001415	0.007812	0.002397	0.181172	0.097010	0.126360	1
1.00	0.181172	0.121429	0.145403	0.001415	0.007812	0.002397	0.181172	0.097010	0.126360	1
1.00	0.181172	0.121429	0.145403	0.001415	0.007812	0.002397	0.181172	0.097010	0.126360	1
1.00	0.181172	0.121429	0.145403	0.001415	0.007812	0.002397	0.181172	0.097010	0.126360	1
1.00	0.181172	0.121429	0.145403	0.001415	0.007812	0.002397	0.181172	0.097010	0.126360	1
1.00	0.181172	0.121429	0.145403	0.001415	0.007812	0.002397	0.181172	0.097010	0.126360	1
1.00	0.181172	0.121429	0.145403	0.001415	0.007812	0.002397	0.181172	0.097010	0.126360	1
1.00	0.181172	0.121429	0.145403	0.001415	0.007812	0.002397	0.181172	0.097010	0.126360	1
1.00	0.181172	0.121429	0.145403	0.001415	0.007812	0.002397	0.181172	0.097010	0.126360	1
1.00	0.181172	0.121429	0.145403	0.001415	0.007812	0.002397	0.181172	0.097010	0.126360	1
1.00	0.181172	0.121429	0.145403	0.001415	0.007812	0.002397	0.181172	0.097010	0.126360	1
1.00	0.181172	0.121429	0.145403	0.001415	0.007812	0.002397	0.181172	0.097010	0.126360	1
1.00	0.181172	0.121429	0.145403	0.001415	0.007812	0.002397	0.181172	0.097010	0.126360	1
1.00	0.181172	0.121429	0.145403	0.001415	0.007812	0.002397	0.181172	0.097010	0.126360	1
1.00	0.181172	0.121429	0.145403	0.001415	0.007812	0.002397	0.181172	0.097010	0.126360	1
1.00	0.181172	0.121429	0.145403	0.001415	0.007812	0.002397	0.181172	0.097010	0.126360	1
1.00	0.181172	0.121429	0.145403	0.001415	0.007812	0.002397	0.181172	0.097010	0.126360	1
1.00	0.181172	0.121429	0.145403	0.001415	0.007812	0.002397	0.181172	0.097010	0.126360	1
1.00	0.181172	0.121429	0.145403	0.001415	0.007812	0.002397	0.181172	0.097010	0.126360	1
1.00	0.181172	0.121429	0.145403	0.001415	0.007812	0.002397	0.181172	0.097010	0.126360	1
1.00	0.181172	0.121429	0.145403	0.001415	0.007812	0.002397	0.181172	0.097010	0.126360	1
1.00	0.181172	0.121429	0.145403	0.001415	0.007812	0.002397	0.181172	0.097010	0.126360	1
1.00	0.181172	0.121429	0.145403	0.001415	0.007812	0.002397	0.181172	0.097010	0.126360	1
1.00	0.181172	0.121429	0.145403	0.001415	0.007812	0.002397	0.181172	0.097010	0.126360	1
1.00	0.181172	0.121429	0.145403	0.001415	0.007812	0.002397	0.181172	0.097010	0.126360	1
1.00	0.181172	0.121429	0.145403	0.001415	0.007812	0.002397	0.181172	0.097010	0.126360	1
1.00	0.181172	0.121429	0.145403	0.001415	0.007812	0.002397	0.181172	0.097010	0.126360	1
1.00	0.181172	0.121429	0.145403	0.001415	0.007812	0.002397	0.181172	0.097010	0.126360	1
1.00	0.181172	0.121429	0.145403	0.001415	0.007812	0.002397	0.181172	0.097010	0.126360	1
1.00	0.181172	0.121429	0.145403	0.001415	0.007812	0.002397	0.181172	0.097010	0.126360	1
1.00	0.181172	0.121429	0.145403	0.001415	0.007812	0.002397	0.181172	0.097010	0.126360	1
1.00	0.181172	0.121429	0.145403	0.001415	0.007812	0.002397	0.181172	0.097010	0.126360	1
1.00	0.181172	0.121429	0.145403	0.001415	0.007812	0.002397	0.181172	0.097010	0.126360	1
1.00	0.181172	0.121429	0.145403	0.001415	0.007812	0.002397	0.181172	0.097010	0.126360	1
1.00	0.181172	0.121429	0.145403	0.001415	0.007812	0.002397	0.181172	0.097010	0.126360	1
1.00	0.181172	0.121429	0.145403	0.001415	0.007812	0.002397	0.181172	0.097010	0.126360	1
1.00	0.181172	0.121429	0.145403	0.001415	0.007812	0.002397	0.181172	0.097010	0.126360	1
1.00	0.181172	0.121429	0.145403	0.001415	0.007812	0.002397	0.181172	0.097010	0.126360	1
1.00	0.181172	0.121429	0.145403	0.001415	0.007812	0.002397	0.181172	0.097010	0.126360	1
1.00	0.181172	0.121429	0.145403	0.001415	0.007812	0.002397	0.181172	0.097010	0.126360	1
1.00	0.181172	0.121429	0.145403	0.001415	0.007812	0.002397	0.181172	0.097010	0.126360	1
1.00	0.181172	0.121429	0.145403	0.001415	0.007812	0.002397	0.181172	0.097010	0.126360	1
1.00	0.181172	0.121429	0.145403	0.001415	0.007812	0.002397	0.181172	0.097010	0.126360	1
1.00	0.181172	0.121429	0.145403	0.001415	0.007812	0.002397	0.181172	0.097010	0.126360	1
1.00	0.181172	0.121429	0.145403	0.001415	0.007812	0.002397	0.181172	0.097010	0.126360	1
1.00	0.181172	0.121429	0.145403	0.001415	0.007812	0.002397	0.181172	0.097010	0.126360	1
1.00	0.181172	0.121429	0.145403	0.001415	0.007812	0.002397	0.181172	0.097010	0.126360	1
1.00	0.181172	0.121429	0.145403	0.001415	0.007812	0.002397	0.181172	0.097010	0.126360	1
1.00	0.181172	0.121429	0.145403	0.001415	0.007812	0.002397	0.181172	0.097010	0.126360	1
1.00	0.181172	0.121429	0.145403	0.001415	0.007812	0.002397	0.181172	0.097010	0.126360	1
1.00	0.181172	0.121429	0.145403	0.001415	0.007812	0.002397	0.181172	0.097010	0.126360	1
1.00	0.181172	0.121429	0.145403	0.001415	0.007812	0.002397	0.181172	0.097010	0.126360	1
1.00	0.181172	0.121429	0.145403	0.001415	0.007812	0.002397	0.181172	0.097010	0.126360	1
1.00	0.181172	0.121429	0.145403	0.001415	0.007812	0.002397	0.181172	0.097010	0.126360	1
1.00	0.181172	0.121429	0.145403	0.001415	0.007812	0.002397	0.181172	0.097010	0.126360	1

Mon Jan 24 14:34:42 2022
59.35	0.008510	0.314642	0.016571	0.009882	0.070202	0.017326	0.008522	0.305333	0.016581	93
48.95	0.006423	0.210714	0.012466	0.003769	0.092913	0.007244	0.006428	0.171433	0.012391	85
40.53	0.007187	0.195238	0.013863	0.003602	0.088592	0.006922	0.007246	0.152783	0.013836	76
33.12	0.007884	0.175000	0.015088	0.004091	0.073788	0.007752	0.007995	0.138218	0.015116	67
25.20	0.009233	0.155952	0.017434	0.001989	0.048529	0.003821	0.009416	0.125785	0.017520	58
18.60	0.011652	0.145238	0.021574	0.001931	0.040043	0.003684	0.012138	0.118680	0.022023	48
13.81	0.015307	0.141667	0.027629	0.002120	0.034314	0.003993	0.016639	0.116904	0.029132	39
9.60	0.021269	0.136905	0.036818	0.002723	0.028971	0.004978	0.024175	0.113588	0.039865	28
6.34	0.030804	0.130952	0.049875	0.001590	0.017253	0.002911	0.037025	0.110036	0.055407	21
4.05	0.046032	0.125000	0.067286	0.001546	0.010742	0.002703	0.054559	0.102339	0.071174	16
2.94	0.062123	0.122619	0.082466	0.001561	0.008789	0.002652	0.070189	0.098786	0.082068	13
2.54	0.069231	0.117857	0.087225	0.001427	0.007583	0.002402	0.073564	0.094879	0.082873	8
2.22	0.073482	0.109524	0.087954	0.001380	0.007047	0.002307	0.080965	0.089550	0.085041	6
1.75	0.083164	0.097619	0.089814	0.001375	0.006281	0.002256	0.094731	0.079781	0.086615	3
1.31	0.099185	0.086905	0.092640	0.001348	0.005591	0.002173	0.108348	0.070308	0.085278	3
1.02	0.132404	0.090476	0.107496	0.001427	0.005821	0.002292	0.134103	0.074216	0.095551	3
1.00	0.149201	0.100000	0.119743	0.001491	0.006434	0.002422	0.149201	0.080728	0.104769	3
1.00	0.150977	0.101190	0.121169	0.001437	0.006510	0.002355	0.150977	0.082149	0.106403	3
1.00	0.149201	0.100000	0.119743	0.001408	0.006434	0.002311	0.149201	0.081557	0.105465	3
1.00	0.147425	0.098810	0.118318	0.001401	0.006357	0.002295	0.147425	0.080669	0.104278	3
1.00	0.143872	0.096429	0.115467	0.001385	0.006204	0.002264	0.143872	0.079189	0.102152	2
1.00	0.143872	0.096429	0.115467	0.001385	0.006204	0.002264	0.143872	0.079189	0.102152	2
1.00	0.145648	0.097619	0.116892	0.001396	0.006281	0.002284	0.145648	0.080077	0.103339	2
1.00	0.147425	0.098810	0.118318	0.001391	0.006357	0.002283	0.147425	0.080965	0.104525	2
1.00	0.154529	0.103571	0.124020	0.001413	0.006664	0.002332	0.154529	0.083925	0.108775	2
1.00	0.161634	0.108333	0.129722	0.001419	0.006970	0.002358	0.161634	0.086649	0.112818	2
1.00	0.168739	0.113095	0.135424	0.001411	0.007276	0.002364	0.168739	0.090793	0.118061	2
1.00	0.170515	0.114286	0.136850	0.001379	0.007353	0.002322	0.170515	0.091681	0.119247	2
1.00	0.177620	0.119048	0.142552	0.001400	0.007659	0.002367	0.177620	0.095234	0.123989	2
1.00	0.181172	0.121429	0.145403	0.001415	0.007812	0.002397	0.181172	0.097010	0.126360	1
1.00	0.181172	0.121429	0.145403	0.001415	0.007812	0.002397	0.181172	0.097010	0.126360	1
1.00	0.181172	0.121429	0.145403	0.001415	0.007812	0.002397	0.181172	0.097010	0.126360	1
1.00	0.181172	0.121429	0.145403	0.001415	0.007812	0.002397	0.181172	0.097010	0.126360	1
1.00	0.181172	0.121429	0.145403	0.001415	0.007812	0.002397	0.181172	0.097010	0.126360	1
1.00	0.181172	0.121429	0.145403	0.001415	0.007812	0.002397	0.181172	0.097010	0.126360	1
1.00	0.181172	0.121429	0.145403	0.001415	0.007812	0.002397	0.181172	0.097010	0.126360	1
1.00	0.181172	0.121429	0.145403	0.001415	0.007812	0.002397	0.181172	0.097010	0.126360	1
1.00	0.181172	0.121429	0.145403	0.001415	0.007812	0.002397	0.181172	0.097010	0.126360	1
1.00	0.181172	0.121429	0.145403	0.001415	0.007812	0.002397	0.181172	0.097010	0.126360	1
1.00	0.181172	0.121429	0.145403	0.001415	0.007812	0.002397	0.181172	0.097010	0.126360	1
1.00	0.181172	0.121429	0.145403	0.001415	0.007812	0.002397	0.181172	0.097010	0.126360	1
1.00	0.181172	0.121429	0.145403	0.001415	0.007812	0.002397	0.181172	0.097010	0.126360	1
1.00	0.181172	0.121429	0.145403	0.001415	0.007812	0.002397	0.181172	0.097010	0.126360	1
1.00	0.181172	0.121429	0.145403	0.001415	0.007812	0.002397	0.181172	0.097010	0.126360	1
1.00	0.181172	0.121429	0.145403	0.001415	0.007812	0.002397	0.181172	0.097010	0.126360	1
1.00	0.181172	0.121429	0.145403	0.001415	0.007812	0.002397	0.181172	0.097010	0.126360	1
1.00	0.181172	0.121429	0.145403	0.001415	0.007812	0.002397	0.181172	0.097010	0.126360	1
1.00	0.181172	0.121429	0.145403	0.001415	0.007812	0.002397	0.181172	0.097010	0.126360	1
1.00	0.181172	0.121429	0.145403	0.001415	0.007812	0.002397	0.181172	0.097010	0.126360	1
1.00	0.181172	0.121429	0.145403	0.001415	0.007812	0.002397	0.181172	0.097010	0.126360	1
1.00	0.181172	0.121429	0.145403	0.001415	0.007812	0.002397	0.181172	0.097010	0.126360	1
1.00	0.181172	0.121429	0.145403	0.001415	0.007812	0.002397	0.181172	0.097010	0.126360	1
1.00	0.181172	0.121429	0.145403	0.001415	0.007812	0.002397	0.181172	0.097010	0.126360	1
1.00	0.181172	0.121429	0.145403	0.001415	0.007812	0.002397	0.181172	0.097010	0.126360	1
1.00	0.181172	0.121429	0.145403	0.001415	0.007812	0.002397	0.181172	0.097010	0.126360	1
1.00	0.181172	0.121429	0.145403	0.001415	0.007812	0.002397	0.181172	0.097010	0.126360	1
1.00	0.181172	0.121429	0.145403	0.001415	0.007812	0.002397	0.181172	0.097010	0.126360	1
1.00	0.181172	0.121429	0.145403	0.001415	0.007812	0.002397	0.181172	0.097010	0.126360	1
1.00	0.181172	0.121429	0.145403	0.001415	0.007812	0.002397	0.181172	0.097010	0.126360	1
1.00	0.181172	0.121429	0.145403	0.001415	0.007812	0.002397	0.181172	0.097010	0.126360	1
1.00	0.181172	0.121429	0.145403	0.001415	0.007812	0.002397	0.181172	0.097010	0.126360	1
1.00	0.181172	0.121429	0.145403	0.001415	0.007812	0.002397	0.181172	0.097010	0.126360	1
1.00	0.181172	0.121429	0.145403	0.001415	0.007812	0.002397	0.181172	0.097010	0.126360	1
1.00	0.181172	0.121429	0.145403	0.001415	0.007812	0.002397	0.181172	0.097010	0.126360	1
1.00	0.181172	0.121429	0.145403	0.001415	0.007812	0.002397	0.181172	0.097010	0.126360	1
1.00	0.181172	0.121429	0.145403	0.001415	0.007812	0.002397	0.181172	0.097010	0.126360	1
1.00	0.181172	0.121429	0.145403	0.001415	0.007812	0.002397	0.181172	0.097010	0.126360	1
1.00	0.181172	0.121429	0.145403	0.001415	0.007812	0.002397	0.181172	0.097010	0.126360	1
1.00	0.181172	0.121429	0.145403	0.001415	0.007812	0.002397	0.181172	0.097010	0.126360	1
1.00	0.181172	0.121429	0.145403	0.001415	0.007812	0.002397	0.181172	0.097010	0.126360	1
1.00	0.181172	0.121429	0.145403	0.001415	0.007812	0.002397	0.181172	0.097010	0.126360	1
1.00	0.181172	0.121429	0.145403	0.001415	0.007812	0.002397	0.181172	0.097010	0.126360	1
1.00	0.181172	0.121429	0.145403	0.001415	0.007812	0.002397	0.181172	0.097010	0.126360	1
1.00	0.181172	0.121429	0.145403	0.001415	0.007812	0.002397	0.181172	0.097010	0.126360	1
1.00	0.181172	0.121429	0.145403	0.001415	0.007812	0.002397	0.181172	0.097010	0.126360	1
1.00	0.181172	0.121429	0.145403	0.001415	0.007812	0.002397	0.181172	0.097010	0.126360	1
1.00	0.181172	0.121429	0.145403	0.001415	0.007812	0.002397	0.181172	0.097010	0.126360	1
1.00	0.181172	0.121429	0.145403	0.001415	0.007812	0.002397	0.181172	0.097010	0.126360	1
1.00	0.181172	0.121429	0.145403	0.001415	0.007812	0.002397	0.181172	0.097010	0.126360	1
1.00	0.181172	0.121429	0.145403	0.001415	0.007812	0.002397	0.181172	0.097010	0.126360	1
1.00	0.181172	0.121429	0.145403	0.001415	0.007812	0.002397	0.181172	0.097010	0.126360	1
1.00	0.181172	0.121429	0.145403	0.001415	0.007812	0.002397	0.181172	0.097010	0.126360	1
1.00	0.181172	0.121429	0.145403	0.001415	0.007812	0.002397	0.181172	0.097010	0.126360	1
1.00	0.181172	0.121429	0.145403	0.001415	0.007812	0.002397	0.181172	0.097010	0.126360	1
1.00	0.181172	0.121429	0.145403	0.001415	0.007812	0.002397	0.181172	0.097010	0.126360	1
1.00	0.181172	0.121429	0.145403	0.001415	0.007812	0.002397	0.181172	0.097010	0.126360	1
1.00	0.181172	0.121429	0.145403	0.001415	0.007812	0.002397	0.181172	0.097010	0.126360	1
1.00	0.181172	0.121429	0.145403	0.001415	0.007812	0.002397	0.181172	0.097010	0.126360	1
1.00	0.181172	0.121429	0.145403	0.001415	0.007812	0.002397	0.181172	0.097010	0.126360	1
1.00	0.181172	0.121429	0.145403	0.001415	0.007812	0.002397	0.181172	0.097010	0.126360	1
1.00	0.181172	0.121429	0.145403	0.001415	0.007812	0.002397	0.181172	0.097010	0.126360	1
1.00	0.181172	0.121429	0.145403	0.001415	0.007812	0.002397	0.181172	0.097010	0.126360	1
1.00	0.181172	0.121429	0.145403	0.001415	0.007812	0.002397	0.181172	0.097010	0.126360	1
1.00	0.181172	0.121429	0.145403	0.001415	0.007812	0.002397	0.181172	0.097010	0.126360	1
1.00	0.181172	0.121429	0.145403	0.001415	0.007812	0.002397	0.181172	0.097010	0.126360	1
1.00	0.181172	0.121429	0.145403	0.001415	0.007812	0.002397	0.181172	0.097010	0.126360	1
1.00	0.181172	0.121429	0.145403	0.001415	0.007812	0.002397	0.181172	0.097010	0.126360	1
1.00	0.181172	0.121429	0.145403	0.001415	0.007812	0.002397	0.181172	0.097010	0.126360	1
1.00	0.181172	0.121429	0.145403	0.001415	0.007812	0.002397	0.181172	0.097010	0.126360	1
1.00	0.181172	0.121429	0.145403	0.001415	0.007812	0.002397	0.181172	0.097010	0.126360	1
1.00	0.181172	0.121429	0.145403	0.001415	0.007812	0.002397	0.181172	0.097010	0.126360	1
1.00	0.181172	0.121429	0.145403	0.001415	0.007812	0.002397	0.181172	0.097010	0.126360	1
1.00	0.181172	0.121429	0.145403	0.001415	0.007812	0.002397	0.181172	0.097010	0.126360	1
1.00	0.181172	0.121429	0.145403	0.001415	0.007812	0.002397	0.181172	0.097010	0.126360	1
1.00	0.181172	0.121429	0.145403	0.001415	0.007812	0.002397	0.181172	0.097010	0.126360	1
1.00	0.181172	0.121429	0.145403	0.001415	0.007812	0.002397	0.181172	0.097010	0.126360	1
1.00	0.181172	0.121429	0.145403	0.001415	0.007812	0.002397	0.181172	0.097010	0.126360	1
