
Sat Aug 21 15:47:14 2021
33.71	0.031449	0.768116	0.060425	0.015887	0.054385	0.024590	0.031598	0.836667	0.060897	62
26.78	0.032979	0.590980	0.062472	0.017881	0.228200	0.033164	0.032950	0.683833	0.062870	65
22.69	0.037787	0.573807	0.070905	0.013824	0.174641	0.025620	0.037820	0.671855	0.071609	57
18.63	0.045310	0.564773	0.083889	0.015305	0.142496	0.027640	0.045452	0.665616	0.085094	50
14.58	0.056460	0.550810	0.102421	0.009524	0.123917	0.017688	0.056827	0.652349	0.104547	37
11.57	0.067525	0.522960	0.119607	0.009413	0.112624	0.017375	0.068554	0.618952	0.123437	29
8.79	0.077427	0.455387	0.132351	0.009165	0.088912	0.016617	0.077768	0.535187	0.135802	24
6.18	0.085033	0.351751	0.136958	0.008800	0.059176	0.015321	0.083199	0.405248	0.138055	19
4.20	0.085010	0.239155	0.125433	0.008955	0.047251	0.015057	0.082165	0.259909	0.124859	16
2.72	0.076008	0.138281	0.098096	0.007784	0.039838	0.013023	0.080880	0.134590	0.101041	11
1.69	0.081376	0.091839	0.086292	0.006808	0.020805	0.010259	0.093204	0.080574	0.086430	8
1.15	0.098386	0.076010	0.085762	0.006213	0.013335	0.008476	0.105471	0.064647	0.080161	6
1.02	0.109883	0.074965	0.089126	0.008144	0.011639	0.009582	0.110807	0.064201	0.081298	6
1.00	0.112754	0.075711	0.090592	0.007944	0.011497	0.009396	0.113132	0.064982	0.082549	6
1.00	0.113578	0.076010	0.091072	0.007369	0.011319	0.008926	0.113578	0.065406	0.083009	5
1.00	0.113578	0.076010	0.091072	0.008513	0.011286	0.009705	0.113578	0.065415	0.083017	5
1.00	0.113578	0.076010	0.091072	0.006468	0.011159	0.008190	0.113578	0.065508	0.083092	5
1.00	0.116814	0.078175	0.093666	0.008166	0.011187	0.009440	0.116814	0.068139	0.086072	5
1.00	0.122950	0.082282	0.098587	0.013103	0.011264	0.012114	0.122950	0.073117	0.091701	5
1.00	0.136785	0.091540	0.109680	0.010504	0.011163	0.010824	0.136785	0.085929	0.105551	5
1.00	0.159322	0.106623	0.127751	0.009091	0.011056	0.009977	0.159322	0.106161	0.127419	3
1.00	0.197590	0.132233	0.158436	0.009431	0.011115	0.010204	0.197590	0.141351	0.164805	3
1.00	0.226710	0.151721	0.181786	0.009988	0.011163	0.010542	0.226710	0.167394	0.192588	3
1.00	0.287404	0.192339	0.230453	0.009553	0.011169	0.010298	0.287404	0.223151	0.251234	3
1.00	0.360036	0.240947	0.288692	0.010023	0.011165	0.010563	0.360036	0.289226	0.320770	3
1.00	0.400201	0.267826	0.320898	0.010116	0.011340	0.010693	0.400201	0.327513	0.360227	3
1.00	0.483878	0.323826	0.387994	0.010419	0.011771	0.011054	0.483878	0.405909	0.441478	3
1.00	0.513667	0.343762	0.411880	0.010360	0.011719	0.010997	0.513667	0.434276	0.470647	3
1.00	0.472386	0.316135	0.378780	0.010402	0.011563	0.010952	0.472386	0.398278	0.432178	3
1.00	0.389602	0.260733	0.312399	0.010224	0.011016	0.010605	0.389602	0.322969	0.353170	3
1.00	0.317751	0.212648	0.254786	0.010022	0.010850	0.010419	0.317751	0.257868	0.284694	3
1.00	0.219792	0.147092	0.176239	0.009616	0.010650	0.010107	0.219792	0.172234	0.193128	3
1.00	0.146826	0.098260	0.117731	0.009775	0.010966	0.010336	0.146826	0.110705	0.126232	3
1.00	0.126966	0.084970	0.101807	0.017336	0.011269	0.013659	0.126966	0.094853	0.108585	3
1.00	0.126074	0.084372	0.101091	0.001417	0.011236	0.002516	0.126074	0.094202	0.107832	1
1.00	0.126074	0.084372	0.101091	0.001417	0.011236	0.002516	0.126074	0.094202	0.107832	1
1.00	0.126074	0.084372	0.101091	0.001417	0.011236	0.002516	0.126074	0.094202	0.107832	1
1.00	0.126074	0.084372	0.101091	0.001417	0.011236	0.002516	0.126074	0.094202	0.107832	1
1.00	0.126074	0.084372	0.101091	0.001417	0.011236	0.002516	0.126074	0.094202	0.107832	1
1.00	0.126074	0.084372	0.101091	0.001417	0.011236	0.002516	0.126074	0.094202	0.107832	1
1.00	0.126074	0.084372	0.101091	0.001417	0.011236	0.002516	0.126074	0.094202	0.107832	1
1.00	0.126074	0.084372	0.101091	0.001417	0.011236	0.002516	0.126074	0.094202	0.107832	1
1.00	0.126074	0.084372	0.101091	0.001417	0.011236	0.002516	0.126074	0.094202	0.107832	1
1.00	0.126074	0.084372	0.101091	0.001417	0.011236	0.002516	0.126074	0.094202	0.107832	1
1.00	0.126074	0.084372	0.101091	0.001417	0.011236	0.002516	0.126074	0.094202	0.107832	1
1.00	0.126074	0.084372	0.101091	0.001417	0.011236	0.002516	0.126074	0.094202	0.107832	1
1.00	0.147830	0.098932	0.118536	0.006946	0.010506	0.008363	0.147830	0.111784	0.127304	2
1.00	0.460449	0.308146	0.369207	0.008219	0.010283	0.009136	0.460449	0.389319	0.421907	2
1.00	0.655249	0.438513	0.525407	0.008995	0.011238	0.009992	0.655249	0.567574	0.608269	2
1.00	0.657927	0.440305	0.527554	0.007392	0.011236	0.008918	0.657927	0.570196	0.610928	1
1.00	0.657927	0.440305	0.527554	0.007392	0.011236	0.008918	0.657927	0.570196	0.610928	1
1.00	0.657927	0.440305	0.527554	0.007392	0.011236	0.008918	0.657927	0.570196	0.610928	1
1.00	0.657927	0.440305	0.527554	0.007392	0.011236	0.008918	0.657927	0.570196	0.610928	1
1.00	0.657927	0.440305	0.527554	0.007392	0.011236	0.008918	0.657927	0.570196	0.610928	1
1.00	0.657927	0.440305	0.527554	0.007392	0.011236	0.008918	0.657927	0.570196	0.610928	1
1.00	0.657927	0.440305	0.527554	0.007392	0.011236	0.008918	0.657927	0.570196	0.610928	1
1.00	0.657927	0.440305	0.527554	0.007392	0.011236	0.008918	0.657927	0.570196	0.610928	1
1.00	0.657927	0.440305	0.527554	0.007392	0.011236	0.008918	0.657927	0.570196	0.610928	1
1.00	0.657927	0.440305	0.527554	0.007392	0.011236	0.008918	0.657927	0.570196	0.610928	1
1.00	0.657927	0.440305	0.527554	0.007392	0.011236	0.008918	0.657927	0.570196	0.610928	1
1.00	0.657927	0.440305	0.527554	0.007392	0.011236	0.008918	0.657927	0.570196	0.610928	1
1.00	0.657927	0.440305	0.527554	0.007392	0.011236	0.008918	0.657927	0.570196	0.610928	1
1.00	0.657927	0.440305	0.527554	0.007392	0.011236	0.008918	0.657927	0.570196	0.610928	1
1.00	0.657704	0.440155	0.527375	0.007392	0.011232	0.008916	0.657704	0.570029	0.610736	2
1.00	0.638402	0.427238	0.511898	0.008811	0.011192	0.009860	0.638402	0.551824	0.591964	2
1.00	0.229276	0.153438	0.183843	0.007605	0.009655	0.008508	0.229276	0.183214	0.203673	2
1.00	0.126409	0.084596	0.101360	0.008159	0.011242	0.009455	0.126409	0.094444	0.108113	2
1.00	0.126074	0.084372	0.101091	0.001417	0.011236	0.002516	0.126074	0.094202	0.107832	1
1.00	0.126074	0.084372	0.101091	0.001417	0.011236	0.002516	0.126074	0.094202	0.107832	1
1.00	0.126074	0.084372	0.101091	0.001417	0.011236	0.002516	0.126074	0.094202	0.107832	1
1.00	0.126074	0.084372	0.101091	0.001417	0.011236	0.002516	0.126074	0.094202	0.107832	1
1.00	0.126074	0.084372	0.101091	0.001417	0.011236	0.002516	0.126074	0.094202	0.107832	1
1.00	0.126074	0.084372	0.101091	0.001417	0.011236	0.002516	0.126074	0.094202	0.107832	1
1.00	0.126409	0.084596	0.101360	0.012653	0.011242	0.011906	0.126409	0.094444	0.108113	2
1.00	0.156421	0.104682	0.125425	0.007462	0.010388	0.008685	0.156421	0.119155	0.135268	2
1.00	0.473279	0.316733	0.379495	0.008212	0.010197	0.009097	0.473279	0.400470	0.433841	2
1.00	0.654692	0.438139	0.524960	0.009296	0.011253	0.010182	0.654692	0.567091	0.607751	2
1.00	0.657927	0.440305	0.527554	0.007392	0.011236	0.008918	0.657927	0.570196	0.610928	1
1.00	0.657927	0.440305	0.527554	0.007392	0.011236	0.008918	0.657927	0.570196	0.610928	1
1.00	0.657927	0.440305	0.527554	0.007392	0.011236	0.008918	0.657927	0.570196	0.610928	1
1.00	0.657927	0.440305	0.527554	0.007392	0.011236	0.008918	0.657927	0.570196	0.610928	1
1.00	0.657927	0.440305	0.527554	0.007392	0.011236	0.008918	0.657927	0.570196	0.610928	1
1.00	0.657927	0.440305	0.527554	0.007392	0.011236	0.008918	0.657927	0.570196	0.610928	1
1.00	0.657927	0.440305	0.527554	0.007392	0.011236	0.008918	0.657927	0.570196	0.610928	1
1.00	0.657927	0.440305	0.527554	0.007392	0.011236	0.008918	0.657927	0.570196	0.610928	1

Sat Aug 21 16:07:11 2021
42.60	0.010330	0.318841	0.020011	0.010703	0.064741	0.018369	0.010254	0.213333	0.019568	66
36.09	0.009751	0.235496	0.018726	0.008544	0.311336	0.016632	0.009675	0.164705	0.018276	69
29.00	0.010038	0.194803	0.019092	0.008866	0.263837	0.017156	0.009887	0.133906	0.018414	66
22.83	0.010185	0.155604	0.019118	0.009891	0.197741	0.018839	0.010040	0.106815	0.018355	54
16.91	0.009120	0.103188	0.016758	0.012988	0.146906	0.023867	0.008984	0.070259	0.015931	47
11.49	0.007086	0.054506	0.012541	0.013306	0.093696	0.023302	0.007035	0.036844	0.011814	39
7.72	0.004463	0.023072	0.007480	0.015134	0.067429	0.024720	0.004212	0.015707	0.006643	32
5.42	0.003189	0.011573	0.005000	0.014732	0.052822	0.023039	0.002941	0.008074	0.004312	25
3.77	0.002512	0.006347	0.003600	0.004329	0.043403	0.007872	0.002472	0.004383	0.003161	17
2.54	0.002155	0.003659	0.002712	0.001052	0.039229	0.002049	0.002185	0.002510	0.002336	13
1.60	0.001324	0.001419	0.001370	0.000063	0.019447	0.000126	0.001171	0.000995	0.001076	11
1.12	0.000698	0.000523	0.000598	0.000020	0.011452	0.000041	0.000669	0.000372	0.000478	6
1.01	0.000663	0.000448	0.000535	0.000008	0.011236	0.000016	0.000669	0.000335	0.000446	6
1.00	0.000669	0.000448	0.000537	0.000008	0.011236	0.000016	0.000669	0.000335	0.000446	5
1.00	0.000669	0.000448	0.000537	0.000008	0.011236	0.000016	0.000669	0.000335	0.000446	5
1.00	0.000669	0.000448	0.000537	0.000008	0.011236	0.000017	0.000669	0.000335	0.000446	5
1.00	0.000781	0.000523	0.000626	0.004501	0.009379	0.006083	0.000781	0.000390	0.000521	6
1.00	0.001004	0.000672	0.000805	0.003766	0.009819	0.005444	0.001004	0.000483	0.000653	6
1.00	0.002008	0.001344	0.001610	0.004362	0.009299	0.005939	0.002008	0.000911	0.001254	6
1.00	0.002678	0.001792	0.002147	0.014570	0.009341	0.011384	0.002678	0.001246	0.001701	7
1.00	0.004463	0.002987	0.003578	0.017827	0.010731	0.013397	0.004463	0.002166	0.002917	8
1.00	0.007364	0.004928	0.005904	0.012085	0.011336	0.011699	0.007364	0.003942	0.005135	7
1.00	0.013946	0.009333	0.011183	0.014593	0.012063	0.013208	0.013946	0.007931	0.010111	7
1.00	0.023876	0.015978	0.019145	0.014827	0.014034	0.014420	0.023876	0.014551	0.018082	7
1.00	0.050430	0.033749	0.040437	0.013559	0.015975	0.014668	0.050430	0.036307	0.042218	7
1.00	0.139239	0.093183	0.111648	0.013394	0.012567	0.012967	0.139239	0.113656	0.125154	7
1.00	0.306928	0.205406	0.246108	0.012693	0.011151	0.011872	0.306928	0.261990	0.282684	5
1.00	0.485105	0.324647	0.388978	0.010027	0.012529	0.011140	0.485105	0.420233	0.450345	5
1.00	0.582283	0.389681	0.466899	0.010071	0.012307	0.011077	0.582283	0.503831	0.540223	3
1.00	0.618766	0.414097	0.496153	0.010281	0.012488	0.011278	0.618766	0.535330	0.574032	3
1.00	0.627803	0.420145	0.503399	0.010231	0.012168	0.011116	0.627803	0.543494	0.582614	2
1.00	0.638960	0.427611	0.512346	0.010479	0.012005	0.011190	0.638960	0.552810	0.592771	2
1.00	0.645654	0.432091	0.517713	0.010372	0.011694	0.010993	0.645654	0.558667	0.599019	2
1.00	0.656142	0.439110	0.526123	0.010919	0.011334	0.011123	0.656142	0.568411	0.609134	2
1.00	0.657927	0.440305	0.527554	0.007392	0.011236	0.008918	0.657927	0.570196	0.610928	1
1.00	0.657927	0.440305	0.527554	0.007392	0.011236	0.008918	0.657927	0.570196	0.610928	1
1.00	0.657927	0.440305	0.527554	0.007392	0.011236	0.008918	0.657927	0.570196	0.610928	1
1.00	0.657927	0.440305	0.527554	0.007392	0.011236	0.008918	0.657927	0.570196	0.610928	1
1.00	0.657927	0.440305	0.527554	0.007392	0.011236	0.008918	0.657927	0.570196	0.610928	1
1.00	0.657927	0.440305	0.527554	0.007392	0.011236	0.008918	0.657927	0.570196	0.610928	1
1.00	0.657927	0.440305	0.527554	0.007392	0.011236	0.008918	0.657927	0.570196	0.610928	1
1.00	0.657927	0.440305	0.527554	0.007392	0.011236	0.008918	0.657927	0.570196	0.610928	1
1.00	0.657927	0.440305	0.527554	0.007392	0.011236	0.008918	0.657927	0.570196	0.610928	1
1.00	0.657927	0.440305	0.527554	0.007392	0.011236	0.008918	0.657927	0.570196	0.610928	1
1.00	0.657927	0.440305	0.527554	0.007392	0.011236	0.008918	0.657927	0.570196	0.610928	1
1.00	0.657927	0.440305	0.527554	0.007392	0.011236	0.008918	0.657927	0.570196	0.610928	1
1.00	0.657927	0.440305	0.527554	0.007392	0.011236	0.008918	0.657927	0.570196	0.610928	1
1.00	0.657927	0.440305	0.527554	0.007392	0.011236	0.008918	0.657927	0.570196	0.610928	1
1.00	0.657927	0.440305	0.527554	0.007392	0.011236	0.008918	0.657927	0.570196	0.610928	1
1.00	0.657927	0.440305	0.527554	0.007392	0.011236	0.008918	0.657927	0.570196	0.610928	1
1.00	0.657927	0.440305	0.527554	0.007392	0.011236	0.008918	0.657927	0.570196	0.610928	1
1.00	0.657927	0.440305	0.527554	0.007392	0.011236	0.008918	0.657927	0.570196	0.610928	1
1.00	0.657927	0.440305	0.527554	0.007392	0.011236	0.008918	0.657927	0.570196	0.610928	1
1.00	0.657927	0.440305	0.527554	0.007392	0.011236	0.008918	0.657927	0.570196	0.610928	1
1.00	0.657927	0.440305	0.527554	0.007392	0.011236	0.008918	0.657927	0.570196	0.610928	1
1.00	0.657927	0.440305	0.527554	0.007392	0.011236	0.008918	0.657927	0.570196	0.610928	1
1.00	0.657927	0.440305	0.527554	0.007392	0.011236	0.008918	0.657927	0.570196	0.610928	1
1.00	0.657927	0.440305	0.527554	0.007392	0.011236	0.008918	0.657927	0.570196	0.610928	1
1.00	0.657927	0.440305	0.527554	0.007392	0.011236	0.008918	0.657927	0.570196	0.610928	1
1.00	0.657927	0.440305	0.527554	0.007392	0.011236	0.008918	0.657927	0.570196	0.610928	1
1.00	0.657927	0.440305	0.527554	0.007392	0.011236	0.008918	0.657927	0.570196	0.610928	1
1.00	0.657927	0.440305	0.527554	0.007392	0.011236	0.008918	0.657927	0.570196	0.610928	1
1.00	0.657927	0.440305	0.527554	0.007392	0.011236	0.008918	0.657927	0.570196	0.610928	1
1.00	0.657927	0.440305	0.527554	0.007392	0.011236	0.008918	0.657927	0.570196	0.610928	1
1.00	0.657927	0.440305	0.527554	0.007392	0.011236	0.008918	0.657927	0.570196	0.610928	1
1.00	0.657927	0.440305	0.527554	0.007392	0.011236	0.008918	0.657927	0.570196	0.610928	1
1.00	0.657927	0.440305	0.527554	0.007392	0.011236	0.008918	0.657927	0.570196	0.610928	1
1.00	0.657927	0.440305	0.527554	0.007392	0.011236	0.008918	0.657927	0.570196	0.610928	1
1.00	0.657927	0.440305	0.527554	0.007392	0.011236	0.008918	0.657927	0.570196	0.610928	1
1.00	0.657927	0.440305	0.527554	0.007392	0.011236	0.008918	0.657927	0.570196	0.610928	1
1.00	0.657927	0.440305	0.527554	0.007392	0.011236	0.008918	0.657927	0.570196	0.610928	1
1.00	0.657927	0.440305	0.527554	0.007392	0.011236	0.008918	0.657927	0.570196	0.610928	1
1.00	0.657927	0.440305	0.527554	0.007392	0.011236	0.008918	0.657927	0.570196	0.610928	1
1.00	0.657927	0.440305	0.527554	0.007392	0.011236	0.008918	0.657927	0.570196	0.610928	1
1.00	0.657927	0.440305	0.527554	0.007392	0.011236	0.008918	0.657927	0.570196	0.610928	1
1.00	0.657927	0.440305	0.527554	0.007392	0.011236	0.008918	0.657927	0.570196	0.610928	1
1.00	0.657927	0.440305	0.527554	0.007392	0.011236	0.008918	0.657927	0.570196	0.610928	1
1.00	0.657927	0.440305	0.527554	0.007392	0.011236	0.008918	0.657927	0.570196	0.610928	1
1.00	0.657927	0.440305	0.527554	0.007392	0.011236	0.008918	0.657927	0.570196	0.610928	1
1.00	0.657927	0.440305	0.527554	0.007392	0.011236	0.008918	0.657927	0.570196	0.610928	1
1.00	0.657927	0.440305	0.527554	0.007392	0.011236	0.008918	0.657927	0.570196	0.610928	1
1.00	0.657927	0.440305	0.527554	0.007392	0.011236	0.008918	0.657927	0.570196	0.610928	1
1.00	0.657927	0.440305	0.527554	0.007392	0.011236	0.008918	0.657927	0.570196	0.610928	1
1.00	0.657927	0.440305	0.527554	0.007392	0.011236	0.008918	0.657927	0.570196	0.610928	1
1.00	0.657927	0.440305	0.527554	0.007392	0.011236	0.008918	0.657927	0.570196	0.610928	1
1.00	0.657927	0.440305	0.527554	0.007392	0.011236	0.008918	0.657927	0.570196	0.610928	1
1.00	0.657927	0.440305	0.527554	0.007392	0.011236	0.008918	0.657927	0.570196	0.610928	1
1.00	0.657927	0.440305	0.527554	0.007392	0.011236	0.008918	0.657927	0.570196	0.610928	1
1.00	0.657927	0.440305	0.527554	0.007392	0.011236	0.008918	0.657927	0.570196	0.610928	1
1.00	0.657927	0.440305	0.527554	0.007392	0.011236	0.008918	0.657927	0.570196	0.610928	1
1.00	0.657927	0.440305	0.527554	0.007392	0.011236	0.008918	0.657927	0.570196	0.610928	1
1.00	0.657927	0.440305	0.527554	0.007392	0.011236	0.008918	0.657927	0.570196	0.610928	1
1.00	0.657927	0.440305	0.527554	0.007392	0.011236	0.008918	0.657927	0.570196	0.610928	1
1.00	0.657927	0.440305	0.527554	0.007392	0.011236	0.008918	0.657927	0.570196	0.610928	1
1.00	0.657927	0.440305	0.527554	0.007392	0.011236	0.008918	0.657927	0.570196	0.610928	1
1.00	0.657927	0.440305	0.527554	0.007392	0.011236	0.008918	0.657927	0.570196	0.610928	1
1.00	0.657927	0.440305	0.527554	0.007392	0.011236	0.008918	0.657927	0.570196	0.610928	1
1.00	0.657927	0.440305	0.527554	0.007392	0.011236	0.008918	0.657927	0.570196	0.610928	1
1.00	0.657927	0.440305	0.527554	0.007392	0.011236	0.008918	0.657927	0.570196	0.610928	1
1.00	0.657927	0.440305	0.527554	0.007392	0.011236	0.008918	0.657927	0.570196	0.610928	1
1.00	0.657927	0.440305	0.527554	0.007392	0.011236	0.008918	0.657927	0.570196	0.610928	1
1.00	0.657927	0.440305	0.527554	0.007392	0.011236	0.008918	0.657927	0.570196	0.610928	1
1.00	0.657927	0.440305	0.527554	0.007392	0.011236	0.008918	0.657927	0.570196	0.610928	1
1.00	0.657927	0.440305	0.527554	0.007392	0.011236	0.008918	0.657927	0.570196	0.610928	1
1.00	0.657927	0.440305	0.527554	0.007392	0.011236	0.008918	0.657927	0.570196	0.610928	1
1.00	0.657927	0.440305	0.527554	0.007392	0.011236	0.008918	0.657927	0.570196	0.610928	1
