
Sat Aug 21 17:31:13 2021
33.71	0.031449	0.768116	0.060425	0.015887	0.054385	0.024590	0.031598	0.836667	0.060897	62
26.79	0.033209	0.595311	0.062909	0.018412	0.228130	0.034074	0.033177	0.687218	0.063298	66
22.73	0.037829	0.575375	0.070990	0.015326	0.175439	0.028189	0.037869	0.673082	0.071705	57
18.74	0.045180	0.566490	0.083685	0.010904	0.146119	0.020293	0.045299	0.666778	0.084835	50
14.70	0.056443	0.555439	0.102473	0.009573	0.124568	0.017779	0.056801	0.657797	0.104573	38
11.57	0.068718	0.532069	0.121716	0.009434	0.111533	0.017397	0.069739	0.631485	0.125606	30
8.82	0.079585	0.469648	0.136106	0.009199	0.090228	0.016695	0.079960	0.554889	0.139779	24
6.30	0.089962	0.379004	0.145409	0.008879	0.066733	0.015673	0.088744	0.441790	0.147799	19
4.15	0.087209	0.241917	0.128203	0.009221	0.051575	0.015645	0.085525	0.265255	0.129345	17
2.56	0.075709	0.129620	0.095587	0.007740	0.038101	0.012866	0.083712	0.125336	0.100380	10
1.61	0.080488	0.086612	0.083438	0.006158	0.018580	0.009250	0.094985	0.074856	0.083728	9
1.15	0.100862	0.077727	0.087796	0.006968	0.012765	0.009015	0.109283	0.066414	0.082618	6
1.02	0.111293	0.076234	0.090486	0.003595	0.011442	0.005470	0.112462	0.065685	0.082932	4
1.00	0.113296	0.076159	0.091088	0.001280	0.011236	0.002298	0.113745	0.065676	0.083271	4
1.00	0.113801	0.076159	0.091251	0.001279	0.011236	0.002297	0.113801	0.065676	0.083286	2
1.00	0.113801	0.076159	0.091251	0.001279	0.011236	0.002296	0.113801	0.065676	0.083286	2
1.00	0.113801	0.076159	0.091251	0.001279	0.011236	0.002296	0.113801	0.065676	0.083286	1
1.00	0.113913	0.076234	0.091340	0.012515	0.011238	0.011842	0.113913	0.065713	0.083346	2
1.00	0.114136	0.076383	0.091519	0.008021	0.011242	0.009362	0.114136	0.065862	0.083525	2
1.00	0.115252	0.077130	0.092414	0.007207	0.011206	0.008772	0.115252	0.066866	0.084631	3
1.00	0.122838	0.082207	0.098497	0.009094	0.011269	0.010065	0.122838	0.073606	0.092053	3
1.00	0.146714	0.098186	0.117642	0.009363	0.011398	0.010281	0.146714	0.094808	0.115184	3
1.00	0.187660	0.125588	0.150474	0.009564	0.011688	0.010520	0.187660	0.131366	0.154546	3
1.00	0.249470	0.166953	0.200036	0.009687	0.012027	0.010731	0.249470	0.186500	0.213437	3
1.00	0.293429	0.196371	0.235284	0.009684	0.012120	0.010766	0.293429	0.228249	0.256767	3
1.00	0.372085	0.249011	0.298354	0.010025	0.011804	0.010842	0.372085	0.305433	0.335481	3
1.00	0.374874	0.250877	0.300590	0.010328	0.011032	0.010668	0.374874	0.311774	0.340425	3
1.00	0.361263	0.241768	0.289676	0.013906	0.010548	0.011997	0.361263	0.299623	0.327568	3
1.00	0.401317	0.268573	0.321793	0.008221	0.010487	0.009217	0.401317	0.335195	0.365288	2
1.00	0.498048	0.333308	0.399356	0.008474	0.010829	0.009508	0.498048	0.424181	0.458156	2
1.00	0.507531	0.339655	0.406960	0.008497	0.010854	0.009532	0.507531	0.432967	0.467293	2
1.00	0.487672	0.326365	0.391036	0.008404	0.010700	0.009414	0.487672	0.414484	0.448109	2
1.00	0.509205	0.340775	0.408302	0.008437	0.010746	0.009453	0.509205	0.434380	0.468826	2
1.00	0.509986	0.341298	0.408928	0.008427	0.010727	0.009439	0.509986	0.434817	0.469411	2
1.00	0.521923	0.349287	0.418501	0.008428	0.010722	0.009437	0.521923	0.445528	0.480709	2
1.00	0.571126	0.382215	0.457953	0.008606	0.010983	0.009651	0.571126	0.490238	0.527599	2
1.00	0.631931	0.422908	0.506710	0.009001	0.011250	0.010001	0.631931	0.545409	0.585491	2
1.00	0.628249	0.420444	0.503757	0.008892	0.011211	0.009918	0.628249	0.541922	0.581902	2
1.00	0.629588	0.421340	0.504831	0.008923	0.011226	0.009943	0.629588	0.543261	0.583248	2
1.00	0.632712	0.423430	0.507336	0.008875	0.011215	0.009909	0.632712	0.546339	0.586362	2
1.00	0.653464	0.437318	0.523976	0.009484	0.011272	0.010301	0.653464	0.565622	0.606378	2
1.00	0.653911	0.437617	0.524333	0.009289	0.011256	0.010178	0.653911	0.566068	0.606827	2
1.00	0.656365	0.439259	0.526302	0.008994	0.011233	0.009989	0.656365	0.568634	0.609358	2
1.00	0.640857	0.428881	0.513866	0.008881	0.011218	0.009914	0.640857	0.553944	0.594239	2
1.00	0.432891	0.289704	0.347110	0.008193	0.010206	0.009089	0.432891	0.364234	0.395606	2
1.00	0.206962	0.138505	0.165951	0.007510	0.009957	0.008562	0.206962	0.161858	0.181652	2
1.00	0.127301	0.085194	0.102076	0.008605	0.011217	0.009739	0.127301	0.095104	0.108872	2
1.00	0.126074	0.084372	0.101091	0.001417	0.011236	0.002516	0.126074	0.094202	0.107832	1
1.00	0.126074	0.084372	0.101091	0.001417	0.011236	0.002516	0.126074	0.094202	0.107832	1
1.00	0.126074	0.084372	0.101091	0.001417	0.011236	0.002516	0.126074	0.094202	0.107832	1
1.00	0.126074	0.084372	0.101091	0.001417	0.011236	0.002516	0.126074	0.094202	0.107832	1
1.00	0.126074	0.084372	0.101091	0.001417	0.011236	0.002516	0.126074	0.094202	0.107832	1
1.00	0.126074	0.084372	0.101091	0.001417	0.011236	0.002516	0.126074	0.094202	0.107832	1
1.00	0.126074	0.084372	0.101091	0.001417	0.011236	0.002516	0.126074	0.094202	0.107832	1
1.00	0.126074	0.084372	0.101091	0.001417	0.011236	0.002516	0.126074	0.094202	0.107832	1
1.00	0.126074	0.084372	0.101091	0.001417	0.011236	0.002516	0.126074	0.094202	0.107832	1
1.00	0.126074	0.084372	0.101091	0.001417	0.011236	0.002516	0.126074	0.094202	0.107832	1
1.00	0.126074	0.084372	0.101091	0.001417	0.011236	0.002516	0.126074	0.094202	0.107832	1
1.00	0.126074	0.084372	0.101091	0.001417	0.011236	0.002516	0.126074	0.094202	0.107832	1
1.00	0.126074	0.084372	0.101091	0.001417	0.011236	0.002516	0.126074	0.094202	0.107832	1
1.00	0.126074	0.084372	0.101091	0.001417	0.011236	0.002516	0.126074	0.094202	0.107832	1
1.00	0.126074	0.084372	0.101091	0.001417	0.011236	0.002516	0.126074	0.094202	0.107832	1
1.00	0.126074	0.084372	0.101091	0.001417	0.011236	0.002516	0.126074	0.094202	0.107832	1
1.00	0.126074	0.084372	0.101091	0.001417	0.011236	0.002516	0.126074	0.094202	0.107832	1
1.00	0.208970	0.139849	0.167561	0.007708	0.010063	0.008730	0.208970	0.164368	0.184005	2
1.00	0.647216	0.433137	0.518966	0.008479	0.011166	0.009639	0.647216	0.560173	0.600557	2
1.00	0.657927	0.440305	0.527554	0.007392	0.011236	0.008918	0.657927	0.570196	0.610928	1
1.00	0.657927	0.440305	0.527554	0.007392	0.011236	0.008918	0.657927	0.570196	0.610928	1
1.00	0.657927	0.440305	0.527554	0.007392	0.011236	0.008918	0.657927	0.570196	0.610928	1
1.00	0.657927	0.440305	0.527554	0.007392	0.011236	0.008918	0.657927	0.570196	0.610928	1
1.00	0.657927	0.440305	0.527554	0.007392	0.011236	0.008918	0.657927	0.570196	0.610928	1
1.00	0.657927	0.440305	0.527554	0.007392	0.011236	0.008918	0.657927	0.570196	0.610928	1
1.00	0.657927	0.440305	0.527554	0.007392	0.011236	0.008918	0.657927	0.570196	0.610928	1
1.00	0.657927	0.440305	0.527554	0.007392	0.011236	0.008918	0.657927	0.570196	0.610928	1
1.00	0.657927	0.440305	0.527554	0.007392	0.011236	0.008918	0.657927	0.570196	0.610928	1
1.00	0.657927	0.440305	0.527554	0.007392	0.011236	0.008918	0.657927	0.570196	0.610928	1
1.00	0.657927	0.440305	0.527554	0.007392	0.011236	0.008918	0.657927	0.570196	0.610928	1
1.00	0.657927	0.440305	0.527554	0.007392	0.011236	0.008918	0.657927	0.570196	0.610928	1
1.00	0.657927	0.440305	0.527554	0.007392	0.011236	0.008918	0.657927	0.570196	0.610928	1
1.00	0.657927	0.440305	0.527554	0.007392	0.011236	0.008918	0.657927	0.570196	0.610928	1
1.00	0.657927	0.440305	0.527554	0.007392	0.011236	0.008918	0.657927	0.570196	0.610928	1
1.00	0.657927	0.440305	0.527554	0.007392	0.011236	0.008918	0.657927	0.570196	0.610928	1
1.00	0.525940	0.351975	0.421721	0.008468	0.010750	0.009474	0.525940	0.447981	0.483840	2
1.00	0.126074	0.084372	0.101091	0.001417	0.011236	0.002516	0.126074	0.094202	0.107832	1
1.00	0.126074	0.084372	0.101091	0.001417	0.011236	0.002516	0.126074	0.094202	0.107832	1
1.00	0.126074	0.084372	0.101091	0.001417	0.011236	0.002516	0.126074	0.094202	0.107832	1
1.00	0.126074	0.084372	0.101091	0.001417	0.011236	0.002516	0.126074	0.094202	0.107832	1
1.00	0.126074	0.084372	0.101091	0.001417	0.011236	0.002516	0.126074	0.094202	0.107832	1
1.00	0.126074	0.084372	0.101091	0.001417	0.011236	0.002516	0.126074	0.094202	0.107832	1
1.00	0.126074	0.084372	0.101091	0.001417	0.011236	0.002516	0.126074	0.094202	0.107832	1
1.00	0.126074	0.084372	0.101091	0.001417	0.011236	0.002516	0.126074	0.094202	0.107832	1
1.00	0.126074	0.084372	0.101091	0.001417	0.011236	0.002516	0.126074	0.094202	0.107832	1
1.00	0.126074	0.084372	0.101091	0.001417	0.011236	0.002516	0.126074	0.094202	0.107832	1
1.00	0.126074	0.084372	0.101091	0.001417	0.011236	0.002516	0.126074	0.094202	0.107832	1
1.00	0.126074	0.084372	0.101091	0.001417	0.011236	0.002516	0.126074	0.094202	0.107832	1
1.00	0.126074	0.084372	0.101091	0.001417	0.011236	0.002516	0.126074	0.094202	0.107832	1
1.00	0.126074	0.084372	0.101091	0.001417	0.011236	0.002516	0.126074	0.094202	0.107832	1
1.00	0.126074	0.084372	0.101091	0.001417	0.011236	0.002516	0.126074	0.094202	0.107832	1
1.00	0.126074	0.084372	0.101091	0.001417	0.011236	0.002516	0.126074	0.094202	0.107832	1
1.00	0.126074	0.084372	0.101091	0.001417	0.011236	0.002516	0.126074	0.094202	0.107832	1
1.00	0.126074	0.084372	0.101091	0.001417	0.011236	0.002516	0.126074	0.094202	0.107832	1
1.00	0.126074	0.084372	0.101091	0.001417	0.011236	0.002516	0.126074	0.094202	0.107832	1
1.00	0.126074	0.084372	0.101091	0.001417	0.011236	0.002516	0.126074	0.094202	0.107832	1
1.00	0.126074	0.084372	0.101091	0.001417	0.011236	0.002516	0.126074	0.094202	0.107832	1
1.00	0.126074	0.084372	0.101091	0.001417	0.011236	0.002516	0.126074	0.094202	0.107832	1
1.00	0.126074	0.084372	0.101091	0.001417	0.011236	0.002516	0.126074	0.094202	0.107832	1
1.00	0.133103	0.089076	0.106728	0.008568	0.011243	0.009725	0.133103	0.099371	0.113790	2
1.00	0.254268	0.170164	0.203883	0.008241	0.010540	0.009249	0.254268	0.204961	0.226967	2
1.00	0.642084	0.429702	0.514851	0.009522	0.011407	0.010380	0.642084	0.554957	0.595350	2
1.00	0.657704	0.440155	0.527375	0.007392	0.011232	0.008916	0.657704	0.570029	0.610736	2
1.00	0.657927	0.440305	0.527554	0.007392	0.011236	0.008918	0.657927	0.570196	0.610928	1
1.00	0.657927	0.440305	0.527554	0.007392	0.011236	0.008918	0.657927	0.570196	0.610928	1
1.00	0.657927	0.440305	0.527554	0.007392	0.011236	0.008918	0.657927	0.570196	0.610928	1
1.00	0.657927	0.440305	0.527554	0.007392	0.011236	0.008918	0.657927	0.570196	0.610928	1
1.00	0.657927	0.440305	0.527554	0.007392	0.011236	0.008918	0.657927	0.570196	0.610928	1
1.00	0.657927	0.440305	0.527554	0.007392	0.011236	0.008918	0.657927	0.570196	0.610928	1
1.00	0.657927	0.440305	0.527554	0.007392	0.011236	0.008918	0.657927	0.570196	0.610928	1
1.00	0.657927	0.440305	0.527554	0.007392	0.011236	0.008918	0.657927	0.570196	0.610928	1
1.00	0.657927	0.440305	0.527554	0.007392	0.011236	0.008918	0.657927	0.570196	0.610928	1
1.00	0.657927	0.440305	0.527554	0.007392	0.011236	0.008918	0.657927	0.570196	0.610928	1
1.00	0.657927	0.440305	0.527554	0.007392	0.011236	0.008918	0.657927	0.570196	0.610928	1
1.00	0.657927	0.440305	0.527554	0.007392	0.011236	0.008918	0.657927	0.570196	0.610928	1
1.00	0.657927	0.440305	0.527554	0.007392	0.011236	0.008918	0.657927	0.570196	0.610928	1
1.00	0.657927	0.440305	0.527554	0.007392	0.011236	0.008918	0.657927	0.570196	0.610928	1
1.00	0.657927	0.440305	0.527554	0.007392	0.011236	0.008918	0.657927	0.570196	0.610928	1
1.00	0.657927	0.440305	0.527554	0.007392	0.011236	0.008918	0.657927	0.570196	0.610928	1
1.00	0.657927	0.440305	0.527554	0.007392	0.011236	0.008918	0.657927	0.570196	0.610928	1
1.00	0.657927	0.440305	0.527554	0.007392	0.011236	0.008918	0.657927	0.570196	0.610928	1
1.00	0.657927	0.440305	0.527554	0.007392	0.011236	0.008918	0.657927	0.570196	0.610928	1
1.00	0.657927	0.440305	0.527554	0.007392	0.011236	0.008918	0.657927	0.570196	0.610928	1
1.00	0.657927	0.440305	0.527554	0.007392	0.011236	0.008918	0.657927	0.570196	0.610928	1
1.00	0.657927	0.440305	0.527554	0.007392	0.011236	0.008918	0.657927	0.570196	0.610928	1
1.00	0.657927	0.440305	0.527554	0.007392	0.011236	0.008918	0.657927	0.570196	0.610928	1
1.00	0.657927	0.440305	0.527554	0.007392	0.011236	0.008918	0.657927	0.570196	0.610928	1
1.00	0.657927	0.440305	0.527554	0.007392	0.011236	0.008918	0.657927	0.570196	0.610928	1
1.00	0.657927	0.440305	0.527554	0.007392	0.011236	0.008918	0.657927	0.570196	0.610928	1
1.00	0.657927	0.440305	0.527554	0.007392	0.011236	0.008918	0.657927	0.570196	0.610928	1
1.00	0.657927	0.440305	0.527554	0.007392	0.011236	0.008918	0.657927	0.570196	0.610928	1
1.00	0.657927	0.440305	0.527554	0.007392	0.011236	0.008918	0.657927	0.570196	0.610928	1
1.00	0.657927	0.440305	0.527554	0.007392	0.011236	0.008918	0.657927	0.570196	0.610928	1
1.00	0.657927	0.440305	0.527554	0.007392	0.011236	0.008918	0.657927	0.570196	0.610928	1
1.00	0.657927	0.440305	0.527554	0.007392	0.011236	0.008918	0.657927	0.570196	0.610928	1
1.00	0.657927	0.440305	0.527554	0.007392	0.011236	0.008918	0.657927	0.570196	0.610928	1
1.00	0.657927	0.440305	0.527554	0.007392	0.011236	0.008918	0.657927	0.570196	0.610928	1
1.00	0.657927	0.440305	0.527554	0.007392	0.011236	0.008918	0.657927	0.570196	0.610928	1
1.00	0.657927	0.440305	0.527554	0.007392	0.011236	0.008918	0.657927	0.570196	0.610928	1
1.00	0.657927	0.440305	0.527554	0.007392	0.011236	0.008918	0.657927	0.570196	0.610928	1
1.00	0.657927	0.440305	0.527554	0.007392	0.011236	0.008918	0.657927	0.570196	0.610928	1
1.00	0.657927	0.440305	0.527554	0.007392	0.011236	0.008918	0.657927	0.570196	0.610928	1
1.00	0.657927	0.440305	0.527554	0.007392	0.011236	0.008918	0.657927	0.570196	0.610928	1
1.00	0.657927	0.440305	0.527554	0.007392	0.011236	0.008918	0.657927	0.570196	0.610928	1
1.00	0.657927	0.440305	0.527554	0.007392	0.011236	0.008918	0.657927	0.570196	0.610928	1
1.00	0.657927	0.440305	0.527554	0.007392	0.011236	0.008918	0.657927	0.570196	0.610928	1
1.00	0.657927	0.440305	0.527554	0.007392	0.011236	0.008918	0.657927	0.570196	0.610928	1
1.00	0.657927	0.440305	0.527554	0.007392	0.011236	0.008918	0.657927	0.570196	0.610928	1
1.00	0.657927	0.440305	0.527554	0.007392	0.011236	0.008918	0.657927	0.570196	0.610928	1
1.00	0.657927	0.440305	0.527554	0.007392	0.011236	0.008918	0.657927	0.570196	0.610928	1
1.00	0.657927	0.440305	0.527554	0.007392	0.011236	0.008918	0.657927	0.570196	0.610928	1
1.00	0.657927	0.440305	0.527554	0.007392	0.011236	0.008918	0.657927	0.570196	0.610928	1

Sat Aug 21 18:09:33 2021
42.60	0.010330	0.318841	0.020011	0.010703	0.064741	0.018369	0.010254	0.213333	0.019568	66
36.14	0.009616	0.232584	0.018469	0.008712	0.314143	0.016953	0.009541	0.161683	0.018018	69
29.18	0.010651	0.208019	0.020264	0.009180	0.264863	0.017745	0.010489	0.143044	0.019544	66
23.14	0.011156	0.172777	0.020959	0.010391	0.198117	0.019747	0.010993	0.118937	0.020126	54
17.22	0.011118	0.128127	0.020461	0.010745	0.149678	0.020051	0.010970	0.088281	0.019515	47
11.65	0.009938	0.077503	0.017616	0.012266	0.095523	0.021741	0.009912	0.053310	0.016716	39
7.77	0.007455	0.038752	0.012505	0.013986	0.071342	0.023387	0.007133	0.027078	0.011292	32
5.31	0.005484	0.019488	0.008559	0.011214	0.053138	0.018520	0.005080	0.014099	0.007469	25
3.43	0.005071	0.011648	0.007065	0.018246	0.042674	0.025562	0.004582	0.008381	0.005925	17
2.11	0.004065	0.005749	0.004762	0.012603	0.021160	0.015797	0.003384	0.004230	0.003760	13
1.34	0.002905	0.002613	0.002751	0.001177	0.012508	0.002151	0.002027	0.001925	0.001974	11
1.07	0.001775	0.001269	0.001480	0.000821	0.011324	0.001531	0.001283	0.000920	0.001072	6
1.01	0.000883	0.000597	0.000713	0.000307	0.011252	0.000598	0.000893	0.000446	0.000595	6
1.00	0.001114	0.000747	0.000894	0.001053	0.011268	0.001926	0.001116	0.000558	0.000744	6
1.00	0.001897	0.001269	0.001521	0.003573	0.011326	0.005432	0.001897	0.001004	0.001313	7
1.00	0.002901	0.001941	0.002326	0.005172	0.011403	0.007117	0.002901	0.001674	0.002123	7
1.00	0.004463	0.002987	0.003578	0.004775	0.011523	0.006752	0.004463	0.002362	0.003089	8
1.00	0.007029	0.004704	0.005636	0.004796	0.011720	0.006807	0.007029	0.003607	0.004768	8
1.00	0.011603	0.007765	0.009304	0.005104	0.010652	0.006901	0.011603	0.006443	0.008285	7
1.00	0.020194	0.013515	0.016193	0.005157	0.011369	0.007095	0.020194	0.011594	0.014731	7
1.00	0.035591	0.023818	0.028538	0.005355	0.011292	0.007265	0.035591	0.022342	0.027451	7
1.00	0.054446	0.036437	0.043657	0.005341	0.012947	0.007562	0.054446	0.036474	0.043684	6
1.00	0.077206	0.051669	0.061907	0.004723	0.008416	0.006051	0.077206	0.055590	0.064639	6
1.00	0.103871	0.069514	0.083289	0.004172	0.010441	0.005962	0.103871	0.076797	0.088306	5
1.00	0.116702	0.078101	0.093577	0.002662	0.010383	0.004238	0.116702	0.086820	0.099567	4
1.00	0.123731	0.082804	0.099213	0.001467	0.011027	0.002589	0.123731	0.092454	0.105830	4
1.00	0.125628	0.084074	0.100734	0.001417	0.011196	0.002515	0.125628	0.093942	0.107498	4
1.00	0.126074	0.084372	0.101091	0.001417	0.011236	0.002516	0.126074	0.094202	0.107832	1
1.00	0.126074	0.084372	0.101091	0.001417	0.011236	0.002516	0.126074	0.094202	0.107832	1
1.00	0.126074	0.084372	0.101091	0.001417	0.011236	0.002516	0.126074	0.094202	0.107832	1
1.00	0.126074	0.084372	0.101091	0.001417	0.011236	0.002516	0.126074	0.094202	0.107832	1
1.00	0.126074	0.084372	0.101091	0.001417	0.011236	0.002516	0.126074	0.094202	0.107832	1
1.00	0.126074	0.084372	0.101091	0.001417	0.011236	0.002516	0.126074	0.094202	0.107832	1
1.00	0.126074	0.084372	0.101091	0.001417	0.011236	0.002516	0.126074	0.094202	0.107832	1
1.00	0.126074	0.084372	0.101091	0.001417	0.011236	0.002516	0.126074	0.094202	0.107832	1
1.00	0.126074	0.084372	0.101091	0.001417	0.011236	0.002516	0.126074	0.094202	0.107832	1
1.00	0.126074	0.084372	0.101091	0.001417	0.011236	0.002516	0.126074	0.094202	0.107832	1
1.00	0.126074	0.084372	0.101091	0.001417	0.011236	0.002516	0.126074	0.094202	0.107832	1
1.00	0.126185	0.084447	0.101181	0.004226	0.011238	0.006142	0.126185	0.094314	0.107946	2
1.00	0.126185	0.084447	0.101181	0.007035	0.011238	0.008653	0.126185	0.094314	0.107946	2
1.00	0.127301	0.085194	0.102076	0.009144	0.011257	0.010091	0.127301	0.095262	0.108975	2
1.00	0.127636	0.085418	0.102344	0.009699	0.011263	0.010422	0.127636	0.095541	0.109281	2
1.00	0.128640	0.086090	0.103149	0.010651	0.011280	0.010956	0.128640	0.096415	0.110220	2
1.00	0.128528	0.086015	0.103060	0.010249	0.011278	0.010739	0.128528	0.096303	0.110106	2
1.00	0.127747	0.085492	0.102433	0.009847	0.011265	0.010508	0.127747	0.095522	0.109309	2
1.00	0.126074	0.084372	0.101091	0.001417	0.011236	0.002516	0.126074	0.094202	0.107832	1
1.00	0.126074	0.084372	0.101091	0.001417	0.011236	0.002516	0.126074	0.094202	0.107832	1
1.00	0.126074	0.084372	0.101091	0.001417	0.011236	0.002516	0.126074	0.094202	0.107832	1
1.00	0.126074	0.084372	0.101091	0.001417	0.011236	0.002516	0.126074	0.094202	0.107832	1
1.00	0.126074	0.084372	0.101091	0.001417	0.011236	0.002516	0.126074	0.094202	0.107832	1
1.00	0.126074	0.084372	0.101091	0.001417	0.011236	0.002516	0.126074	0.094202	0.107832	1
1.00	0.126074	0.084372	0.101091	0.001417	0.011236	0.002516	0.126074	0.094202	0.107832	1
1.00	0.126074	0.084372	0.101091	0.001417	0.011236	0.002516	0.126074	0.094202	0.107832	1
1.00	0.126185	0.084447	0.101181	0.012653	0.011238	0.011903	0.126185	0.094258	0.107910	2
1.00	0.227602	0.152318	0.182501	0.008963	0.012391	0.010402	0.227602	0.181007	0.201648	2
1.00	0.392056	0.262376	0.314368	0.009236	0.012981	0.010793	0.392056	0.330105	0.358424	2
1.00	0.611179	0.409020	0.490070	0.010186	0.012519	0.011233	0.611179	0.526303	0.565574	2
1.00	0.656365	0.439259	0.526302	0.009887	0.011258	0.010528	0.656365	0.568578	0.609326	2
1.00	0.658039	0.440379	0.527644	0.018629	0.011246	0.014025	0.658039	0.570308	0.611040	2
1.00	0.657927	0.440305	0.527554	0.007392	0.011236	0.008918	0.657927	0.570196	0.610928	1
1.00	0.657927	0.440305	0.527554	0.007392	0.011236	0.008918	0.657927	0.570196	0.610928	1
1.00	0.657927	0.440305	0.527554	0.007392	0.011236	0.008918	0.657927	0.570196	0.610928	1
1.00	0.657927	0.440305	0.527554	0.007392	0.011236	0.008918	0.657927	0.570196	0.610928	1
1.00	0.657927	0.440305	0.527554	0.007392	0.011236	0.008918	0.657927	0.570196	0.610928	1
1.00	0.657927	0.440305	0.527554	0.007392	0.011236	0.008918	0.657927	0.570196	0.610928	1
1.00	0.657927	0.440305	0.527554	0.007392	0.011236	0.008918	0.657927	0.570196	0.610928	1
1.00	0.657927	0.440305	0.527554	0.007392	0.011236	0.008918	0.657927	0.570196	0.610928	1
1.00	0.657927	0.440305	0.527554	0.007392	0.011236	0.008918	0.657927	0.570196	0.610928	1
1.00	0.657927	0.440305	0.527554	0.007392	0.011236	0.008918	0.657927	0.570196	0.610928	1
1.00	0.657927	0.440305	0.527554	0.007392	0.011236	0.008918	0.657927	0.570196	0.610928	1
1.00	0.657927	0.440305	0.527554	0.007392	0.011236	0.008918	0.657927	0.570196	0.610928	1
1.00	0.657927	0.440305	0.527554	0.007392	0.011236	0.008918	0.657927	0.570196	0.610928	1
1.00	0.657927	0.440305	0.527554	0.007392	0.011236	0.008918	0.657927	0.570196	0.610928	1
1.00	0.657927	0.440305	0.527554	0.007392	0.011236	0.008918	0.657927	0.570196	0.610928	1
1.00	0.579270	0.387665	0.464484	0.010051	0.013172	0.011402	0.579270	0.498187	0.535678	2
1.00	0.140020	0.093706	0.112274	0.009251	0.011434	0.010228	0.140020	0.106326	0.120869	2
1.00	0.126074	0.084372	0.101091	0.001417	0.011236	0.002516	0.126074	0.094202	0.107832	1
1.00	0.126074	0.084372	0.101091	0.001417	0.011236	0.002516	0.126074	0.094202	0.107832	1
1.00	0.126074	0.084372	0.101091	0.001417	0.011236	0.002516	0.126074	0.094202	0.107832	1
1.00	0.126074	0.084372	0.101091	0.001417	0.011236	0.002516	0.126074	0.094202	0.107832	1
1.00	0.126074	0.084372	0.101091	0.001417	0.011236	0.002516	0.126074	0.094202	0.107832	1
1.00	0.126074	0.084372	0.101091	0.001417	0.011236	0.002516	0.126074	0.094202	0.107832	1
1.00	0.126074	0.084372	0.101091	0.001417	0.011236	0.002516	0.126074	0.094202	0.107832	1
1.00	0.126074	0.084372	0.101091	0.001417	0.011236	0.002516	0.126074	0.094202	0.107832	1
1.00	0.126074	0.084372	0.101091	0.001417	0.011236	0.002516	0.126074	0.094202	0.107832	1
1.00	0.126074	0.084372	0.101091	0.001417	0.011236	0.002516	0.126074	0.094202	0.107832	1
1.00	0.126074	0.084372	0.101091	0.001417	0.011236	0.002516	0.126074	0.094202	0.107832	1
1.00	0.126074	0.084372	0.101091	0.001417	0.011236	0.002516	0.126074	0.094202	0.107832	1
1.00	0.126074	0.084372	0.101091	0.001417	0.011236	0.002516	0.126074	0.094202	0.107832	1
1.00	0.126074	0.084372	0.101091	0.001417	0.011236	0.002516	0.126074	0.094202	0.107832	1
1.00	0.126074	0.084372	0.101091	0.001417	0.011236	0.002516	0.126074	0.094202	0.107832	1
1.00	0.126074	0.084372	0.101091	0.001417	0.011236	0.002516	0.126074	0.094202	0.107832	1
1.00	0.126074	0.084372	0.101091	0.001417	0.011236	0.002516	0.126074	0.094202	0.107832	1
1.00	0.126074	0.084372	0.101091	0.001417	0.011236	0.002516	0.126074	0.094202	0.107832	1
1.00	0.126074	0.084372	0.101091	0.001417	0.011236	0.002516	0.126074	0.094202	0.107832	1
1.00	0.126074	0.084372	0.101091	0.001417	0.011236	0.002516	0.126074	0.094202	0.107832	1
1.00	0.126074	0.084372	0.101091	0.001417	0.011236	0.002516	0.126074	0.094202	0.107832	1
1.00	0.126074	0.084372	0.101091	0.001417	0.011236	0.002516	0.126074	0.094202	0.107832	1
1.00	0.126074	0.084372	0.101091	0.001417	0.011236	0.002516	0.126074	0.094202	0.107832	1
1.00	0.126074	0.084372	0.101091	0.001417	0.011236	0.002516	0.126074	0.094202	0.107832	1
1.00	0.126074	0.084372	0.101091	0.001417	0.011236	0.002516	0.126074	0.094202	0.107832	1
1.00	0.126074	0.084372	0.101091	0.001417	0.011236	0.002516	0.126074	0.094202	0.107832	1
1.00	0.126074	0.084372	0.101091	0.001417	0.011236	0.002516	0.126074	0.094202	0.107832	1
1.00	0.126074	0.084372	0.101091	0.001417	0.011236	0.002516	0.126074	0.094202	0.107832	1
1.00	0.126297	0.084522	0.101270	0.008908	0.011240	0.009939	0.126297	0.094351	0.108011	2
1.00	0.134999	0.090346	0.108248	0.009139	0.011364	0.010131	0.134999	0.102198	0.116331	2
1.00	0.138458	0.092660	0.111022	0.008995	0.011415	0.010062	0.138458	0.104987	0.119422	2
1.00	0.126074	0.084372	0.101091	0.001417	0.011236	0.002516	0.126074	0.094202	0.107832	1
1.00	0.126074	0.084372	0.101091	0.001417	0.011236	0.002516	0.126074	0.094202	0.107832	1
1.00	0.126074	0.084372	0.101091	0.001417	0.011236	0.002516	0.126074	0.094202	0.107832	1
1.00	0.126074	0.084372	0.101091	0.001417	0.011236	0.002516	0.126074	0.094202	0.107832	1
1.00	0.126074	0.084372	0.101091	0.001417	0.011236	0.002516	0.126074	0.094202	0.107832	1
1.00	0.126074	0.084372	0.101091	0.001417	0.011236	0.002516	0.126074	0.094202	0.107832	1
1.00	0.126074	0.084372	0.101091	0.001417	0.011236	0.002516	0.126074	0.094202	0.107832	1
1.00	0.126074	0.084372	0.101091	0.001417	0.011236	0.002516	0.126074	0.094202	0.107832	1
1.00	0.126074	0.084372	0.101091	0.001417	0.011236	0.002516	0.126074	0.094202	0.107832	1
1.00	0.126074	0.084372	0.101091	0.001417	0.011236	0.002516	0.126074	0.094202	0.107832	1
1.00	0.126074	0.084372	0.101091	0.001417	0.011236	0.002516	0.126074	0.094202	0.107832	1
1.00	0.126074	0.084372	0.101091	0.001417	0.011236	0.002516	0.126074	0.094202	0.107832	1
1.00	0.126074	0.084372	0.101091	0.001417	0.011236	0.002516	0.126074	0.094202	0.107832	1
1.00	0.126074	0.084372	0.101091	0.001417	0.011236	0.002516	0.126074	0.094202	0.107832	1
1.00	0.126074	0.084372	0.101091	0.001417	0.011236	0.002516	0.126074	0.094202	0.107832	1
1.00	0.126074	0.084372	0.101091	0.001417	0.011236	0.002516	0.126074	0.094202	0.107832	1
1.00	0.126074	0.084372	0.101091	0.001417	0.011236	0.002516	0.126074	0.094202	0.107832	1
1.00	0.126074	0.084372	0.101091	0.001417	0.011236	0.002516	0.126074	0.094202	0.107832	1
1.00	0.126074	0.084372	0.101091	0.001417	0.011236	0.002516	0.126074	0.094202	0.107832	1
1.00	0.126074	0.084372	0.101091	0.001417	0.011236	0.002516	0.126074	0.094202	0.107832	1
1.00	0.126074	0.084372	0.101091	0.001417	0.011236	0.002516	0.126074	0.094202	0.107832	1
1.00	0.126074	0.084372	0.101091	0.001417	0.011236	0.002516	0.126074	0.094202	0.107832	1
1.00	0.126074	0.084372	0.101091	0.001417	0.011236	0.002516	0.126074	0.094202	0.107832	1
